time       n_sent     n_recv     avgRecv    avgByzRecv pByzRecv   avgByzN    avgByzSamp h_avgByzN  h_dkl      h_f1       h_biasErr  h_blocked  t_avgByzN  t_dkl      t_f1       t_biasErr  t_blocked 
0          1000       0          0.00       0.00       NaN        6.13       6.18       6.13       3.68       0.04       0.09       0          0.00       0.00       0.00       0.00       0         
1          5400       1000       0.00       0.00       NaN        6.13       6.18       6.13       3.84       0.04       0.07       0          0.00       0.00       0.00       0.00       0         
2          6100       5400       3.76       3.07       0.8160     6.13       6.18       6.13       3.66       0.06       0.22       0          0.00       0.00       0.00       0.00       0         
3          6100       6100       23.76      13.64      0.5738     10.84      8.88       10.84      2.94       0.13       0.37       0          0.00       0.00       0.00       0.00       0         
4          6100       6100       23.55      15.09      0.6407     12.71      10.63      12.71      2.56       0.19       0.28       0          0.00       0.00       0.00       0.00       0         
5          6100       6100       23.47      19.37      0.8256     12.64      11.61      12.64      2.26       0.26       0.30       0          0.00       0.00       0.00       0.00       0         
6          6100       6100       23.45      20.24      0.8629     13.51      12.61      13.51      2.02       0.33       0.24       0          0.00       0.00       0.00       0.00       0         
7          6100       6100       23.38      20.12      0.8607     14.39      13.27      14.39      1.82       0.38       0.18       0          0.00       0.00       0.00       0.00       0         
8          6100       6100       23.34      21.14      0.9060     15.03      13.86      15.03      1.66       0.43       0.16       0          0.00       0.00       0.00       0.00       0         
9          6100       6100       23.35      21.48      0.9198     15.60      14.24      15.60      1.52       0.48       0.13       0          0.00       0.00       0.00       0.00       0         
10         6100       6100       23.30      21.80      0.9359     16.05      14.60      16.05      1.40       0.51       0.10       0          0.00       0.00       0.00       0.00       0         
11         6100       6100       23.28      21.98      0.9440     16.36      14.90      16.36      1.30       0.55       0.07       0          0.00       0.00       0.00       0.00       0         
12         6100       6100       23.27      22.32      0.9589     16.64      15.17      16.64      1.21       0.57       0.05       0          0.00       0.00       0.00       0.00       0         
13         6100       6100       23.25      22.44      0.9652     16.91      15.40      16.91      1.13       0.60       0.03       0          0.00       0.00       0.00       0.00       0         
14         6100       6100       23.25      22.49      0.9676     17.11      15.56      17.11      1.07       0.62       0.01       0          0.00       0.00       0.00       0.00       0         
15         6100       6100       23.23      22.65      0.9754     17.16      15.67      17.16      1.00       0.65       -0.01      0          0.00       0.00       0.00       0.00       0         
16         6100       6100       23.21      22.72      0.9785     17.33      15.80      17.33      0.95       0.67       -0.03      0          0.00       0.00       0.00       0.00       0         
17         6100       6100       23.21      22.67      0.9766     17.40      15.88      17.40      0.90       0.68       -0.05      0          0.00       0.00       0.00       0.00       0         
18         6100       6100       23.20      22.78      0.9818     17.47      16.00      17.47      0.86       0.70       -0.06      0          0.00       0.00       0.00       0.00       0         
19         6100       6100       23.19      22.77      0.9821     17.52      16.10      17.52      0.82       0.71       -0.08      0          0.00       0.00       0.00       0.00       0         
20         6100       6100       23.21      22.80      0.9823     17.61      16.17      17.61      0.78       0.72       -0.09      0          0.00       0.00       0.00       0.00       0         
21         6100       6100       23.22      22.69      0.9774     17.69      16.24      17.69      0.75       0.73       -0.11      0          0.00       0.00       0.00       0.00       0         
22         6100       6100       23.20      22.82      0.9834     17.69      16.31      17.69      0.72       0.73       -0.12      0          0.00       0.00       0.00       0.00       0         
23         6100       6100       23.20      22.76      0.9807     17.71      16.36      17.71      0.69       0.74       -0.13      0          0.00       0.00       0.00       0.00       0         
24         6100       6100       23.20      22.86      0.9854     17.69      16.42      17.69      0.66       0.74       -0.14      0          0.00       0.00       0.00       0.00       0         
25         6100       6100       23.21      22.81      0.9826     17.78      16.46      17.78      0.64       0.74       -0.16      0          0.00       0.00       0.00       0.00       0         
26         6100       6100       23.20      22.78      0.9819     17.84      16.49      17.84      0.62       0.73       -0.17      0          0.00       0.00       0.00       0.00       0         
27         6100       6100       23.21      22.84      0.9842     17.83      16.53      17.83      0.60       0.73       -0.18      0          0.00       0.00       0.00       0.00       0         
28         6100       6100       23.21      22.84      0.9839     17.90      16.56      17.90      0.58       0.73       -0.19      0          0.00       0.00       0.00       0.00       0         
29         6100       6100       23.21      22.81      0.9826     17.88      16.59      17.88      0.57       0.73       -0.20      0          0.00       0.00       0.00       0.00       0         
30         6100       6100       23.19      22.84      0.9845     17.91      16.61      17.91      0.55       0.73       -0.20      0          0.00       0.00       0.00       0.00       0         
31         6100       6100       23.20      22.90      0.9871     17.91      16.64      17.91      0.54       0.74       -0.21      0          0.00       0.00       0.00       0.00       0         
32         6100       6100       23.19      22.87      0.9862     17.93      16.65      17.93      0.52       0.75       -0.22      0          0.00       0.00       0.00       0.00       0         
33         6100       6100       23.21      22.90      0.9864     17.93      16.67      17.93      0.51       0.76       -0.23      0          0.00       0.00       0.00       0.00       0         
34         6100       6100       23.20      22.87      0.9857     17.90      16.69      17.90      0.50       0.77       -0.24      0          0.00       0.00       0.00       0.00       0         
35         6100       6100       23.21      22.88      0.9858     17.93      16.71      17.93      0.49       0.78       -0.25      0          0.00       0.00       0.00       0.00       0         
36         6100       6100       23.19      22.88      0.9867     17.96      16.72      17.96      0.48       0.79       -0.26      0          0.00       0.00       0.00       0.00       0         
37         6100       6100       23.20      22.91      0.9873     17.98      16.73      17.98      0.47       0.80       -0.26      0          0.00       0.00       0.00       0.00       0         
38         6100       6100       23.20      22.87      0.9858     17.89      16.75      17.89      0.46       0.81       -0.27      0          0.00       0.00       0.00       0.00       0         
39         6100       6100       23.24      22.83      0.9824     17.92      16.76      17.92      0.45       0.81       -0.28      0          0.00       0.00       0.00       0.00       0         
40         6100       6100       23.20      22.90      0.9868     17.98      16.76      17.98      0.44       0.82       -0.28      0          0.00       0.00       0.00       0.00       0         
41         6100       6100       23.19      22.95      0.9898     18.04      16.77      18.04      0.43       0.83       -0.29      0          0.00       0.00       0.00       0.00       0         
42         6100       6100       23.19      22.91      0.9877     17.97      16.78      17.97      0.43       0.83       -0.30      0          0.00       0.00       0.00       0.00       0         
43         6100       6100       23.19      22.89      0.9871     17.94      16.78      17.94      0.42       0.84       -0.30      0          0.00       0.00       0.00       0.00       0         
44         6100       6100       23.19      22.91      0.9876     18.00      16.79      18.00      0.41       0.84       -0.31      0          0.00       0.00       0.00       0.00       0         
45         6100       6100       23.20      22.87      0.9856     18.05      16.80      18.05      0.41       0.84       -0.31      0          0.00       0.00       0.00       0.00       0         
46         6100       6100       23.20      22.85      0.9852     17.96      16.81      17.96      0.40       0.84       -0.32      0          0.00       0.00       0.00       0.00       0         
47         6100       6100       23.19      22.91      0.9880     17.95      16.81      17.95      0.39       0.84       -0.32      0          0.00       0.00       0.00       0.00       0         
48         6100       6100       23.20      22.90      0.9870     18.01      16.81      18.01      0.39       0.84       -0.33      0          0.00       0.00       0.00       0.00       0         
49         6100       6100       23.19      22.90      0.9875     18.02      16.82      18.02      0.38       0.84       -0.34      0          0.00       0.00       0.00       0.00       0         
50         6100       6100       23.19      22.85      0.9855     18.03      16.82      18.03      0.38       0.84       -0.34      0          0.00       0.00       0.00       0.00       0         
51         6100       6100       23.20      22.92      0.9877     17.96      16.82      17.96      0.37       0.84       -0.35      0          0.00       0.00       0.00       0.00       0         
52         6100       6100       23.17      22.85      0.9863     17.96      16.82      17.96      0.37       0.84       -0.35      0          0.00       0.00       0.00       0.00       0         
53         6100       6100       23.18      22.83      0.9846     17.98      16.81      17.98      0.36       0.84       -0.35      0          0.00       0.00       0.00       0.00       0         
54         6100       6100       23.23      22.81      0.9819     17.98      16.81      17.98      0.36       0.85       -0.36      0          0.00       0.00       0.00       0.00       0         
55         6100       6100       23.19      22.89      0.9873     17.94      16.80      17.94      0.35       0.85       -0.36      0          0.00       0.00       0.00       0.00       0         
56         6100       6100       23.21      22.90      0.9867     17.93      16.80      17.93      0.35       0.85       -0.37      0          0.00       0.00       0.00       0.00       0         
57         6100       6100       23.20      22.87      0.9858     17.96      16.81      17.96      0.35       0.86       -0.37      0          0.00       0.00       0.00       0.00       0         
58         6100       6100       23.20      22.93      0.9884     18.02      16.80      18.02      0.34       0.86       -0.38      0          0.00       0.00       0.00       0.00       0         
59         6100       6100       23.19      22.88      0.9866     17.94      16.80      17.94      0.34       0.86       -0.38      0          0.00       0.00       0.00       0.00       0         
60         6100       6100       23.18      22.90      0.9877     17.89      16.80      17.89      0.34       0.87       -0.38      0          0.00       0.00       0.00       0.00       0         
61         6100       6100       23.21      22.84      0.9840     17.93      16.79      17.93      0.33       0.87       -0.39      0          0.00       0.00       0.00       0.00       0         
62         6100       6100       23.20      22.88      0.9861     17.92      16.79      17.92      0.33       0.87       -0.39      0          0.00       0.00       0.00       0.00       0         
63         6100       6100       23.18      22.87      0.9866     17.96      16.79      17.96      0.33       0.88       -0.39      0          0.00       0.00       0.00       0.00       0         
64         6100       6100       23.19      22.89      0.9872     17.97      16.78      17.97      0.33       0.88       -0.40      0          0.00       0.00       0.00       0.00       0         
65         6100       6100       23.19      22.83      0.9846     17.96      16.78      17.96      0.32       0.88       -0.40      0          0.00       0.00       0.00       0.00       0         
66         6100       6100       23.18      22.86      0.9861     17.93      16.78      17.93      0.32       0.88       -0.40      0          0.00       0.00       0.00       0.00       0         
67         6100       6100       23.17      22.84      0.9855     17.87      16.77      17.87      0.32       0.89       -0.41      0          0.00       0.00       0.00       0.00       0         
68         6100       6100       23.21      22.85      0.9845     17.87      16.77      17.87      0.32       0.89       -0.41      0          0.00       0.00       0.00       0.00       0         
69         6100       6100       23.19      22.80      0.9835     17.97      16.77      17.97      0.31       0.89       -0.41      0          0.00       0.00       0.00       0.00       0         
70         6100       6100       23.16      22.88      0.9879     17.94      16.77      17.94      0.31       0.89       -0.42      0          0.00       0.00       0.00       0.00       0         
71         6100       6100       23.19      22.91      0.9877     17.94      16.77      17.94      0.31       0.89       -0.42      0          0.00       0.00       0.00       0.00       0         
72         6100       6100       23.18      22.87      0.9867     17.89      16.77      17.89      0.31       0.90       -0.42      0          0.00       0.00       0.00       0.00       0         
73         6100       6100       23.18      22.82      0.9843     17.91      16.76      17.91      0.30       0.90       -0.43      0          0.00       0.00       0.00       0.00       0         
74         6100       6100       23.18      22.86      0.9861     17.98      16.76      17.98      0.30       0.90       -0.43      0          0.00       0.00       0.00       0.00       0         
75         6100       6100       23.17      22.81      0.9844     17.91      16.75      17.91      0.30       0.90       -0.43      0          0.00       0.00       0.00       0.00       0         
76         6100       6100       23.18      22.86      0.9859     17.81      16.75      17.81      0.30       0.90       -0.43      0          0.00       0.00       0.00       0.00       0         
77         6100       6100       23.19      22.85      0.9853     17.83      16.75      17.83      0.30       0.90       -0.44      0          0.00       0.00       0.00       0.00       0         
78         6100       6100       23.16      22.86      0.9871     17.87      16.75      17.87      0.29       0.90       -0.44      0          0.00       0.00       0.00       0.00       0         
79         6100       6100       23.15      22.86      0.9871     17.79      16.75      17.79      0.29       0.90       -0.44      0          0.00       0.00       0.00       0.00       0         
80         6100       6100       23.16      22.78      0.9832     17.82      16.74      17.82      0.29       0.90       -0.45      0          0.00       0.00       0.00       0.00       0         
81         6100       6100       23.18      22.75      0.9814     17.81      16.73      17.81      0.29       0.90       -0.45      0          0.00       0.00       0.00       0.00       0         
82         6100       6100       23.17      22.74      0.9816     17.77      16.73      17.77      0.29       0.90       -0.45      0          0.00       0.00       0.00       0.00       0         
83         6100       6100       23.17      22.82      0.9847     17.82      16.73      17.82      0.29       0.91       -0.45      0          0.00       0.00       0.00       0.00       0         
84         6100       6100       23.18      22.76      0.9822     17.73      16.72      17.73      0.29       0.91       -0.46      0          0.00       0.00       0.00       0.00       0         
85         6100       6100       23.16      22.78      0.9837     17.80      16.71      17.80      0.28       0.91       -0.46      0          0.00       0.00       0.00       0.00       0         
86         6100       6100       23.18      22.69      0.9787     17.79      16.70      17.79      0.28       0.91       -0.46      0          0.00       0.00       0.00       0.00       0         
87         6100       6100       23.19      22.82      0.9841     17.78      16.70      17.78      0.28       0.91       -0.46      0          0.00       0.00       0.00       0.00       0         
88         6100       6100       23.18      22.77      0.9822     17.82      16.69      17.82      0.28       0.92       -0.46      0          0.00       0.00       0.00       0.00       0         
89         6100       6100       23.17      22.84      0.9859     17.79      16.69      17.79      0.28       0.92       -0.47      0          0.00       0.00       0.00       0.00       0         
90         6100       6100       23.20      22.81      0.9832     17.76      16.68      17.76      0.28       0.92       -0.47      0          0.00       0.00       0.00       0.00       0         
91         6100       6100       23.17      22.79      0.9836     17.71      16.68      17.71      0.28       0.92       -0.47      0          0.00       0.00       0.00       0.00       0         
92         6100       6100       23.18      22.84      0.9853     17.71      16.68      17.71      0.28       0.92       -0.47      0          0.00       0.00       0.00       0.00       0         
93         6100       6100       23.16      22.79      0.9840     17.73      16.68      17.73      0.28       0.92       -0.48      0          0.00       0.00       0.00       0.00       0         
94         6100       6100       23.17      22.76      0.9823     17.63      16.67      17.63      0.27       0.92       -0.48      0          0.00       0.00       0.00       0.00       0         
95         6100       6100       23.17      22.75      0.9819     17.69      16.67      17.69      0.27       0.93       -0.48      0          0.00       0.00       0.00       0.00       0         
96         6100       6100       23.17      22.78      0.9832     17.73      16.66      17.73      0.27       0.93       -0.48      0          0.00       0.00       0.00       0.00       0         
97         6100       6100       23.16      22.80      0.9842     17.72      16.65      17.72      0.27       0.93       -0.49      0          0.00       0.00       0.00       0.00       0         
98         6100       6100       23.20      22.82      0.9837     17.66      16.65      17.66      0.27       0.93       -0.49      0          0.00       0.00       0.00       0.00       0         
99         6100       6100       23.19      22.77      0.9821     17.67      16.64      17.67      0.27       0.93       -0.49      0          0.00       0.00       0.00       0.00       0         
100        6100       6100       23.17      22.81      0.9846     17.62      16.63      17.62      0.27       0.93       -0.49      0          0.00       0.00       0.00       0.00       0         
101        6100       6100       23.19      22.79      0.9829     17.58      16.63      17.58      0.27       0.93       -0.50      0          0.00       0.00       0.00       0.00       0         
102        6100       6100       23.18      22.74      0.9808     17.64      16.62      17.64      0.27       0.93       -0.50      0          0.00       0.00       0.00       0.00       0         
103        6100       6100       23.18      22.75      0.9816     17.55      16.62      17.55      0.27       0.93       -0.50      0          0.00       0.00       0.00       0.00       0         
104        6100       6100       23.17      22.74      0.9815     17.64      16.61      17.64      0.27       0.93       -0.50      0          0.00       0.00       0.00       0.00       0         
105        6100       6100       23.21      22.75      0.9805     17.59      16.61      17.59      0.27       0.93       -0.51      0          0.00       0.00       0.00       0.00       0         
106        6100       6100       23.18      22.75      0.9814     17.56      16.60      17.56      0.27       0.93       -0.51      0          0.00       0.00       0.00       0.00       0         
107        6100       6100       23.20      22.78      0.9821     17.51      16.59      17.51      0.27       0.93       -0.51      0          0.00       0.00       0.00       0.00       0         
108        6100       6100       23.19      22.79      0.9826     17.57      16.59      17.57      0.27       0.93       -0.51      0          0.00       0.00       0.00       0.00       0         
109        6100       6100       23.19      22.72      0.9796     17.46      16.58      17.46      0.27       0.93       -0.52      0          0.00       0.00       0.00       0.00       0         
110        6100       6100       23.20      22.78      0.9817     17.47      16.57      17.47      0.27       0.93       -0.52      0          0.00       0.00       0.00       0.00       0         
111        6100       6100       23.19      22.68      0.9780     17.46      16.56      17.46      0.27       0.94       -0.52      0          0.00       0.00       0.00       0.00       0         
112        6100       6100       23.19      22.78      0.9821     17.48      16.56      17.48      0.27       0.94       -0.52      0          0.00       0.00       0.00       0.00       0         
113        6100       6100       23.20      22.70      0.9784     17.48      16.56      17.48      0.27       0.94       -0.53      0          0.00       0.00       0.00       0.00       0         
114        6100       6100       23.21      22.75      0.9804     17.46      16.55      17.46      0.27       0.94       -0.53      0          0.00       0.00       0.00       0.00       0         
115        6100       6100       23.18      22.74      0.9811     17.46      16.54      17.46      0.26       0.94       -0.53      0          0.00       0.00       0.00       0.00       0         
116        6100       6100       23.20      22.76      0.9810     17.53      16.54      17.53      0.26       0.94       -0.53      0          0.00       0.00       0.00       0.00       0         
117        6100       6100       23.21      22.67      0.9770     17.38      16.53      17.38      0.26       0.94       -0.54      0          0.00       0.00       0.00       0.00       0         
118        6100       6100       23.19      22.62      0.9752     17.31      16.52      17.31      0.26       0.94       -0.54      0          0.00       0.00       0.00       0.00       0         
119        6100       6100       23.21      22.76      0.9804     17.43      16.51      17.43      0.26       0.94       -0.54      0          0.00       0.00       0.00       0.00       0         
120        6100       6100       23.20      22.79      0.9825     17.33      16.49      17.33      0.26       0.94       -0.54      0          0.00       0.00       0.00       0.00       0         
121        6100       6100       23.22      22.70      0.9778     17.34      16.49      17.34      0.26       0.94       -0.55      0          0.00       0.00       0.00       0.00       0         
122        6100       6100       23.21      22.69      0.9777     17.34      16.48      17.34      0.27       0.94       -0.55      0          0.00       0.00       0.00       0.00       0         
123        6100       6100       23.21      22.71      0.9786     17.26      16.48      17.26      0.27       0.94       -0.55      0          0.00       0.00       0.00       0.00       0         
124        6100       6100       23.19      22.75      0.9808     17.31      16.47      17.31      0.27       0.94       -0.55      0          0.00       0.00       0.00       0.00       0         
125        6100       6100       23.20      22.62      0.9748     17.22      16.47      17.22      0.27       0.94       -0.56      0          0.00       0.00       0.00       0.00       0         
126        6100       6100       23.21      22.69      0.9777     17.27      16.46      17.27      0.27       0.94       -0.56      0          0.00       0.00       0.00       0.00       0         
127        6100       6100       23.18      22.69      0.9786     17.27      16.44      17.27      0.27       0.94       -0.56      0          0.00       0.00       0.00       0.00       0         
128        6100       6100       23.18      22.56      0.9734     17.16      16.43      17.16      0.27       0.94       -0.57      0          0.00       0.00       0.00       0.00       0         
129        6100       6100       23.20      22.61      0.9744     17.21      16.41      17.21      0.27       0.95       -0.57      0          0.00       0.00       0.00       0.00       0         
130        6100       6100       23.21      22.57      0.9723     17.16      16.40      17.16      0.27       0.94       -0.57      0          0.00       0.00       0.00       0.00       0         
131        6100       6100       23.19      22.70      0.9788     17.15      16.39      17.15      0.27       0.95       -0.57      0          0.00       0.00       0.00       0.00       0         
132        6100       6100       23.19      22.60      0.9747     17.11      16.39      17.11      0.27       0.95       -0.57      0          0.00       0.00       0.00       0.00       0         
133        6100       6100       23.20      22.66      0.9765     17.11      16.38      17.11      0.27       0.95       -0.58      0          0.00       0.00       0.00       0.00       0         
134        6100       6100       23.21      22.56      0.9719     17.21      16.37      17.21      0.27       0.95       -0.58      0          0.00       0.00       0.00       0.00       0         
135        6100       6100       23.20      22.62      0.9749     17.20      16.36      17.20      0.27       0.95       -0.58      0          0.00       0.00       0.00       0.00       0         
136        6100       6100       23.19      22.65      0.9766     17.11      16.35      17.11      0.27       0.95       -0.58      0          0.00       0.00       0.00       0.00       0         
137        6100       6100       23.20      22.57      0.9728     17.04      16.35      17.04      0.27       0.95       -0.59      0          0.00       0.00       0.00       0.00       0         
138        6100       6100       23.19      22.57      0.9734     17.03      16.34      17.03      0.27       0.95       -0.59      0          0.00       0.00       0.00       0.00       0         
139        6100       6100       23.17      22.48      0.9702     16.96      16.33      16.96      0.27       0.95       -0.59      0          0.00       0.00       0.00       0.00       0         
140        6100       6100       23.17      22.53      0.9723     16.97      16.33      16.97      0.27       0.95       -0.59      0          0.00       0.00       0.00       0.00       0         
141        6100       6100       23.21      22.50      0.9696     16.95      16.31      16.95      0.27       0.95       -0.59      0          0.00       0.00       0.00       0.00       0         
142        6100       6100       23.20      22.57      0.9732     16.95      16.30      16.95      0.27       0.95       -0.59      0          0.00       0.00       0.00       0.00       0         
143        6100       6100       23.16      22.52      0.9727     16.94      16.29      16.94      0.27       0.95       -0.60      0          0.00       0.00       0.00       0.00       0         
144        6100       6100       23.21      22.57      0.9726     16.92      16.28      16.92      0.27       0.95       -0.60      0          0.00       0.00       0.00       0.00       0         
145        6100       6100       23.18      22.45      0.9685     16.88      16.27      16.88      0.27       0.95       -0.60      0          0.00       0.00       0.00       0.00       0         
146        6100       6100       23.22      22.50      0.9690     16.92      16.26      16.92      0.27       0.95       -0.60      0          0.00       0.00       0.00       0.00       0         
147        6100       6100       23.20      22.50      0.9700     16.80      16.25      16.80      0.27       0.95       -0.60      0          0.00       0.00       0.00       0.00       0         
148        6100       6100       23.17      22.53      0.9724     16.75      16.24      16.75      0.27       0.95       -0.60      0          0.00       0.00       0.00       0.00       0         
149        6100       6100       23.19      22.54      0.9719     16.69      16.23      16.69      0.28       0.95       -0.61      0          0.00       0.00       0.00       0.00       0         
150        6100       6100       23.21      22.34      0.9626     16.68      16.21      16.68      0.28       0.95       -0.61      0          0.00       0.00       0.00       0.00       0         
151        6100       6100       23.22      22.42      0.9655     16.67      16.20      16.67      0.28       0.95       -0.61      0          0.00       0.00       0.00       0.00       0         
152        6100       6100       23.21      22.51      0.9695     16.63      16.19      16.63      0.28       0.95       -0.61      0          0.00       0.00       0.00       0.00       0         
153        6100       6100       23.19      22.42      0.9670     16.56      16.17      16.56      0.28       0.95       -0.61      0          0.00       0.00       0.00       0.00       0         
154        6100       6100       23.19      22.38      0.9648     16.58      16.15      16.58      0.28       0.95       -0.61      0          0.00       0.00       0.00       0.00       0         
155        6100       6100       23.19      22.30      0.9616     16.57      16.13      16.57      0.28       0.95       -0.61      0          0.00       0.00       0.00       0.00       0         
156        6100       6100       23.19      22.25      0.9596     16.48      16.12      16.48      0.28       0.95       -0.62      0          0.00       0.00       0.00       0.00       0         
157        6100       6100       23.21      22.36      0.9634     16.53      16.10      16.53      0.28       0.95       -0.62      0          0.00       0.00       0.00       0.00       0         
158        6100       6100       23.21      22.46      0.9677     16.53      16.09      16.53      0.28       0.95       -0.62      0          0.00       0.00       0.00       0.00       0         
159        6100       6100       23.17      22.47      0.9695     16.38      16.08      16.38      0.28       0.95       -0.62      0          0.00       0.00       0.00       0.00       0         
160        6100       6100       23.23      22.37      0.9631     16.43      16.07      16.43      0.28       0.95       -0.62      0          0.00       0.00       0.00       0.00       0         
161        6100       6100       23.20      22.35      0.9632     16.36      16.06      16.36      0.28       0.95       -0.62      0          0.00       0.00       0.00       0.00       0         
162        6100       6100       23.18      22.19      0.9572     16.33      16.04      16.33      0.28       0.95       -0.62      0          0.00       0.00       0.00       0.00       0         
163        6100       6100       23.20      22.15      0.9548     16.24      16.03      16.24      0.28       0.95       -0.62      0          0.00       0.00       0.00       0.00       0         
164        6100       6100       23.26      22.28      0.9579     16.16      16.01      16.16      0.28       0.95       -0.62      0          0.00       0.00       0.00       0.00       0         
165        6100       6100       23.21      22.15      0.9546     16.16      15.99      16.16      0.28       0.95       -0.62      0          0.00       0.00       0.00       0.00       0         
166        6100       6100       23.22      22.31      0.9606     16.11      15.98      16.11      0.28       0.95       -0.62      0          0.00       0.00       0.00       0.00       0         
167        6100       6100       23.21      22.22      0.9573     16.04      15.95      16.04      0.28       0.95       -0.62      0          0.00       0.00       0.00       0.00       0         
168        6100       6100       23.20      22.16      0.9549     16.04      15.94      16.04      0.28       0.95       -0.62      0          0.00       0.00       0.00       0.00       0         
169        6100       6100       23.22      22.09      0.9512     16.04      15.92      16.04      0.28       0.95       -0.62      0          0.00       0.00       0.00       0.00       0         
170        6100       6100       23.24      22.03      0.9482     15.91      15.90      15.91      0.28       0.95       -0.62      0          0.00       0.00       0.00       0.00       0         
171        6100       6100       23.22      22.06      0.9501     15.79      15.87      15.79      0.28       0.95       -0.62      0          0.00       0.00       0.00       0.00       0         
172        6100       6100       23.22      22.11      0.9520     15.78      15.84      15.78      0.28       0.95       -0.62      0          0.00       0.00       0.00       0.00       0         
173        6100       6100       23.23      21.98      0.9462     15.85      15.81      15.85      0.28       0.95       -0.62      0          0.00       0.00       0.00       0.00       0         
174        6100       6100       23.24      22.00      0.9468     15.70      15.77      15.70      0.28       0.95       -0.62      0          0.00       0.00       0.00       0.00       0         
175        6100       6100       23.23      22.01      0.9475     15.73      15.75      15.73      0.28       0.95       -0.63      0          0.00       0.00       0.00       0.00       0         
176        6100       6100       23.23      21.96      0.9456     15.60      15.71      15.60      0.28       0.95       -0.63      0          0.00       0.00       0.00       0.00       0         
177        6100       6100       23.22      22.06      0.9503     15.54      15.70      15.54      0.28       0.95       -0.63      0          0.00       0.00       0.00       0.00       0         
178        6100       6100       23.26      21.95      0.9434     15.48      15.67      15.48      0.28       0.95       -0.63      0          0.00       0.00       0.00       0.00       0         
179        6100       6100       23.25      21.89      0.9416     15.42      15.65      15.42      0.28       0.95       -0.62      0          0.00       0.00       0.00       0.00       0         
180        6100       6100       23.26      21.83      0.9386     15.37      15.62      15.37      0.28       0.95       -0.62      0          0.00       0.00       0.00       0.00       0         
181        6100       6100       23.26      21.83      0.9386     15.20      15.59      15.20      0.28       0.95       -0.62      0          0.00       0.00       0.00       0.00       0         
182        6100       6100       23.27      21.65      0.9303     15.27      15.57      15.27      0.28       0.95       -0.62      0          0.00       0.00       0.00       0.00       0         
183        6100       6100       23.23      21.64      0.9317     15.20      15.52      15.20      0.28       0.95       -0.62      0          0.00       0.00       0.00       0.00       0         
184        6100       6100       23.25      21.81      0.9381     15.17      15.50      15.17      0.28       0.95       -0.62      0          0.00       0.00       0.00       0.00       0         
185        6100       6100       23.26      21.88      0.9409     15.07      15.47      15.07      0.28       0.95       -0.62      0          0.00       0.00       0.00       0.00       0         
186        6100       6100       23.26      21.47      0.9229     14.98      15.45      14.98      0.28       0.95       -0.62      0          0.00       0.00       0.00       0.00       0         
187        6100       6100       23.26      21.48      0.9232     14.86      15.41      14.86      0.28       0.95       -0.62      0          0.00       0.00       0.00       0.00       0         
188        6100       6100       23.26      21.36      0.9183     14.79      15.37      14.79      0.28       0.95       -0.62      0          0.00       0.00       0.00       0.00       0         
189        6100       6100       23.26      21.36      0.9180     14.70      15.34      14.70      0.28       0.95       -0.62      0          0.00       0.00       0.00       0.00       0         
190        6100       6100       23.26      21.38      0.9193     14.54      15.30      14.54      0.28       0.95       -0.62      0          0.00       0.00       0.00       0.00       0         
191        6100       6100       23.26      21.36      0.9182     14.58      15.25      14.58      0.28       0.95       -0.62      0          0.00       0.00       0.00       0.00       0         
192        6100       6100       23.26      21.41      0.9207     14.43      15.22      14.43      0.28       0.95       -0.62      0          0.00       0.00       0.00       0.00       0         
193        6100       6100       23.26      21.18      0.9106     14.38      15.18      14.38      0.28       0.95       -0.62      0          0.00       0.00       0.00       0.00       0         
194        6100       6100       23.30      21.12      0.9064     14.24      15.13      14.24      0.28       0.95       -0.61      0          0.00       0.00       0.00       0.00       0         
195        6100       6100       23.27      21.12      0.9076     14.17      15.09      14.17      0.28       0.95       -0.61      0          0.00       0.00       0.00       0.00       0         
196        6100       6100       23.33      20.81      0.8923     14.04      15.05      14.04      0.28       0.95       -0.61      0          0.00       0.00       0.00       0.00       0         
197        6100       6100       23.31      20.89      0.8962     13.90      15.00      13.90      0.28       0.95       -0.61      0          0.00       0.00       0.00       0.00       0         
198        6100       6100       23.30      20.84      0.8946     13.84      14.96      13.84      0.28       0.95       -0.61      0          0.00       0.00       0.00       0.00       0         
199        6100       6100       23.32      20.64      0.8851     13.74      14.92      13.74      0.28       0.95       -0.61      0          0.00       0.00       0.00       0.00       0         
200        6100       6100       23.35      20.84      0.8926     13.56      14.85      13.56      0.28       0.95       -0.61      0          0.00       0.00       0.00       0.00       0         
