time       n_sent     n_recv     avgRecv    avgByzRecv pByzRecv   avgByzN    pushByzN   pullByzN   sampByzN   n_isolated avgByzSamp min        max        n_fullbyz  n_fbi      cluscoeff  MPL        id_min     id_d1      id_q1      id_med     id_q3      id_d9      id_max    
0          10000      0          0.00       0.00       NaN        41.64      0.00       0.00       0.00       0          41.58      16         72         0          0          0.0000     0.0000     0          0          0          0          0          0          0         
1          60739      10000      0.00       0.00       NaN        41.64      0.00       0.00       0.00       0          41.58      16         72         0          0          0.0000     0.0000     0          0          0          0          0          0          0         
2          78078      60739      3.34       2.60       0.7782     41.64      0.00       0.00       0.00       0          41.58      16         72         0          0          0.0000     0.0000     0          0          0          0          0          0          0         
3          78078      78078      163.35     75.79      0.4640     65.14      0.52       0.37       0.26       0          57.46      19         121        0          0          0.0000     0.0000     0          0          0          0          0          0          0         
4          78082      78078      163.18     82.48      0.5054     75.00      0.68       0.52       0.42       0          66.86      21         135        0          0          0.0000     0.0000     0          0          0          0          0          0          0         
5          78090      78082      163.13     109.36     0.6704     78.87      0.53       0.54       0.46       0          73.74      22         143        0          0          0.0000     0.0000     0          0          0          0          0          0          0         
6          78095      78090      163.10     117.69     0.7216     88.34      0.58       0.63       0.51       0          81.19      22         146        0          0          0.0000     0.0000     0          0          0          0          0          0          0         
7          78098      78095      163.05     123.25     0.7559     95.76      0.66       0.70       0.54       0          87.01      22         149        0          0          0.0000     0.0000     0          0          0          0          0          0          0         
8          78103      78098      163.00     132.24     0.8113     101.90     0.72       0.75       0.58       0          92.11      22         154        0          0          0.0000     0.0000     0          0          0          0          0          0          0         
9          78108      78103      162.97     138.03     0.8470     107.21     0.76       0.79       0.60       0          96.57      26         154        0          0          0.0000     0.0000     0          0          0          0          0          0          0         
10         78111      78108      162.93     142.46     0.8744     111.54     0.80       0.83       0.63       0          100.39     28         154        0          0          0.0000     0.0000     0          0          0          0          0          0          0         
11         78112      78111      162.91     146.20     0.8974     115.25     0.83       0.85       0.65       0          103.78     33         156        0          0          0.0000     0.0000     0          0          0          0          0          0          0         
12         78114      78112      162.88     148.01     0.9087     118.00     0.85       0.87       0.67       0          106.52     33         156        0          0          0.0000     0.0000     0          0          0          0          0          0          0         
13         78116      78114      162.86     150.55     0.9244     120.51     0.87       0.89       0.68       0          108.99     33         156        0          0          0.0000     0.0000     0          0          0          0          0          0          0         
14         78116      78116      162.85     151.68     0.9315     122.67     0.89       0.90       0.69       0          111.19     33         157        0          0          0.0000     0.0000     0          0          0          0          0          0          0         
15         78116      78116      162.83     152.91     0.9391     124.31     0.90       0.91       0.71       0          113.03     33         157        0          0          0.0000     0.0000     0          0          0          0          0          0          0         
16         78118      78116      162.82     153.92     0.9453     125.75     0.91       0.91       0.72       0          114.60     33         156        0          0          0.0000     0.0000     0          0          0          0          0          0          0         
17         78121      78118      162.82     154.59     0.9495     126.88     0.91       0.92       0.72       0          115.99     33         156        0          0          0.0000     0.0000     0          0          0          0          0          0          0         
18         78123      78121      162.81     155.34     0.9541     127.92     0.92       0.92       0.73       0          117.21     33         156        0          0          0.0000     0.0000     0          0          0          0          0          0          0         
19         78125      78123      162.80     155.92     0.9577     128.92     0.92       0.93       0.74       0          118.30     33         156        0          0          0.0000     0.0000     0          0          0          0          0          0          0         
20         78126      78125      162.80     156.08     0.9588     129.64     0.93       0.93       0.75       0          119.26     33         156        0          0          0.0000     0.0000     0          0          0          0          0          0          0         
21         78127      78126      162.79     156.65     0.9623     130.32     0.93       0.93       0.75       0          120.15     36         156        0          0          0.0000     0.0000     0          0          0          0          0          0          0         
22         78128      78127      162.78     157.26     0.9661     131.07     0.93       0.94       0.76       0          120.94     36         156        0          0          0.0000     0.0000     0          0          0          0          0          0          0         
23         78129      78128      162.78     156.87     0.9637     131.64     0.94       0.94       0.76       0          121.60     36         156        0          0          0.0000     0.0000     0          0          0          0          0          0          0         
24         78130      78129      162.77     157.38     0.9669     132.02     0.94       0.94       0.76       0          122.17     36         156        0          0          0.0000     0.0000     0          0          0          0          0          0          0         
25         78131      78130      162.78     157.71     0.9689     132.50     0.94       0.94       0.77       0          122.71     36         157        0          0          0.0000     0.0000     0          0          0          0          0          0          0         
26         78132      78131      162.77     157.64     0.9685     132.82     0.94       0.94       0.77       1          123.20     36         157        0          0          0.0000     0.0000     0          0          0          0          0          0          0         
27         78133      78132      162.77     157.84     0.9697     133.17     0.94       0.94       0.77       0          123.64     36         157        0          0          0.0000     0.0000     0          0          0          0          0          0          0         
28         78134      78133      162.77     157.96     0.9704     133.41     0.94       0.94       0.77       0          124.03     36         157        0          0          0.0000     0.0000     0          0          0          0          0          0          0         
29         78135      78134      162.77     158.18     0.9718     133.68     0.94       0.94       0.78       1          124.37     36         157        0          0          0.0000     0.0000     0          0          0          0          0          0          0         
30         78137      78135      162.77     158.24     0.9722     133.98     0.94       0.94       0.78       0          124.72     36         157        0          0          0.0000     0.0000     0          0          0          0          0          0          0         
31         78139      78137      162.77     158.16     0.9717     134.17     0.94       0.94       0.78       0          125.00     36         157        0          0          0.0000     0.0000     0          0          0          0          0          0          0         
32         78140      78139      162.76     158.38     0.9731     134.36     0.94       0.95       0.78       0          125.27     36         157        0          0          0.0000     0.0000     0          0          0          0          0          0          0         
33         78140      78140      162.76     158.31     0.9726     134.46     0.94       0.95       0.78       1          125.48     36         157        0          0          0.0000     0.0000     0          0          0          0          0          0          0         
34         78141      78140      162.77     158.45     0.9734     134.65     0.94       0.95       0.79       0          125.68     36         157        0          0          0.0000     0.0000     0          0          0          0          0          0          0         
35         78143      78141      162.75     158.52     0.9740     134.73     0.95       0.95       0.79       0          125.85     36         157        0          0          0.0000     0.0000     0          0          0          0          0          0          0         
36         78144      78143      162.76     158.44     0.9735     134.85     0.94       0.95       0.79       0          126.00     36         157        0          0          0.0000     0.0000     0          0          0          0          0          0          0         
37         78144      78144      162.76     158.54     0.9741     134.85     0.94       0.95       0.79       0          126.15     36         157        0          0          0.0000     0.0000     0          0          0          0          0          0          0         
38         78144      78144      162.76     158.71     0.9751     134.99     0.94       0.94       0.79       0          126.26     36         157        0          0          0.0000     0.0000     0          0          0          0          0          0          0         
39         78144      78144      162.76     158.64     0.9747     135.07     0.94       0.95       0.79       1          126.36     36         157        0          0          0.0000     0.0000     0          0          0          0          0          0          0         
40         78144      78144      162.75     158.68     0.9750     135.05     0.95       0.94       0.79       0          126.45     36         157        0          0          0.0000     0.0000     0          0          0          0          0          0          0         
41         78144      78144      162.76     158.51     0.9739     135.11     0.94       0.94       0.79       0          126.55     60         157        0          0          0.0000     0.0000     0          0          0          0          0          0          0         
42         78144      78144      162.75     158.58     0.9744     135.19     0.94       0.94       0.79       2          126.61     60         157        0          0          0.0000     0.0000     0          0          0          0          0          0          0         
43         78146      78144      162.75     158.56     0.9742     135.17     0.94       0.94       0.79       1          126.66     60         158        0          0          0.0000     0.0000     0          0          0          0          0          0          0         
44         78150      78146      162.75     158.84     0.9760     135.10     0.94       0.94       0.79       0          126.71     60         158        0          0          0.0000     0.0000     0          0          0          0          0          0          0         
45         78152      78150      162.76     158.67     0.9749     135.14     0.94       0.94       0.79       0          126.74     60         158        0          0          0.0000     0.0000     0          0          0          0          0          0          0         
46         78152      78152      162.76     158.64     0.9747     134.99     0.94       0.94       0.79       0          126.74     60         158        0          0          0.0000     0.0000     0          0          0          0          0          0          0         
47         78152      78152      162.76     158.62     0.9746     135.06     0.94       0.94       0.79       1          126.76     60         158        0          0          0.0000     0.0000     0          0          0          0          0          0          0         
48         78152      78152      162.76     158.66     0.9748     134.95     0.94       0.94       0.79       2          126.76     60         158        0          0          0.0000     0.0000     0          0          0          0          0          0          0         
49         78152      78152      162.76     158.50     0.9738     134.91     0.94       0.94       0.79       1          126.75     75         158        0          0          0.0000     0.0000     0          0          0          0          0          0          0         
50         78152      78152      162.76     158.43     0.9734     134.84     0.93       0.94       0.79       0          126.73     75         158        0          0          0.0000     0.0000     0          0          0          0          0          0          0         
51         78153      78152      162.76     158.72     0.9752     134.72     0.94       0.93       0.79       0          126.71     79         158        0          0          0.0000     0.0000     0          0          0          0          0          0          0         
52         78155      78153      162.76     158.52     0.9740     134.65     0.93       0.93       0.79       1          126.69     79         158        0          0          0.0000     0.0000     0          0          0          0          0          0          0         
53         78156      78155      162.76     158.42     0.9733     134.58     0.94       0.93       0.79       0          126.65     79         158        0          0          0.0000     0.0000     0          0          0          0          0          0          0         
54         78157      78156      162.76     158.48     0.9737     134.52     0.93       0.93       0.79       1          126.60     79         158        0          0          0.0000     0.0000     0          0          0          0          0          0          0         
55         78159      78157      162.76     158.40     0.9732     134.45     0.93       0.93       0.79       1          126.56     87         158        0          0          0.0000     0.0000     0          0          0          0          0          0          0         
56         78160      78159      162.76     158.62     0.9745     134.37     0.93       0.93       0.79       0          126.52     87         158        0          0          0.0000     0.0000     0          0          0          0          0          0          0         
57         78160      78160      162.75     158.55     0.9742     134.35     0.93       0.93       0.79       0          126.49     87         158        0          0          0.0000     0.0000     0          0          0          0          0          0          0         
58         78160      78160      162.76     158.33     0.9728     134.23     0.93       0.93       0.79       1          126.43     87         158        0          0          0.0000     0.0000     0          0          0          0          0          0          0         
59         78160      78160      162.76     158.49     0.9738     134.08     0.93       0.93       0.79       0          126.37     87         158        0          0          0.0000     0.0000     0          0          0          0          0          0          0         
60         78160      78160      162.76     158.45     0.9735     133.97     0.93       0.93       0.79       1          126.30     87         158        0          0          0.0000     0.0000     0          0          0          0          0          0          0         
61         78160      78160      162.76     158.57     0.9742     133.92     0.93       0.93       0.79       0          126.24     87         158        0          0          0.0000     0.0000     0          0          0          0          0          0          0         
62         78161      78160      162.76     158.48     0.9737     133.80     0.93       0.92       0.79       0          126.17     87         158        0          0          0.0000     0.0000     0          0          0          0          0          0          0         
63         78162      78161      162.76     158.39     0.9731     133.68     0.92       0.92       0.79       0          126.09     87         158        0          0          0.0000     0.0000     0          0          0          0          0          0          0         
64         78163      78162      162.76     158.16     0.9717     133.58     0.92       0.92       0.79       0          126.01     87         158        0          0          0.0000     0.0000     0          0          0          0          0          0          0         
65         78165      78163      162.76     158.02     0.9708     133.40     0.92       0.92       0.79       1          125.94     87         158        0          0          0.0000     0.0000     0          0          0          0          0          0          0         
66         78166      78165      162.77     158.22     0.9720     133.24     0.92       0.92       0.79       1          125.84     87         158        0          0          0.0000     0.0000     0          0          0          0          0          0          0         
67         78166      78166      162.77     158.41     0.9732     133.19     0.92       0.92       0.79       0          125.76     87         158        0          0          0.0000     0.0000     0          0          0          0          0          0          0         
68         78166      78166      162.76     158.01     0.9708     133.02     0.92       0.92       0.79       2          125.67     87         158        0          0          0.0000     0.0000     0          0          0          0          0          0          0         
69         78166      78166      162.77     158.09     0.9712     132.82     0.92       0.91       0.78       0          125.57     87         158        0          0          0.0000     0.0000     0          0          0          0          0          0          0         
70         78166      78166      162.77     157.86     0.9699     132.68     0.91       0.91       0.78       2          125.47     87         158        0          0          0.0000     0.0000     0          0          0          0          0          0          0         
71         78166      78166      162.77     158.05     0.9710     132.51     0.91       0.91       0.78       1          125.36     86         158        0          0          0.0000     0.0000     0          0          0          0          0          0          0         
72         78166      78166      162.78     157.82     0.9696     132.38     0.91       0.91       0.78       0          125.26     86         158        0          0          0.0000     0.0000     0          0          0          0          0          0          0         
73         78166      78166      162.77     157.90     0.9701     132.18     0.91       0.91       0.78       0          125.16     86         158        0          0          0.0000     0.0000     0          0          0          0          0          0          0         
74         78166      78166      162.77     157.80     0.9695     132.08     0.91       0.91       0.78       0          125.04     85         158        0          0          0.0000     0.0000     0          0          0          0          0          0          0         
75         78166      78166      162.77     157.60     0.9683     131.83     0.91       0.90       0.78       1          124.92     84         158        0          0          0.0000     0.0000     0          0          0          0          0          0          0         
76         78166      78166      162.78     157.75     0.9691     131.66     0.90       0.90       0.78       1          124.80     83         158        0          0          0.0000     0.0000     0          0          0          0          0          0          0         
77         78166      78166      162.78     157.69     0.9688     131.52     0.90       0.90       0.78       0          124.69     83         158        0          0          0.0000     0.0000     0          0          0          0          0          0          0         
78         78166      78166      162.78     157.34     0.9666     131.34     0.90       0.90       0.78       0          124.57     82         158        0          0          0.0000     0.0000     0          0          0          0          0          0          0         
79         78166      78166      162.78     157.65     0.9685     131.12     0.90       0.90       0.78       0          124.45     82         158        0          0          0.0000     0.0000     0          0          0          0          0          0          0         
80         78166      78166      162.79     157.57     0.9680     131.06     0.90       0.90       0.78       0          124.33     82         158        0          0          0.0000     0.0000     0          0          0          0          0          0          0         
81         78166      78166      162.77     157.52     0.9677     130.89     0.90       0.89       0.78       1          124.21     82         158        0          0          0.0000     0.0000     0          0          0          0          0          0          0         
82         78167      78166      162.78     157.29     0.9662     130.64     0.90       0.89       0.78       1          124.08     82         158        0          0          0.0000     0.0000     0          0          0          0          0          0          0         
83         78168      78167      162.78     157.18     0.9656     130.49     0.89       0.89       0.77       1          123.95     82         158        0          0          0.0000     0.0000     0          0          0          0          0          0          0         
84         78168      78168      162.78     157.42     0.9671     130.25     0.89       0.89       0.77       0          123.82     82         158        0          0          0.0000     0.0000     0          0          0          0          0          0          0         
85         78168      78168      162.78     157.24     0.9660     130.12     0.89       0.89       0.77       0          123.68     82         158        0          0          0.0000     0.0000     0          0          0          0          0          0          0         
86         78168      78168      162.79     156.98     0.9643     129.82     0.89       0.88       0.77       1          123.55     82         158        0          0          0.0000     0.0000     0          0          0          0          0          0          0         
87         78168      78168      162.79     156.76     0.9630     129.56     0.89       0.88       0.77       0          123.39     81         158        0          0          0.0000     0.0000     0          0          0          0          0          0          0         
88         78168      78168      162.79     156.95     0.9641     129.32     0.89       0.88       0.77       1          123.26     81         158        0          0          0.0000     0.0000     0          0          0          0          0          0          0         
89         78168      78168      162.80     156.83     0.9634     129.09     0.88       0.88       0.77       0          123.11     81         158        0          0          0.0000     0.0000     0          0          0          0          0          0          0         
90         78168      78168      162.79     156.61     0.9620     128.91     0.88       0.87       0.77       1          122.96     81         158        0          0          0.0000     0.0000     0          0          0          0          0          0          0         
91         78168      78168      162.79     156.59     0.9619     128.64     0.88       0.87       0.77       1          122.81     81         158        0          0          0.0000     0.0000     0          0          0          0          0          0          0         
92         78169      78168      162.80     156.76     0.9629     128.39     0.87       0.87       0.77       0          122.66     81         158        0          0          0.0000     0.0000     0          0          0          0          0          0          0         
93         78170      78169      162.80     156.49     0.9613     128.28     0.87       0.87       0.77       1          122.51     81         158        0          0          0.0000     0.0000     0          0          0          0          0          0          0         
94         78170      78170      162.80     156.23     0.9597     127.90     0.87       0.86       0.76       0          122.35     81         158        0          0          0.0000     0.0000     0          0          0          0          0          0          0         
95         78171      78170      162.80     156.19     0.9594     127.59     0.87       0.86       0.76       1          122.20     79         158        0          0          0.0000     0.0000     0          0          0          0          0          0          0         
96         78172      78171      162.79     155.97     0.9581     127.40     0.86       0.86       0.76       0          122.02     79         158        0          0          0.0000     0.0000     0          0          0          0          0          0          0         
97         78172      78172      162.80     155.96     0.9580     127.09     0.86       0.85       0.76       0          121.86     79         158        0          0          0.0000     0.0000     0          0          0          0          0          0          0         
98         78172      78172      162.81     156.03     0.9584     126.80     0.85       0.85       0.76       0          121.69     79         158        0          0          0.0000     0.0000     0          0          0          0          0          0          0         
99         78172      78172      162.81     155.66     0.9560     126.60     0.85       0.85       0.76       0          121.53     79         158        0          0          0.0000     0.0000     0          0          0          0          0          0          0         
100        78172      78172      162.81     155.27     0.9537     126.19     0.85       0.84       0.76       0          121.35     76         158        0          0          0.0000     0.0000     0          0          0          0          0          0          0         
101        78172      78172      162.81     155.67     0.9561     125.84     0.85       0.84       0.76       1          121.17     76         158        0          0          0.0000     0.0000     0          0          0          0          0          0          0         
102        78172      78172      162.80     155.50     0.9551     125.56     0.84       0.84       0.76       1          120.99     75         158        0          0          0.0000     0.0000     0          0          0          0          0          0          0         
103        78172      78172      162.81     155.18     0.9531     125.35     0.84       0.84       0.76       0          120.81     75         158        0          0          0.0000     0.0000     0          0          0          0          0          0          0         
104        78172      78172      162.81     155.22     0.9534     125.13     0.84       0.83       0.75       0          120.64     75         158        0          0          0.0000     0.0000     0          0          0          0          0          0          0         
105        78172      78172      162.82     155.36     0.9542     124.80     0.84       0.83       0.75       0          120.47     75         158        0          0          0.0000     0.0000     0          0          0          0          0          0          0         
106        78173      78172      162.82     155.34     0.9540     124.59     0.83       0.83       0.75       0          120.27     75         158        0          0          0.0000     0.0000     0          0          0          0          0          0          0         
107        78174      78173      162.83     154.70     0.9501     124.33     0.83       0.83       0.75       0          120.09     75         158        0          0          0.0000     0.0000     0          0          0          0          0          0          0         
108        78174      78174      162.83     154.62     0.9496     124.05     0.83       0.82       0.75       0          119.90     75         158        0          0          0.0000     0.0000     0          0          0          0          0          0          0         
109        78174      78174      162.83     154.57     0.9493     123.68     0.82       0.82       0.75       0          119.70     75         158        0          0          0.0000     0.0000     0          0          0          0          0          0          0         
110        78175      78174      162.82     154.48     0.9488     123.42     0.82       0.82       0.75       1          119.50     75         158        0          0          0.0000     0.0000     0          0          0          0          0          0          0         
111        78176      78175      162.83     154.39     0.9481     123.05     0.82       0.81       0.75       0          119.31     75         158        0          0          0.0000     0.0000     0          0          0          0          0          0          0         
112        78176      78176      162.84     154.15     0.9467     122.76     0.82       0.81       0.74       0          119.10     75         158        0          0          0.0000     0.0000     0          0          0          0          0          0          0         
113        78176      78176      162.83     154.16     0.9467     122.33     0.81       0.80       0.74       0          118.89     75         158        0          0          0.0000     0.0000     0          0          0          0          0          0          0         
114        78177      78176      162.83     153.71     0.9440     122.13     0.80       0.80       0.74       0          118.70     75         158        0          0          0.0000     0.0000     0          0          0          0          0          0          0         
115        78178      78177      162.83     153.90     0.9451     121.72     0.80       0.80       0.74       0          118.48     74         158        0          0          0.0000     0.0000     0          0          0          0          0          0          0         
116        78178      78178      162.84     153.38     0.9419     121.48     0.79       0.80       0.74       0          118.27     74         158        0          0          0.0000     0.0000     0          0          0          0          0          0          0         
117        78178      78178      162.84     153.83     0.9447     121.22     0.80       0.79       0.74       1          118.06     73         158        0          0          0.0000     0.0000     0          0          0          0          0          0          0         
118        78178      78178      162.84     153.07     0.9400     120.85     0.79       0.79       0.74       0          117.85     73         158        0          0          0.0000     0.0000     0          0          0          0          0          0          0         
119        78178      78178      162.85     152.88     0.9388     120.56     0.80       0.79       0.73       0          117.62     73         158        0          0          0.0000     0.0000     0          0          0          0          0          0          0         
120        78178      78178      162.84     152.89     0.9389     120.10     0.79       0.78       0.73       0          117.41     73         158        0          0          0.0000     0.0000     0          0          0          0          0          0          0         
121        78178      78178      162.85     152.80     0.9383     119.72     0.79       0.78       0.73       0          117.18     73         158        0          0          0.0000     0.0000     0          0          0          0          0          0          0         
122        78178      78178      162.85     152.66     0.9374     119.45     0.78       0.77       0.73       0          116.96     73         158        0          0          0.0000     0.0000     0          0          0          0          0          0          0         
123        78178      78178      162.85     152.83     0.9384     119.13     0.78       0.77       0.73       0          116.74     73         158        0          0          0.0000     0.0000     0          0          0          0          0          0          0         
124        78178      78178      162.86     152.41     0.9359     118.85     0.77       0.77       0.73       0          116.51     72         158        0          0          0.0000     0.0000     0          0          0          0          0          0          0         
125        78178      78178      162.85     152.27     0.9350     118.51     0.77       0.77       0.73       1          116.28     72         158        0          0          0.0000     0.0000     0          0          0          0          0          0          0         
126        78178      78178      162.85     152.52     0.9365     118.12     0.77       0.76       0.73       0          116.05     70         158        0          0          0.0000     0.0000     0          0          0          0          0          0          0         
127        78178      78178      162.85     151.73     0.9317     117.83     0.77       0.76       0.72       0          115.81     70         158        0          0          0.0000     0.0000     0          0          0          0          0          0          0         
128        78178      78178      162.86     151.48     0.9302     117.33     0.76       0.75       0.72       0          115.57     70         158        0          0          0.0000     0.0000     0          0          0          0          0          0          0         
129        78178      78178      162.86     151.51     0.9303     116.95     0.76       0.75       0.72       0          115.32     70         158        0          0          0.0000     0.0000     0          0          0          0          0          0          0         
130        78178      78178      162.87     150.95     0.9268     116.58     0.75       0.75       0.72       0          115.06     69         158        0          0          0.0000     0.0000     0          0          0          0          0          0          0         
131        78178      78178      162.86     150.68     0.9252     116.11     0.75       0.74       0.72       0          114.80     68         158        0          0          0.0000     0.0000     0          0          0          0          0          0          0         
132        78178      78178      162.88     150.40     0.9234     115.57     0.74       0.73       0.72       0          114.53     68         158        0          0          0.0000     0.0000     0          0          0          0          0          0          0         
133        78178      78178      162.88     150.33     0.9229     115.18     0.74       0.73       0.71       0          114.29     68         158        0          0          0.0000     0.0000     0          0          0          0          0          0          0         
134        78178      78178      162.89     150.31     0.9228     114.72     0.73       0.73       0.71       0          114.02     68         158        0          0          0.0000     0.0000     0          0          0          0          0          0          0         
135        78178      78178      162.89     150.51     0.9240     114.45     0.73       0.72       0.71       0          113.76     68         158        0          0          0.0000     0.0000     0          0          0          0          0          0          0         
136        78178      78178      162.88     149.13     0.9156     113.98     0.72       0.72       0.71       0          113.48     66         158        0          0          0.0000     0.0000     0          0          0          0          0          0          0         
137        78178      78178      162.88     149.51     0.9179     113.45     0.72       0.71       0.71       0          113.21     66         158        0          0          0.0000     0.0000     0          0          0          0          0          0          0         
138        78178      78178      162.89     149.48     0.9177     113.08     0.71       0.71       0.71       0          112.93     66         158        0          0          0.0000     0.0000     0          0          0          0          0          0          0         
139        78178      78178      162.89     148.87     0.9139     112.66     0.71       0.70       0.70       0          112.66     66         158        0          0          0.0000     0.0000     0          0          0          0          0          0          0         
140        78178      78178      162.89     148.71     0.9130     112.14     0.71       0.70       0.70       0          112.37     66         158        0          0          0.0000     0.0000     0          0          0          0          0          0          0         
141        78178      78178      162.90     148.26     0.9101     111.62     0.70       0.69       0.70       1          112.08     66         158        0          0          0.0000     0.0000     0          0          0          0          0          0          0         
142        78178      78178      162.91     147.86     0.9076     111.11     0.69       0.69       0.70       1          111.80     66         158        0          0          0.0000     0.0000     0          0          0          0          0          0          0         
143        78178      78178      162.90     148.09     0.9091     110.65     0.69       0.68       0.70       1          111.48     66         158        0          0          0.0000     0.0000     0          0          0          0          0          0          0         
144        78178      78178      162.91     147.47     0.9052     110.10     0.68       0.68       0.69       0          111.18     66         158        0          0          0.0000     0.0000     0          0          0          0          0          0          0         
145        78178      78178      162.91     147.84     0.9075     109.73     0.68       0.67       0.69       0          110.88     66         158        0          0          0.0000     0.0000     0          0          0          0          0          0          0         
146        78178      78178      162.92     146.80     0.9010     109.44     0.68       0.67       0.69       1          110.57     65         158        0          0          0.0000     0.0000     0          0          0          0          0          0          0         
147        78178      78178      162.91     146.84     0.9013     108.75     0.67       0.66       0.69       0          110.24     64         158        0          0          0.0000     0.0000     0          0          0          0          0          0          0         
148        78178      78178      162.91     146.05     0.8965     108.30     0.66       0.66       0.69       0          109.92     63         158        0          0          0.0000     0.0000     0          0          0          0          0          0          0         
149        78178      78178      162.93     145.62     0.8938     107.70     0.66       0.65       0.69       0          109.59     63         158        0          0          0.0000     0.0000     0          0          0          0          0          0          0         
150        78178      78178      162.92     145.48     0.8929     107.10     0.65       0.64       0.68       0          109.27     63         158        0          0          0.0000     0.0000     0          0          0          0          0          0          0         
151        78178      78178      162.93     145.67     0.8941     106.61     0.65       0.64       0.68       0          108.95     62         158        0          0          0.0000     0.0000     0          0          0          0          0          0          0         
152        78178      78178      162.93     144.85     0.8890     106.10     0.64       0.63       0.68       0          108.62     62         158        0          0          0.0000     0.0000     0          0          0          0          0          0          0         
153        78179      78178      162.93     144.78     0.8886     105.42     0.64       0.63       0.68       0          108.27     62         158        0          0          0.0000     0.0000     0          0          0          0          0          0          0         
154        78180      78179      162.94     143.74     0.8821     104.97     0.63       0.62       0.67       0          107.93     62         158        0          0          0.0000     0.0000     0          0          0          0          0          0          0         
155        78180      78180      162.94     143.68     0.8818     104.34     0.62       0.61       0.67       0          107.58     62         158        0          0          0.0000     0.0000     0          0          0          0          0          0          0         
156        78180      78180      162.94     142.97     0.8774     103.83     0.62       0.61       0.67       2          107.22     62         158        0          0          0.0000     0.0000     0          0          0          0          0          0          0         
157        78181      78180      162.95     142.72     0.8758     103.10     0.61       0.60       0.67       0          106.85     62         158        0          0          0.0000     0.0000     0          0          0          0          0          0          0         
158        78182      78181      162.95     143.66     0.8816     102.59     0.61       0.60       0.67       0          106.49     62         158        0          0          0.0000     0.0000     0          0          0          0          0          0          0         
159        78182      78182      162.96     142.25     0.8729     102.14     0.61       0.59       0.66       0          106.14     62         158        0          0          0.0000     0.0000     0          0          0          0          0          0          0         
160        78183      78182      162.96     141.76     0.8699     101.47     0.60       0.58       0.66       0          105.78     62         158        0          0          0.0000     0.0000     0          0          0          0          0          0          0         
161        78184      78183      162.96     141.27     0.8669     100.93     0.60       0.58       0.66       0          105.40     62         158        0          0          0.0000     0.0000     0          0          0          0          0          0          0         
162        78184      78184      162.96     141.50     0.8683     100.20     0.59       0.57       0.66       1          105.02     62         158        0          0          0.0000     0.0000     0          0          0          0          0          0          0         
163        78184      78184      162.96     140.47     0.8620     99.80      0.58       0.57       0.65       0          104.64     62         158        0          0          0.0000     0.0000     0          0          0          0          0          0          0         
164        78184      78184      162.98     140.05     0.8593     99.21      0.57       0.56       0.65       0          104.25     60         158        0          0          0.0000     0.0000     0          0          0          0          0          0          0         
165        78184      78184      162.98     139.53     0.8561     98.71      0.57       0.56       0.65       0          103.87     60         158        0          0          0.0000     0.0000     0          0          0          0          0          0          0         
166        78184      78184      162.98     138.85     0.8519     98.09      0.56       0.55       0.65       0          103.47     60         158        0          0          0.0000     0.0000     0          0          0          0          0          0          0         
167        78184      78184      162.99     138.48     0.8496     97.33      0.56       0.54       0.64       0          103.07     60         158        0          0          0.0000     0.0000     0          0          0          0          0          0          0         
168        78184      78184      163.00     138.04     0.8469     96.66      0.55       0.53       0.64       0          102.68     60         158        0          0          0.0000     0.0000     0          0          0          0          0          0          0         
169        78184      78184      162.99     137.85     0.8458     96.04      0.54       0.53       0.64       0          102.28     59         158        0          0          0.0000     0.0000     0          0          0          0          0          0          0         
170        78184      78184      162.99     137.32     0.8425     95.46      0.53       0.52       0.64       0          101.87     59         158        0          0          0.0000     0.0000     0          0          0          0          0          0          0         
171        78184      78184      163.00     136.59     0.8380     94.89      0.53       0.52       0.63       0          101.45     59         158        0          0          0.0000     0.0000     0          0          0          0          0          0          0         
172        78184      78184      163.00     136.42     0.8369     94.20      0.52       0.51       0.63       0          101.03     59         158        0          0          0.0000     0.0000     0          0          0          0          0          0          0         
173        78184      78184      163.00     136.67     0.8385     93.64      0.52       0.50       0.63       0          100.62     58         158        0          0          0.0000     0.0000     0          0          0          0          0          0          0         
174        78184      78184      163.02     135.84     0.8333     93.08      0.51       0.50       0.63       0          100.22     58         158        0          0          0.0000     0.0000     0          0          0          0          0          0          0         
175        78184      78184      163.01     134.48     0.8250     92.45      0.50       0.49       0.62       0          99.79      58         158        0          0          0.0000     0.0000     0          0          0          0          0          0          0         
176        78184      78184      163.02     134.50     0.8250     91.82      0.50       0.49       0.62       0          99.37      58         158        0          0          0.0000     0.0000     0          0          0          0          0          0          0         
177        78184      78184      163.03     133.42     0.8184     91.09      0.50       0.48       0.62       0          98.94      58         158        0          0          0.0000     0.0000     0          0          0          0          0          0          0         
178        78184      78184      163.03     133.21     0.8171     90.53      0.49       0.47       0.62       0          98.48      58         158        0          0          0.0000     0.0000     0          0          0          0          0          0          0         
179        78184      78184      163.04     132.29     0.8114     89.80      0.48       0.47       0.61       0          98.04      58         158        0          0          0.0000     0.0000     0          0          0          0          0          0          0         
180        78184      78184      163.03     132.59     0.8133     89.13      0.48       0.46       0.61       0          97.61      57         158        0          0          0.0000     0.0000     0          0          0          0          0          0          0         
181        78184      78184      163.03     131.16     0.8045     88.44      0.47       0.45       0.61       0          97.15      57         158        0          0          0.0000     0.0000     0          0          0          0          0          0          0         
182        78184      78184      163.04     130.93     0.8031     87.87      0.46       0.45       0.60       0          96.70      56         158        0          0          0.0000     0.0000     0          0          0          0          0          0          0         
183        78184      78184      163.05     130.27     0.7990     87.20      0.45       0.44       0.60       0          96.25      55         158        0          0          0.0000     0.0000     0          0          0          0          0          0          0         
184        78184      78184      163.05     129.84     0.7963     86.62      0.45       0.44       0.60       0          95.79      55         158        0          0          0.0000     0.0000     0          0          0          0          0          0          0         
185        78184      78184      163.05     129.90     0.7967     85.99      0.44       0.43       0.60       0          95.33      55         158        0          0          0.0000     0.0000     0          0          0          0          0          0          0         
186        78186      78184      163.06     127.78     0.7836     85.35      0.44       0.42       0.59       0          94.87      55         158        0          0          0.0000     0.0000     0          0          0          0          0          0          0         
187        78188      78186      163.06     128.42     0.7875     84.70      0.43       0.42       0.59       0          94.43      55         158        0          0          0.0000     0.0000     0          0          0          0          0          0          0         
188        78188      78188      163.06     127.66     0.7829     84.09      0.42       0.41       0.59       0          93.96      54         158        0          0          0.0000     0.0000     0          0          0          0          0          0          0         
189        78188      78188      163.07     127.28     0.7805     83.54      0.42       0.41       0.58       0          93.50      54         158        0          0          0.0000     0.0000     0          0          0          0          0          0          0         
190        78188      78188      163.08     127.04     0.7790     83.00      0.42       0.40       0.58       0          93.04      54         158        0          0          0.0000     0.0000     0          0          0          0          0          0          0         
191        78188      78188      163.08     126.86     0.7779     82.50      0.41       0.40       0.58       0          92.59      53         158        0          0          0.0000     0.0000     0          0          0          0          0          0          0         
192        78188      78188      163.08     126.94     0.7784     82.02      0.41       0.40       0.58       0          92.15      53         158        0          0          0.0000     0.0000     0          0          0          0          0          0          0         
193        78188      78188      163.09     125.73     0.7709     81.68      0.41       0.40       0.57       0          91.71      53         158        0          0          0.0000     0.0000     0          0          0          0          0          0          0         
194        78188      78188      163.09     124.54     0.7636     81.09      0.40       0.39       0.57       0          91.25      53         158        0          0          0.0000     0.0000     0          0          0          0          0          0          0         
195        78188      78188      163.09     123.15     0.7551     80.43      0.39       0.38       0.57       0          90.78      53         158        0          0          0.0000     0.0000     0          0          0          0          0          0          0         
196        78188      78188      163.09     124.99     0.7664     79.79      0.39       0.38       0.56       0          90.32      51         158        0          0          0.0000     0.0000     0          0          0          0          0          0          0         
197        78188      78188      163.10     122.60     0.7516     79.33      0.39       0.37       0.56       0          89.87      48         158        0          0          0.0000     0.0000     0          0          0          0          0          0          0         
198        78188      78188      163.12     121.96     0.7477     78.66      0.38       0.37       0.56       0          89.40      48         158        0          0          0.0000     0.0000     0          0          0          0          0          0          0         
199        78188      78188      163.11     121.79     0.7467     77.97      0.38       0.36       0.56       0          88.94      48         158        0          0          0.0000     0.0000     0          0          0          0          0          0          0         

min_value 1
Getting stats bm: (0, 3786)
200        78188      78188      163.10     121.45     0.7446     77.47      0.37       0.36       0.55       0          88.46      48         158        0          0          0.0000     0.0000     0          0          0          0          0          0          0         
The bucket number is 1280
type 0: 178 with ratio 13.91%
type 1: 2 with ratio 0.16%
type 2: 338 with ratio 26.41%
type 3: 762 with ratio 59.53%
