time       n_sent     n_recv     avgRecv    avgByzRecv pByzRecv   avgByzN    pushByzN   pullByzN   sampByzN   n_isolated avgByzSamp min        max        n_fullbyz  n_fbi      cluscoeff  MPL        id_min     id_d1      id_q1      id_med     id_q3      id_d9      id_max    
0          1000       0          0.00       0.00       NaN        10.16      0.00       0.00       0.00       0          10.24      4          4          0          0          0.3101     3.5504     0          3          5          6          8          10         16        
1          7000       1000       0.00       0.00       NaN        10.16      0.00       0.00       0.00       0          10.24      4          4          0          0          0.3101     3.5796     0          3          5          6          8          10         16        
2          7500       7000       5.51       5.05       0.9172     10.16      0.00       0.00       0.00       0          10.24      4          4          0          0          0.3101     3.5657     0          3          5          6          8          10         16        
3          7500       7500       25.51      20.11      0.7884     12.68      0.46       0.53       0.55       3          13.37      11         11         4          0          0.5161     4.0287     0          2          3          5          7          9          15        
4          7500       7500       25.32      20.78      0.8207     14.45      0.69       0.75       0.73       3          14.77      11         11         12         1          0.6063     4.4214     0          2          3          4          6          8          14        
5          7500       7500       25.44      22.78      0.8955     15.20      0.74       0.78       0.76       15         15.30      12         12         16         5          0.6446     4.0657     0          1          2          4          6          7          17        
6          7500       7500       25.21      23.62      0.9368     15.78      0.77       0.79       0.79       16         15.92      12         12         21         6          0.6900     4.6238     0          1          2          3          5          7          13        
7          7500       7500       25.16      23.94      0.9514     16.31      0.79       0.82       0.82       24         16.40      12         12         27         8          0.7291     4.4714     0          1          2          3          5          6          13        
8          7500       7500       25.12      24.29      0.9673     16.74      0.82       0.85       0.83       31         16.77      13         13         32         11         0.7592     5.1021     0          1          2          3          4          6          13        
9          7500       7500       25.32      24.50      0.9677     17.08      0.86       0.87       0.85       41         17.03      13         13         33         11         0.7814     5.2983     0          1          1          2          4          5          12        
10         7500       7500       25.05      24.44      0.9755     17.34      0.86       0.88       0.86       64         17.27      13         13         39         19         0.8020     5.5066     0          0          1          2          4          5          12        
11         7500       7500       25.10      24.48      0.9753     17.68      0.89       0.90       0.87       78         17.43      14         14         43         23         0.8151     6.2596     0          0          1          2          3          5          10        
12         7500       7500       25.06      24.57      0.9803     17.96      0.90       0.92       0.88       82         17.59      15         15         50         30         0.8289     5.5393     0          0          1          2          3          5          10        
13         7500       7500       25.22      24.96      0.9896     18.14      0.92       0.93       0.89       113        17.74      15         15         64         38         0.8420     4.6264     0          0          1          2          3          4          9         
14         7500       7500       24.94      24.72      0.9913     18.28      0.93       0.94       0.89       104        17.87      14         14         73         46         0.8533     5.3289     0          0          1          2          3          4          10        
15         7500       7500       25.16      24.92      0.9906     18.41      0.94       0.94       0.90       130        17.97      14         14         78         59         0.8621     5.8318     0          0          1          2          3          4          10        
16         7500       7500       25.06      24.84      0.9909     18.52      0.95       0.95       0.90       140        18.06      15         15         84         56         0.8707     6.4935     0          0          1          2          3          4          9         
17         7500       7500       25.11      24.89      0.9915     18.69      0.96       0.96       0.91       154        18.14      15         15         86         67         0.8771     6.9132     0          0          1          2          3          4          9         
18         7500       7500       25.17      24.97      0.9924     18.75      0.96       0.97       0.91       161        18.20      15         15         93         69         0.8826     4.0784     0          0          1          2          3          4          9         
19         7500       7500       25.09      24.96      0.9948     18.88      0.97       0.97       0.92       185        18.25      16         16         96         83         0.8866     5.9467     0          0          1          1          2          4          8         
20         7500       7500       24.98      24.86      0.9954     18.88      0.97       0.97       0.92       176        18.30      16         16         102        86         0.8914     6.4127     0          0          1          1          2          4          8         
21         7500       7500       25.05      24.94      0.9956     18.94      0.97       0.97       0.92       189        18.35      17         17         110        90         0.8967     6.2049     0          0          1          1          2          3          8         
22         7500       7500       25.04      24.91      0.9949     18.95      0.97       0.98       0.92       187        18.40      18         18         115        97         0.9011     3.7659     0          0          1          1          2          3          8         
23         7500       7500       25.17      25.06      0.9958     19.02      0.97       0.98       0.92       202        18.43      18         18         117        99         0.9039     5.6902     0          0          1          1          2          3          8         
24         7500       7500       25.02      24.91      0.9958     19.07      0.98       0.98       0.92       217        18.46      18         18         119        107        0.9060     4.6846     0          0          1          1          2          3          8         
25         7500       7500       25.08      24.99      0.9966     19.09      0.98       0.98       0.92       212        18.50      18         18         126        110        0.9100     6.5389     0          0          0          1          2          3          8         
26         7500       7500       25.05      24.95      0.9957     19.16      0.98       0.99       0.93       225        18.52      18         18         128        120        0.9119     5.0901     0          0          0          1          2          3          8         
27         7500       7500       25.12      25.02      0.9962     19.08      0.99       0.98       0.92       219        18.54      18         18         129        117        0.9131     5.7967     0          0          0          1          2          3          7         
28         7500       7500       25.22      25.14      0.9967     19.10      0.98       0.99       0.92       217        18.55      18         18         131        117        0.9145     5.3911     0          0          0          1          2          3          7         
29         7500       7500       24.95      24.86      0.9962     19.22      0.99       0.99       0.93       240        18.58      18         18         133        122        0.9172     4.1577     0          0          0          1          2          3          7         
30         7500       7500       25.04      24.98      0.9974     19.24      0.99       0.99       0.93       234        18.60      18         18         134        123        0.9186     6.3755     0          0          0          1          2          3          7         
31         7500       7500       24.94      24.87      0.9975     19.20      0.99       0.99       0.93       230        18.61      18         18         135        123        0.9202     4.5423     0          0          0          1          2          3          7         
32         7500       7500       25.03      24.97      0.9978     19.26      0.99       0.99       0.93       252        18.62      18         18         137        124        0.9209     4.0747     0          0          0          1          2          3          7         
33         7500       7500       24.97      24.92      0.9978     19.30      0.99       0.99       0.94       262        18.64      18         18         137        129        0.9229     6.5557     0          0          0          1          2          3          7         
34         7500       7500       24.92      24.85      0.9974     19.30      0.98       0.99       0.94       248        18.66      18         18         143        132        0.9247     5.4210     0          0          0          1          2          3          7         
35         7500       7500       25.26      25.20      0.9978     19.32      0.99       0.99       0.93       259        18.67      18         18         146        138        0.9261     5.8893     0          0          0          1          2          3          7         
36         7500       7500       25.07      25.00      0.9974     19.28      1.00       0.99       0.93       254        18.68      18         18         148        144        0.9268     2.1160     0          0          0          1          2          3          7         
37         7500       7500       25.00      24.94      0.9976     19.28      0.99       0.99       0.93       251        18.69      18         18         151        142        0.9282     5.1938     0          0          0          1          2          3          7         
38         7500       7500       25.08      25.01      0.9974     19.33      0.99       0.99       0.94       260        18.72      18         18         154        148        0.9305     5.0184     0          0          0          1          2          3          7         
39         7500       7500       25.17      25.12      0.9979     19.33      0.99       0.99       0.94       267        18.74      18         18         157        150        0.9321     5.3411     0          0          0          1          2          3          7         
40         7500       7500       24.98      24.94      0.9983     19.34      0.99       0.99       0.94       269        18.75      18         18         157        149        0.9330     4.4617     0          0          0          1          2          3          7         
41         7500       7500       25.10      25.05      0.9982     19.37      0.99       0.99       0.94       275        18.76      18         18         157        150        0.9339     4.6296     0          0          0          1          2          3          7         
42         7500       7500       25.00      24.95      0.9978     19.36      0.99       1.00       0.94       278        18.77      18         18         158        152        0.9351     4.6857     0          0          0          1          2          3          7         
43         7500       7500       25.13      25.07      0.9974     19.37      0.99       0.99       0.94       279        18.77      18         18         158        151        0.9353     4.4659     0          0          0          1          2          3          7         
44         7500       7500       24.95      24.89      0.9978     19.37      0.99       0.99       0.94       270        18.78      18         18         159        151        0.9357     4.6131     0          0          0          1          2          3          7         
45         7500       7500       25.05      24.99      0.9974     19.34      0.99       1.00       0.93       265        18.79      18         18         162        153        0.9372     3.3702     0          0          0          1          2          3          7         
46         7500       7500       25.02      24.95      0.9971     19.35      0.99       0.99       0.94       263        18.80      18         18         163        155        0.9376     3.4782     0          0          0          1          2          3          7         
47         7500       7500       24.96      24.90      0.9978     19.40      1.00       1.00       0.94       274        18.80      18         18         163        160        0.9377     2.9731     0          0          0          1          2          3          7         
48         7500       7500       25.11      25.06      0.9979     19.41      0.99       0.99       0.95       274        18.80      18         18         164        156        0.9381     4.5977     0          0          0          1          2          3          7         
49         7500       7500       25.05      24.99      0.9978     19.41      1.00       1.00       0.94       288        18.81      18         18         168        167        0.9391     4.1847     0          0          0          1          2          3          7         
50         7500       7500       25.10      25.05      0.9983     19.41      0.99       1.00       0.94       289        18.82      18         18         169        164        0.9398     3.6436     0          0          0          1          2          3          7         
51         7500       7500       24.95      24.89      0.9976     19.38      1.00       0.99       0.94       278        18.83      18         18         170        166        0.9403     5.2390     0          0          0          1          2          3          7         
52         7500       7500       24.91      24.87      0.9982     19.40      0.99       1.00       0.94       283        18.83      18         18         170        163        0.9409     4.0930     0          0          0          1          2          3          7         
53         7500       7500       25.13      25.06      0.9972     19.40      1.00       0.99       0.94       289        18.83      18         18         170        167        0.9410     4.4190     0          0          0          1          2          3          7         
54         7500       7500       25.02      24.96      0.9973     19.41      0.99       1.00       0.94       280        18.83      18         18         170        164        0.9410     4.5666     0          0          0          1          2          3          7         
55         7500       7500       25.12      25.07      0.9980     19.42      1.00       0.99       0.94       295        18.84      18         18         170        163        0.9412     3.6076     0          0          0          1          2          3          7         
56         7500       7500       24.96      24.92      0.9982     19.38      0.99       0.99       0.94       273        18.84      18         18         170        165        0.9416     2.6148     0          0          0          1          2          3          7         
57         7500       7500       24.97      24.89      0.9968     19.40      1.00       0.99       0.94       282        18.84      18         18         170        167        0.9418     4.9126     0          0          0          1          2          3          7         
58         7500       7500       24.91      24.86      0.9979     19.39      1.00       0.99       0.94       278        18.84      18         18         170        162        0.9418     3.7625     0          0          0          1          2          3          7         
59         7500       7500       24.90      24.85      0.9978     19.37      1.00       0.99       0.94       270        18.85      18         18         171        161        0.9420     3.1625     0          0          0          1          2          3          7         
60         7500       7500       24.97      24.91      0.9976     19.46      1.00       1.00       0.95       300        18.84      18         18         171        170        0.9418     4.1702     0          0          0          1          2          3          7         
61         7500       7500       25.02      24.96      0.9978     19.37      1.00       1.00       0.94       264        18.84      18         18         172        170        0.9420     2.3939     0          0          0          1          2          3          7         
62         7500       7500       24.93      24.90      0.9986     19.34      0.99       1.00       0.94       264        18.85      18         18         173        165        0.9422     3.0226     0          0          0          1          2          3          7         
63         7500       7500       25.11      25.04      0.9973     19.40      0.99       1.00       0.94       289        18.85      18         18         173        169        0.9423     2.4857     0          0          0          1          2          3          7         
64         7500       7500       25.13      25.09      0.9982     19.39      1.00       0.99       0.94       285        18.85      18         18         173        170        0.9427     3.8282     0          0          0          1          2          3          7         
65         7500       7500       25.12      25.07      0.9982     19.40      0.99       0.99       0.94       284        18.85      18         18         173        166        0.9429     2.3806     0          0          0          1          2          3          7         
66         7500       7500       25.11      25.07      0.9982     19.41      1.00       1.00       0.94       288        18.86      18         18         173        169        0.9431     3.2619     0          0          0          1          2          3          7         
67         7500       7500       25.04      24.98      0.9976     19.47      0.99       0.99       0.95       306        18.85      18         18         173        170        0.9429     2.1741     0          0          0          1          2          3          7         
68         7500       7500       25.08      25.04      0.9981     19.40      0.99       0.99       0.94       285        18.86      18         18         174        168        0.9435     3.5713     0          0          0          1          2          3          7         
69         7500       7500       25.08      25.04      0.9986     19.36      0.99       0.99       0.94       277        18.86      18         18         174        166        0.9435     3.2312     0          0          0          1          2          3          7         
70         7500       7500       25.07      25.02      0.9982     19.40      1.00       1.00       0.94       281        18.86      18         18         174        170        0.9436     3.6590     0          0          0          1          2          3          7         
71         7500       7500       25.00      24.96      0.9985     19.43      0.99       1.00       0.94       297        18.86      17         17         175        170        0.9437     2.2797     0          0          0          1          2          3          7         
72         7500       7500       25.03      24.98      0.9980     19.41      1.00       1.00       0.94       286        18.86      17         17         176        175        0.9437     3.7880     0          0          0          1          2          3          7         
73         7500       7500       25.04      24.97      0.9973     19.41      0.99       1.00       0.94       285        18.86      17         17         177        172        0.9439     4.4053     0          0          0          1          2          3          7         
74         7500       7500       25.03      24.98      0.9982     19.47      1.00       0.99       0.95       294        18.86      17         17         177        170        0.9439     3.5223     0          0          0          1          2          3          7         
75         7500       7500       25.18      25.14      0.9986     19.44      1.00       1.00       0.94       296        18.86      17         17         177        174        0.9439     3.9372     0          0          0          1          2          3          7         
76         7500       7500       24.87      24.82      0.9982     19.39      0.99       1.00       0.94       286        18.86      17         17         177        175        0.9439     2.8915     0          0          0          1          2          3          7         
77         7500       7500       25.02      24.97      0.9981     19.41      0.99       1.00       0.94       298        18.86      17         17         177        172        0.9439     2.8492     0          0          0          1          2          3          7         
78         7500       7500       25.03      24.99      0.9983     19.40      1.00       0.99       0.95       290        18.86      17         17         177        170        0.9439     2.3188     0          0          0          1          2          3          7         
79         7500       7500       24.91      24.86      0.9980     19.40      1.00       1.00       0.94       292        18.86      17         17         177        175        0.9438     2.8375     0          0          0          1          2          3          7         
80         7500       7500       25.00      24.96      0.9983     19.42      1.00       1.00       0.94       287        18.86      17         17         177        173        0.9438     3.6505     0          0          0          1          2          3          7         
81         7500       7500       25.09      25.04      0.9978     19.44      1.00       1.00       0.94       295        18.86      17         17         177        177        0.9440     1.9885     0          0          0          1          2          3          7         
82         7500       7500       25.02      24.97      0.9981     19.41      1.00       0.99       0.94       299        18.87      17         17         177        172        0.9442     3.6518     0          0          0          1          2          3          7         
83         7500       7500       25.01      24.94      0.9974     19.44      1.00       1.00       0.95       300        18.87      17         17         177        174        0.9442     2.9502     0          0          0          1          2          3          7         
84         7500       7500       25.09      25.04      0.9982     19.41      0.99       1.00       0.94       285        18.87      17         17         177        172        0.9444     4.7432     0          0          0          1          2          2          7         
85         7500       7500       24.84      24.81      0.9987     19.41      1.00       1.00       0.94       297        18.87      17         17         177        175        0.9445     4.9258     0          0          0          1          2          2          7         
86         7500       7500       25.20      25.13      0.9972     19.42      1.00       1.00       0.94       304        18.87      17         17         177        174        0.9442     4.6360     0          0          0          1          2          2          7         
87         7500       7500       25.00      24.95      0.9982     19.42      0.99       1.00       0.94       297        18.87      17         17         177        174        0.9444     3.7471     0          0          0          1          2          2          7         
88         7500       7500       24.97      24.92      0.9982     19.44      1.00       0.99       0.95       292        18.87      17         17         177        171        0.9444     3.5338     0          0          0          1          2          2          7         
89         7500       7500       25.08      25.03      0.9978     19.43      1.00       1.00       0.94       297        18.87      17         17         177        173        0.9444     3.1256     0          0          0          1          2          2          7         
90         7500       7500       25.02      24.97      0.9979     19.40      1.00       1.00       0.94       284        18.87      17         17         177        172        0.9446     3.1044     0          0          0          1          2          2          7         
91         7500       7500       25.04      25.01      0.9987     19.40      0.99       0.99       0.94       299        18.87      17         17         177        170        0.9448     3.3617     0          0          0          1          2          2          7         
92         7500       7500       25.08      25.04      0.9985     19.45      0.99       0.99       0.95       286        18.87      17         17         177        171        0.9448     4.4341     0          0          0          1          2          2          7         
93         7500       7500       25.03      24.99      0.9986     19.45      0.99       1.00       0.95       293        18.87      17         17         177        169        0.9450     2.9497     0          0          0          1          2          2          7         
94         7500       7500       25.02      24.97      0.9978     19.43      0.99       1.00       0.94       294        18.87      17         17         177        172        0.9450     3.0663     0          0          0          1          2          2          7         
95         7500       7500       25.05      24.98      0.9974     19.37      1.00       1.00       0.94       276        18.87      17         17         177        173        0.9450     3.1643     0          0          0          1          2          2          7         
96         7500       7500       25.00      24.95      0.9978     19.45      1.00       1.00       0.95       300        18.87      17         17         176        175        0.9446     2.2342     0          0          0          1          2          2          7         
97         7500       7500       25.04      24.99      0.9981     19.42      1.00       1.00       0.94       281        18.87      17         17         176        171        0.9444     2.8974     0          0          0          1          2          2          7         
98         7500       7500       24.92      24.88      0.9982     19.45      1.00       1.00       0.94       296        18.87      17         17         176        169        0.9445     2.1540     0          0          0          1          2          2          7         
99         7500       7500       25.10      25.05      0.9977     19.41      1.00       1.00       0.94       292        18.87      17         17         176        171        0.9444     4.0999     0          0          0          1          2          2          7         
100        7500       7500       25.03      24.97      0.9979     19.43      1.00       1.00       0.94       287        18.87      17         17         176        169        0.9444     2.3054     0          0          0          1          2          2          7         
101        7500       7500       25.06      25.02      0.9984     19.43      0.99       1.00       0.94       284        18.87      17         17         176        172        0.9444     2.4221     0          0          0          1          2          2          7         
102        7500       7500       25.10      25.05      0.9982     19.42      0.99       1.00       0.94       295        18.87      17         17         176        172        0.9444     1.9019     0          0          0          1          2          2          7         
103        7500       7500       24.90      24.84      0.9976     19.40      0.99       0.99       0.94       288        18.87      17         17         175        171        0.9442     2.2319     0          0          0          1          2          2          7         
104        7500       7500       24.95      24.90      0.9980     19.42      0.99       1.00       0.94       288        18.87      17         17         175        169        0.9442     2.8593     0          0          0          1          2          2          7         
105        7500       7500       25.09      25.05      0.9986     19.40      0.99       1.00       0.94       294        18.87      17         17         175        172        0.9442     2.4702     0          0          0          1          2          2          7         
106        7500       7500       25.01      24.96      0.9982     19.44      1.00       1.00       0.94       293        18.87      17         17         175        173        0.9442     2.7123     0          0          0          1          2          2          7         
107        7500       7500       24.95      24.89      0.9976     19.38      0.99       0.99       0.94       276        18.86      17         17         175        167        0.9440     3.2540     0          0          0          1          2          2          7         
108        7500       7500       25.03      24.97      0.9978     19.39      0.99       0.99       0.94       291        18.86      17         17         175        168        0.9440     2.8372     0          0          0          1          2          2          7         
109        7500       7500       24.99      24.93      0.9978     19.42      1.00       0.99       0.95       290        18.87      17         17         175        169        0.9442     2.6938     0          0          0          1          2          2          7         
110        7500       7500       24.93      24.86      0.9973     19.45      1.00       0.99       0.95       295        18.87      17         17         175        172        0.9442     3.5811     0          0          0          1          2          2          7         
111        7500       7500       25.06      25.02      0.9983     19.40      1.00       0.99       0.94       282        18.87      17         17         175        170        0.9442     3.8219     0          0          0          1          2          2          7         
112        7500       7500       25.17      25.13      0.9984     19.41      1.00       0.99       0.94       289        18.86      17         17         175        171        0.9440     3.5055     0          0          0          1          2          2          7         
113        7500       7500       25.18      25.12      0.9975     19.41      1.00       1.00       0.94       281        18.86      17         17         174        172        0.9440     1.9914     0          0          0          1          2          3          7         
114        7500       7500       25.01      24.94      0.9973     19.40      1.00       1.00       0.94       289        18.86      17         17         174        170        0.9438     3.4776     0          0          0          1          2          3          7         
115        7500       7500       25.07      25.04      0.9988     19.41      0.99       1.00       0.94       286        18.86      17         17         174        170        0.9436     4.7586     0          0          0          1          2          3          7         
116        7500       7500       24.98      24.93      0.9978     19.36      0.99       0.99       0.94       275        18.86      17         17         174        168        0.9434     3.6943     0          0          0          1          2          3          7         
117        7500       7500       25.05      24.99      0.9978     19.38      1.00       0.99       0.94       279        18.85      17         17         174        171        0.9430     3.8224     0          0          0          1          2          3          8         
118        7500       7500       24.98      24.93      0.9981     19.42      1.00       0.99       0.94       295        18.85      17         17         174        171        0.9430     4.3012     0          0          0          1          2          3          8         
119        7500       7500       25.03      24.99      0.9984     19.44      0.99       1.00       0.95       303        18.85      17         17         174        171        0.9430     3.9607     0          0          0          1          2          3          8         
120        7500       7500       25.17      25.10      0.9975     19.41      0.99       0.99       0.95       288        18.85      17         17         174        167        0.9433     2.4077     0          0          0          1          2          3          8         
121        7500       7500       25.18      25.13      0.9979     19.39      0.99       0.99       0.94       291        18.85      17         17         174        171        0.9433     3.7928     0          0          0          1          2          3          8         
122        7500       7500       25.01      24.95      0.9975     19.44      0.99       0.99       0.95       299        18.85      17         17         173        169        0.9430     4.2681     0          0          0          1          2          3          8         
123        7500       7500       25.09      25.01      0.9971     19.43      0.99       0.99       0.94       296        18.85      17         17         173        170        0.9430     2.5139     0          0          0          1          2          3          8         
124        7500       7500       24.89      24.82      0.9973     19.42      0.99       1.00       0.94       289        18.85      17         17         173        169        0.9430     2.8950     0          0          0          1          2          3          8         
125        7500       7500       25.01      24.94      0.9972     19.42      0.99       0.99       0.95       279        18.85      17         17         173        168        0.9428     5.2914     0          0          0          1          2          3          8         
126        7500       7500       24.98      24.94      0.9983     19.38      0.99       0.99       0.94       273        18.85      17         17         173        169        0.9428     4.9287     0          0          0          1          2          3          8         
127        7500       7500       25.13      25.07      0.9979     19.39      0.99       0.99       0.94       279        18.85      17         17         173        167        0.9430     3.7004     0          0          0          1          2          3          8         
128        7500       7500       25.04      25.00      0.9984     19.42      0.99       1.00       0.94       284        18.85      17         17         173        168        0.9430     3.8082     0          0          0          1          2          3          8         
129        7500       7500       25.06      25.01      0.9980     19.40      0.99       0.99       0.94       281        18.85      17         17         173        164        0.9430     2.5336     0          0          0          1          2          3          8         
130        7500       7500       25.07      25.03      0.9982     19.42      0.99       0.99       0.94       280        18.85      17         17         173        171        0.9430     2.2591     0          0          0          1          2          3          8         
131        7500       7500       25.08      25.02      0.9976     19.39      1.00       0.99       0.94       280        18.85      17         17         173        167        0.9428     2.2050     0          0          0          1          2          3          8         
132        7500       7500       25.08      25.05      0.9986     19.43      0.99       0.99       0.95       292        18.85      17         17         173        166        0.9428     3.9421     0          0          0          1          2          3          8         
133        7500       7500       25.13      25.08      0.9981     19.40      0.99       0.99       0.94       281        18.85      17         17         173        165        0.9428     3.2030     0          0          0          1          2          3          8         
134        7500       7500       25.03      24.99      0.9987     19.43      0.99       1.00       0.95       296        18.85      17         17         173        165        0.9426     3.0752     0          0          0          1          2          3          8         
135        7500       7500       25.04      24.99      0.9978     19.39      0.99       1.00       0.94       284        18.85      17         17         173        169        0.9426     2.0372     0          0          0          1          2          3          8         
136        7500       7500       25.06      25.00      0.9977     19.41      0.99       1.00       0.94       285        18.85      17         17         173        171        0.9426     3.0992     0          0          0          1          2          3          8         
137        7500       7500       25.05      25.00      0.9979     19.37      0.99       0.99       0.94       274        18.85      17         17         173        169        0.9426     3.5465     0          0          0          1          2          3          8         
138        7500       7500       25.10      25.05      0.9979     19.36      1.00       0.99       0.94       277        18.85      17         17         173        167        0.9426     3.6139     0          0          0          1          2          3          8         
139        7500       7500       25.10      25.05      0.9979     19.39      0.99       0.99       0.94       282        18.85      17         17         173        170        0.9426     2.6714     0          0          0          1          2          3          8         
140        7500       7500       25.00      24.93      0.9975     19.41      1.00       0.99       0.94       298        18.85      17         17         173        170        0.9426     2.2582     0          0          0          1          2          3          8         
141        7500       7500       25.12      25.07      0.9979     19.40      0.99       1.00       0.94       284        18.85      17         17         173        167        0.9426     3.3893     0          0          0          1          2          3          8         
142        7500       7500       25.12      25.07      0.9978     19.38      0.99       0.99       0.94       283        18.85      17         17         173        169        0.9426     2.7861     0          0          0          1          2          3          8         
143        7500       7500       25.13      25.07      0.9979     19.39      0.99       1.00       0.94       286        18.85      17         17         173        170        0.9426     3.1396     0          0          0          1          2          3          8         
144        7500       7500       25.01      24.96      0.9983     19.40      0.99       0.99       0.94       284        18.85      17         17         173        167        0.9426     4.0768     0          0          0          1          2          3          8         
145        7500       7500       24.98      24.93      0.9982     19.42      1.00       1.00       0.94       289        18.85      17         17         173        167        0.9426     2.8028     0          0          0          1          2          3          8         
146        7500       7500       24.94      24.88      0.9976     19.40      0.99       0.99       0.94       282        18.85      17         17         173        168        0.9425     2.7792     0          0          0          1          2          3          8         
147        7500       7500       25.02      24.96      0.9975     19.40      1.00       1.00       0.94       286        18.85      17         17         173        168        0.9425     4.0247     0          0          0          1          2          3          8         
148        7500       7500       24.97      24.90      0.9974     19.39      1.00       0.99       0.94       280        18.85      17         17         173        169        0.9424     4.1082     0          0          0          1          2          3          8         
149        7500       7500       24.94      24.87      0.9974     19.42      1.00       0.99       0.94       282        18.85      17         17         173        173        0.9424     1.8544     0          0          0          1          2          3          8         
150        7500       7500       24.90      24.86      0.9982     19.35      0.99       1.00       0.94       273        18.85      17         17         173        171        0.9424     3.5261     0          0          0          1          2          3          8         
151        7500       7500       25.03      24.97      0.9976     19.37      0.99       0.99       0.94       282        18.85      17         17         173        170        0.9424     3.7710     0          0          0          1          2          3          8         
152        7500       7500       25.02      24.97      0.9980     19.39      0.99       1.00       0.94       280        18.84      17         17         173        167        0.9423     3.4081     0          0          0          1          2          3          8         
153        7500       7500       25.10      25.03      0.9974     19.36      0.99       0.99       0.94       267        18.84      17         17         173        164        0.9423     2.2645     0          0          0          1          2          3          8         
154        7500       7500       25.03      24.96      0.9973     19.36      0.99       0.99       0.94       279        18.84      17         17         173        166        0.9423     3.7363     0          0          0          1          2          3          8         
155        7500       7500       25.15      25.07      0.9967     19.37      0.99       0.99       0.94       282        18.84      17         17         173        167        0.9423     4.8350     0          0          0          1          2          3          8         
156        7500       7500       24.99      24.91      0.9970     19.40      0.99       0.99       0.94       282        18.84      17         17         173        165        0.9421     4.2263     0          0          0          1          2          3          8         
157        7500       7500       25.07      25.01      0.9977     19.39      0.99       0.99       0.94       281        18.84      17         17         173        168        0.9421     4.0212     0          0          0          1          2          3          8         
158        7500       7500       25.26      25.19      0.9971     19.38      0.99       0.99       0.94       287        18.84      17         17         173        165        0.9419     3.7013     0          0          0          1          2          3          8         
159        7500       7500       25.00      24.92      0.9970     19.40      0.99       0.99       0.94       293        18.84      17         17         173        170        0.9419     4.1291     0          0          0          1          2          3          8         
160        7500       7500       24.94      24.89      0.9980     19.38      0.99       1.00       0.94       279        18.84      17         17         173        169        0.9419     2.7534     0          0          0          1          2          3          8         
161        7500       7500       25.09      25.01      0.9971     19.37      0.99       0.99       0.94       291        18.84      17         17         173        172        0.9419     2.3252     0          0          0          1          2          3          8         
162        7500       7500       25.04      24.97      0.9974     19.36      0.99       0.99       0.94       285        18.84      17         17         172        164        0.9417     4.6860     0          0          0          1          2          3          8         
163        7500       7500       25.07      25.01      0.9976     19.40      0.99       0.99       0.94       294        18.84      17         17         172        168        0.9417     3.2174     0          0          0          1          2          3          8         
164        7500       7500       25.08      25.02      0.9976     19.36      0.99       0.99       0.94       278        18.84      17         17         172        164        0.9417     3.6519     0          0          0          1          2          3          8         
165        7500       7500       25.01      24.98      0.9986     19.36      1.00       0.99       0.94       279        18.84      17         17         172        168        0.9418     3.4872     0          0          0          1          2          3          8         
166        7500       7500       25.03      24.96      0.9972     19.37      0.99       0.99       0.94       265        18.84      17         17         172        168        0.9418     2.6271     0          0          0          1          2          3          8         
167        7500       7500       25.07      25.01      0.9976     19.33      0.99       0.99       0.94       274        18.84      17         17         172        162        0.9418     2.3743     0          0          0          1          2          3          8         
168        7500       7500       25.07      25.02      0.9979     19.40      0.99       0.99       0.94       293        18.84      17         17         172        168        0.9418     4.3172     0          0          0          1          2          3          8         
169        7500       7500       25.02      24.94      0.9967     19.35      0.99       0.99       0.94       282        18.84      17         17         172        170        0.9418     3.2702     0          0          0          1          2          3          8         
170        7500       7500       24.89      24.83      0.9975     19.42      1.00       0.99       0.94       284        18.84      17         17         172        167        0.9418     3.4877     0          0          0          1          2          3          8         
171        7500       7500       25.00      24.94      0.9975     19.38      0.99       0.99       0.94       289        18.84      17         17         172        169        0.9418     4.1550     0          0          0          1          2          3          8         
172        7500       7500       25.07      25.02      0.9977     19.35      0.99       0.99       0.94       267        18.84      17         17         172        166        0.9418     2.8664     0          0          0          1          2          3          8         
173        7500       7500       25.21      25.14      0.9971     19.36      0.99       0.99       0.94       287        18.84      17         17         172        165        0.9418     2.9554     0          0          0          1          2          3          8         
174        7500       7500       24.98      24.92      0.9975     19.37      1.00       0.99       0.94       285        18.84      17         17         172        172        0.9418     4.2343     0          0          0          1          2          3          8         
175        7500       7500       25.09      25.04      0.9979     19.38      0.99       0.99       0.94       284        18.84      17         17         172        164        0.9416     2.1300     0          0          0          1          2          3          8         
176        7500       7500       25.01      24.95      0.9975     19.37      0.99       0.99       0.94       291        18.84      17         17         172        167        0.9416     4.1111     0          0          0          1          2          3          8         
177        7500       7500       25.09      25.03      0.9979     19.33      0.99       0.99       0.94       265        18.84      17         17         172        168        0.9416     3.5005     0          0          0          1          2          3          8         
178        7500       7500       25.11      25.03      0.9967     19.36      1.00       0.99       0.94       274        18.84      17         17         172        166        0.9416     4.9528     0          0          0          1          2          3          8         
179        7500       7500       25.05      24.99      0.9977     19.40      0.99       1.00       0.94       282        18.84      17         17         172        167        0.9416     2.5800     0          0          0          1          2          3          8         
180        7500       7500       25.04      24.98      0.9976     19.39      0.99       0.99       0.94       285        18.84      17         17         172        164        0.9416     2.9076     0          0          0          1          2          3          8         
181        7500       7500       24.98      24.94      0.9983     19.39      0.99       0.99       0.95       288        18.84      17         17         172        165        0.9416     3.0058     0          0          0          1          2          3          8         
182        7500       7500       24.96      24.90      0.9978     19.36      0.99       0.99       0.94       274        18.83      17         17         172        166        0.9413     3.1493     0          0          0          1          2          3          8         
183        7500       7500       25.11      25.08      0.9989     19.39      0.99       0.99       0.94       281        18.83      17         17         172        163        0.9413     4.2640     0          0          0          1          2          3          8         
184        7500       7500       25.10      25.05      0.9981     19.39      0.99       0.99       0.94       282        18.83      17         17         172        166        0.9413     2.6288     0          0          0          1          2          3          8         
185        7500       7500       24.94      24.90      0.9982     19.39      0.99       0.99       0.94       293        18.83      17         17         172        170        0.9413     4.5272     0          0          0          1          2          3          8         
186        7500       7500       24.97      24.93      0.9983     19.35      0.99       0.99       0.94       278        18.83      17         17         172        165        0.9413     4.2229     0          0          0          1          2          3          8         
187        7500       7500       25.04      24.97      0.9973     19.39      0.99       0.99       0.94       292        18.83      17         17         172        171        0.9413     3.4995     0          0          0          1          2          3          8         
188        7500       7500       25.08      25.03      0.9982     19.40      1.00       0.99       0.94       285        18.83      17         17         172        169        0.9413     2.4090     0          0          0          1          2          3          8         
189        7500       7500       25.05      25.00      0.9981     19.35      0.99       0.99       0.94       275        18.83      17         17         172        165        0.9413     2.2476     0          0          0          1          2          3          8         
190        7500       7500       25.00      24.92      0.9969     19.34      0.99       0.99       0.94       279        18.83      17         17         172        167        0.9413     3.6325     0          0          0          1          2          3          8         
191        7500       7500       25.04      24.98      0.9976     19.27      0.99       0.99       0.93       260        18.83      17         17         172        167        0.9413     4.0082     0          0          0          1          2          3          8         
192        7500       7500       25.05      24.98      0.9971     19.37      0.99       0.99       0.94       289        18.83      17         17         172        168        0.9413     3.5409     0          0          0          1          2          3          8         
193        7500       7500       24.86      24.81      0.9978     19.42      0.99       1.00       0.94       299        18.83      17         17         172        171        0.9411     2.4227     0          0          0          1          2          3          8         
194        7500       7500       25.10      25.03      0.9972     19.35      0.99       0.99       0.94       271        18.83      17         17         172        164        0.9411     2.1724     0          0          0          1          2          3          8         
195        7500       7500       25.06      25.02      0.9984     19.35      0.99       0.99       0.94       288        18.83      17         17         172        167        0.9411     4.3326     0          0          0          1          2          3          8         
196        7500       7500       25.00      24.93      0.9973     19.39      0.99       0.99       0.94       284        18.83      17         17         172        169        0.9411     4.3126     0          0          0          1          2          3          8         
197        7500       7500       25.02      24.98      0.9982     19.38      0.99       0.99       0.94       284        18.83      17         17         172        168        0.9411     3.9901     0          0          0          1          2          3          8         
198        7500       7500       24.97      24.89      0.9969     19.38      0.99       0.99       0.94       275        18.83      17         17         172        172        0.9411     3.4779     0          0          0          1          2          3          8         
199        7500       7500       25.07      25.02      0.9982     19.37      0.99       0.99       0.94       275        18.83      17         17         172        164        0.9411     4.4008     0          0          0          1          2          3          8         
200        7500       7500       24.96      24.90      0.9978     19.40      0.99       0.99       0.95       290        18.83      17         17         172        169        0.9411     3.9393     0          0          0          1          2          3          8         
