127 8 124 231 233 264 422 479 726 211 197 278 274 852 632 777 444 263 875 192 196 900 707 296 638 226 472 992
29 214 106 138 904 619 197 298 36 459 891 830 518 290 495 194 829 842 173 432 4 828 696 886 227 233 42 227 144 285 222 42 144 228 7 173 173 210 504 90 92 18 790 422
127 174 201 266 289 203 204 203 188 154 203 203 730 720 255 882 882 730 721 276 143 170 319 262 409
266 73 122 297 479 705 705 862 862 500 324 619 715 189 170 33 619 642 117 245 152 182 86 70 275 888 825 103 47 91 103 219 299 216 314 114 694 805 805 20 973 576 825 76 215
151 227 290 114 24 54 168 162 117 96 249 295 297 45 92 68 273 139 141 224 84 113 178
21 87 120 178 210 243 67 245 24 199 145 18 30 265 62 284 202 123 169 63 122 222 151 233 172 26
42 58 116 509 261 941 282 328 842 268 683 466 561 876 674 817 876 56 92 709 282 929 186
78 267 6 135 220 171 242 64 202 27 192 288 136 127 282 234 56 92 114 22 69
731 33 165 109 164 108 214 23 102 228 260 54 247 224 10 296 278 284 234 76 184
106 185 222 214 75 27 278 250 170 215 235 233 96 74 144 105 263 178 212 266 246 65 124
164 227 18 144 269 293 262 247 247 210 92 110 419 262 144 419 96 498 730 419 730 138
216 101 275 44 140 99 269 89 173 171 211 164 86 83 81 78 285 154 283 240 1
69 114 167 248 289 44 71 92 243 106 145 145 145 106 169 106 145 112 276 48 31 881 105 175 66 282 269 162 113 179 37 219 189 145 109 284 77 187 188 43 114 68 60 40 115 198 264 0 154
34 152 124 139 137 171 214 189 2 124 86 247 343 100 22 645 927 274 80 833 180 295
17 74 151 219 73 8 12 101 182 248 254 162 137 256 44 289 64 35 96 78 296 110 146 33
56 83 192 147 146 200 118 56 52 239 198 276 175 145 286 150 159 85 156 209 181 122 58
40 44 172 187 11 18 163 94 131 62 261 95 262 0 114 57 226 97 172 89 157 78 151 142 294 73 270 38 23 293 16 190 156 169 160 271 47 35 138 32 116 264 30 254
181 269 177 274 239 49 149 20 190 115 161 73 192 93 56 27 144 45 295 117 33 222
46 173 174 178 230 190 293 88 13 152 16 197 51 112 17 56 269 292 99 203 87 146 57 161 19
1 35 142 290 259 168 198 177 133 187 170 176 138 14 252 221 79 51 166 218 292 238 65
277 299 209 12 221 272 276 241 197 143 100 106 35 46 158 118 288 281 266 139 164 127
138 267 281 253 230 144 113 287 6 32 208 86 5 229 38 34 39 197 68 108 61 52 173
10 11 46 146 202 266 274 110 288 143 286 28 269 148 95 165 220 101 130 91 61 25 238 30 180 111
107 242 102 121 9 199 54 263 41 119 40 178 181 120 232 5 70 299 241 31 298 266
262 77 25 222 47 234 22 271 212 191 76 109 20 21 3 165 66 149 137 219 275
27 88 262 128 224 249 76 297 272 128 249 100 16 115 31 118 55 4 660 12 280 197 122
125 241 253 271 172 129 210 163 86 114 10 83 296 265 207 133 209 288 190 109 166 140
233 266 245 99 119 238 167 61 79 188 44 244 140 196 265 222 5 189 285 39 1 25
70 201 199 79 141 171 174 12 33 232 151 27 271 282 208 225 107 117 48 283 126 213
124 157 237 82 231 283 116 267 106 105 11 281 271 46 188 40 244 8 179 42 200 218
57 71 170 272 228 30 288 216 77 202 283 91 61 82 262 53 177 290 70 243 190 153 242 209
88 163 246 40 225 254 0 282 268 250 41 183 12 102 54 243 160 221 85 152 120 86
61 202 287 215 74 259 237 263 53 59 54 52 202 201 178 243 258 244 238 147 172 256 185
19 213 20 183 291 186 34 135 80 21 216 35 91 174 100 168 127 232 268 43 55
91 230 60 286 89 122 107 198 254 286 170 159 76 233 241 209 65 250 417 431 132
9 15 18 143 262 181 292 244 75 149 126 217 117 129 290 74 59 261 166 109 252 298 32 182 152
15 152 183 294 176 18 113 176 184 276 103 9 123 19 354 281 492 167 973 109 131 129 103 157
257 78 263 13 34 158 173 28 31 110 103 264 5 23 225 219 62 185 164 129 11
70 145 246 261 213 266 152 15 270 164 73 23 234 265 221 10 22 253 126 224 188 26 144
111 256 258 264 132 88 89 49 113 216 245 63 221 156 32 61 142 149 212 143 293 126 177 77
6 118 202 204 235 297 157 47 226 101 246 181 93 111 24 239 12 14 152 148 197 13 62 233 259 97
84 91 146 162 171 182 139 125 20 111 262 62 186 263 115 16 237 281 276 292 234 160 159 279 259
2 50 158 187 236 256 257 31 193 99 79 92 235 202 129 267 106 116 194 244 39 120 221 197 94 180 245
20 70 40 318 40 201 241 40 40 147 40 250 18 65 250 76 241 233 159 170 368 209
83 142 140 226 44 145 168 26 104 222 284 118 271 78 91 138 255 61 54 288 7 227
11 41 84 5 47 227 66 43 53 50 156 117 256 105 32 290 119 191 275 247 205 99 7
18 291 264 232 39 69 150 174 119 23 237 139 20 93 54 169 81 124 24 172 214 291
153 184 97 32 27 133 8 5 182 258 46 84 51 261 31 81 219 257 179 267 220
930 12 30 165 189 195 205 85 187 29 121 122 84 117 231 86 27 185 9 188 263 168 256 8 267 70 292
23 217 247 290 289 187 146 126 19 33 145 247 131 163 171 31 181 140 66 217 17 12 18 54
220 282 117 231 213 127 69 139 273 42 156 283 43 138 1 287 54 187 262 159 133
38 92 99 165 275 294 8 131 265 76 206 263 175 295 271 274 239 167 196 234 253 290 124 38
92 185 295 35 43 280 100 135 108 271 125 89 177 259 59 158 27 242 203 93 155 231 50
28 43 81 202 69 146 269 242 28 218 96 8 102 12 292 206 130 168 62 124 135 263 21 209
25 56 101 122 172 178 38 234 179 76 80 246 3 39 146 21 165 129 62 134 121 253 205 248 86 143
273 46 72 112 214 291 293 119 276 121 184 82 116 121 193 46 697 228 948 17 967 142 291 110 97 873 142 242 264 216 128 51 294 252 64 201 17 138 210 76 135 24 276 66 126 117 220
156 245 259 113 112 221 139 222 44 4 102 87 224 194 9 174 242 263 282 138 105 271 234 19 293 276 269 156 58 46 167 139 240 149 198 186 187 232 192 63 222 133 123
2 105 168 282 42 220 273 249 292 101 286 8 146 148 206 289 54 34 275 212 274 105 224 258
80 294 47 90 219 157 84 297 123 113 109 213 243 241 288 262 211 104 202 3 194 227
61 114 173 293 4 230 106 265 162 255 36 220 175 69 130 149 27 105 19 228 22 23 10 52
185 175 278 185 201 291 194 264 235 219 295 125 216 173 223 127 248 270 242 284 100
99 267 258 128 257 222 62 207 233 251 176 242 255 239 181 34 146 240 234 135 111 235
8 36 54 101 205 287 15 143 213 277 160 255 154 114 230 262 291 78 14 62 274 265 52 187 275 222
146 173 244 282 191 51 175 242 80 269 41 241 100 1 199 155 38 30 153 156 12 86 122
56 115 116 131 135 158 194 215 112 44 110 273 146 74 158 218 152 266 165 285 174 107 87 94 225 199 261 48
159 265 35 252 58 192 104 23 258 49 107 297 8 86 55 22 141 12 64 296 188 11
97 107 165 204 188 8 274 1 1 30 185 27 89 32 27 132 159 209 287 250 170 18 286
137 163 194 81 235 220 112 44 152 57 134 68 30 17 196 163 169 185 230 41 124 208 257
8 79 230 293 294 110 176 205 287 73 296 199 277 13 198 189 144 147 194 169 93 50 252 22
243 41 231 78 42 241 142 118 210 140 51 10 34 206 105 187 269 165 287 236 70
101 274 267 0 239 26 31 7 129 293 164 12 204 132 270 22 290 275 235 166 237
239 59 231 179 208 89 1 162 53 62 21 204 48 187 33 108 256 47 96 153 239
820 290 226 223 225 191 167 64 121 258 152 268 9 255 250 50 150 185 145 216 291 41
68 247 36 120 135 98 98 107 107 115 107 80 645 100 927 173 282 278 153 180 354 290
44 175 206 221 263 73 228 234 276 252 296 275 297 119 260 97 245 210 258 12 250 58 232 162 236 20 207 69 28 203 268 249 140 23 273 36 231 185 33 4 37 216 280 144 233
195 232 289 291 181 247 41 164 157 260 52 47 195 62 282 123 221 160 243 95 212 65 108 240
122 263 73 43 44 40 230 239 185 65 21 189 229 174 153 203 250 172 275 211 46
4 112 235 43 147 178 176 270 208 119 55 133 85 164 252 76 89 40 190 92 46 233
98 180 192 19 166 210 200 29 208 68 184 150 210 98 115 214 52 42 91 104 247 285 230
930 234 216 18 247 198 74 216 18 109 283 131 56 274 833 100 927 645 173 354 245 282
3 109 125 150 192 106 22 242 173 61 285 151 209 32 10 19 31 245 165 86 138 122
9 22 29 36 151 229 297 206 184 174 209 96 196 168 286 90 110 152 225 173 118 124 199 202 62 126
123 134 269 91 93 138 6 26 113 246 61 103 116 83 233 94 119 195 23 218 44 232
63 220 212 76 283 244 260 10 225 151 85 234 211 114 50 184 37 284 214 262 241 135
6 272 226 59 59 18 226 87 118 820 268 216 131 249 645 274 173 282 278 245 165 290 230 30 82 46 41 284 7 297 58 62 199 258 96 241 168 53 6 215 260 150
200 240 117 39 12 94 199 221 253 240 154 285 192 27 134 130 160 234 71 52 108 122
237 75 262 223 285 269 242 205 147 125 158 143 116 270 119 177 253 129 165 276 110
113 143 237 24 282 121 207 284 200 42 291 10 266 211 0 204 61 75 262 178 4 189 208
150 184 110 255 271 113 183 298 157 186 89 79 297 8 135 44 137 284 216 195 25 151
100 162 276 181 275 215 246 272 125 222 153 137 52 72 161 240 31 59 16 284 219 147 42
103 232 277 287 3 228 187 219 11 12 143 149 118 148 122 138 39 181 296 96 107 43
15 175 270 250 270 11 211 55 250 13 13 286 56 159 241 138 147 170 233 132 65 85 250
45 88 93 121 228 56 270 61 130 258 220 62 202 260 108 86 259 44 72 172 161 96 90 41 76
235 53 182 225 183 116 59 42 232 34 7 89 247 23 8 109 209 268 130 169 171
1 41 109 11 58 98 200 218 138 164 102 33 141 131 220 62 161 42 195 242 228 74 257
223 47 258 53 193 156 223 257 265 59 251 1 37 249 108 133 104 122 185 263 210
64 285 297 75 174 239 83 68 244 235 133 66 264 145 190 86 159 272 279 20 238 246 183
90 195 221 53 148 94 211 4 243 266 150 16 285 88 62 9 166 171 255 73 220 201 185
137 209 220 135 20 77 206 16 34 293 279 64 6 234 201 141 70 108 180 52 172 299 219
197 36 48 223 1 179 227 42 229 0 272 238 166 87 101 83 149 247 11 46 233
46 186 287 246 193 172 107 116 222 164 265 123 84 286 147 257 139 109 188 39 206 102 253
19 160 443 443 47 204 624 65 191 65 249 56 153 282 645 354 165 245 278 173 927 290
259 72 8 168 287 142 119 263 84 126 7 99 234 274 145 280 43 33 151 197 67
237 257 295 49 23 125 125 115 7 133 15 115 7 273 19 163 295 99 143 552 373 250 209
56 102 161 197 294 223 56 239 284 188 11 143 27 261 161 89 263 101 130 125 126 39 243
67 172 45 59 284 206 130 200 78 278 151 71 258 104 79 22 51 209 228 110 67 90 244 149 136 180 202 132 183 152 153 76 83 241 206 69 145 169 222 47 57 211 282 119 125 245 225 136 184 22 26 71 2 196 276 163 1 48 237 180 164 214
46 71 149 173 224 263 270 224 63 264 175 238 226 16 13 219 151 296 293 290 125 250 246 3 66 235
48 122 187 37 30 128 84 157 130 95 299 68 0 27 207 35 257 6 172 56 246 97 140
90 92 179 220 239 260 23 289 49 56 32 226 198 55 168 185 290 276 61 82 227 127 136
4 42 45 54 99 173 948 162 168 168 162 948 80 162 162 820 17 745 86 276 142 228 273 967 697 97 44 16 16 207 105 139 112 105 290 180 257 245 249 274 927 100 354 173 22 165
9 10 102 166 206 274 90 59 190 203 30 90 269 281 354 109 77 113 159 973 694 107 155 167 492 78
210 299 66 207 186 247 16 15 98 190 148 217 230 42 85 17 144 249 168 39 175
95 106 153 193 247 115 65 94 293 43 148 153 214 2 111 208 234 71 286 102 227 270 82 143 260
25 645 246 169 82 21 144 92 95 276 176 19 199 13 118 156 284 288 120 194 132 178
74 142 178 230 116 44 0 233 255 152 164 21 94 71 249 151 70 252 171 295 265 246 3 111 27 119 195 241 284 144 87 287 73 134 61 292 270 124 22 1 110 43 58 32
77 299 275 158 110 227 176 36 48 108 264 73 174 145 6 192 205 259 15 149 5 195
56 175 65 293 40 94 194 85 257 272 237 84 227 197 207 217 189 245 287 62 279
51 152 207 280 288 36 138 298 271 162 13 144 247 93 72 237 296 7 242 87 276 184 227
62 111 54 285 45 208 281 61 258 148 37 34 261 129 266 238 120 203 169 299 114 278
45 225 169 176 15 253 172 214 230 298 137 199 43 272 171 164 259 158 86 208 117 98
2 220 280 118 128 191 31 31 113 1 191 118 1 109 113 167 973 185 77 159 354 157 118
22 102 105 132 230 248 272 129 153 289 218 296 188 244 156 111 143 56 169 125 172 46 237 211 227 72
930 199 232 23 233 147 154 277 137 190 160 170 178 273 0 126 60 242 100 25 200 218 157
78 223 24 210 178 21 65 140 244 294 217 125 98 96 137 219 191 84 218 22 138 280
9 94 264 175 84 294 249 240 120 20 6 164 149 273 257 214 148 159 172 299 59 27 126
24 52 73 159 201 212 214 227 170 194 291 200 15 30 62 131 142 139 294 251 209 296 283 244 271 14 25 207
75 152 288 290 83 218 34 299 190 68 181 55 175 112 73 69 227 208 61 75 201 274 236
68 135 223 284 147 285 53 55 106 163 67 291 117 153 183 14 239 270 202 108 297 141
223 139 129 182 128 124 178 163 165 36 13 291 299 201 52 55 242 89 116 159 209
10 204 274 289 151 215 237 216 140 115 256 127 173 159 24 63 231 238 136 19 186 38
1 31 41 87 115 166 273 279 160 231 79 230 163 70 81 244 271 192 58 215 193 238 143 87 124 17
34 173 189 210 155 222 167 207 4 225 48 33 145 62 146 170 192 268 117 119 255 139 23
150 296 184 15 280 254 217 115 88 36 211 168 110 284 35 279 32 46 97 225 181
105 211 232 294 42 36 243 72 26 6 127 274 291 170 178 96 171 211 40 189 224 49 77
227 270 180 17 213 194 125 190 78 44 298 284 35 226 265 223 94 227 259 12 54
25 69 133 191 32 292 229 161 188 33 141 138 256 75 166 285 46 64 111 252 132 58 90 91
197 200 121 52 186 81 288 232 84 39 215 5 71 135 276 107 137 167 214 142 202 125
23 179 76 161 117 275 37 298 288 149 286 190 135 4 182 297 162 50 240 2 150 23
25 30 85 112 147 176 194 169 188 78 78 132 73 169 287 73 169 164 241 18 287 159 250 417 85 286 170
7 112 151 168 71 214 171 13 141 181 206 200 284 17 191 217 41 121 127 143 289 60 291
42 75 181 190 195 222 225 237 243 114 219 31 132 161 174 245 55 101 119 239 112 29 146 195 246 49 166 188 153
99 265 133 121 268 186 25 225 131 61 120 12 176 256 195 207 86 253 54 158 98
5 10 25 108 124 174 222 244 246 87 255 159 61 232 155 132 222 80 234 85 124 244 37 46 177 134 5 133 100
930 2 67 221 237 298 262 121 203 51 9 29 160 227 76 289 172 126 89 141 192 195 90 63 50
84 85 290 101 250 61 181 287 271 162 289 62 223 191 34 53 66 63 261 178 88 213
84 90 176 265 75 216 122 188 132 83 17 184 172 74 5 282 32 119 137 42 89
41 123 258 35 210 36 160 167 110 30 273 229 86 206 143 27 116 44 71 183 97 54 238
22 243 265 289 157 79 216 31 27 223 266 152 214 75 174 165 272 188 199 145 91 162 21
930 123 270 271 57 70 289 214 227 102 269 6 189 56 3 154 5 278 27 224 98 138 237
170 55 39 174 105 361 174 481 47 174 165 249 131 645 354 274 80 22 245 282 180
930 186 190 259 46 216 208 249 275 288 31 162 283 62 107 284 239 98 30 247 109 231 172 218
27 119 151 240 289 83 120 8 248 62 7 210 181 61 221 72 264 132 77 76 48 164 42 85 4
38 208 293 34 115 25 59 297 282 235 132 175 187 188 46 112 57 69 0 168 156 76 220
9 15 72 113 87 181 157 108 206 57 178 64 21 118 106 139 11 54 152 32 215 179 262 247
29 41 59 160 189 108 285 55 212 264 29 152 63 105 58 249 28 188 124 156 201 158 119 216 135
218 260 177 232 198 155 25 159 124 55 85 80 94 82 245 178 275 88 110 8 106
77 178 162 210 209 221 150 157 132 228 289 61 77 129 205 100 281 139 263 51 49
14 37 257 273 169 7 8 218 203 28 253 152 274 48 114 294 52 143 27 145 124 132 110
81 149 195 15 114 196 150 210 171 194 10 57 23 200 158 290 63 86 109 256 225 104 203
45 136 252 68 174 253 168 216 78 29 256 12 54 94 2 69 124 217 235 23 57 121 194
183 244 274 258 299 8 129 271 116 154 33 188 148 100 48 16 210 243 222 225 79 103 88
63 133 176 210 137 32 138 201 151 292 34 188 143 213 41 145 202 153 246 280 66
94 202 211 233 270 283 299 237 161 123 31 109 13 94 121 102 113 242 61 32 64 140 143 205 131 217 236
135 190 199 256 284 253 183 104 160 21 79 7 109 73 151 47 66 264 252 2 214 176 182 298 42
65 76 102 139 170 143 104 44 224 152 48 5 205 59 25 192 98 118 11 72 52 113 21 246 197
38 57 255 247 163 202 163 133 154 38 368 65 56 159 147 286 233 132 138 241 287 76 209
930 66 118 256 298 3 82 92 133 172 223 244 131 149 149 257 149 244 85 162 86 697 24 291 228 967 17 143 97 278 217 62 127 252 250 133 127 62 62 250 159 417 147 250 18 65 170 286 287 241 233
297 82 12 121 274 212 96 199 276 126 167 174 24 109 73 260 0 169 132 237 80
75 89 250 298 261 17 26 107 48 167 193 172 133 162 59 280 247 79 29 170 299 268 50 254
19 104 125 267 288 108 0 81 242 137 239 171 129 298 40 203 178 51 165 136 297 168 271 62 164
34 43 121 166 195 201 248 132 155 112 117 11 161 60 129 263 277 246 37 232 105 256 104 159 291 281 217
50 58 173 239 261 153 204 51 111 103 139 268 229 264 50 171 25 191 31 14 101 215 236 213 110
105 137 216 49 159 103 46 20 250 9 134 263 17 21 249 72 260 247 13 44 144 152 271
9 196 232 285 146 64 106 225 174 249 227 103 76 201 10 217 20 184 34 261 155 118 133 291
15 237 228 273 126 56 282 216 36 2 154 59 234 169 257 280 188 95 71 61 116
168 188 225 15 188 45 19 134 35 225 134 368 65 159 56 417 54 209 250 287 286 132
15 39 214 271 182 35 293 209 290 154 31 83 120 280 270 77 106 201 183 279 187 286 149 63
103 245 251 255 262 2 263 111 284 115 260 265 67 128 126 242 93 116 17 48 8 291
226 247 19 145 249 245 280 93 156 183 79 7 92 66 27 173 128 102 32 282 23 146
54 187 237 238 257 13 140 74 246 183 36 249 19 71 232 181 244 14 264 289 31 42 23 227 290
9 119 138 201 297 9 239 153 61 211 116 138 82 89 120 215 176 18 195 203 92 85 293 175 193
16 229 90 217 285 250 296 162 198 54 102 284 27 221 243 130 140 241 86 20 187 172
103 219 281 31 180 82 74 167 17 153 22 250 101 270 138 182 66 275 248 24 143 114 25
46 117 164 87 29 265 26 202 158 169 107 272 242 222 63 153 24 6 176 17 284 154
115 217 245 4 118 278 221 146 183 11 157 21 18 117 113 225 284 188 285 114 79 103
