849 98 204 218 224 185 161 193 197 257 213 1 125 87 227 67 92 26 17 132 182 191 249 111
662 78 195 5 41 91 134 143 68 358 415 12 540 404 487 194 11 547 328 700 776 179 41 399 33 684 461 796 956 262 943 302 982 204 363 744 63 262 744 174 529 252 892 261 252 13 63 967
98 187 191 322 870 456 579 261 212 204 510 640 204 287 119 287 287 105 252 379 892 63 240 777
2 206 248 251 281 289 167 211 148 133 99 279 246 203 26 186 188 149 125 151 46 139 84 177 189 124
187 287 298 283 104 287 261 11 44 135 292 32 39 8 142 103 20 249 201 183 277 14 149 20 189 231 274 193 182 96 87 58 62 166 88 204 148 211 200 99 140 227 151
163 267 158 153 171 121 40 117 273 240 75 163 167 258 267 28 113 145 159 112 24 84
22 91 114 125 166 189 24 292 160 36 132 229 188 17 4 88 90 193 146 215 159 157 72 228 124 206
64 228 274 259 105 87 119 60 111 247 278 42 206 189 89 187 94 193 209 102 67 101 192 220 12 192 165 29 55 166 0 252 76 245 103 185 141 57 110 148 134 59 97
99 142 188 280 155 173 221 113 100 204 199 284 245 168 45 63 10 131 17 145 292 227 152 35
149 197 249 119 174 170 92 16 76 130 263 44 232 41 77 115 3 117 141 157 83 165 132
3 94 118 172 212 273 58 39 251 110 85 192 81 222 160 143 243 78 125 253 152 244 80 64 91 250
66 167 214 297 278 59 170 0 161 270 107 24 235 148 208 111 128 48 46 26 171 41 6 258
68 134 143 154 206 256 218 48 276 127 12 124 145 10 122 179 222 242 185 87 159 75 171 267 187
770 21 46 189 206 245 127 203 46 79 263 172 222 115 157 155 87 22 107 179 113 119 190 72 216 6
35 36 108 171 247 251 37 132 112 206 62 217 43 238 196 179 258 166 275 173 4 33 161 15 163
119 257 264 9 16 70 128 61 262 128 292 163 236 128 61 236 154 693 806 280 211 91 164 92 136 13 208 17 271 28 27 28 163 17 241 10 289 28 240 939 171 133 238 209 55 202
26 65 72 261 537 161 113 182 172 10 38 275 168 206 150 186 130 232 230 215 280 192 164 77 265
103 123 236 10 268 121 218 167 101 179 204 281 124 206 215 93 246 39 44 149 6 220 155
129 210 236 224 61 292 259 187 72 270 284 26 215 112 186 48 77 151 17 281 52 57 29 84 127 154 172 73 18 165 161 228 232 72 180 279 74 79 42 278 116 151
58 119 294 77 256 6 287 63 123 253 231 69 97 9 290 210 136 281 39 238 263
662 29 121 179 246 275 234 270 106 46 29 83 70 179 85 79 104 189 248 132 2 249 144 299 58
88 29 186 196 100 15 188 92 107 258 102 66 187 189 271 83 153 216 237 200 164
12 130 172 173 201 232 266 293 114 74 146 286 299 150 60 193 231 110 103 160 136 142 21 159 125 83 212 154
242 97 209 118 66 35 206 10 88 154 198 76 138 175 73 24 102 169 155 222 276
152 240 81 247 299 64 65 167 68 274 253 112 9 21 86 12 241 5 13 44 45
27 42 103 176 14 66 87 177 211 278 242 175 115 39 242 159 70 211 588 164 111 211 170 156 677 280 13 471 231 12 147 146 279 36 210 214 11 129 297 122 46 296 161 92 40 282 61 50 175 172
85 129 141 159 295 218 84 93 260 4 14 276 269 196 212 122 159 152 270 295 103 0 237 185 198
201 297 58 51 116 182 11 278 119 250 118 77 159 70 249 259 67 264 121 252 157 61
59 131 193 232 199 48 222 281 91 235 225 95 25 121 287 105 30 65 6 194 297 270 111 127
11 23 174 184 230 39 106 282 132 54 133 205 159 250 141 283 294 241 135 231 101 195 87 119 270
107 217 229 288 72 22 241 284 31 21 11 4 186 299 129 191 109 52 230 78 283 182 240
662 85 114 169 239 289 250 214 18 113 39 199 141 167 205 183 171 178 53 255 11 131 132 41 34 36
200 235 537 274 278 136 31 86 76 182 65 172 199 204 152 96 153 58 217 221 252 157 13
40 214 288 28 134 208 194 138 71 151 91 45 59 97 166 292 33 141 77 40 68 275 72
39 42 161 260 207 23 248 178 148 57 232 153 291 135 95 272 200 271 136 117 47 249 184 167
142 230 291 257 135 89 219 253 34 10 188 186 165 125 55 232 151 214 195 87 73 260
124 192 202 21 220 20 266 186 9 96 157 14 294 168 227 295 63 66 218 84 210 252 152
91 248 216 228 106 124 119 162 61 273 268 167 13 239 0 128 294 76 115 225 132
58 125 224 182 277 156 0 160 123 184 151 185 3 250 105 125 31 186 54 226 263 233 166
158 189 252 269 21 83 69 253 248 42 115 295 1 125 218 239 212 28 195 298 18 64 126 27
3 154 228 281 255 12 248 185 84 33 192 291 254 220 195 298 113 272 125 100 145 218 173 41
81 119 169 79 191 166 211 290 96 252 153 39 24 204 21 116 47 95 1 19 123 139 57
50 106 154 239 162 159 4 10 279 199 205 256 180 291 212 36 178 39 100 235 27 20 179 245
35 69 103 252 83 130 212 15 29 148 157 214 280 108 66 26 129 183 147 62 24 134 225
122 191 225 244 83 126 137 179 261 139 4 82 37 173 20 64 136 114 164 12 693 156 245 677 280 285 588 170 141 245 244 29 0 258 104 117 49 75 241 160 10 291 163 100 216 80 151 143 15
53 101 188 258 274 287 236 28 33 103 83 165 92 174 145 283 207 159 143 51 150 59 61 116 298 128
187 289 296 251 273 56 218 78 259 159 225 11 53 123 76 227 66 86 46 199 245 181 235
96 123 216 263 181 180 153 83 176 63 203 212 21 85 74 93 109 296 29 94 72 237 230
182 215 271 280 110 221 118 218 94 228 47 78 164 286 133 165 244 243 109 104 169 189 38
166 167 227 244 271 42 77 233 201 271 197 51 74 67 225 118 243 116 156 183 128 81 174 41 22
16 280 165 90 215 136 7 121 227 158 226 13 189 221 198 255 149 290 249 129 256 187
40 72 81 234 24 49 292 240 242 172 97 270 256 33 139 277 229 212 79 110 207 138 130
177 208 258 292 18 263 221 277 144 57 80 289 232 40 217 125 198 207 236 76 94 267 218 158
378 171 19 197 280 177 67 30 72 99 220 86 74 152 273 107 232 141 58 0 133
65 114 141 17 291 74 195 87 292 118 201 237 235 259 246 83 93 159 143 268 287 104 14
76 263 255 294 264 133 114 143 58 194 68 117 148 50 27 15 31 32 90 82 241 260
140 276 25 291 275 239 251 260 158 192 118 299 71 201 80 56 233 162 182 220 283
667 0 118 148 213 297 16 170 262 274 108 43 225 188 133 174 63 253 279 50 167 81 141
38 160 176 253 231 296 137 84 273 214 166 251 79 256 239 289 126 255 226 259 233 30 297 287
14 108 147 151 186 238 243 30 280 184 154 10 197 248 114 215 2 49 81 45 73 71 122 272 103
60 136 152 46 254 207 142 58 224 120 28 180 257 94 244 176 133 217 265 273 49 12
34 45 60 104 212 119 244 23 286 115 60 46 10 63 176 113 160 33 139 126 190 94 171 228 169
58 243 537 129 158 3 268 280 90 235 76 166 262 215 40 222 202 278 143 109 88 285 147
212 247 264 48 138 215 190 213 87 120 46 165 37 121 113 72 242 177 22 288 20 262 179
43 118 218 224 295 194 188 128 19 211 64 14 215 89 186 20 80 182 100 106 117 8 283
72 86 128 173 221 51 183 4 25 234 245 188 225 12 55 84 23 107 13 283 133 267 104 263 126
662 35 46 105 194 234 299 135 29 118 234 13 155 124 95 259 32 126 52 161 105 30 268 110 175 297 180
54 204 174 261 236 114 101 141 277 294 66 266 156 194 63 257 4 295 74 10 212 211
58 78 168 106 71 207 30 80 262 201 43 211 65 177 99 281 294 35 48 280 202 230 114
122 166 121 236 94 213 85 298 274 208 292 267 110 38 156 153 289 149 1 14 61 231
262 72 33 298 299 44 23 178 218 278 252 258 84 171 251 81 246 294 35 265 32
134 249 241 25 223 113 177 181 234 54 159 134 6 14 290 29 144 285 146 282 193 110
118 131 292 537 115 98 298 265 262 205 203 174 64 244 200 105 231 54 20 0 274 167 56 186
164 189 220 270 180 213 131 142 188 227 143 123 271 138 78 159 273 80 261 1 152 91 162 190
8 79 269 242 130 113 217 188 97 144 177 85 283 121 69 187 80 137 19 63 143 258 272
168 177 213 261 0 38 96 299 126 127 259 5 172 231 21 120 1 291 28 218 205 204 15
191 192 253 135 261 161 129 258 215 19 246 9 119 188 125 187 50 142 249 82 150 29 131
61 64 255 276 24 271 236 142 246 159 194 109 230 14 51 82 90 27 263 93 107 169 11 206
133 89 165 238 49 285 111 294 221 226 208 229 124 224 52 87 75 192 265 210 68
174 236 272 203 114 249 3 272 57 139 18 209 6 19 254 258 24 82 164 197 153 233 298
148 159 113 231 48 39 38 216 83 192 17 262 180 171 169 150 25 10 58 154 200 77
44 60 79 164 174 182 246 256 262 277 215 168 157 78 77 209 72 246 243 47 60 62 54 272 154 221 213 238 170 2
27 92 97 133 214 69 158 163 210 202 144 82 97 66 252 40 241 280 282 123 138 231 98 176 61
236 287 136 56 213 185 104 267 161 107 40 293 195 5 215 45 65 217 91 126 162 50
4 71 240 271 107 169 79 119 203 146 215 250 194 14 178 57 130 201 71 214 198 156 42 4
149 170 181 200 219 271 285 100 140 95 3 159 226 88 251 78 106 35 268 240 86 5 125 99 262 104
269 281 264 6 80 256 86 75 212 214 4 292 97 281 88 83 76 243 145 241 30 164
77 269 295 153 242 23 7 210 241 196 227 235 187 82 64 158 206 35 296 109 265 16 288
153 182 172 1 292 259 91 39 298 107 20 209 285 235 168 181 295 124 201 278 33 145
12 212 231 241 249 270 152 221 60 143 120 131 254 35 89 164 181 38 117 86 186 26 290 168 280
36 43 73 154 174 238 257 220 189 228 289 21 37 290 195 209 185 102 83 217 5 239 237 116 25
195 255 258 274 197 146 269 114 203 47 148 89 130 298 221 229 100 12 292 206 227 103 196 125
135 210 20 60 194 48 92 251 78 1 37 88 16 182 47 122 18 45 62 252 263 286
17 26 65 175 210 226 245 203 26 198 267 87 31 205 56 150 282 220 154 148 269 175 296 138 36 110 98
5 149 173 191 195 207 287 60 118 245 133 40 284 151 55 266 156 29 206 144 70 75 48 248 4 172
78 147 159 197 227 97 103 117 267 275 167 214 268 57 130 76 160 174 260 188 28 113 84 200 237 248 144 284 2 149 136 194 231 198 226 70 60 94 254 247 93 290 104
137 162 108 97 265 171 92 107 102 75 288 27 54 249 164 88 139 126 189 242 230 1
45 238 57 13 63 163 199 66 224 222 90 193 140 42 247 171 249 215 268 187 181 221
146 229 254 251 268 75 289 93 116 137 202 129 287 108 145 132 22 31 190 127 33 47 213
82 202 223 224 104 96 18 286 227 140 219 297 196 50 239 229 12 265 127 21 230 224 201 278
12 79 142 181 2 56 102 134 162 120 209 48 18 34 153 230 243 13 172 241 60 123 50
213 230 267 246 62 41 124 87 112 289 193 227 191 273 281 178 35 237 211 132 204 215 219
7 42 55 61 235 125 122 162 256 247 223 83 297 112 176 200 171 146 131 145 188 163 201 137
166 216 236 106 155 18 1 70 217 109 138 176 237 33 299 277 34 165 81 67 11 272 205
28 116 95 12 239 126 216 207 45 92 76 89 209 414 171 246 202 243 133 245 20 237
147 208 176 132 191 6 182 23 171 290 62 197 205 255 218 208 164 166 1 29 198 101
6 40 42 107 142 141 113 5 196 105 47 145 207 209 132 231 30 296 3 158 276 146 272 129 206
22 50 194 238 259 287 289 22 163 147 146 95 47 114 38 31 144 62 18 211 245 161 127 71 96 28 25
50 59 118 219 46 28 174 140 69 270 294 40 130 152 243 81 267 34 8 172 180 42
0 89 193 243 48 96 163 226 28 1 101 192 275 212 286 167 58 38 155 8 279 29 274 214
16 90 121 159 204 34 90 77 36 32 273 94 176 127 237 38 177 35 39 58 296 141 7 298 185
24 56 47 132 197 8 91 247 99 239 12 54 49 107 19 237 164 192 123 61 11
193 214 220 224 142 258 38 53 44 142 181 53 254 209 246 184 85 294 55 238 89 20 171 414
39 146 242 71 221 8 78 231 199 21 296 254 122 181 77 34 151 76 173 174 63
26 139 180 202 277 144 107 160 149 10 278 282 138 234 256 170 132 11 101 0 19 274 126 135 177
54 130 151 216 237 42 0 31 43 25 20 52 23 225 170 66 68 104 224 298 84 279 39 255 172
108 213 160 169 290 47 94 250 110 252 49 2 143 15 198 185 13 223 108 180 167 197
168 213 112 105 25 24 232 219 198 224 21 262 27 296 48 66 221 234 31 45 290 199
298 298 133 77 4 261 282 191 22 61 54 150 209 294 18 103 153 143 225 113 56
106 78 71 296 299 291 259 82 243 161 277 297 266 38 46 180 198 194 182 218 247
86 93 119 147 223 280 298 277 286 201 35 182 40 159 254 95 90 84 62 119 253 136 106 122 60 281 273
281 106 179 37 103 118 174 138 188 187 185 238 283 130 158 80 68 272 295 203 263
121 205 218 266 288 163 7 10 252 72 216 296 1 271 108 101 175 8 170 290 249 277 96 293
138 230 168 187 280 71 21 209 234 80 148 220 170 66 145 174 120 172 251 42 157
203 240 293 249 127 98 247 59 183 139 46 115 25 192 180 41 10 22 56 148 253 288
132 223 84 200 18 284 250 114 81 159 6 54 36 135 180 143 59 105 265 37 258 51
38 56 105 226 269 98 117 199 15 15 967 103 267 78 133 588 211 471 280 502 114 136 111 12 156 294 141 662 85 186 192 157 162 88 133 106 260 218 171 136 32 215 74 177 29 194 131 100
13 103 210 272 208 153 258 177 21 104 221 283 1 46 17 236 34 63 144 36 229 48 172 47
98 145 240 242 199 214 187 246 32 261 181 125 155 79 258 188 206 205 124 285 44 243 98 102 272 8 172 208 157 203 20 45 185 56 61 70 69 72 46 295 78 62 47
15 25 73 237 38 248 4 37 175 46 26 265 262 254 246 74 162 251 194 290 137 284 52 202
2 99 155 208 269 114 198 121 194 193 245 255 12 52 215 217 48 118 15 148 210 160 216 254 288
100 146 234 173 18 150 127 224 218 34 212 9 80 0 279 52 51 197 57 282 271 240 46
662 239 125 72 165 163 287 224 10 86 181 15 101 48 159 296 153 142 228 61 16 132
204 146 173 20 188 283 271 65 238 176 182 25 180 2 226 269 264 209 263 7 11
12 30 170 232 263 272 55 298 58 28 125 176 102 11 177 123 82 212 153 196 170 47 203 158 56 13
33 21 48 159 120 249 137 242 51 95 18 119 76 88 259 75 146 47 275 36 194
28 99 114 34 79 285 282 257 143 279 204 211 49 133 110 149 198 182 258 172 78 201 125
88 92 7 218 299 93 216 149 106 271 243 132 272 178 100 21 183 95 16 266 44 223
112 229 239 218 247 172 63 13 145 38 57 195 216 179 203 141 231 64 29 163 1 41 42
10 171 255 136 64 81 180 123 122 8 278 219 163 164 277 22 24 111 102 249 259 77 19
0 135 537 289 138 164 204 43 48 76 119 53 102 27 174 5 25 270 156 50 139 22 1
197 253 134 127 101 74 141 208 230 68 203 102 299 201 166 268 180 66 12 187 239
662 184 278 120 227 261 192 82 47 250 121 143 105 111 152 257 40 174 2 168 265 270
122 210 220 224 247 245 171 91 147 186 242 118 28 16 269 60 33 130 296 293 280 240 202 20 160
138 183 228 397 186 127 17 201 56 280 61 160 245 21 40 181 223 90 248 232 152 150 183 218
161 197 537 297 19 214 84 103 137 46 272 270 107 246 3 100 72 0 221 163 192 113 180
44 59 195 278 295 188 116 246 269 190 57 140 50 26 2 207 166 29 109 282 84 62 146 219
19 166 294 258 116 242 91 258 242 121 87 116 91 54 247 184 20 243 238 414 133 245 85
120 152 233 9 9 129 129 129 129 9 268 170 294 662 111 245 12 471 803 677 588 502 211 222 49 410 49 283 49 271 49 253 476 215 320 156 863 281 80 378 56 77 482
81 127 141 167 134 92 169 15 71 67 211 148 180 127 124 183 189 220 190 109 0 132 10 170
61 42 167 24 265 60 291 203 147 63 116 182 230 27 79 156 62 55 252 17 73
91 123 231 235 185 196 185 26 96 225 235 26 37 713 173 171 848 252 108 6 676 201 83
234 284 71 58 236 130 292 95 211 135 210 173 69 152 259 164 183 185 36 82 93 139
13 120 66 14 77 233 279 72 86 189 142 19 81 230 213 198 274 74 252 138 65 140
8 73 88 210 170 176 167 219 272 243 223 206 281 146 212 172 25 71 232 45 152 8 32 23
0 93 151 201 126 55 89 15 10 159 121 164 30 14 61 234 241 60 17 203 162 177 57 247
697 36 79 130 148 189 204 231 49 238 276 125 143 2 193 244 241 6 205 80 69 210 272 184 20 226 26
202 233 284 56 116 243 28 109 199 26 97 169 210 45 54 217 156 76 279 241 149 203 70
127 157 244 130 206 125 40 39 221 13 129 181 0 94 247 103 172 66 44 10 241 242
238 288 537 180 57 184 161 17 49 186 29 214 266 40 295 147 287 30 134 148 93 33 84
13 116 166 252 253 290 197 163 194 284 64 156 106 125 101 161 2 7 235 114 188 126 28 109 248 144
70 109 50 141 102 257 55 6 149 241 139 190 234 230 277 136 295 89 119 127 153 229
80 105 119 163 266 287 259 41 274 193 151 184 122 222 195 280 26 84 2 4 216 202 287 3 177 15
134 158 168 55 215 234 61 108 291 17 82 191 209 247 143 266 90 154 221 51 53 229 5
17 21 105 168 188 257 260 55 92 94 12 199 227 221 283 158 56 140 284 133 93 62 113 213 225 273 182
143 200 254 62 58 119 198 63 72 207 201 32 277 180 44 17 40 161 274 280 210 45 275
0 85 211 192 134 157 98 53 10 281 121 299 260 194 215 133 42 120 151 8 65 28 155
159 214 56 71 251 165 151 76 64 284 279 111 61 208 74 261 113 7 209 50 246
765 62 149 154 299 537 133 278 57 289 176 196 3 230 150 204 268 270 211 91 84 227 118 120 223 14
2 92 274 222 218 165 33 270 18 288 188 148 25 207 143 217 238 66 155 271 17 6 128
150 236 260 81 77 38 281 67 93 16 152 15 157 181 22 243 233 223 130 214 140 287
63 207 202 246 141 142 133 67 259 38 174 206 160 16 289 36 182 10 256 294 167 73
116 280 296 131 161 242 231 161 95 614 832 284 157 87 697 101 986 164 400 430 771 198 284
62 95 232 216 163 203 228 12 26 93 185 140 54 79 157 165 224 147 115 183 10 20 50
84 89 150 162 194 500 239 730 730 1 100 267 163 485 858 347 631 85 55 243 209 414 20 184 171
99 160 294 1 49 235 500 267 485 49 163 500 1 100 85 185 243 294 20 76 237 184 209
6 10 61 145 259 132 132 259 129 684 5 866 109 621 211 195 116 278 206 184 607 212 278 131
85 279 73 149 78 210 228 53 195 205 117 4 171 106 108 279 197 125 213 285 96 118
145 238 129 45 230 192 34 152 26 18 17 296 116 293 200 270 61 106 283 157 281 180
13 73 78 130 136 236 298 82 414 184 294 492 547 492 492 473 320 70 104 380 5 50 230 606 68 487 526
11 44 53 91 181 110 33 110 110 230 181 842 217 120 198 37 174 244 64 6 332 46 37 94 111 157 228 119 136 110 78 274 284 125 30 162 270 84 124 3 292 204 177
73 80 105 179 219 229 240 277 142 239 83 18 194 271 165 250 156 227 69 152 64 11 196 97 173 31 186 4
36 225 244 275 277 263 299 240 52 272 23 185 147 255 216 12 17 163 266 290 238 257 153 71
87 147 228 323 261 304 619 619 296 945 400 668 371 201 855 84 668 59 956 389 656 196 242 16 237 62 168 41 42 195 104 35 17 127 260 3 181 36 95 44 86 171 135
