140 147 225 465 721 202 210 240 194 299 49 201 121 238 251 88 247 75 103 254 271 241 262 186 198 203 25 43
608 859 27 40 46 207 251 285 693 225 750 348 197 128 65 2 693 110 738 348 207 209 750 584 348 24 693 437
546 5 84 117 195 87 86 894 372 283 283 247 605 247 61 11 32 605 704 332 801 283 906 400 224
67 142 168 180 479 940 757 635 231 23 548 548 71 257 133 44 662 133 71 231 254 662 117 206 273 134 181 245 174 17 100 29 71 209 217 269 82 248 160 260 266 177 122 255
28 69 100 259 274 322 182 31 240 2 322 239 898 260 64 157 94 262 3 247 28 75 51 294 230
56 106 213 149 98 217 198 158 6 138 285 88 128 40 224 249 279 43 193 264 280 208 212
93 128 254 821 3 265 185 121 246 295 43 113 31 33 208 693 253 156 136 92 83 588 231 461 12 1 285 109 279 60 290 151 35 115 230 71 150 61 99 254 205 275 141 297 66 272
55 238 190 75 174 159 161 196 281 146 149 33 10 223 221 54 79 243 112 45 123
33 265 267 76 268 241 292 149 278 211 285 254 28 166 202 232 297 17 27 137 115 20 57
6 129 254 175 205 100 242 145 279 297 111 191 80 45 267 159 262 261 222 260 274 86 8
10 12 34 133 171 189 190 231 247 88 6 144 91 71 222 81 74 159 208 293 51 13 207 36 272 141 56 263 156
58 299 32 234 11 226 188 250 183 13 273 197 103 79 237 252 298 92 230 206 196
174 149 131 116 80 281 230 122 146 181 11 266 251 274 32 166 195 222 213 144 228
46 72 101 111 207 62 49 61 89 161 99 86 222 74 119 293 139 126 68 160 203 31 36
26 41 53 91 281 3 17 83 130 118 253 40 168 224 193 271 236 45 14 73 64 61 69 260 242
47 155 231 198 246 46 1 70 138 159 99 149 92 281 203 58 73 294 117 49 111 122 119
14 112 274 93 284 213 236 0 285 277 50 152 164 108 281 198 41 261 21 145 257 182
2 32 44 109 127 170 206 238 162 7 120 274 104 229 93 2 56 89 26 258 178 83 62 66 225 167 135
75 176 242 266 62 133 141 290 151 44 285 85 69 224 79 176 83 54 295 23 9 77 279 51
74 118 236 295 41 145 155 19 253 16 73 225 297 51 13 85 101 81 221 259 216 43 190 33
715 102 170 292 210 139 223 249 168 277 225 123 15 209 112 189 64 14 31 252 36 279 251 106
107 143 227 273 278 145 24 66 121 25 22 244 52 163 185 286 102 19 133 188 125 152 284 28
88 109 275 286 297 163 46 120 79 191 127 175 65 281 5 67 54 9 287 218 73 230 174 39 17
148 181 295 238 213 138 105 172 164 119 169 64 152 233 175 206 39 65 274 122 292 299 201
100 167 75 73 64 226 220 166 113 97 68 72 222 59 121 208 243 93 188 250 131 32 60 205 108 257 202 55 100 34 238 25 8 190 56 186 58 111 97 124 51 278 167 15 176 193 181 21 202 51 172 259 2 140 87 210 129 12 57 175 225
2 228 250 255 275 296 65 257 62 113 191 298 57 192 125 11 245 285 259 95 270 134 183 249 93 129
8 32 70 92 6 66 215 195 242 71 159 223 120 256 234 108 222 15 278 35 288 178
134 224 276 250 133 5 1 135 296 8 234 53 246 15 104 197 281 70 221 286 16 290 97
65 121 226 231 239 268 291 299 32 132 80 252 197 96 60 254 98 121 63 293 159 258 25 260 280 52 6 171
20 60 85 168 195 229 286 135 291 60 256 196 207 175 249 270 193 275 16 220 161 238 234 46 17 286 228
148 156 293 236 265 146 110 220 235 205 124 145 87 297 100 168 154 260 257 177 291 132
271 277 293 298 202 200 135 207 4 74 23 58 26 264 121 278 22 30 57 80 291 111 143 12
102 167 66 244 138 164 245 161 242 1 276 76 79 296 255 196 47 231 233 50 110
40 211 137 119 230 159 38 233 280 200 5 167 284 252 234 47 56 192 36 17 15 251
200 18 19 108 202 262 58 267 64 223 3 133 112 94 34 9 38 97 10 83 87 58 246 231 92 185 10 23 91 165 205 194 282 223 176 296 275 75 0 117 272
10 155 223 299 83 173 61 275 28 199 147 250 162 158 118 143 223 190 193 85 184 282 146 23
83 114 216 0 116 295 13 4 265 294 107 89 272 296 208 257 54 233 198 287 64 50 7
821 25 264 131 125 40 248 42 61 108 79 227 261 145 99 250 264 70 203 140 87 63 21
54 143 204 265 273 137 287 298 66 210 72 122 59 40 289 175 231 290 140 53 69 91 284 217 189
229 31 15 128 197 193 224 149 119 151 219 56 271 264 216 208 191 54 40 226 104
21 117 196 3 193 236 69 67 252 58 55 259 25 86 258 150 228 4 7 112 47 174 179
122 253 267 116 198 219 273 294 106 58 62 8 12 73 112 31 178 229 26 22 84 91 170
51 142 188 76 73 161 34 35 176 142 63 168 216 59 146 246 206 234 209 150 169 172 286
155 160 208 163 286 170 287 203 14 267 21 292 74 221 2 115 253 15 57 33 55 180 186
175 291 239 248 245 111 264 30 59 113 24 28 127 292 200 94 252 110 287 71 4 220
2 69 94 184 192 210 228 216 28 231 122 126 31 121 37 140 129 285 184 49 295 278 14 255 9 114 103
186 193 3 284 67 144 160 166 95 101 20 37 221 79 275 281 202 38 162 60 209 13
201 92 65 135 201 249 121 162 296 170 109 56 281 9 115 203 15 93 98 47 290
715 36 278 277 175 86 116 212 105 42 189 267 285 202 41 200 99 174 50 139 214 207
0 11 74 184 38 61 234 270 220 50 73 252 31 166 238 90 145 187 176 226 182 214 147 257
59 131 213 54 297 4 215 281 232 263 279 177 6 165 117 160 174 68 227 29 203 73 172
296 130 280 212 97 239 79 290 299 225 16 122 45 227 259 129 211 204 125 127 33
59 161 283 150 21 129 106 182 55 173 178 70 288 245 166 94 190 192 242 226 127 66 11
40 116 170 27 276 235 118 99 217 61 138 109 180 273 210 6 144 56 122 77 92 181 298
36 41 270 17 97 201 106 123 98 175 250 220 226 88 209 228 131 150 83 90 14 202 27
181 84 13 266 130 52 27 21 48 203 194 158 43 8 88 23 117 153 282 244 260
275 121 183 173 57 46 229 299 14 170 124 92 106 13 237 238 269 38 80 96 97
715 297 158 31 268 229 195 261 241 221 140 264 201 29 141 219 73 287 52 110 176 124
64 93 276 221 91 87 25 2 31 56 133 135 10 200 235 40 252 248 108 198 263 181 293
169 179 243 62 189 295 31 285 259 69 137 148 39 63 125 81 250 161 177 23 118 95 154
98 124 139 153 213 233 163 177 223 194 247 129 77 192 96 218 298 17 10 266 111 76 180 258 51 97
176 262 113 199 291 209 215 107 246 100 95 149 273 52 38 50 117 242 238 140 56 89
127 243 51 119 161 5 55 38 30 251 49 101 32 201 118 250 121 59 11 174 181 117
11 193 218 185 99 193 74 200 197 247 246 61 276 143 45 110 126 132 172 81 220 13 271
4 213 102 119 109 191 87 243 50 2 90 236 74 0 44 84 185 68 3 128 94 183
119 243 276 198 244 168 110 29 177 159 101 134 182 278 255 73 19 128 148 290 147 38 14
72 152 18 242 266 158 298 162 41 104 177 54 203 72 7 160 167 112 13 169 201 238
13 62 189 205 102 149 217 15 176 202 234 200 36 113 239 199 282 34 28 32 167 208 143
90 99 264 263 252 17 93 116 151 127 13 279 156 124 54 293 20 162 36 197 139 18 236
92 107 91 191 134 9 18 276 257 33 221 173 59 200 40 147 288 68 264 95 267 274
4 130 220 276 235 65 20 147 189 214 56 104 98 76 224 239 39 119 242 265 255 271
28 134 171 266 272 295 274 207 204 97 224 58 12 35 183 150 124 43 65 271 215 275 16 103 234 269
170 296 298 163 78 21 12 149 34 51 156 76 77 227 279 207 243 234 10 170 216 35 110
903 42 224 200 251 96 197 174 234 149 166 260 209 210 88 26 115 167 160 77 263 31 298
150 194 118 156 211 228 240 290 158 45 209 77 296 41 137 108 294 164 216 140 278 87
182 204 272 97 35 154 56 152 178 210 140 294 216 223 72 114 74 85 240 199 32 239 237
93 119 167 176 185 236 64 288 260 77 111 51 24 294 221 212 99 135 69 165 52 230 49 178 0 13
8 265 278 287 56 89 35 57 196 257 228 296 151 205 88 0 290 84 293 168 163 54 47 29
149 286 297 77 198 78 48 129 223 270 242 172 57 97 49 1 42 208 251 95 209 119 216
17 237 79 74 235 129 150 173 97 45 47 37 185 5 53 241 255 261 281 112 189 225
22 169 222 78 184 22 185 94 28 171 13 17 154 95 96 106 97 225 276 43 190 293 137
62 48 227 125 248 277 288 18 197 296 26 139 192 2 164 254 107 238 63 154 70
57 201 232 272 235 239 268 73 121 112 74 143 176 261 1 212 36 84 257 190 225 24 14 83
19 186 206 234 2 232 220 189 279 257 170 99 207 297 278 120 36 236 12 118 59 286 42 139
19 178 249 158 21 261 43 28 4 145 182 134 60 237 140 84 292 151 121 33 133 101 19
20 141 198 298 139 206 170 164 97 109 125 253 281 255 120 284 266 67 43 79 216 76 158 134
715 821 55 91 103 202 242 296 281 192 218 246 51 35 114 293 66 124 217 285 82 205 83 190 32 91 52
28 37 99 118 250 146 112 102 50 85 41 213 299 132 48 295 259 106 61 24 235 39 60 119 234
32 52 77 83 261 12 26 180 230 72 149 182 104 5 128 79 4 17 86 22 249 15 85 213 158
40 76 101 283 265 83 132 298 169 56 128 142 259 178 293 187 229 257 89 278 194 249 295 17
52 66 269 72 38 176 99 233 98 164 6 199 195 263 76 73 285 267 206 200 16
25 58 105 107 146 239 67 115 140 232 260 288 81 234 14 25 167 237 210 271 211 219 132 249 79 12
22 209 295 279 272 175 153 95 172 62 143 249 54 165 285 108 181 128 198 24 131 105 30
29 79 147 102 189 226 224 234 235 179 155 259 282 43 34 25 154 278 216 166 11 183
39 131 133 180 190 286 70 296 250 31 152 126 54 155 71 203 241 43 205 135 122 109 95 133 81 244
58 89 121 137 162 64 220 279 257 269 171 58 254 225 44 77 8 66 125 244 68 239 198
98 247 83 296 185 62 85 288 142 13 292 82 192 266 175 241 4 244 160 94 235 113
83 100 179 217 111 143 166 139 74 162 101 163 85 146 69 18 79 135 182 53 219 157
157 227 275 174 20 153 166 15 172 230 49 119 2 52 214 54 245 147 255 191 162 130
195 226 230 234 52 63 236 140 148 156 224 127 65 13 4 132 217 50 126 103 281 143 85
22 40 105 108 117 198 140 234 31 116 118 45 129 14 142 125 281 121 270 119 228 96 174 80 75 225
79 106 168 186 208 66 282 19 218 132 249 23 253 114 92 246 229 42 146 272 201 159 248 244 80
36 257 3 92 51 108 297 274 266 53 225 74 277 218 216 132 221 168 212 209 166 199
9 48 218 274 0 163 85 72 61 236 223 144 151 140 277 117 231 114 297 283 48 249 21 186
294 74 41 216 81 200 2 257 21 34 158 71 35 137 157 231 285 98 80 105 116
199 266 277 206 286 94 47 244 63 61 1 7 210 92 281 123 226 225 143 167 189 139
821 16 50 208 57 58 140 151 159 168 228 269 273 261 71 278 261 71 59 59 71 269 269 53 210 133 113 92 103 58 268 287 460 277 225 196 43 152 76 150 239 265 88 108 199 63 186 114 105 28 287 11 157
34 81 174 190 209 81 287 20 30 147 108 37 46 24 25 71 278 17 247 114 188 178 75 86 143
39 61 228 238 246 256 270 299 20 120 182 255 96 171 147 280 244 290 80 284 224 248 106 247 66 152 71 211
175 186 254 265 31 125 66 58 130 248 246 71 107 98 143 153 50 28 104 79 215 235 250 149
60 220 243 228 140 104 53 104 135 48 299 271 225 153 242 69 32 49 92 47 58 103 105 189 292 203 200 222 41 81 227 135 84 108 69 5 33 179 197 132 51 144
144 146 156 191 233 264 258 117 7 156 235 216 12 150 35 291 22 271 264 267 111 57 104 202 286 46
19 217 290 17 91 187 27 278 265 111 171 117 224 232 85 284 190 62 31 105 99 208 176
164 200 251 117 95 118 85 64 201 234 285 92 5 196 70 278 193 250 175 75 163
54 54 115 278 88 30 78 154 72 46 120 112 269 295 40 285 253 175 123 286 90
14 56 95 186 260 268 295 31 43 237 196 108 163 176 101 70 125 138 243 50 109 194 36 40 18 215
89 128 181 231 274 89 109 186 177 270 96 264 190 237 215 241 181 292 171 28 116 268 245 147 78
93 198 215 76 72 87 173 63 249 188 69 283 16 27 148 120 190 145 65 32 251 284 137
92 292 130 38 262 232 87 187 191 153 216 25 161 206 31 199 285 249 143 91 48 63
103 137 216 261 127 183 6 53 254 265 161 126 75 223 1 162 82 110 23 119 103 114 19 280
715 1 5 240 270 30 227 85 177 37 44 253 292 74 294 200 86 89 226 61 287 243 97 173 2
29 62 148 75 118 257 171 132 205 140 56 198 215 67 4 107 187 222 268 31 160 6 177
8 269 259 91 57 186 18 50 172 223 0 134 33 248 298 164 262 56 72 140 212 239
104 121 166 252 265 152 202 98 259 119 52 22 292 35 79 36 234 200 275 76 291 195 163 210 142
101 252 228 116 254 227 221 71 41 207 88 28 162 144 291 77 98 267 37 189 25 174
235 262 15 175 76 220 206 143 4 268 120 170 163 151 287 250 89 192 134 41 162
57 123 4 102 22 254 222 243 7 141 135 43 10 42 154 157 101 1 155 82 93 77
48 61 143 231 250 66 178 55 237 149 136 132 289 287 128 97 147 243 28 150 35 233 202 84 99
96 201 25 205 155 98 177 257 164 203 143 30 124 190 208 183 94 56 147 126 140 149
715 152 235 282 244 163 238 143 181 149 225 76 258 242 116 296 56 130 298 217 64 118 31
48 177 211 280 234 166 175 270 92 274 119 148 110 252 128 228 242 180 198 64 264 79 266 169
903 0 26 54 224 266 123 84 235 153 248 43 259 162 206 115 55 271 275 267 5 120 250 143 280 40
237 251 73 269 46 192 4 71 17 112 249 163 67 30 158 250 102 138 27 135 35 19
111 175 212 230 2 291 27 36 116 224 162 7 201 247 12 123 299 172 132 98 63 65 180 109
202 229 123 189 216 134 139 50 221 236 54 122 136 61 55 133 19 207 226 167 225 7 155 185 207 166 114 160 286 8 243 217 239 108 73 6 79 295 110 125 205 25
103 232 274 22 184 294 185 33 246 153 181 122 42 290 281 177 69 95 164 139 209 218
20 130 245 518 17 137 234 243 10 93 79 207 56 161 48 124 142 116 149 25 293 27 292 177
33 62 70 204 270 131 266 194 211 57 286 124 188 144 207 187 281 14 86 104 16 9 258 254 162
49 123 36 247 236 118 180 253 63 101 250 126 47 56 238 85 97 233 203 241 148
37 57 63 276 152 134 62 83 22 219 140 48 69 126 90 84 223 153 274 155 110 284 234 106
13 106 45 212 104 203 229 216 191 36 85 38 64 54 184 83 123 62 171 148 169 7
254 223 39 59 206 151 119 144 47 140 241 120 181 157 62 6 287 233 17 205 158 215 28 124 290 246 144 164 174 94 25 76 41 180 0 199 200 212 207 27 44
191 112 103 274 109 285 96 152 296 128 203 235 147 99 188 164 11 119 160 67 170
38 84 104 299 282 113 237 71 268 182 286 208 6 259 275 264 132 105 260 226 188 167 96
44 181 201 220 222 44 56 112 173 234 131 179 299 61 168 296 184 220 153 77 53 289 245 12 118
821 4 31 159 203 13 47 233 232 31 235 266 169 185 24 52 276 93 165 192 156 239 57 21 216
128 208 122 92 204 253 184 12 185 43 295 125 216 205 143 50 159 221 199 220 131 26
70 166 176 273 237 81 163 84 225 195 246 248 294 170 148 121 260 193 55 167 203 238 176 4
267 239 289 205 86 190 185 150 275 103 246 58 38 162 111 298 168 292 136 187 263
97 165 122 226 242 150 96 246 182 141 243 269 108 160 68 255 47 16 224 133 187 131
26 93 228 245 283 152 187 152 100 60 181 287 62 103 287 299 32 58 48 113 211 225 460 268 271 148 92 150 106 218 267 294 232 95 246 166 221 154 220 153 132 228 259 189 99
152 259 262 241 236 256 123 173 7 40 262 261 174 115 14 282 137 228 179 83 107 47 186 221 206 226 67 146 289 191 165 64 269 211 254 85 190 203 154 250 70 147 68
903 57 110 114 191 261 287 158 287 100 290 287 290 53 133 69 225 287 271 32 299 242 211 153 268 460 197 47 25 114 248 236 52 202 242 158 160 284 234 299 282 51 293 216 66 238
11 23 111 112 199 253 290 96 53 180 226 139 239 98 191 112 281 24 236 156 184 247 194 143 67 31 201
296 70 144 226 41 7 102 115 120 209 219 107 44 220 185 111 117 58 242 222 132
123 251 173 200 87 58 100 294 269 248 70 285 197 133 34 6 22 14 219 95 292 227
271 56 6 121 35 277 144 255 60 110 29 27 164 187 10 215 194 41 250 205 163
105 159 130 132 51 186 197 230 70 43 118 263 281 95 91 6 277 190 75 295 244 67
12 22 110 184 188 213 220 221 232 261 26 184 236 172 193 38 108 3 176 124 204 252 298 10 117 30 62 106
111 183 291 273 21 295 285 94 110 132 114 254 267 193 258 245 219 184 66 154 67 190 284
207 225 127 210 150 129 235 148 77 213 227 284 291 285 240 29 118 19 146 130 216 128
21 120 159 231 255 296 126 210 277 6 52 271 108 236 250 153 274 8 169 137 243 33 16 18 293
155 200 58 134 256 290 37 34 84 159 18 148 227 265 143 211 147 70 259 263 266 192
79 153 93 145 85 60 64 57 215 274 231 267 118 7 13 208 240 290 109 129 295 40
28 80 116 133 146 148 197 276 108 200 140 6 170 127 11 9 98 224 184 211 15 51 142 149 65 194 174 271
162 171 22 68 181 289 296 255 278 191 81 221 53 253 171 299 37 125 15 76 49 257
22 142 144 266 104 85 140 117 71 234 153 158 272 99 9 37 141 21 32 137 42 259 280 237
2 135 145 186 262 212 145 2 65 193 279 134 29 160 232 82 22 297 209 161 149 79 200 8 244
241 90 132 217 79 244 27 192 40 143 102 66 150 7 71 169 108 196 89 175 26
821 188 175 44 110 61 62 75 268 90 37 137 73 146 58 284 166 6 148 160 222 212
821 37 99 283 182 55 53 141 74 29 222 42 169 160 43 286 135 248 13 132 116
74 74 72 281 168 223 101 13 137 97 129 26 264 190 40 35 114 262 135 142 160
101 167 25 151 76 12 248 62 136 79 285 70 38 292 212 9 256 139 178 135 258 14
903 81 172 195 444 258 134 191 197 16 247 70 9 47 81 237 147 183 6 84 267 273 109 20 242
233 57 64 10 288 91 62 298 130 216 122 274 42 9 176 79 55 16 20 38 186
131 142 145 237 242 279 283 251 69 176 234 116 217 106 298 74 55 218 173 126 293 133 260 72 174 169
917 33 58 62 70 95 188 10 123 197 194 151 227 252 167 286 18 144 157 275 80 281 175 211 190 171 76
40 45 94 248 172 111 128 200 162 69 80 261 202 119 251 214 132 104 283 82 127 148 145 262
117 123 126 270 194 54 258 96 153 122 282 218 93 272 280 161 284 286 226 50 144 224 116 20
29 33 82 176 213 92 70 236 215 117 42 47 280 230 16 288 144 89 203 66 104 247 76 293 208 79 266 168 132 145 139 244 127 27 24 117 277 21 36 56 236 109 63 144 254
140 337 291 77 275 185 84 175 205 166 113 21 22 248 258 161 43 203 231 72 10 104
94 187 287 116 243 147 183 140 85 149 153 260 83 82 272 17 18 273 51 78 174 37 109
903 26 29 37 88 220 269 297 134 112 178 25 45 58 26 146 108 288 269 53 248 201 28 10 205 109 164 186
1 72 119 243 146 200 18 286 198 46 102 5 54 20 276 188 214 255 92 21 110 111 127
