60 156 157 294 249 27 228 113 112 278 258 257 51 134 280 242 211 173 185 265 141 193 115
24 27 151 180 219 256 283 83 797 209 223 876 939 633 156 412 956 441 325 855 26 81 741 419 361 915 801 27 56 259 175 284 104 158 295 130 145 172 247 251 126 48 282 24 33 283 42
74 233 161 115 259 75 66 225 257 135 266 223 258 262 269 209 231 163 233 118 143 227 90 283 285 183 228 130 235 224 21 244 88 147 168 232 67 163 172 202 218 109
23 166 289 40 238 286 96 169 83 176 146 230 55 185 186 76 69 229 24 159 63
619 178 280 73 120 291 212 297 60 289 138 179 31 105 165 49 273 175 152 282 176 234
159 282 75 273 8 197 278 265 190 271 234 122 253 43 100 17 0 118 163 297 116
18 88 130 196 242 276 284 296 11 196 102 107 285 160 46 213 223 35 283 70 61 120 286 38 214 253 123
42 246 257 261 165 236 97 127 290 139 12 224 173 163 228 234 225 247 76 79 223 47 198 13
41 176 280 235 118 269 137 75 236 35 156 74 148 231 63 255 99 248 243 181 23 111 49
29 144 16 277 216 100 236 20 164 292 98 203 7 196 62 176 171 130 266 219 192 37
31 34 47 133 161 162 9 56 88 13 181 33 277 286 118 36 297 183 109 138 167 10 116 108 175 86
195 240 290 181 38 98 162 193 80 90 7 281 78 159 79 63 234 53 23 217 258 84 177
183 424 133 248 196 200 253 134 125 227 39 88 166 5 269 22 170 174 272 154 75 290
8 16 254 282 139 17 256 52 275 184 121 79 134 203 287 261 290 271 186 70 113 282 244 45
130 222 283 264 130 238 183 274 146 133 34 65 64 224 155 289 256 3 234 15 61 199
93 128 195 206 276 205 189 280 235 179 264 63 11 119 274 15 256 220 204 197 172 165 120 173 7
19 159 209 157 193 279 250 71 53 49 25 15 99 265 43 18 290 0 90 242 295 282 274 261 79 257 183 10 176 297 214 204 140 167 239 38 158 62 236 19 24 255 92
59 65 88 191 214 235 143 13 102 47 239 191 134 284 150 125 140 246 297 248 278 281 138 30 214 50
61 156 196 239 259 290 293 5 103 93 232 177 42 282 230 298 197 128 106 170 127 141 130 184 142 231 15
738 9 79 122 24 77 95 92 113 132 293 256 123 174 54 4 199 0 153 61 272 111 143 228
226 196 0 10 51 270 193 121 109 187 217 192 184 283 229 227 71 47 213 31 16
278 16 14 92 79 214 55 0 220 289 252 113 294 267 58 196 33 81 142 251 245
219 181 184 246 99 21 79 64 292 167 171 0 250 297 35 26 69 78 182 180 126
89 168 80 280 12 214 108 169 247 204 243 178 79 159 189 249 150 109 259 165 53 72
3 201 277 148 75 52 210 298 94 207 164 154 184 50 83 106 34 178 132 270 255 196 197
62 152 177 103 57 16 230 247 98 82 235 281 250 81 80 212 97 168 138 203 290 153
249 299 236 97 57 92 232 235 143 201 38 163 267 45 128 40 289 215 132 78 120 295
23 98 277 243 85 23 46 18 137 63 70 188 197 134 205 74 111 262 292 1 179 247
0 251 267 292 180 288 243 128 217 129 116 204 69 94 97 278 89 50 126 156 209 176 148 179
114 208 42 226 196 187 124 186 157 139 224 202 105 66 131 199 106 181 18 112 94 158
34 118 214 229 24 79 164 146 8 295 45 152 283 114 189 235 55 292 244 222 56 106
51 259 133 290 73 100 95 241 103 13 70 35 223 53 196 179 21 141 260 105 33 117
120 172 89 42 237 163 177 36 91 61 199 191 201 48 222 16 84 232 259 44 225 142 34 6 234 23 239 257 259 20 167 200 242 229 52 152 210 211 7 298 10 121
49 99 156 278 105 230 136 175 39 64 141 279 34 0 280 10 91 159 180 100 79 75 114 197
10 165 169 208 217 234 297 30 27 116 155 91 272 84 31 99 247 232 93 266 169 105 147 90 140 41 4
15 108 238 299 172 230 49 171 28 4 114 90 156 167 33 40 39 282 253 203 190 239 275 266
123 299 269 220 172 281 11 13 21 28 163 54 145 205 166 7 80 180 287 81 192 20
10 30 217 424 166 63 280 157 27 293 106 148 282 59 30 33 25 93 190 40 3 193 161 170
47 65 104 144 163 221 154 165 145 212 39 208 48 55 122 29 155 250 257 68 46 160 259 291 91 77
58 244 251 265 120 266 97 32 211 4 68 100 208 253 10 94 297 290 159 184 200 212 177 224
69 92 167 74 61 248 29 268 177 63 282 263 297 266 186 191 161 93 60 221 172 155 56
161 247 109 177 25 147 80 136 65 203 91 143 178 93 83 85 288 185 3 182 166
187 165 54 39 243 10 117 93 215 228 60 208 104 19 49 201 113 227 211 106 226
90 278 258 75 229 205 288 51 67 230 96 285 181 265 69 195 59 70 159 199 123 179
150 191 271 116 166 99 115 282 211 50 63 285 267 84 126 156 247 123 118 245 18 193 85
66 129 296 179 144 254 45 167 240 183 121 228 160 37 116 55 225 239 69 1 89 262 108
121 168 202 218 168 196 34 48 131 217 173 63 54 282 165 299 156 142 184 3 240 71 278
38 81 21 52 134 219 153 161 115 273 272 173 156 283 240 40 125 31 98 251 34 177
111 246 294 182 65 284 226 102 81 94 209 201 126 50 17 129 143 217 232 191 170 31 87
221 238 259 424 182 141 185 53 213 129 69 17 215 139 40 287 201 214 158 198 237 269 119 227
148 184 235 256 297 62 234 37 108 130 213 219 235 266 152 214 240 239 265 110 36 215 63 50
983 24 29 154 162 212 198 143 64 192 112 26 146 129 152 242 65 190 23 186 100 258 109 226 231 114
120 229 199 35 181 40 216 287 276 196 6 62 180 61 66 80 30 43 244 175 218 191
41 81 154 271 276 38 165 183 255 90 198 213 111 215 105 117 58 259 209 237 112 171 45 97
738 62 186 287 424 252 72 44 258 26 287 149 6 127 231 271 30 279 59 11 68 208 4 170 58
133 284 249 21 276 152 275 25 291 109 102 189 59 134 200 164 283 288 218 57 90 287
162 206 29 197 121 126 77 86 200 127 178 42 15 43 118 13 106 187 115 230 286 60
852 80 114 181 233 232 209 171 19 53 229 179 216 157 168 92 45 119 98 66 134 63 140 284
47 146 172 285 91 276 160 238 146 173 164 223 41 35 60 252 102 224 267 295 109 270 76 74
167 288 110 51 98 265 249 120 82 105 59 148 237 262 153 8 192 195 87 254 79 137
256 259 37 290 259 118 82 160 218 149 282 103 141 264 130 178 202 144 204 243 163 111
99 157 234 266 88 234 90 48 108 197 96 57 174 135 19 32 153 228 284 293 277 178 186 269
574 41 194 33 75 156 79 228 171 235 98 221 155 125 9 163 60 0 170 158 183
665 27 120 191 88 163 128 119 158 82 6 123 63 156 132 166 32 155 254 95 33 84 164 114
738 191 217 297 159 91 32 75 84 173 166 49 146 81 293 57 70 296 232 158 285 162 3
232 269 424 196 292 53 117 29 285 15 110 93 94 162 88 188 182 5 16 166 34 280 289
210 23 41 152 285 120 17 111 283 163 243 30 237 36 97 18 195 146 208 250 86
196 269 243 222 244 91 166 257 68 208 136 145 192 177 18 20 9 202 19 65 216 2
876 6 79 125 299 333 128 128 128 217 2 233 42 874 157 219 816 470 265 276 985 16 46 195 67 542
120 164 184 185 189 45 1 276 209 287 243 195 218 114 63 79 151 191 290 96 6 283 109 75 166
24 167 209 234 279 276 272 280 176 82 136 191 83 114 240 220 14 200 267 215 179 165 221 247 107
39 185 236 246 10 112 253 253 127 30 141 265 3 127 542 269 941 259 276 166 213 197 134 136 928 195
225 148 76 76 120 286 254 140 64 286 132 177 73 70 213 198 288 275 28 207 156 63 167 192 35 70 22 78 284 265 2 270 222 100 210 179 165 264 135 144 198
0 141 209 276 165 122 237 224 235 86 288 227 209 17 175 274 142 174 277 283 153 66 21
21 55 264 88 10 229 1 77 170 16 11 87 143 150 42 234 31 202 226 282 272 97 13
163 239 254 23 28 97 138 295 181 111 217 278 159 231 39 44 253 49 78 187 116 273 86
3 7 47 114 175 264 88 279 109 40 10 65 275 142 141 140 94 230 81 144 91 148 202 146 122 111
24 136 237 257 277 243 18 16 228 157 114 211 147 155 178 145 43 257 185 120 26 12 28 75 233
88 262 289 245 131 249 77 125 258 260 30 82 135 27 263 202 9 232 205 284 240 43 67
48 67 83 333 110 83 116 272 180 162 16 82 184 39 244 8 34 104 87 189 182 226 21 20
58 104 191 215 263 250 53 256 36 41 98 229 244 234 163 203 195 113 133 174 158 62 246
58 222 244 269 283 65 21 73 249 227 17 166 77 64 119 200 5 35 146 244 89 255 224 253 150
107 191 202 296 183 251 223 269 18 1 92 13 148 291 62 140 49 258 26 293 243 254 205 54
99 113 180 267 110 103 43 143 298 202 238 10 147 3 280 88 108 152 25 240 174 279 96 288
24 60 100 276 81 32 252 150 120 132 0 227 56 221 156 1 232 115 62 79 145 138 206 298
12 58 210 88 290 181 297 206 42 204 35 191 250 295 18 137 5 252 152 151 202 213
52 98 263 138 122 118 71 88 172 13 238 261 277 186 27 251 180 65 20 146 79 92 142
852 18 235 276 77 250 164 279 179 142 271 261 152 251 141 72 298 9 20 230 161 246 18 242
221 276 424 243 141 40 12 107 46 144 290 247 271 209 0 228 20 148 151 88 227 85 275
121 160 236 251 273 21 141 137 103 266 42 53 158 238 133 153 212 166 155 172 272 106 113 293 159
7 255 121 297 298 97 22 188 236 180 103 140 125 7 256 239 63 69 285 197 124
665 41 61 77 42 40 135 284 233 211 279 254 252 75 33 25 69 112 124 203 214 137 217 246
206 253 173 145 192 140 20 89 33 289 62 141 297 3 190 114 108 172 58 187 119 131
180 29 99 199 80 176 120 148 104 215 263 69 115 150 46 157 202 275 76 93 13
27 65 118 50 245 155 163 263 270 241 119 260 273 271 161 32 276 235 195 202 120
38 190 192 75 79 219 238 22 145 242 144 243 275 11 244 48 172 62 109 261 164
852 64 199 241 270 160 247 34 110 82 59 0 44 242 271 63 273 139 287 231 2 172 122 259 265
115 157 196 289 160 291 108 167 95 280 139 221 208 6 227 136 96 157 234 127 194 124 123 45
136 166 199 201 231 258 185 14 3 272 179 265 248 277 33 90 177 35 188 274 186 42 22 18 149 79
104 111 222 289 16 77 87 271 31 90 160 281 108 177 21 296 95 44 212 57 171 111 187
5 233 298 214 190 26 56 166 75 134 19 142 253 167 164 15 73 233 258 240 109 123 122
60 239 175 197 238 48 59 198 130 271 202 274 281 200 41 242 191 167 128 204 98 180
56 230 293 195 187 118 256 4 101 2 20 89 59 112 100 76 37 52 139 97 26 122 189
86 136 180 173 32 188 45 136 90 103 241 57 119 267 198 215 134 9 75 272 48 61 46
3 30 55 273 194 216 58 164 102 254 99 208 202 4 268 66 168 180 120 16 73 204 186 133
248 34 72 245 181 293 12 24 157 19 266 193 17 183 116 259 164 175 291 148 94
62 93 284 33 265 26 52 242 261 99 181 155 206 268 89 191 113 82 13 25 45 266 291
36 137 198 53 79 160 278 293 296 858 76 6 176 6 218 6 176 218 175 27 683 61 116 911 229 222 195 213 928 211 248 159 46 219 33 174 169 266 22 173 156 85 126 154 35 291 30 2 277
131 132 248 71 80 149 876 133 6 226 218 858 176 726 218 133 54 697 126 166 941 542 213 197 229 195 102 196 55 70 155 56 157 89 193 226 295 29 147 5 18 154 95 150 174 106
11 48 264 333 31 183 268 101 160 295 40 90 32 259 230 168 15 227 112 249 43 278 204 52
110 137 139 182 202 213 61 16 203 45 278 252 240 9 75 39 90 215 55 101 182 50 267 217 3
53 194 198 264 137 222 14 161 100 223 288 206 7 113 43 287 125 211 194 16 18 165 145
172 542 136 240 51 204 256 173 246 117 71 253 88 76 203 116 108 25 42 166 190 230
268 77 251 280 101 126 249 76 68 1 99 10 146 6 275 100 65 118 253 210 103
273 293 84 194 187 93 105 200 34 196 76 62 6 38 259 140 233 53 1 149 31 10
83 138 218 26 146 261 283 295 21 30 73 30 30 630 127 289 276 116 195 61 683 911 941 126 166 928 144 542 118 14 55 223 263 261 74 232 99 219 134 76 274 246 226 290 22 185 35 109
98 215 19 25 167 221 243 262 278 262 76 73 203 204 77 76 204 282 179 187 173 66 138 84 253 377 154 85 45 160 204 92 5 191 242 253 281 105 271 85 47 209 77 232 265 10 168 102 64
61 287 38 124 179 210 208 201 135 131 270 295 62 53 106 277 91 261 96 244 186 203
94 106 133 248 88 174 144 131 148 206 95 25 52 68 261 210 199 108 192 111 7 270 213 275
264 293 153 67 128 295 139 64 70 9 156 2 41 27 110 288 275 115 234 267 241 244
235 293 425 70 72 83 197 129 76 48 18 105 3 68 120 74 245 264 184 2 297 183 82
38 74 94 157 255 287 31 155 187 96 240 113 220 153 91 129 144 218 30 104 106 79 276 200 29 289
925 3 17 123 146 299 333 852 84 80 140 241 80 86 241 65 268 84 86 218 41 80 244 169 291 93 276 84 272 262 248 272 262 262 272 259 259 272 247 38 881 278 146 542 168 18 967 249
37 107 202 39 146 112 268 135 160 129 8 49 207 239 26 296 87 194 130 213 273 46 178
1 45 128 165 425 274 95 219 138 279 257 288 45 125 170 162 250 259 252 54 171 265 2 59 160
112 25 162 109 297 155 28 273 200 184 227 231 70 84 296 156 118 41 53 14 69
20 253 139 143 259 242 14 151 112 270 138 92 161 170 26 262 131 177 101 166 40 276
26 272 219 63 68 56 124 0 182 174 137 54 172 151 141 82 261 66 227 90 28
201 225 32 118 242 8 87 109 101 169 236 249 298 202 296 54 10 172 234 244 291 98
71 110 207 381 39 53 2 84 7 48 7 135 86 140 7 93 298 80 127 218 84 90 251 276 383 250 130 119 132 264 135 158 112 152 222 159 36 261 20 125 155 25 211 35 89 14
0 136 96 97 138 139 205 111 903 268 749 205 205 205 111 725 66 154 45 712 282 454 200 175 187 262 84 86 279 283 142 289 298 56 111 299 258 276 84 130 260 183 147 89 182 155 181
738 13 88 207 217 240 277 31 208 22 216 202 104 277 162 74 76 151 83 279 88 35 293 194 43 9 189
187 192 220 665 59 167 292 135 18 150 481 189 52 85 85 481 251 456 291 15 19 50 332 375 375 269 25 278 254 17 220 100 133 95 3 172 245 249 219 23 42 109 246 14 178 93 284
65 197 211 228 7 214 24 149 69 285 211 20 145 280 223 203 241 87 46 196 122 120 173 112
122 259 270 425 10 294 97 195 208 97 289 176 195 139 80 169 251 250 84 267 276 131 291 127 244 41 97 164 65 84 171 46 81 117 138 240 270 76 21 259 225 108 229 203 63 162
33 276 134 85 197 227 287 251 284 140 133 43 13 173 38 127 175 230 297 124 278 104
5 115 1 120 154 229 63 151 5 215 239 141 97 171 95 183 232 220 263 294 264 256
107 187 199 424 187 189 216 90 203 291 124 195 215 114 103 214 278 206 99 162 208 220 264 32 133 121 45 262 231 256 16 252 288 145 247 206 221 222 11 102 273 13 146 128 68 119 187 265 60 172 194 126 162 159 202 75 198 165 136 102 244 156 28 287
104 220 852 876 17 33 143 73 366 481 85 73 366 366 205 679 332 19 708 101 375 251 269 542 15 247 121 4 114 23 193 188 227 241 251 228 282 289 82 36 143 76 253 70 149 226 294
230 258 58 93 251 274 832 435 179 110 832 435 110 179 179 697 571 226 715 54 103 39 102 920 15 697 154 28 25 54 206 229 268 13 220 181 263 226 148 170 231 255 151 259 82 247
903 114 277 45 114 161 161 18 5 204 12 262 204 12 12 88 38 173 187 84 85 154 179 23 66
105 233 221 51 204 832 784 272 128 36 133 77 212 80 243 197 130 111 22 249 188 80 271 240 289 224 258 147 5 110 254 85 4 152 115 102 237 274 284 217 52
903 37 50 64 49 56 175 62 203 204 251 198 22 259 263 65 235 176 48 233 51 266 172
25 79 726 84 100 177 215 221 245 204 204 872 47 133 133 246 126 136 683 269 61 259 911 542 928 941 195 134 166 211 99 216 188 151 18 207 158 73 100 56 69 125 185 271 162 90 58 140 229
246 289 34 120 134 164 282 333 425 73 87 93 77 93 87 149 485 149 73 149 157 139 715 37 223 73 881 211 242 132 68 47 262 181 283 108 287 60 201 87 98 231 200 210 202 292 224 270 265
50 185 188 281 333 424 42 263 133 41 48 61 45 74 229 34 81 72 104 54 170 207 35 132 109 198
55 82 89 196 61 400 144 82 165 165 410 920 510 54 305 90 201 924 102 109 530 715 656 15 254 99 194 134 297 294 150 148 237 227 196 290 19 201 62 249 59 13 228 225
15 17 179 196 266 20 72 90 93 242 118 222 47 137 118 137 69 69 658 876 658 787 126 144 134 542 213 116 222 166 149 101 116 263 98 30 44 296 258 240 160 129 225 185 78 237 278 213 54 156
82 217 287 218 59 12 117 45 63 22 232 178 58 194 13 72 207 52 101 16 288 247
7 152 177 6 72 92 50 160 124 22 245 263 237 144 11 12 150 262 161 37 32 0 23
852 30 120 259 514 50 9 253 261 292 297 234 206 81 181 108 258 141 143 207 82 199 298 283 237
63 67 90 218 282 285 30 92 140 33 85 279 35 167 243 21 299 283 246 112 88 147 146 173 100 70
206 142 77 212 281 39 183 74 272 152 31 38 202 128 249 19 104 132 93 33 233
3 200 114 143 126 207 216 3 96 75 4 247 261 86 276 60 175 177 74 185 118
105 268 425 198 176 54 121 250 273 120 287 134 265 253 174 223 261 172 235 63 7 42 278
726 79 107 298 199 251 22 137 43 114 231 66 171 229 83 230 59 143 165 247 166 267 129 81
0 61 77 88 122 137 230 62 206 237 298 6 107 40 178 176 220 141 115 152 196 123 208 134 139
22 81 259 58 205 161 80 68 129 284 138 26 112 259 0 189 17 215 38 216 224 117 243
2 48 237 282 50 289 166 238 258 22 253 235 186 176 197 88 264 84 36 212 90 8 180
6 251 425 154 93 218 37 197 5 117 48 34 201 9 84 151 211 86 226 153 67 18 194
8 135 274 425 256 89 36 218 268 6 261 134 165 101 273 178 265 254 128 70 45 3 121 295
977 97 35 130 165 90 288 980 249 255 165 26 249 26 26 288 84 173 23 253 187 282 200 712 271 89 52 43 187 214 19 58 197 210 225 171 90 251 161 101 158 121 172 265
39 136 183 204 200 212 97 45 253 190 99 135 22 192 224 86 191 6 62 158 52 175
10 40 232 115 239 171 0 179 200 170 48 127 65 224 250 64 134 122 3 215 199 195
5 106 282 48 191 143 98 194 99 84 244 10 33 261 93 108 139 221 229 64 85 270 126
169 264 204 59 161 143 31 98 15 73 194 214 293 279 257 50 116 77 67 43 142 93
31 112 228 263 292 258 266 865 469 865 361 915 183 867 865 409 867 273 109 671 380 191 89 575 126 293 928 232 133 169 165 204 16 178 141 287 7 104 214 175 62 24 15 160 50 225 173
94 108 214 108 180 298 90 90 207 705 207 226 207 207 207 753 753 226 180 147 296 160 294 183 59 725 330 634 749 634 722 722 749 330 152 192 133 496 172 149 30 277 434 992 274 122
977 185 234 201 163 245 293 14 169 217 181 5 235 116 32 180 82 216 284 104 31 156 298
726 19 105 177 239 261 182 3 186 68 53 248 1 195 60 109 232 151 207 268 267 70 10 264 209
291 203 660 268 524 974 753 753 79 660 660 294 187 68 67 296 59 183 139 113 69 160
