187 215 221 248 417 104 209 293 158 233 163 56 176 58 184 137 246 214 196 74 7 174 165 116 8 177 181 85
585 72 77 169 417 853 3 187 305 316 527 366 953 104 217 84 693 371 259 891 805 838 884 689 784 966 631 755 436 515 50 115 452 759 353 146 554 514 277 293 50 293 853 37 168 253 515 221
117 111 209 127 34 242 248 105 244 56 122 187 239 7 120 67 220 179 206 36 119
811 20 231 277 615 17 40 96 382 869 18 152 795 69 125 20 813 86 818 232 199 30 272 203 212 866 83 44 258 124 272 91 149 12 296 268 4 173 104 156 196 174 97 162 190 283 71 181
137 281 297 151 27 171 64 31 26 272 192 53 220 172 295 41 150 282 160 279 298 133
62 182 259 72 256 86 43 258 280 215 149 76 192 208 231 48 7 95 16 128 200 67 110
682 818 71 95 198 232 266 418 49 30 183 289 283 152 218 131 181 183 162 92 13 177 540 55 903 109 284 114 214 20 31 24 241 160 175 285 103 100 137 231 29 71 286 200 221 192 258 173
191 188 106 215 9 119 219 255 172 277 108 224 74 101 218 227 132 1 52 252 199
272 279 180 87 225 30 64 192 105 49 53 251 54 281 200 137 20 214 293 182 126 97
84 130 141 251 5 37 162 193 243 255 280 500 135 245 76 244 144 77 188 188 50 230 802 77 149 12 90 916 39 715 924 537 127 149 269 207 66 35 54 195 296 2 62 34 298 122 213 255 128 271 166 151
68 222 50 41 160 110 235 161 179 59 223 134 40 164 27 277 44 153 269 260 279 264
174 196 171 44 54 69 33 198 3 233 251 96 71 133 103 219 109 277 283 211 180 247
7 61 68 195 237 271 266 236 230 170 184 98 220 254 102 87 34 277 284 237 177 188 245 224 22 0
15 85 94 286 52 246 10 219 254 173 289 97 69 902 185 106 100 50 618 129 236 19 385 188 273 54 225 49 247 106 222 41 64 7 25 242 127 137 251 3 274 136 235
89 126 171 216 68 181 141 97 94 237 98 57 188 65 268 176 293 60 19 224 157 236 77
853 126 170 206 297 25 4 266 51 201 175 26 262 14 53 273 6 242 125 236 143 187 172 261 91
9 143 270 182 34 14 193 193 14 14 172 175 71 71 257 23 46 241 271 176 74 180 96 175
147 195 210 246 248 267 94 129 130 284 154 296 106 229 120 618 236 176 19 69 287 222 50 228 902 290 187 94 291 124 95 135 44 286 0 205 112 66 144 224 130 183 4 261 196
116 144 221 266 232 30 185 169 122 212 178 257 55 194 155 291 163 201 250 46 161 219 15 123 26 275 265 102 145 146 13 270 27 210 0 181 186 46 143 291 167 288 37 205
160 128 128 155 128 80 155 19 252 107 298 153 199 257 75 62 263 168 184 148 35
75 99 210 208 192 94 272 8 240 39 198 44 233 127 294 234 123 152 56 84 244 215 167
24 143 146 218 32 202 205 221 248 204 190 97 196 142 285 71 715 103 65 916 39 604 90 102 13 201 56 54 109 30 279 158 25 168 244 286 164 175 140 187 207 247 69 68 191 182 299 50 293
129 209 230 170 26 473 240 61 26 26 264 138 103 192 173 186 127 183 139 27 100 50 175
97 232 330 115 207 236 145 57 187 65 134 205 258 202 292 6 262 217 125 31 149 280 181
229 250 213 14 28 211 65 23 180 230 191 137 199 160 0 150 185 106 179 51 171 38
177 202 254 116 19 191 86 5 92 14 237 250 23 171 36 220 155 195 136 130 65 271 111
213 108 42 0 11 254 48 158 23 180 100 284 214 6 25 290 282 30 166 41 96
144 168 236 282 52 107 179 272 209 77 243 61 1 247 141 54 4 88 160 201 289 18 248 41
17 172 212 218 228 277 274 238 26 93 212 158 298 135 250 180 104 85 21 102 105 117 258 247 0
153 160 49 76 50 244 138 152 203 146 274 62 236 52 156 133 176 93 109 248 173
10 73 110 106 189 61 222 163 299 217 202 46 289 168 81 251 162 60 191 268 145 155 73 267 293 244 99 189 126 250 202 207 219 210 58 271 12 83 258 197 211 255 263
128 144 186 201 235 84 226 186 235 273 247 31 280 136 149 123 287 282 193 241 256 263 74 30 59
24 115 190 16 29 234 226 89 244 244 186 244 286 115 14 69 176 287 127 902 129 228 106 120 105 50 21 220 131 118 92 61 146 298 28 81 229 82 98 106 144 156 191 263 249 289
18 59 70 184 285 103 239 270 247 149 215 79 104 247 271 243 79 243 79 79 294 54 39 916 604 15 102 94
8 87 276 268 79 247 19 247 268 270 54 243 109 102 604 537 201 103 54 12 294 94 90 263 2 254 157 199 39 267 51 179 19 37 27 80 152 295 198 5 251 234 228
26 139 235 79 262 273 204 35 282 186 247 8 140 185 158 19 214 15 197 80 90 193
51 257 122 156 154 53 128 156 156 122 53 183 50 186 248 250 139 87 168 202 127 27
89 140 245 257 287 200 3 211 32 269 137 245 246 18 273 257 218 125 33 285 191 39 96 123 140
289 112 223 175 132 174 79 54 142 103 284 197 164 170 267 130 32 126 116 35 260
172 236 262 330 286 299 199 267 191 178 61 275 188 149 245 158 139 31 252 218 120 254 291 126
225 240 176 62 25 103 66 88 52 292 147 150 180 284 140 168 111 70 192 206 28
853 25 65 180 173 289 151 266 183 205 173 173 135 38 152 910 705 429 87 149 381 168 255 114 49 33 41 59 231 132 56 227 83 288 168 170 285 183 284 17 107 127 19 224
30 39 154 220 256 297 60 209 248 290 92 49 103 130 73 188 129 22 229 51 2 294 264 201 140 147
1 8 156 177 274 251 182 35 205 285 16 184 230 192 224 103 95 12 90 295 178 67 147 223 162
60 183 22 108 130 241 78 226 171 258 26 252 174 281 225 220 74 251 124 34 13
94 107 135 256 292 80 215 21 11 45 15 62 148 89 75 34 94 216 78 297 123 219 265 242 291
134 147 188 36 84 77 165 278 203 124 163 286 55 187 224 209 90 149 120 72 262 13 34
853 64 124 261 246 14 29 17 66 167 255 2 296 63 137 139 274 284 156 209 40 265
666 138 187 223 247 249 37 250 20 285 93 24 94 119 246 186 147 294 228 132 189 91 156 36 240 71
79 244 259 81 22 224 43 127 88 162 60 30 226 283 266 146 219 21 252 210 68 73
37 99 203 281 212 280 180 18 288 74 97 174 290 191 271 67 205 3 51 211 297 59 243
63 216 270 8 273 144 185 133 1 224 232 245 17 230 142 91 278 102 257 196 204 168 79
686 71 237 277 160 42 251 146 279 47 143 22 98 118 57 147 19 140 265 267 69 126 208 236
34 223 248 163 64 30 116 197 230 264 159 81 219 166 139 202 196 82 141 189 44 83 262 97 5 170 134 152 120 187 233 62 272 168 166 112 135 70 121 224 217 136 39
65 105 130 155 270 299 127 128 143 254 246 131 190 9 16 157 143 131 246 115 618 902 106 50 185 176 127 236 200 134 69 70 222 8 111 7 287 100 193 252 261 55 52 99 227 192 36 212
226 244 281 130 231 251 44 251 180 210 291 231 291 208 99 153 143 104 168 262 353 199 107
141 32 114 193 229 119 119 278 111 111 9 235 246 119 220 14 176 287 255 618 236 50 120 129 41 251 280 163 284 175 13 129 259 54 213 246 33 83 78 58 214 52 185 291 2
47 224 124 185 62 164 233 38 63 13 196 201 277 293 117 219 250 249 276 225 200
46 137 173 215 263 220 105 210 102 29 235 228 253 176 92 282 30 281 246 1 290 226 222 297 53
135 166 280 176 68 33 101 224 249 196 143 187 185 72 24 172 271 167 90 181 294 238 81
150 181 216 79 290 90 298 80 293 44 135 225 166 110 42 294 284 229 279 114 260 41 216
33 252 296 86 11 195 293 124 63 188 283 290 253 51 110 271 189 247 125 257 172 163 211
136 186 247 252 72 238 1 250 69 9 135 153 63 143 216 102 128 274 242 287 98 155 17 3
145 248 101 93 146 23 188 121 167 85 116 132 186 299 108 217 127 173 74 56 28
246 131 222 132 256 1 40 267 272 69 253 288 120 177 48 153 271 238 213 255 146
54 61 72 198 261 270 287 17 137 198 31 260 168 84 160 256 100 146 122 270 152 98 28 293 157 226 219
241 151 256 165 189 111 202 243 0 16 94 52 155 209 121 237 181 139 80 132 47
29 117 173 88 291 151 225 196 10 37 94 77 180 140 16 116 248 68 275 62 156 7 268
50 174 255 0 9 85 80 78 264 248 21 165 96 151 255 95 149 81 50 249 129 161 13
5 149 152 237 243 245 122 163 241 180 18 225 106 110 177 187 42 96 56 181 293 266 70 267 283
131 139 196 216 276 277 108 28 137 267 46 205 244 140 256 77 235 151 273 80 159 239 265 60 190
21 133 170 178 259 120 50 11 280 286 216 187 3 294 163 27 14 19 186 133 4 30 226 222 106
27 62 182 200 233 174 115 253 12 178 27 279 142 217 272 246 2 10 140 24 48 171 224
131 132 166 244 202 91 259 227 283 176 276 71 10 96 175 217 90 4 7 102 105 87 252
23 197 279 236 128 195 233 121 239 25 102 106 86 55 244 52 211 175 286 254 155 226 110
22 126 195 232 225 175 18 266 181 71 208 236 219 237 75 240 268 47 7 170 110 251 187 148
107 261 277 0 108 173 287 117 174 6 202 284 97 182 19 87 297 134 61 47 9 84
130 197 202 230 286 137 39 19 60 117 280 142 281 194 72 84 109 83 5 274 97 50 228 159 69
55 177 284 122 223 238 188 303 385 230 385 415 78 14 129 287 220 185 902 120 105 106 403 115 236 259 138 172 66 113 270 120 15 258 62 125 237 189 235 226 144 178 21 102 17
33 47 77 81 233 330 5 243 218 193 201 226 195 204 94 198 184 199 80 233 223 175 41 11 141 139
227 292 183 539 72 539 539 72 149 120 159 175 476 104 75 69 298 153 257 263 143 262
145 214 76 17 157 34 289 247 280 61 117 119 216 223 140 297 19 81 230 13 242 133
43 166 3 46 226 224 78 219 228 65 156 178 271 208 218 281 256 137 127 125 161
20 73 165 79 237 103 155 138 239 33 223 4 64 47 197 258 295 142 76 294 232 156 165 165 809 935 386 872 386 165 809 183 207 103 186 168 212 127 173 248 175
52 190 204 213 214 123 165 116 289 278 165 217 217 29 191 303 284 677 102 188 210 75 152 233 131
23 62 111 215 158 43 11 164 87 276 71 30 102 114 49 16 75 138 271 130 222 176 298 258
123 175 418 230 159 698 219 219 159 151 671 348 219 202 52 180 129 359 305 980 29 232
40 104 151 46 267 974 77 240 205 165 974 163 174 202 871 88 176 259 226 151 195 461 7 230 172 100 104 136 286 234 112 185 297 51 4 292 223 276 131 73 184 244 78 290
1 24 27 222 265 268 158 191 35 143 222 148 209 31 61 276 212 59 76 90 235 66 95 201 113
143 169 249 188 9 177 176 129 216 288 16 37 128 150 158 213 215 196 271 72 184 223 189
231 31 81 871 208 122 208 275 140 17 275 160 204 297 130 82 228 150 270 71 49 37 249
97 232 250 219 235 92 219 72 244 219 318 92 434 477 261 299 261 808 281 172 275 249 196 261 68 72 161 190 65 87 264 146 11 239 269 40 152 185 186 39 4 104 105
31 173 280 169 178 184 210 224 231 225 188 180 46 880 188 880 46 10 225 10 158 103 90 253 715 924 15 54 149 253 276 156 298 202 213 65 272 187 36 278 207 225 89 58 34 154 258 93 290
144 210 213 70 138 250 148 48 194 286 71 154 147 76 25 36 198 20 298 241 72 123 16
187 253 241 218 132 182 288 144 178 283 133 265 286 33 64 34 12 197 143 98 24
14 28 154 218 250 197 61 10 9 182 121 215 182 10 8 91 9 22 221 172 65 132 219 201 86 207 187 287 201 184 134 291 169 98 78 30 198 129 50 113 34 48 232 237 177
18 195 107 110 260 260 202 260 144 128 237 237 144 31 234 243 115 240 279 231 52 268
89 155 211 154 153 144 64 180 207 20 152 19 208 49 110 18 254 268 142 37 264 171 21 170 287 164 167 123 56 94 178 44 60 290 83 149 37 183 3 95 285 139 203
666 37 108 210 227 115 292 222 222 222 34 18 222 226 34 96 127 185 120 105 220 403 176 14 106 50 618 66 147 63 174 226 119 266 161 54 233 14 160 12 277 144 0 285 162 79 276
101 212 265 223 142 199 53 7 130 78 18 59 72 243 276 187 250 249 293 12 208 14
66 178 186 258 180 168 28 155 13 180 13 239 138 182 953 138 250 173 127 183 809 155 192 50
58 16 19 5 90 211 279 174 238 207 182 60 67 241 74 205 108 145 52 25 144
31 202 225 261 288 296 167 98 142 190 69 30 281 166 93 151 118 64 188 180 163 83 232 139 23 130
80 69 93 97 108 294 75 236 694 75 258 897 694 694 236 75 41 618 287 255 50 902 106 105 220 115 287 43 3 237 164 253 119 167 245 174 153 225 145 106 254 249 165 125 55 199
112 128 218 240 231 90 37 195 123 62 14 162 129 238 97 278 27 256 59 247 164 189 253 103
71 131 185 238 61 112 227 210 45 170 26 106 34 158 71 117 128 251 73 27 7 287 278 247
80 195 48 275 79 186 90 226 219 134 97 30 239 272 249 240 170 116 280 242 1 165
266 54 56 260 260 18 91 165 183 260 18 165 4 250 96 132 258 122 0 278 69 79 95 263 113 106 19 282 95 200 187 235 167 298 258 181 114 32 284 178 176 21 273
77 80 142 146 284 109 82 127 291 124 251 175 92 146 37 14 115 219 253 129 189 39 236 212 86
3 49 84 126 196 197 276 164 195 136 140 207 294 222 218 181 285 279 87 120 267 226 30 215 102 240 192
121 208 259 238 271 144 270 255 209 103 117 108 68 171 64 182 269 288 124 240 231 195
3 157 527 247 297 231 293 206 295 236 44 279 140 121 284 35 150 130 81 199 37 19 254
292 330 221 53 169 185 97 156 114 26 244 105 163 59 174 173 7 261 104 55 237 206
77 152 1 8 80 257 56 79 272 102 216 134 299 87 190 174 98 208 136 137 269 287
32 203 136 220 235 125 832 125 240 728 255 530 109 201 102 103 697 54 39 158 510 65 715 15 54 92 73 48 77 202 56 3 244 8 134 275 191 155 11 58 61 47 297 14
12 100 137 210 289 75 255 223 133 117 125 23 104 34 78 52 92 143 256 226 17 24 251 74
12 71 258 287 171 222 238 57 4 24 167 101 227 226 163 278 51 133 107 83 39 212 209 292
97 182 273 65 94 48 219 49 238 84 271 201 218 188 229 279 118 213 115 61 226 208 0
37 85 144 130 216 43 42 141 290 259 105 250 279 89 174 83 195 91 77 265 161 286 90
46 69 451 41 41 46 84 46 133 202 348 173 155 467 103 127 183 168 809 186 50 156 142 251 261 197 8 84 195 65 113 89 189 95 217 148 144 227 120 282 203 36
88 158 201 261 174 83 382 29 289 382 290 74 29 41 14 255 228 120 106 185 287 229 220 127 50 22 167 128 261 268 243 94 149 119 14 175 245 164 203 227 101 182 91 140 222
137 280 13 260 68 81 108 120 7 80 173 250 186 105 196 143 233 172 150 125 20 113
10 111 292 25 212 267 211 289 111 199 107 270 162 181 236 166 12 168 281 127 156 159 145
40 169 216 219 140 172 202 231 205 240 125 273 253 81 249 178 0 181 160 244 143 225 84
62 138 174 225 71 43 291 258 150 158 58 226 21 53 79 132 289 223 75 24 278 205 269
0 99 280 451 169 177 177 451 373 953 339 183 186 250 173 248 467 192 155 127 207 175
809 13 200 201 666 666 252 196 44 251 252 44 666 273 82 136 234 507 231 289 268 31 19 52
252 293 199 85 170 241 259 8 255 17 132 160 166 210 207 258 76 115 256 183 124 56
853 7 53 110 330 79 222 23 68 71 264 150 131 267 215 234 73 42 295 25 257 99 160 84 294
124 270 28 50 171 221 225 226 131 212 253 43 229 263 53 213 203 142 18 3 193 217
58 232 297 94 189 2 262 42 291 186 183 239 21 212 113 80 95 190 7 264 111 131 217 18 421 18 3 117 0 953 953 117 421 173 348 103 175 202 192 248 127 186 250
14 56 188 212 20 92 263 142 271 257 16 91 272 130 144 125 163 76 136 155 162 100 117 148
11 205 275 37 42 286 507 797 870 325 325 132 132 233 325 983 233 196 737 71 157 273 684 291 4 270 180 949 625 625 207 44 44 44 255 207 231 268 725 281 507 194 52 234 240 31 136
169 183 209 75 105 168 133 40 280 56 227 80 190 65 4 42 163 243 145 125 103 24
19 86 170 321 75 259 281 284 15 62 6 192 66 103 91 161 14 224 129 21 267 138 61 209
199 216 321 95 190 11 66 55 167 286 212 214 61 209 166 266 196 183 137 108 226 155 234
131 226 539 539 218 55 699 756 699 590 539 218 910 85 233 923 555 423 231 331 113 115
24 208 539 539 218 55 699 756 699 590 539 218 910 85 233 923 555 423 231 331 113 115
84 106 152 282 292 224 274 12 118 245 104 148 285 28 93 137 81 233 210 109 139 8 9 72
62 113 158 227 278 321 223 223 244 211 69 634 244 150 211 65 764 188 29 284 303 102 251 233 710 677
187 245 261 46 91 954 972 954 373 513 513 185 58 312 954 116 225 159 112 112 420 186 114 206 78 575 30 30 241 180 227 227 30 15 3 261 179 578 94 543 45 23 213 893 44
36 83 188 284 809 277 105 246 106 148 590 106 191 106 161 206 565 386 16 236 264 270 175 223 259 507 125 133 9 270 54 171 164 170 113 154 102 157 98 248 11 282 299 160 259 70
29 170 182 182 56 172 61 49 26 3 6 121 236 104 141 43 79 585 206 281 193 136
92 175 176 282 115 231 254 267 79 129 104 258 150 43 64 158 45 132 30 196 227 186
93 165 192 42 140 130 54 20 10 73 2 246 93 290 4 15 218 178 144 28 136 254
35 92 100 126 245 330 170 206 49 206 120 206 502 170 150 153 99 903 263 359 54 180 5 909 33 591
13 51 102 180 217 278 196 190 243 201 57 72 0 109 158 278 79 166 27 292 238 41 180 96 88 233
36 218 239 212 239 212 209 400 156 693 881 209 570 474 548 389 906 47 443 192 703 124 183 61 28 43 76 176 14 66 39 46 118 192 184 81 15 258 110 187 60
41 33 142 184 205 111 149 291 265 210 235 4 287 234 6 134 94 126 260 251 28
180 341 290 81 110 263 187 13 60 57 161 238 198 79 27 88 45 226 97 183 189 20
136 208 151 141 271 265 84 170 48 232 272 246 50 215 15 159 242 174 80 166 262
853 18 23 207 666 36 6 115 115 242 242 126 292 126 457 186 225 88 298 13 241 111 703 166 150 214 230 209 228 39 176 156 136 108 165 247 14 265 178 285 44 196 75 201 220 254
20 44 140 182 194 204 288 481 27 67 91 133 204 49 96 252 23 72 261 263 209 148 95 17 289 5 40 154
116 126 239 86 662 56 96 96 239 81 371 96 38 280 906 206 475 435 232 106 668 134
11 240 332 861 359 95 359 359 707 554 750 409 359 420 434 734 192 513 663 14 61 675
68 111 112 185 318 650 662 137 764 662 121 764 650 443 31 650 573 985 373 278 143 163 162 19 127
59 112 123 130 133 142 854 703 946 703 703 906 468 854 73 150 703 132 15 225 299 196 166 241 273 457 109 97 189 266 57 299 209 152 17 90 133 56 74 220 113 31 248 28 226 246
768 160 282 105 222 76 159 94 72 28 134 51 233 135 290 41 257 110 281 74 189 168 61
56 85 138 165 330 634 749 634 722 722 749 330 152 192 133 496 172 149 30 277 434 992 274 122
41 52 256 293 165 174 179 205 962 277 223 422 305 111 111 962 751 539 218 238 152 178 184 158 305 216 318 209 18 260 193 275 91 134 123 99 118 161 238 7 176 163 165 245 199 65 274 195
14 34 62 101 256 259 207 77 48 223 114 9 74 107 201 58 269 6 217 183 162 276 5 11 182 155
204 400 434 194 353 194 194 61 194 725 833 833 275 204 99 741 757 65 395 64 24 95 142
