61 145 249 481 73 177 205 106 549 687 483 589 287 962 569 92 292 367 676 216 728 625 253 362 680 482 932
23 132 255 278 325 278 85 117 227 84 182 26 298 55 152 168 218 196 8 105 223 10 214 73 254
12 185 481 626 106 932 626 482 728 121 223 329 101 636 645 626 988 589 293 317 805 150 802
44 82 146 211 77 241 254 2 176 20 182 37 21 209 284 61 239 234 54 73 113 129 38
65 84 224 88 159 151 221 18 237 286 289 230 220 128 139 47 196 217 268 167 158 126 27
27 74 148 188 19 96 42 225 224 35 139 220 243 79 153 285 128 222 28 211 217 4 26
140 156 260 271 276 56 147 240 274 145 113 279 44 152 265 23 271 222 202 284 272 151 4 125 9
89 186 220 278 271 11 47 298 96 168 39 201 46 143 205 4 134 131 253 126 49 101 100 78
106 130 183 238 239 131 235 295 212 200 228 33 210 136 207 21 249 143 23 135 132 27 120 289 80
146 165 212 67 145 219 205 291 109 21 248 91 159 288 42 287 273 225 85 214 92 11 202
53 174 293 194 224 87 70 54 177 268 218 130 250 222 101 255 119 193 123 292 187 48 274
1 287 98 220 214 24 120 180 198 207 266 54 219 283 129 146 15 281 110 145 124
28 212 215 213 227 76 234 34 235 13 19 135 126 224 272 288 168 11 166 298 25
104 119 260 110 56 281 165 96 271 288 150 250 176 135 262 14 265 207 251 180 205 106 67
51 298 226 76 17 274 266 154 105 66 134 267 44 253 159 202 196 2 275 230 192 255
18 45 130 55 39 70 205 76 19 276 59 140 198 63 81 71 296 41 114 1 279 125 231
266 215 196 155 42 140 147 189 23 270 21 233 245 265 177 19 205 248 39 26 222
36 37 262 289 293 228 149 225 137 144 52 188 247 290 86 91 88 177 35 58 192 139 73 31
109 233 295 150 87 8 176 49 53 121 152 215 1 84 136 225 46 213 40 113 165 4 162
82 182 250 206 112 187 163 191 175 89 142 152 296 70 132 209 286 80 118 190 279 19
2 43 153 169 135 245 20 206 15 293 230 170 190 185 9 189 289 12 31 127 200 112 254 180
18 78 87 142 230 247 95 88 299 37 280 202 178 195 100 113 224 265 268 163 214 238 90 0
23 135 141 102 87 11 59 231 219 113 189 95 225 290 3 179 244 81 284 33 274 36 150
37 204 67 239 296 170 134 108 273 159 56 299 217 72 146 200 129 298 41 1 102 225
43 61 122 180 229 277 129 182 158 161 46 146 259 173 73 37 49 242 9 95 159 40 7 22
79 144 179 219 237 251 273 276 737 737 23 5 53 37 71 260 77 292 861 37 520 246 475 595 556 154 161 36
168 255 204 262 51 18 144 64 268 219 290 21 67 272 160 162 294 115 46 159 37 265
15 132 136 145 276 75 275 274 102 275 275 213 205 24 0 51 618 248 132 246 482 258 787 32
19 31 245 218 201 256 207 140 78 114 190 18 108 92 289 288 279 41 296 113 112 119 262
81 242 215 42 172 252 212 144 12 273 163 2 98 151 225 90 70 50 266 178 196 191
102 98 48 176 219 106 2 111 152 210 163 105 220 31 41 123 172 153 158 192 20
28 220 227 294 64 246 288 235 54 157 98 138 11 135 23 276 77 52 274 122 171 220 177 178
147 156 161 276 18 280 137 147 135 176 292 1 295 84 197 234 73 287 17 262 160 143 9 296
104 170 208 299 211 223 165 51 65 193 216 295 247 125 122 108 248 142 30 92 131 147 164 129
16 239 199 270 86 145 17 89 22 253 96 98 267 193 101 1 244 121 190 13 128 285
52 119 127 290 11 261 61 49 114 12 155 288 218 19 240 200 225 115 20 227 27 223 151 64
42 85 286 231 266 216 194 68 210 76 181 13 156 3 167 19 230 286 136 7 11 260 285
7 200 98 200 48 270 24 176 262 92 208 87 178 153 230 189 196 44 10 69 121 179
104 135 198 132 272 156 162 52 299 93 78 297 266 261 194 158 283 69 24 276 36 268 235
22 186 200 23 115 188 173 184 283 120 180 62 71 119 240 95 34 145 152 235 181 282
58 61 100 109 136 139 226 280 252 195 42 16 102 30 182 43 239 87 132 211 76 241 199 282 147 133 257 128
4 135 156 178 234 46 25 260 161 182 168 14 84 149 90 94 157 286 225 220 255 217 44 176 55
21 163 264 79 264 167 243 0 192 286 108 68 169 94 154 82 40 74 280 19 252 247 148
185 263 152 260 280 21 145 297 140 290 49 213 13 256 268 237 141 34 200 72 254 87
19 23 126 289 245 253 128 83 68 99 132 199 187 154 202 292 164 127 70 262 33 20 277
39 54 81 16 43 34 29 248 196 255 184 269 28 249 197 57 266 229 88 133 23 285 38
101 247 264 288 125 248 91 132 102 55 33 116 190 143 232 225 130 202 75 61 152 107 112 15
91 148 56 87 252 60 125 195 236 43 295 31 132 178 227 3 150 215 32 207 228 265
26 119 128 229 63 19 42 104 237 251 32 53 179 255 220 177 230 276 291 214 215 33 24 292
24 244 96 41 234 21 133 149 88 150 201 40 181 16 235 68 72 6 217 204 286 162
39 40 87 133 135 204 252 104 195 16 51 250 137 70 261 131 54 98 142 62 74 263 176 53 193 61
45 69 143 7 253 284 124 20 166 271 298 89 235 39 106 69 92 279 183 87 144 37 172
104 196 87 169 6 250 256 201 297 264 86 67 258 27 274 153 44 186 215 42 74 171
13 145 169 9 109 57 239 42 44 184 4 10 155 47 261 281 260 31 98 170 36 70
4 68 85 133 279 54 165 226 0 272 70 102 254 265 223 211 153 263 269 15 118 234 63 134 247
5 19 64 132 182 135 111 12 143 68 41 0 211 195 120 229 148 44 10 263 62 261 130 275
61 112 115 242 298 22 34 3 23 205 48 43 47 60 206 146 17 67 132 228 226 221 42 166 217
35 142 270 61 110 242 155 158 104 218 48 259 255 109 22 178 291 173 11 262 258 285 184
148 189 288 257 87 38 110 175 226 130 227 293 63 299 214 37 11 73 89 127 172 109 79 158 102 197 133 149 243 104 235 36 223 9 28 86 283 174 129 265 294 142 227
224 83 230 254 79 150 35 113 231 176 68 284 286 73 274 129 45 97 70 278 269
27 56 286 127 31 218 197 212 219 40 136 135 42 204 117 184 211 128 226 11 163 35 99
242 204 285 148 67 274 78 126 101 151 13 18 134 187 189 205 72 180 129 111 181
25 43 61 118 139 161 234 263 268 85 86 48 42 242 65 78 2 248 163 89 267 100 50 257 33 167 153 171
195 220 12 281 217 118 297 267 0 172 62 147 184 198 59 294 257 115 144 72 88 18
93 199 276 189 258 180 209 49 250 126 272 20 48 263 30 230 118 77 141 176 123 154 41
262 290 175 8 146 92 276 70 197 158 24 18 78 261 187 54 285 284 236 35 42
9 20 87 150 165 206 232 86 196 5 107 252 262 62 49 239 40 47 189 52 73 285 289 166 100 120 146
69 280 50 35 264 65 250 148 170 223 122 41 172 228 12 232 68 131 278 133 214 166
57 59 8 35 219 47 53 139 41 45 99 91 28 138 225 128 133 155 186 208 260 161 173 165 44 26 99 231 137 112 292 45 200 132 183 235 204 90 144 80 29 136
9 89 265 43 102 196 160 289 240 29 256 52 104 292 125 13 161 176 194 0 193 123
16 33 136 244 298 154 284 96 205 95 85 163 108 45 130 137 261 236 159 189 91 210 146 113 194
62 180 31 102 27 205 41 256 86 138 225 254 243 172 211 106 207 253 25 111 257 84
86 259 261 293 245 105 52 58 206 224 71 272 156 18 62 155 7 93 202 117 261 216 226
38 147 152 164 165 80 82 113 181 200 149 35 256 74 165 295 216 131 258 163 246 290 122 87 118
71 72 118 220 158 175 14 69 232 219 33 286 108 196 78 20 122 134 144 61 113 104
45 126 198 140 28 207 70 173 1 195 108 20 281 141 147 210 222 185 59 274 237 250 190 127 155 13 170 79 159 83 282 191 242 231 12 138 230 264 57 122 200 182
93 125 224 262 85 125 107 51 264 164 82 151 101 251 217 160 195 284 201 132 211 39 136 255
72 100 158 197 90 41 105 132 87 171 207 230 123 34 47 33 129 133 68 10 150 179 246
212 161 136 195 232 188 233 287 205 286 299 220 84 33 112 134 184 242 223 131 291
76 136 170 178 226 266 134 206 30 165 29 203 43 192 23 299 193 126 135 153 253 114 120 117 14 108
13 123 165 49 239 48 169 271 261 71 14 189 234 139 142 133 132 25 233 100 247
97 244 117 217 215 191 56 263 140 54 26 150 8 10 128 119 21 258 112 111 107 203
151 190 203 271 47 165 199 128 74 156 258 0 151 256 61 32 155 206 109 37 294 149 172 125
54 96 128 131 142 270 272 123 4 287 232 262 113 155 61 83 32 281 142 81 40 50 130 148 159 298 89
81 145 102 260 0 227 253 175 128 13 75 47 259 147 234 140 29 93 178 235 183 101
252 269 81 138 13 1 206 253 229 65 179 196 140 224 254 202 257 120 291 170 161 49
10 93 85 257 86 253 239 81 211 258 52 243 138 43 212 54 73 19 129 102 201 263
32 40 57 128 138 193 229 27 151 274 135 284 52 57 220 23 246 102 16 134 196 25 97 4 137 127 44
66 123 2 182 279 31 227 46 44 196 160 37 7 93 293 152 234 172 298 136 42 18
61 210 147 256 45 72 79 120 139 187 152 69 254 193 1 40 75 220 68 164 241 97
188 237 124 136 219 38 17 277 133 260 1 74 57 143 103 99 270 68 256 107 232 254
13 279 13 108 245 35 119 237 9 191 53 136 135 65 99 112 60 221 225 212 138 238
111 115 130 6 34 166 7 83 25 203 272 110 181 62 114 165 149 116 43 50 35 237 115 75 234 164 100 204 63 216 10 141 286 157 27 30 36 17 77 41 94 299 12
234 280 131 26 78 100 150 5 286 270 215 169 173 24 182 8 214 196 114 75 153
51 122 201 141 11 150 254 175 52 209 67 219 144 23 12 161 118 82 271 14 210 69 19
36 107 111 174 199 506 93 222 173 118 16 271 169 225 51 238 264 37 131 45 135 162 168 15 283 253
155 140 264 40 244 110 193 89 224 262 151 119 86 126 77 236 211 216 206 279 195
167 207 99 50 263 46 293 101 173 209 47 119 72 38 150 107 106 227 138 249 109 289
93 68 220 155 284 119 241 62 54 228 218 89 193 265 17 266 242 281 131 116 140
32 86 109 59 66 85 134 29 32 5 281 216 194 214 91 71 247 80 179 200 146 14
134 143 177 223 230 123 77 277 236 22 23 167 29 61 204 27 219 276 162 21 297 52 261 251 226
224 104 189 178 124 160 206 80 281 185 133 244 294 147 194 89 32 232 39 181 275
15 24 159 278 279 297 282 256 158 132 109 262 73 299 99 233 39 81 183 202 1 265 40 11 167 238
43 133 174 225 295 185 123 222 40 23 298 154 60 245 234 179 66 105 107 143 47 11 288 127 51 111 296 88 185 183 35 116 251 124 94 123 134 227 287 215 63 54 191 18
161 261 287 249 244 231 166 153 147 216 198 245 142 259 120 165 59 9 62 291 172 96
127 142 254 149 261 254 123 86 83 110 189 222 184 73 171 182 260 269 78 81 213 40 262
47 71 144 177 223 290 47 158 241 76 3 213 176 275 230 207 83 151 42 200 30 262 223 79 205 295
11 27 58 66 68 81 231 141 58 284 219 108 71 62 50 119 214 180 2 205 190 138 68 262 104 299 44
37 76 185 0 70 120 233 35 31 53 15 237 94 260 152 58 113 118 184 249 52 2 138
195 211 341 114 138 117 158 143 38 154 291 101 116 223 203 259 241 144 160 240 170 222 118
50 141 203 38 176 223 69 186 64 46 77 275 103 104 121 220 282 251 1 238 279
9 17 105 119 186 284 276 297 43 24 191 206 258 49 73 7 91 160 71 51 235 177 115 232 231 16 194 723 139 59 394 723 280 74 546 279 69 154 861 246 37 9 159 618 177 90
10 159 229 238 206 216 180 50 129 135 164 295 213 259 40 243 100 137 241 184 161 104 29
91 261 93 13 144 109 78 167 136 54 122 133 243 120 224 166 4 165 206 15 178 123
256 42 47 92 235 203 228 232 157 225 221 138 174 236 21 61 98 135 2 231 58
52 69 126 142 144 156 160 263 208 85 289 157 37 83 88 198 156 102 18 115 146 34 239 189 46 64 216 225
153 83 77 191 79 225 61 87 198 142 255 72 32 204 58 31 199 41 184 133 146
7 175 230 140 284 100 142 70 50 56 82 125 55 226 180 147 42 208 144 200 176 272 273
31 135 183 93 203 200 102 217 8 271 192 99 253 173 78 65 9 181 135 27 283 154
6 13 80 220 239 281 213 237 13 264 235 11 43 106 10 85 63 219 23 167 268 215 19 29 56 228
52 189 213 285 297 78 723 88 268 48 78 887 48 88 723 287 595 37 618 242 246 279 438 220 36
248 506 135 177 94 267 280 231 276 240 68 132 225 159 281 236 106 172 53 160 76 214
14 132 9 28 232 282 188 5 27 163 77 151 81 100 287 91 226 183 284 219 94
39 178 243 224 286 162 284 208 269 292 168 132 108 94 261 136 250 159 270 54 243 218 193
130 208 280 36 41 49 98 57 172 21 231 43 56 60 46 242 50 156 48 216 210 118 192
3 74 219 251 0 180 255 131 198 36 147 89 87 179 30 91 238 159 273 39 197 21 132
160 172 293 293 257 217 85 45 23 218 92 212 147 262 238 83 160 110 209 155 290 247 239
12 14 16 27 128 169 150 176 94 117 260 13 99 61 256 74 157 104 174 165 129 97 113 240 239 8
59 268 178 145 268 60 239 259 268 159 382 242 546 438 37 520 31 220 177 36 69
106 116 506 216 294 165 23 167 187 239 117 235 183 101 100 42 55 80 95 236 124 30 98
187 237 102 17 220 125 225 291 58 246 13 293 47 171 286 14 59 227 101 294 255
140 152 177 219 288 276 150 84 0 263 143 258 208 87 218 116 289 123 182 165 169 97 25 244 178
65 103 341 135 184 222 58 251 274 97 291 260 151 113 169 1 61 189 278 13 122 35 253
146 163 216 282 105 137 99 182 29 102 233 155 2 261 180 77 245 226 48 128 74 81 223 59
25 45 234 63 198 242 82 43 270 76 245 203 194 52 171 140 167 246 18 189 154 182 212 30 49 156 213 53 19 30 53 217 29 37 159 31 520 595 242 618 220 90 154
35 40 90 145 170 237 187 255 141 173 44 36 75 196 277 237 270 205 277 92 299 334 0 247 145
17 174 264 282 197 36 187 197 44 187 44 334 887 247 90 170 277 23 145 92 237 270 0 299
43 56 76 197 225 260 169 145 288 14 202 140 264 235 215 190 98 144 236 213 120 183 271 292 281 258
56 142 243 278 70 10 107 36 112 93 24 32 263 20 83 217 30 18 201 0 237 232 279 84
81 255 239 80 290 248 106 277 104 4 215 36 144 89 82 200 69 27 96 256 94
127 200 213 157 29 299 107 184 220 238 127 215 61 231 83 229 56 100 253 202 195 156 249
81 141 187 190 200 33 274 82 261 11 77 105 251 132 246 236 43 155 160 58 129 104 84 79
32 61 201 259 186 182 234 229 186 21 21 27 27 27 985 70 165 749 138 197 179 281 132
88 217 205 254 95 11 1 273 195 140 201 8 103 48 44 105 34 247 107 148 6 236
75 168 259 206 154 70 235 184 264 30 38 64 242 39 127 213 152 188 89 151 220 173 298
201 274 286 213 53 108 201 120 217 214 137 265 298 210 264 139 114 263 38 299 172 262 58 12 1 245 293 152 40 79 125 298 122 32 116 221 250 77 270 186 251 105
104 33 239 22 101 85 282 234 164 121 84 190 55 214 47 59 72 143 192 61 39
191 272 232 54 99 18 140 205 210 90 108 17 274 15 192 109 49 1 190 145 289
175 214 112 292 284 178 75 217 264 144 6 296 92 181 123 291 8 153 78 288 151 17
88 130 136 174 278 271 101 27 177 284 42 149 82 249 80 205 211 135 23 182 290 201 295 257 157
27 213 295 274 62 66 155 250 227 68 272 63 144 157 9 143 141 151 278 126 86 288 14
8 106 127 215 249 166 262 93 35 45 21 199 118 68 24 124 197 96 60 5 121 67 77 196 201
985 112 139 169 261 5 192 158 113 171 95 286 220 41 132 116 99 180 185 148 75 227 255 120 129
111 140 161 275 233 163 139 57 237 225 280 102 188 115 19 154 47 138 198 68 67 98 268 124
123 148 213 283 82 171 228 132 160 154 163 155 98 212 63 89 118 84 111 121 57 293 159 73
58 142 2 131 125 114 39 82 219 155 201 151 25 43 157 259 44 226 255 256 199 222
55 75 213 195 295 128 203 45 213 84 106 174 248 34 246 255 162 80 16 198 5 179 167
10 268 112 292 169 173 68 177 98 53 198 99 94 264 35 294 91 230 271 258 189 194
107 145 168 197 111 142 117 34 100 261 201 217 230 235 260 292 233 226 32 150 70 63 129
40 156 203 590 824 255 60 824 824 291 60 367 749 11 140 170 985 281 276 42 179 100 261
40 65 123 230 109 271 264 265 272 6 145 113 253 49 14 38 13 37 101 200 127
40 52 145 26 224 189 234 243 216 58 100 40 27 266 267 37 96 278 83 14 77 4
91 97 168 240 248 267 292 252 185 44 8 218 266 171 262 85 33 127 264 221 211 153 248 147 139
30 46 67 211 227 243 513 428 312 513 292 513 58 750 186 269 112 893 240 420 125 112 9 206 389 225 58 25 247 91 256 216 174 102 288 72 84 14 140 244 49 207 23 229 181 0
1 194 195 99 231 185 93 105 59 133 153 140 251 246 4 240 15 62 221 57 186 271 156
3 13 25 32 50 97 101 149 156 180 22 299 233 54 172 141 251 101 142 148 140 259 79 26 143 292 72
189 214 252 26 155 104 233 290 82 264 52 284 223 87 21 51 255 113 41 28 96 276
118 119 197 225 201 274 199 62 290 239 186 73 287 71 74 67 198 52 116 32 200 25 37
47 193 231 61 118 175 160 128 20 248 141 87 258 72 238 298 192 40 235 63 123 47 182
33 126 67 145 144 42 240 203 141 96 55 58 130 166 28 154 115 253 299 296 41
210 275 297 24 81 219 290 512 91 132 323 512 132 503 858 359 177 503 36 60 954 295 279 142 258 248 54 135 85 105 26 53 283 138 243 8 229 263 168 162 14 163 166 215 161 201 154
46 77 112 117 252 278 506 159 84 222 18 246 273 187 230 171 64 136 288 149 277 296 265 70 172 228 37
58 158 276 279 195 291 151 286 188 186 18 21 120 91 200 2 229 7 90 19 216 212 0 172
0 71 119 224 233 270 202 245 7 35 160 277 44 213 279 37 266 138 276 226 206 40 80 115 4 297
54 181 191 235 132 222 114 110 61 234 154 37 270 298 83 146 233 92 134 28 290
110 170 223 140 189 87 104 197 78 185 283 102 234 261 265 63 8 218 58 97 19 121 202
729 2 263 58 84 237 64 268 48 21 85 89 193 43 148 108 114 5 86 174 33 22
101 108 173 201 207 85 10 397 35 254 205 10 85 618 242 438 37 36 159 861 520 220 31 154 69
54 109 154 192 212 229 299 281 93 231 12 190 290 62 276 198 24 268 227 241 166 71 156 95 248 295 289
260 284 265 249 9 135 262 287 111 253 136 179 121 132 235 280 153 210 133 137 82 64
11 30 35 150 160 138 210 123 660 123 739 123 27 156 199 606 56 482 215 170 281 211 320 378 77
63 76 227 29 232 36 184 145 65 179 296 259 24 119 111 292 201 96 63 183 117 61 30
15 81 224 279 167 154 241 11 161 172 286 266 235 197 283 78 188 216 285 127 37 8 152
32 191 253 112 225 114 291 0 252 176 18 214 263 224 36 90 22 278 96 163 271 260
15 73 443 440 440 578 393 440 393 898 578 6 893 713 936 55 848 393 83 108 676 985 89
126 267 268 271 142 192 32 175 171 295 255 10 202 170 130 11 121 187 284 152 45 292 200 64
81 125 88 240 102 87 26 10 78 94 217 242 245 177 0 15 205 109 93 224 258
