78 254 27 250 934 950 317 907 356 622 534 73 126 230 883 174 286 770 480 148 10 511 391 471
557 51 66 179 297 417 839 203 87 341 415 315 111 68 197 741 781 369 161 150 987 357 541 153 198
74 244 387 705 139 412 583 132 705 234 101 92 583 7 705 50 101 234 103 197 95 92 39
141 165 335 922 431 238 976 264 238 230 834 272 327 130 36 809 272 841 963 809 254 498 18 794 19 689 131 975 956 434 325 50 794 896 870 952 177 740 706 571 719 971 367
29 58 63 93 137 259 278 11 73 235 443 580 674 63 187 401 187 230 733 186 784 25 187 122 197 62 25 580 132 106 150 30 149 237 208 228 170 121 224 64 239 120 288 267 246 226 35 225 221 10
938 9 34 68 129 199 601 42 114 122 125 236 275 40 102 224 207 153 409 224 180 224 409 33 88 68 114 162 215 549 6 47 12 175 240 53 110 277 76 14 12 35 183 90 107 123 66 293 149 98 273 60 17
771 285 164 54 191 152 150 279 207 105 139 117 87 167 286 141 89 169 130 95 9 242
132 175 189 257 286 225 176 131 1 182 124 75 94 164 53 29 132 256 66 68 283 219 45 46 118
204 231 242 292 142 159 99 67 12 120 223 245 288 45 161 271 214 242 39 37 77 52 4 262
56 127 138 160 254 266 14 211 233 19 203 215 214 220 70 187 262 113 210 41 30 24 11 226 37 216
103 64 250 60 39 145 49 185 117 193 1 43 51 89 236 7 86 160 26 176 235
30 230 267 284 23 155 166 207 168 35 81 127 60 267 56 99 221 19 31 129 271 230 163 235
78 249 118 44 193 95 157 29 9 41 251 56 230 23 25 146 172 212 183 169 43 270
809 938 47 66 150 220 193 279 253 109 12 206 99 84 250 241 58 228 261 119 110 282
43 136 234 45 120 133 276 152 82 234 62 29 80 143 237 164 37 59 203 153 258 151 54
601 192 276 264 34 276 137 126 203 286 29 255 92 30 59 191 105 19 251 129 230 274 256
31 122 286 258 158 136 64 245 53 254 10 266 111 38 144 208 167 223 289 127 27 207
168 197 228 281 185 43 68 79 281 297 276 22 131 97 9 69 2 254 145 14 40 96 277 293 216 166 247 149 151 72 153 113 31 103 160 219 249 236 3 152 168 85 68 163
217 135 272 91 249 61 18 186 25 189 298 231 270 271 21 134 164 292 117 39 84
15 104 112 89 68 85 71 268 179 276 207 160 18 289 64 134 267 16 291 148 286 74 177
167 264 182 52 295 30 228 140 249 46 54 126 58 197 159 57 268 127 4 200 59 1
567 28 44 45 39 136 292 171 207 84 58 47 201 164 55 287 50 128 74 170 275 185 77
134 282 109 173 222 211 159 91 192 14 196 0 299 138 162 122 86 170 147 197 47
7 26 41 82 292 166 83 252 81 127 29 266 299 194 111 123 199 275 191 4 130 24 9 272 286
8 113 292 3 48 115 28 191 114 138 1 265 95 176 130 50 257 166 147 154 178 0 216
601 63 242 268 213 142 10 270 255 264 287 170 102 48 182 138 299 29 132 267 24 17 57 60
16 133 250 43 10 147 80 259 74 111 215 217 179 9 245 271 248 183 20 125 288 187 40
66 250 822 196 210 74 264 296 122 264 224 135 132 74 99 238 97 138 34 13 183 76 79 299 82 12 238 26 248 128 177 23 249 146 50 211 73 176 112 30 8 209 79 165 286
430 127 148 233 280 276 23 130 153 21 20 96 196 250 287 180 39 122 160 209 29 88 10 295 238
123 124 277 85 127 3 14 227 155 2 164 152 67 1 74 247 242 113 291 90 158
567 73 169 182 219 298 35 282 202 16 100 275 287 233 56 230 155 88 273 34 208 210 66 225
430 601 56 65 141 43 260 147 160 27 255 29 107 122 213 55 225 288 44 287 187 190 280 127
83 103 106 185 188 236 89 134 289 12 12 55 155 230 216 295 567 141 5 730 535 170 181 381 918 409 272 49 152 176 237 58 46 39 155 18 234 96 169 289 197 199 93 60 44 142 41 241 51
1 23 26 48 220 235 113 40 81 137 23 133 153 4 164 158 98 211 148 263 83 69 85 51 157
36 282 197 262 247 22 71 25 214 228 173 240 54 112 234 27 62 178 90 134 136 177
938 68 141 270 128 205 94 49 63 198 147 27 158 174 262 96 154 119 9 17 56 250 71 114
6 226 294 148 129 71 80 264 46 209 155 114 37 217 186 297 213 221 267 24 149 143 88 51 140 49 268 224 167 18 23 269 129 119 12 163 98 53 46 175 89 32
245 96 266 265 275 276 168 147 157 176 54 214 280 70 71 57 51 219 115 236 154
212 290 45 288 207 252 108 188 123 275 206 62 233 190 251 29 249 281 88 246 134 58
17 35 46 48 249 53 175 182 14 205 229 16 201 289 124 174 247 156 228 253 211 279 128 25 121
89 130 60 238 183 163 128 237 21 64 68 87 52 57 293 140 119 49 153 290 257
196 264 286 117 184 81 194 24 50 87 262 66 129 234 61 3 65 257 21 206 118 153 145
111 283 116 65 37 141 145 37 161 291 141 145 289 35 172 276 291 216 648 188 125 113 85 264 270 119 158 154 217 250 123 237 2 160 145 290 131 203 232 60 247 27 171
127 268 285 216 17 141 187 83 291 139 146 44 104 273 254 211 252 290 286 27 13 243 23
938 35 74 119 178 249 259 265 0 17 124 117 287 2 183 271 270 59 213 63 157 217 5 146 91 101 280 273
117 204 271 63 25 257 299 159 286 203 197 281 21 60 97 230 35 89 133 269 68 108
24 94 128 235 175 152 239 245 0 263 246 65 217 144 136 137 25 13 58 81 14 262 50 255
734 221 258 242 177 199 247 270 30 54 140 288 98 131 36 222 93 295 112 161 85 273
257 214 146 33 135 47 52 213 185 227 288 237 11 224 152 110 299 259 226 130 94
19 207 261 269 285 167 197 2 38 145 24 92 5 117 49 248 29 102 225 18 247 67 12 182 272
106 258 138 271 281 5 257 116 232 27 127 9 223 201 136 109 100 177 163 216 126 198
136 235 264 231 298 151 242 291 269 31 291 31 31 233 5 137 409 216 648 120 79 269 113 188 258 221 273 112 169 242 183 206 209 283 82 94 144 91 186 116 223 224 178 189 79
35 204 201 168 110 263 247 225 171 245 278 95 42 228 227 281 195 132 199 38 187 156
19 83 168 184 84 62 24 27 197 144 54 1 108 97 13 246 281 234 250 193 41 239 200 206
80 199 248 295 164 255 98 203 223 91 55 151 251 8 285 45 86 27 4 78 202 28 262 188
103 135 152 81 172 112 129 73 115 247 84 247 115 296 84 273 176 132 554 409 440 131 80 241 61 154 75 244 145 200 102 288 110 146 207 206 126 37 152 90 172 24 13 275 269
272 269 249 188 260 264 231 53 208 112 238 25 189 261 183 134 149 126 174 167 123
104 133 247 40 49 100 286 183 45 896 42 42 79 169 45 194 283 103 45 27 34 97 70 288 74 13 183 154 61 64 173 274 40 260 261 255 294 133 192 126 71 212 123 278 158 1 113
83 176 168 96 225 128 132 222 182 9 163 131 279 281 71 250 282 129 147 237 160 83
46 112 201 222 229 16 228 134 27 58 132 53 74 116 83 293 82 250 160 128 211 183 23
180 279 297 270 205 188 35 47 72 24 39 151 257 58 143 212 269 165 217 86 174
289 14 75 288 114 112 215 29 230 105 5 174 6 234 57 104 129 38 293 277 202
822 10 221 244 256 1 61 165 175 202 268 274 16 275 81 20 244 81 16 176 36 182 61 237 121 166 440 145 80 135 824 260 192 77 110 228 84 223 183 296 220 172 58 16 164 45 105 107 218 60 162
913 40 199 194 295 103 31 128 149 249 76 141 177 176 217 71 167 161 190 13 269
38 15 36 36 106 233 54 90 288 253 221 833 121 125 409 3 147 708 88 279 146 548 40 163 100 42 117 126 203 144 200 176 108 32 111 259 263 36 215 268 41 93
137 200 19 104 80 242 112 288 273 176 70 195 84 6 183 251 43 148 178 233 174 73 276 39 51 251 295 91 158 179 187 182 235 72 178 107 108 159 173 271 90 258
941 22 28 165 209 216 60 117 113 72 110 154 93 298 164 235 67 153 102 114 266 95 297 15 296 242
99 217 227 228 239 219 105 186 102 1 280 31 36 78 122 130 261 211 179 79 182 188 77 231
177 68 189 115 1 289 70 109 99 104 2 263 258 67 180 108 103 181 238 196 121
104 264 249 75 164 172 76 154 145 11 127 12 97 91 234 7 88 149 55 195 208
77 120 178 91 282 247 245 167 238 281 78 232 39 106 290 48 63 96 240 248 97 30 233
76 244 81 239 66 173 252 180 226 24 223 102 149 157 165 272 101 56 260 55 274
77 124 163 162 125 135 141 194 287 13 203 103 29 235 76 214 282 126 117 31 274 3
20 163 255 53 73 98 210 149 264 297 287 90 128 127 58 174 94 166 9 229 256 227
3 32 109 123 146 235 234 282 166 2 164 225 246 96 87 205 244 95 270 152 30 186 24 41 223 140
601 1 50 253 262 277 43 296 249 259 175 232 96 132 223 238 84 191 66 250 14 64 275 251 269
601 86 183 197 201 210 212 244 80 149 149 76 41 86 226 76 35 173 261 173 132 80 241 554 323 237 166 145 440 121
147 161 175 117 146 165 51 161 51 146 136 98 37 61 614 241 156 293 415 148 40 16 268 114 149 200 229 167 252 123 172 16 241 117 244 253 22 297 134 187 103 280 212
173 282 11 121 263 237 2 171 57 230 29 46 206 82 288 34 245 47 27 248 257
712 89 129 134 175 279 216 97 178 171 71 178 203 219 178 238 97 71 219 120 188 292 276 269 409 35 291 99 233 27 137 92 114 37 214 83 135 290 63 104 48 110 296 13 87 118 184
162 323 13 230 49 239 132 254 110 281 99 57 142 233 62 118 113 120 237 169 215 101
494 938 90 162 95 60 231 54 228 28 119 258 238 33 109 94 62 31 183 218 86 74
1 63 67 290 60 36 44 235 185 160 107 299 292 57 110 283 151 142 40 90 58 145 291 73
11 131 213 254 134 69 147 214 158 38 178 266 274 203 200 297 1 255 217 8 137 188 76 170
42 92 241 265 243 246 209 92 236 8 201 110 39 175 52 137 38 185 239 133 51 203 145 109
9 11 126 141 234 259 198 180 60 130 57 117 226 143 77 203 290 172 237 194 100 111 217 126 112 106
822 62 96 66 157 276 84 147 199 111 179 285 275 26 41 166 184 280 287 115 190 289
109 154 226 233 280 434 9 207 219 265 75 34 75 186 128 186 75 75 132 34 293 244 16 40 614 92 241 37 36 227
111 217 217 122 16 16 106 162 40 409 106 297 106 219 97 27 183 13 147 293 34 52 243 254 97 225 265 0 221 229 185 289 168 269 128 226 140 175 144 184 79
567 88 101 124 235 9 58 264 101 189 189 132 84 52 155 132 45 244 61 98 36 16 148 415 187 227 293 40 274 187 153 57 199 266 59 245 163 248 141 241 180 230 251 142 53 196 149 146
162 213 86 151 100 244 298 191 79 111 127 261 69 188 54 150 271 204 81 208 253
16 67 297 165 169 30 63 218 187 136 137 6 74 86 87 18 75 267 140 202 33 82 52
136 220 70 203 146 215 1 283 158 31 236 115 191 39 47 149 259 294 209 4 200
822 127 149 296 50 7 235 35 288 100 122 131 93 243 221 291 189 180 148 46 136 52
174 212 96 211 218 295 165 289 279 21 143 120 42 170 275 78 90 129 293 254 124 116
32 120 152 160 231 147 70 157 14 185 52 90 72 223 183 244 128 11 22 44 74 41 62 46 182
434 0 161 135 143 102 264 150 26 193 14 10 140 19 64 25 268 200 117 226 121 291 244
41 49 293 296 222 78 89 112 31 296 273 111 148 221 282 69 158 120 172 290 124 28 107 144
11 31 61 68 118 222 228 257 280 285 5 167 249 144 112 36 161 37 117 215 102 54 136 61 98 28 226 221 292 108 155 38 107 141 214 233 180 24 124 15 179 125 66 200 163 5 143 159 20 35
434 145 211 251 104 69 185 254 37 154 122 143 90 78 213 123 242 257 32 139 186 117 168 199
850 27 38 198 182 201 228 109 190 23 11 213 106 4 183 215 65 57 159 203 127 126 187 212
29 43 101 111 189 215 218 86 295 55 1 91 162 68 5 212 67 176 220 216 164 253 293 251 4 18 165
35 205 240 30 246 232 153 274 224 0 221 275 117 179 199 184 60 261 99 79 239 68
45 81 166 54 222 72 295 226 130 63 114 204 135 181 38 73 272 87 186 19 249 174 51
601 809 24 50 72 78 103 213 219 237 231 45 58 113 241 225 222 151 114 50 128 158 275 137 82 54 26 201 220 284
128 129 216 219 121 199 149 69 238 3 171 242 38 263 112 237 277 234 85 7 224 164 176 180
850 10 52 57 157 192 178 149 217 87 71 115 141 223 39 89 70 58 162 207 181 156 145 256 76
694 31 50 68 198 159 160 61 227 218 106 108 274 299 139 240 196 37 135 38 176 133 62 182
95 184 283 295 145 163 153 56 209 217 39 22 191 44 252 184 10 59 40 239 81 215 62 237
734 907 33 69 8 19 149 118 283 182 226 229 89 154 141 25 88 273 83 187 240 190 181 270
734 808 60 81 102 263 137 183 36 130 19 93 66 35 245 207 153 232 80 45 190 251 254 5 191 218
3 96 262 2 72 97 58 77 277 187 31 3 212 191 68 175 196 218 195 89 9 28 107
788 47 63 183 206 118 253 164 196 92 131 138 282 292 277 6 79 50 232 293 267 49
18 86 119 163 189 167 30 283 186 51 153 40 166 175 144 287 115 99 62 0 79 110 271
10 110 112 172 185 235 77 35 256 171 88 243 51 277 145 129 209 234 180 41 39 297 65 0 119 121
90 98 100 105 250 938 1 294 89 216 211 263 268 136 211 216 188 276 125 291 289 292 648 113 196 253 41 120
938 19 274 226 226 744 226 50 194 194 194 239 105 6 992 170 211 72 205 899 952 227 199 182 34 210 206 157 254 145 209 102 17 97 191 147 32 248 58 165 107 30 82
84 176 447 601 677 734 871 101 282 86 166 89 277 238 67 87 87 288 35 906 162 216 87 204 202 220 290 360 189 117 196 258 182 112 209 158 103 45 194 120 225 107 252 288 297 259 128 249 125
850 136 182 21 128 188 32 193 184 203 236 1 261 16 106 162 131 252 237 260 199 147
104 247 37 276 238 46 25 47 202 0 192 228 279 18 53 293 205 182 275 17 284
42 128 179 254 271 20 82 132 290 858 183 141 259 630 183 89 3 176 182 162 31 40 575 158 81 124 694 10 788 186 480 268 186 268 186 186 233 268 94 82 184 164 56 443 414 846 834 214
488 496 869 81 87 95 225 186 259 48 96 214 130 236 233 118 148 135 296 287 122 30 195 73 133
149 222 241 248 219 292 222 143 181 275 71 191 31 150 124 119 155 159 35 187 153 87 156 92
147 174 183 193 5 126 251 222 911 222 150 219 150 196 110 361 897 110 897 238 101 57 37 22 294 175 200
31 224 15 8 273 210 496 15 192 586 496 210 113 125 402 378 255 197 496 128 43 217 296 45 212 205 177 133 286 14 138 85 15 185 200 271 295 32 53 42 294 68
20 239 53 114 223 220 149 52 29 36 115 239 264 92 47 135 148 250 252 165 109 8
850 74 193 204 294 2 111 187 280 74 721 188 113 272 188 721 293 76 238 183 299 99 97 138 82 79 111 34 241 637 117 118 200 941 941 117 637 637 117 210 187 222 24 200 80 36 662 926
10 94 71 329 200 264 188 200 280 200 280 253 138 70 219 13 74 238 147 231 288 111 82 168 70 115 218 202 17 241 97 253 23 205 51 249 287 48 163 224 216 177 174
75 89 94 98 107 128 220 239 242 948 159 873 200 38 637 159 873 948 164 80 36 280 739 222 187 662 64 74 273
923 9 170 186 67 116 209 230 4 220 182 105 31 215 262 270 171 122 26 194 156 37
841 923 115 132 182 233 159 184 263 293 115 148 127 50 85 120 271 16 25 150 207 88 218 251 134 140
202 149 151 205 168 70 170 111 111 224 111 106 249 217 158 252 269 434 797 76 2 271 90 18 276 128 4 39 241 213 223 244 234 176 130 242 15 47 77 37 197 73 183 221
734 822 850 14 34 39 211 125 281 89 89 297 105 40 113 95 135 63 293 76 147 74 99 111 183 79 97 34 299
783 31 108 245 40 169 223 143 105 135 113 40 40 169 293 183 70 299 34 76 97 74 138 238 105 122 79 171 173 141 182 37 241 129 152 223 183 231 144 10 214 259 53 263
99 187 229 205 286 174 286 48 48 233 28 229 2 125 223 212 166 204 171 1 243 334
850 47 89 554 346 92 290 346 470 273 147 892 266 241 36 707 145 554 409 166 131 323 440 167 274 102 42 240 262 179 236 254 63 70 130 6 23 139 135 27 177 255 126
967 102 255 256 261 61 115 137 250 258 228 291 197 193 237 164 218 99 14 178 204 117 76 93
938 197 209 249 289 166 56 287 136 231 113 160 256 263 43 95 181 260 30 187 245 68 214 209 210 51 49 120 110 1 262 162 233 221 147 66 128 204 299 236 28
738 11 140 225 20 196 99 17 100 3 268 175 91 7 222 203 291 76 58 118 272 276 186 150
98 107 57 78 36 125 297 89 115 30 176 212 47 13 29 1 265 145 147 85 61 142
601 20 31 90 107 161 235 257 285 155 141 243 66 116 251 89 298 129 238 172 156 40 108 106 207 28 217 232 30
48 55 131 171 221 274 209 38 248 133 106 268 280 176 100 295 197 169 108 71 180 55 285 130 99 124
39 78 105 174 204 116 360 128 578 504 334 360 826 16 403 570 57 443 255 111 928 167 214 122 471 209 195 278 148 295 33 53 233 139 76 199 99 20 0 28 180 161 288 266 67
734 103 163 3 8 177 504 504 504 303 705 230 504 86 705 504 928 214 222 312 16 279 443 187 167 255
127 170 165 45 165 247 23 122 45 250 23 170 1 225 217 205 287 251 287 189 282 35 138 209 174 88 186 163 9 240 11 241 58 49 149 137 171 294 203 98 180 248
496 287 205 58 165 134 270 263 110 252 255 262 296 47 97 145 291 213 21 54 102 170
29 131 251 253 277 82 89 246 259 173 16 23 174 160 203 244 179 278 180 55 240 11 230 1 269
809 938 188 277 209 4 154 111 22 273 205 91 271 153 134 297 241 248 56 151 199 228 1 299
41 113 256 585 79 317 29 202 29 262 7 79 313 126 933 846 857 250 185 0 82 214 834
14 132 134 250 266 56 289 188 83 169 190 129 290 70 93 178 168 138 100 259 49 74
44 242 103 294 94 217 129 147 104 161 105 179 201 211 133 257 286 109 80 108 134 170
8 62 114 152 43 50 78 279 371 131 32 295 604 131 32 940 3 109 295 109 131 298 647 196 144 313 220 195 603
771 65 201 207 252 663 539 252 436 123 267 856 123 137 150 96 162 663 3 229 141 279 648 180 94 169 268 167 238 86 67 71 252 132 207 37 1 259 242 203 30 133 25 12
109 236 251 181 225 246 208 287 75 231 144 106 8 98 170 40 281 173 132 289 253 46 131
850 98 196 26 220 229 276 158 265 196 182 107 69 292 189 263 296 33 86 30 142 295 87
159 193 341 234 213 169 66 274 134 87 65 53 56 109 86 209 32 215 290 284 159 210 67
28 106 225 251 123 0 88 114 286 183 225 21 280 127 116 119 56 272 169 215 160 168 204 223
850 928 190 267 12 46 62 119 847 847 434 847 434 844 722 434 336 411 722 147 76 82 299 288 97 138 513 79
61 109 158 220 242 749 330 793 188 52 52 404 749 18 844 252 1 154 76 211 2 634 57 797 271 291 240 186 170 192 231 286 164 13 69 46 53 276 92 93 162 232 227 156 207
90 103 191 159 280 89 240 237 217 91 5 194 200 62 241 8 272 42 247 233 152 30
496 734 116 254 170 27 107 12 252 6 195 10 30 212 106 160 66 54 26 90 17 51 34 183
6 45 56 377 74 211 231 238 241 216 15 216 394 394 533 803 91 813 15 282 295 558 707 21 420 66 277 126 431 268 61 52 154 206 46 37 8 85 151 7 292 48 57 234 79 9 0 204 77
450 0 23 107 117 148 171 292 185 40 280 241 47 279 271 246 288 221 64 253 0 230 131 201 284 30 181 144
798 187 194 327 409 208 179 696 575 409 802 205 208 63 81 244 252 575 787 175 152 193 142 340
