39 66 208 797 57 230 22 289 43 194 0 191 181 168 187 13 112 148 151 215 40 175 160 150 84 201
853 52 75 76 157 282 287 1 988 546 755 892 554 166 595 30 986 727 253 877 663 148 105 36 9 437 368 63 175 56 18 212 97 172 238 1 254 101 124 295 150 231 7 44 130 137 223
37 264 299 240 10 125 77 295 227 46 155 23 296 172 221 176 233 34 264 183 195 41 82
132 133 168 239 191 260 5 114 167 13 225 95 181 254 18 183 109 15 99 22 31 72
67 129 150 184 172 45 14 6 242 7 223 190 141 104 120 132 86 157 274 154 114 186 90 295
32 53 105 113 139 150 153 171 211 102 145 204 68 253 36 86 195 91 206 269 47 4 189 141 286 149 70 6 15
232 241 265 113 204 182 12 50 238 60 222 45 51 42 4 104 41 232 118 70 145 244 53
90 219 13 285 231 241 39 127 72 76 12 94 190 126 30 167 263 143 6 117 275 48
500 551 89 157 184 199 265 266 222 136 208 129 101 290 180 25 19 263 115 258 266 13 37 251 187 250 54 16
48 65 161 164 167 121 38 142 189 230 20 86 288 275 247 260 84 182 243 76 58 19 183 186
103 141 222 243 100 17 31 262 205 140 250 91 122 58 116 80 69 142 9 53 103 119 24 272
32 36 63 120 123 106 214 121 147 31 82 158 34 162 95 163 276 98 258 88 165 49 129 180 45
0 21 59 232 291 382 229 67 69 64 76 129 73 187 222 59 13 299 183 40 259 292 53 261 8 102
28 93 106 150 211 350 279 120 19 114 165 115 22 157 188 51 263 160 66 21 88 265 276 79 31 275
179 134 211 233 153 70 245 257 258 247 23 268 47 75 185 195 53 261 225 181 89
44 82 87 157 248 230 128 274 137 140 6 268 217 270 266 160 168 255 26 299 225 164 276 30 174
17 90 260 240 199 103 209 136 165 8 47 5 61 1 109 144 40 232 202 120 160 85 267
41 50 64 125 241 279 221 259 206 263 107 170 232 293 223 123 235 279 251 144 98 58 23 257 217 92
123 186 296 86 20 286 289 67 233 157 48 72 139 239 136 115 102 118 135 229 97 36 123
53 217 256 13 6 154 17 158 185 58 26 78 232 165 67 143 250 255 215 91 132 43 224
17 165 210 274 188 282 58 201 200 97 149 266 90 203 35 222 78 187 103 297 118 101 196 234
150 209 225 272 268 75 187 115 124 138 154 114 257 44 271 130 52 254 78 168 79 195 26 155
19 134 350 91 250 73 276 40 168 47 67 193 156 211 245 232 279 263 41 133 158 128 119
43 80 133 185 72 127 240 276 208 155 267 299 97 149 82 199 55 294 144 78 143 279 21
243 259 201 127 155 282 41 288 185 19 54 120 129 158 117 162 26 135 217 56 149 2
222 197 272 286 152 261 184 133 12 54 19 270 155 278 64 201 621 184 116 99 212 131 242 206
14 47 75 209 3 3 112 77 297 184 167 165 271 129 245 162 513 209 250 278 285 198 373 268 105 33 279 75 131 182 69 74 95 245 226 254 37 57 151 18 83 192 236
12 62 88 154 210 29 79 95 211 236 195 279 194 147 280 253 22 293 15 17 37 82 161 227 80
0 25 50 63 266 239 37 173 222 34 237 33 90 245 244 44 156 38 285 163 134 174 110 229 111
43 97 261 244 240 232 256 39 252 73 132 122 28 89 76 281 214 21 239 217 138 128 257
111 206 90 18 89 188 60 253 83 260 158 26 49 108 286 185 264 27 274 23 28
37 40 55 117 214 107 114 166 174 178 280 290 183 253 197 31 244 238 253 197 230 163 278 373 205 198 162 47 209 295 277 99 136 63 20 208 198 271 257 173 141 57 249 209 87 80 289 116 11 192 260 12
134 350 219 169 266 140 161 20 129 175 69 166 29 276 174 189 274 153 145 50 217 289
222 243 268 286 102 230 110 278 29 45 221 285 14 79 16 97 247 182 10 7 27 165 212 47
60 143 216 233 261 258 289 223 47 155 17 154 245 296 255 251 147 70 159 8 292 188 132 102
95 101 74 80 117 253 75 50 258 99 35 254 7 234 82 100 233 23 228 219 261 121
241 44 215 179 37 194 52 121 133 255 70 258 152 84 39 45 26 227 253 125 63
53 56 96 196 199 290 168 132 200 56 178 25 120 147 13 245 5 286 270 63 171 92 219 94 158 88
9 15 89 260 103 35 287 166 92 89 105 134 52 100 242 59 259 164 99 85 49 33 101 165
209 234 286 382 250 169 134 93 174 232 242 190 38 146 183 88 124 293 276 95 237 239 275 78
88 88 162 217 145 218 135 291 97 206 188 122 90 16 222 149 257 228 276 139 157
2 211 72 58 112 20 19 189 204 47 105 79 240 26 134 83 161 143 99 165 80
94 109 151 189 173 148 128 265 254 61 185 211 64 257 136 129 174 273 215 39 66 261 176 250 264 196 86 186 38 85 162 206 248 114 6 13 178 68 271 134 261 284 1 63
11 15 73 94 67 228 249 72 283 83 169 44 208 168 2 152 213 158 280 166 87 46 20 127
0 52 259 174 279 90 112 293 142 242 66 4 149 229 280 219 20 1 187 79 183
219 231 207 194 253 103 37 57 246 2 176 139 208 248 47 295 237 213 56 270 7 271
32 45 163 169 88 263 17 57 130 93 193 129 210 71 131 223 53 26 224 112 140 11 246 106
669 44 109 112 117 196 215 228 244 157 245 276 151 34 268 13 170 152 53 283 203 99 259 85 92 27 55 88
20 37 47 53 58 128 218 155 225 127 277 291 226 137 176 213 168 42 202 24 220 281 113 81 259 19 161
89 164 198 203 212 141 195 48 211 231 210 75 166 77 167 295 14 100 260 171 299 186 204
41 248 92 143 180 15 210 44 194 24 44 15 64 206 232 997 26 113 53 174 111 233 252 382 79 54 99 112 233 128 130 280 252 134 90 86 85 145 237 8 81 231 34 18 47
6 33 86 94 102 251 68 37 13 85 270 239 80 237 226 178 232 167 207 286 160 243 88 62 17 223 115 90 96 187 267 13 289 219 285 222 128 288 154 127 77 15 8 37 224
76 157 382 231 44 68 270 162 48 186 11 130 58 32 76 247 288 275 73 3 75 287 236
26 25 38 248 259 23 161 161 159 238 41 211 58 15 15 243 278 278 195 211 262 155 104 99 274 78 48 67 75 274 34 215 115 293 81 11 229 147 108 138 170 267 187 287 295
33 50 68 124 126 163 235 79 179 8 271 159 247 100 24 132 229 37 211 156 274 186 83 207 21 268
56 72 123 181 257 67 95 101 156 151 161 7 82 237 189 40 274 90 126 191 36 26 280 263 213
21 168 217 287 264 254 32 56 238 61 37 252 277 93 260 290 151 247 217 71 169 236 59 85
30 55 75 172 166 64 125 290 181 285 2 201 253 232 90 79 178 234 236 263 56 239 245 133
66 24 255 93 48 147 72 289 64 139 40 175 116 140 187 155 229 197 232 275 146
57 128 23 184 8 82 267 203 168 229 98 60 24 230 226 235 269 47 32 246 263 221
213 295 382 56 197 66 19 250 116 173 299 16 211 234 82 117 249 12 78 240 154 118 297
20 78 279 163 47 218 177 135 47 224 263 185 143 184 206 211 262 274 104 621 99 242 212 171 246 148 190 146 48 103 137 296 234 19 67 111 173 86 157 22 85 144 124
44 56 295 173 211 88 244 187 268 246 202 249 260 57 145 12 29 204 67 105 241 91 6
78 95 105 268 269 221 180 67 192 76 53 167 24 260 97 275 226 197 245 113 201 72 150
101 167 283 118 146 102 131 81 206 187 87 54 172 236 42 183 122 213 245 113 132 117 41 32 264 287 98 157 53 123 255 109 52 138 201 82 75 86 211 163 21 26
169 265 274 350 126 0 207 230 111 248 87 115 167 216 153 271 93 218 174 86 15 214 299 94
10 153 258 115 127 92 279 89 299 45 24 184 29 15 197 134 49 138 212 201 27 296 189
18 27 175 242 269 102 32 158 150 49 22 156 13 141 58 168 139 213 230 110 190 270 66 77
72 189 240 232 17 57 274 111 260 284 125 157 84 272 160 229 45 213 43 188 134 20
3 70 79 198 89 154 224 275 30 297 165 109 196 260 279 90 246 12 34 76 46 181
12 23 35 129 136 154 162 32 200 207 180 41 131 113 121 162 165 111 278 140 49 87 198 68 88 22 62
589 226 256 191 196 199 280 64 219 267 226 132 289 135 171 83 169 97 31 41 228 230 29
45 56 77 135 187 213 193 87 297 109 138 38 204 47 165 57 104 172 83 253 158 277 263 3 111
892 232 222 130 233 156 251 14 51 242 179 66 255 37 10 186 167 276 134 118 122 155
11 35 232 298 350 0 3 9 49 191 192 12 109 12 116 12 12 109 213 892 650 203 206 163 297 151 141 634 105 267 121 93 43 154 105 276 286 211 107 245 266 13 45 35 168 114 71 208 255 66
40 294 36 36 208 279 208 156 950 267 267 36 188 35 247 221 61 684 72 220 394 275 213 244 110 150 168 165 273 160 177 253 137 15 20 28 212 246 13 16 161 149
160 281 293 265 190 89 227 164 238 170 37 202 212 42 185 214 26 8 130 3 155 148 264
113 141 170 237 78 28 168 150 72 225 260 194 257 84 287 24 100 183 125 99 200
109 273 299 82 172 154 251 213 66 247 197 205 245 204 143 57 18 7 156 9 19 95 120
85 124 155 244 287 232 229 217 286 134 118 54 127 218 90 253 190 21 237 31 205 262 298 173
52 166 288 193 63 122 70 287 28 7 187 121 194 81 278 145 189 297 216 49 39
145 279 48 145 118 142 170 293 209 266 181 224 176 50 73 183 100 136 97 253 272 190
284 293 1 243 76 50 232 299 168 70 12 132 269 140 258 295 16 184 102 87 241
53 195 284 64 70 79 98 112 236 299 507 1 46 44 175 332 265 131 278 262 206 184 155 211 195 145 201 104 212 621 203 148 23 201 26 190 258 99 168 131 59 67 72 177 75 57 150 249 81 250
39 55 76 90 216 67 122 52 47 118 2 26 234 258 238 76 8 28 133 69 158 14 30 45 249
25 34 95 164 38 178 257 298 634 11 247 50 10 54 10 54 247 81 67 265 5 282 149 240 8 281 13 83 244 177 53 40 108 183 56 138 216 109 176 152 16 10 87 166 68 274 2 160
57 138 113 153 205 39 143 117 200 277 276 190 30 295 250 88 38 95 137 99 208 14
116 144 206 232 289 43 180 215 290 131 254 256 150 297 36 205 53 105 258 202 257 157 166 99 153
15 53 120 132 181 190 245 105 176 224 230 237 219 229 125 113 2 123 17 24 181 194 49 168 192 146 76
129 163 250 47 290 297 204 32 73 244 115 198 173 88 246 57 21 247 134 33 231 85
21 86 95 126 132 260 216 10 202 82 44 81 258 284 288 278 116 8 144 4 79 42 269 203 247 126
50 187 93 61 62 20 77 184 57 148 292 34 225 244 106 199 65 169 186 23 14 108
104 256 120 226 261 289 208 95 47 166 29 187 27 153 202 125 221 254 196 239 212 287
15 119 128 218 259 290 2 189 180 164 100 47 92 276 54 179 94 294 126 99 117 283 267 193 273 66
34 249 298 96 130 37 151 63 207 229 298 284 162 71 281 82 51 110 123 58 216 5 296
65 127 210 257 55 259 297 75 135 285 115 111 252 197 244 295 220 2 67 73 190 282 176 254
23 86 248 279 147 151 185 130 186 67 12 136 79 84 293 178 237 38 91 189 203 263 220 72
52 138 163 198 212 53 30 290 252 164 157 119 25 33 262 175 15 60 139 177 147 95 180 123
47 164 287 295 179 114 201 118 171 299 198 91 278 62 177 194 257 187 46 267 250 220 180 186
181 130 288 17 68 116 225 153 33 259 92 127 203 29 119 195 111 16 242 159 158
195 143 183 206 225 180 63 128 194 170 63 180 128 194 1 45 35 72 352 22 166 170 221 684 79 294 262 15 247 9 284 96 242 41 95 260 264 59 92 42 240 208 102 75 188
181 13 290 30 42 4 52 212 280 277 270 245 267 216 278 39 120 28 79 257 127
9 235 251 212 97 143 38 280 182 58 122 129 71 262 15 199 41 258 225 136 177 172 17
16 18 23 60 230 243 255 264 273 284 253 278 131 263 49 254 56 289 4 214 220 193 123 244 41 3 7 19 16
2 148 245 270 350 157 269 367 31 142 250 109 66 65 66 74 173 184 621 212 11 211 145 274 99 155 243 278 24 151 177 281 178 258 73 18 209 239 180 10 238 284 261 3 41 251 226 187
997 171 32 174 94 187 238 57 235 202 116 71 261 42 272 276 7 48 47 158 295 224
79 118 187 243 159 201 72 155 4 76 269 47 5 257 51 195 29 179 104 65 41 268 124 92
67 100 223 258 127 49 135 93 73 125 292 266 1 67 155 65 134 243 72 223 204 31 21 110
132 151 268 216 88 121 237 150 58 118 111 9 234 283 103 91 119 158 242 53 169
127 298 291 150 27 152 169 275 123 173 143 299 297 292 177 189 84 250 52 263 66
80 103 209 212 226 127 138 40 121 191 193 42 261 64 47 284 237 91 196 36 149 175 53 224 251
63 126 166 4 152 144 296 12 248 257 99 265 137 218 126 226 106 163 50 6 158 132 130
29 214 261 285 229 202 139 79 250 65 249 226 252 281 194 18 118 14 0 145 179 87 254 204
116 260 10 38 276 283 216 46 129 191 11 195 171 194 193 207 45 252 258 177 140 180
181 254 145 175 54 281 227 291 197 158 271 161 73 155 63 154 12 220 218 0 280 97
30 187 229 248 289 293 186 45 218 163 172 134 35 59 290 272 244 145 220 111 139 130 176 203 257 190
180 230 16 173 56 89 231 142 226 184 127 143 63 283 296 190 79 115 285 139 202 61
21 261 202 15 144 234 73 196 120 216 30 81 37 294 185 197 191 263 90 273 165 139
213 227 117 127 291 288 135 61 290 7 152 250 76 278 16 4 268 12 279 97 164 74
33 118 139 90 32 174 210 162 227 21 170 169 66 153 152 104 178 145 215 132 243 1 230
79 231 262 271 36 124 191 44 2 43 192 118 106 114 73 153 41 96 158 8 115 170 281
65 243 246 204 177 133 275 73 107 194 161 160 251 72 209 296 201 274 34 56 289 149 108
45 121 169 227 205 193 241 188 31 203 217 56 72 13 129 140 111 130 186 51 119
39 49 73 100 67 27 170 106 43 282 205 214 288 263 34 61 256 4 86 74 220 95 175
997 49 238 216 130 69 437 92 265 216 130 496 385 589 145 245 277 918 707 21 431 973 242 271 20 155 98 160 144 12 239 116 3 125 43 294 71 23 45 178 127 216
1 3 23 28 185 235 264 238 83 173 216 115 61 108 86 18 150 273 72 154 189 42 291 29 184 182 187
199 256 119 34 110 216 39 116 138 161 85 208 5 278 229 159 139 241 240 33 78
73 195 292 56 220 164 183 279 100 177 96 101 252 272 173 44 126 287 9 77 189 182 75
35 93 112 207 350 155 39 250 293 244 259 24 266 141 85 157 83 122 115 129 119 218 183 297 43
50 203 271 286 275 99 159 152 3 26 93 87 231 238 253 216 146 75 283 182 267 0 119 195
74 203 205 222 222 16 40 291 89 219 275 212 78 41 12 294 143 288 70 19 268 81 254 180
147 158 178 221 281 219 93 200 140 106 51 248 223 288 2 0 25 191 273 253 240 121 165 198 189
22 190 206 135 239 88 56 177 276 28 3 106 192 208 138 30 230 246 174 8 98
199 273 63 64 43 31 261 122 272 79 171 133 199 156 7 54 40 98 284 53 56 9
488 57 196 271 148 97 219 30 78 218 264 63 299 19 32 46 8 179 142 115 278 202
193 232 248 93 176 95 287 35 263 37 177 209 182 59 45 221 20 244 285 113 96 40
54 57 113 201 265 79 114 59 62 101 188 243 145 53 255 173 206 49 197 66 229 76 235
1 17 87 194 66 223 163 18 41 118 125 183 128 72 52 35 256 215 97 195 13 187 14
9 0 111 181 40 227 157 263 109 257 244 287 50 7 12 231 282 203 51 89 140
18 49 90 268 275 277 227 292 129 146 122 121 211 36 189 37 19 95 229 185 167 208 212 221 259 161
21 49 159 194 217 266 222 197 132 239 282 50 116 234 297 284 118 171 250 145 10 218 102 215 38
75 85 245 298 224 51 259 150 21 282 213 191 229 0 137 260 165 81 105 7 168 253 17 110
25 106 233 271 205 220 103 9 259 144 256 164 157 209 263 89 289 93 13 208 45 202 168 203
94 159 208 234 250 347 427 65 268 347 709 99 256 496 279 129 709 496 647 217 250 237 402 4 184 255 204 113 378 43 101 260 178 277 93 187 48 103 182 261 175 217 2 116 70 296 221 282 62 97
98 163 223 162 72 46 116 42 47 35 55 161 202 154 66 87 115 75 282 140 258 147 167
427 265 997 9 43 86 157 189 296 246 76 296 114 15 296 76 216 114 141 120 219 106 126 187 44 35 632 54 29 45 111 182 139 265 205 104 78 179 41 243 25 36 125 267 177 231 268 30
19 150 280 297 194 130 22 196 143 202 249 1 34 181 134 190 193 30 224 208 84 244 53 61
54 88 148 263 55 131 159 198 62 78 44 110 262 296 61 181 188 119 196 192 23 243 136 276
37 73 220 119 10 274 153 140 237 224 166 120 95 5 235 181 128 14 94 206 66 190 35
47 256 264 137 221 167 42 279 151 70 55 277 85 71 79 95 81 215 50 120 206 245 122
23 63 152 263 298 132 186 116 13 223 280 5 31 35 198 53 262 79 74 59 204 17 213 212 92
997 24 75 39 55 267 261 161 241 295 10 56 109 182 2 203 279 61 38 118 41 296 149
10 123 283 107 159 105 15 158 266 230 21 67 286 47 113 19 77 276 270 75 33 149 263
731 27 199 224 231 179 66 282 124 213 298 284 203 241 199 261 97 230 193 20 13 19 115 195 31
839 29 37 112 170 208 266 178 58 265 255 6 60 259 299 85 199 286 73 21 28 103 30 139 281 215 260 203 139 123 14 115 265 45 52 36 38 216 200 261 287 189 186 119 228 130 194
176 242 80 231 137 86 150 220 288 272 37 292 141 108 85 284 157 199 81 208 61 239
192 209 13 70 128 252 164 242 219 79 224 67 195 163 31 215 279 142 126 273 26 36
863 12 90 230 280 72 347 439 49 356 274 356 81 274 188 118 41 631 240 5 149 81 281 821 22 282 67 268 286 263 112 179 85 26 8 70 207 27 147 292 4 159 42 119 109 249 278
68 79 113 272 231 215 94 264 165 76 95 181 84 132 10 97 116 168 232 169 14 256 186 193
2 153 187 231 241 350 71 132 191 382 18 808 270 808 270 18 270 270 347 99 274 184 243 262 104 278 195 116 11 211 84 126 136 149 80 68 265 137 65 178 88 49 183 119 207 255 43 10 227 103
74 99 141 147 10 91 298 292 291 277 163 242 95 249 26 57 35 113 117 153 233 236 98
11 134 139 170 8 169 86 42 131 206 76 187 85 60 106 19 102 250 205 158 0
232 21 31 367 66 367 199 607 367 367 268 153 66 363 363 278 278 242 274 262 212 607 201
479 10 11 171 255 274 31 126 31 569 171 694 48 22 707 589 145 125 146 245 277 341 496 282 126 793 266 269 243 56 155 276 97 150 272 225 72 271 98 237 86 259 208 84 11 87
20 112 232 248 149 138 82 130 146 196 199 272 283 235 63 172 194 161 103 139 94 171 22 216
210 280 50 85 177 76 184 178 3 52 119 156 270 274 259 208 242 244 232 135 291 193
19 235 293 19 108 194 146 262 107 174 76 282 270 154 182 140 28 159 210 150 253 200 120
792 77 84 100 272 284 295 43 180 221 118 222 170 67 231 285 196 220 173 166 15 33 172 29
180 294 21 136 168 427 272 272 281 161 34 236 272 422 161 238 500 31 21 32 295 126 636 248 44 91 296 39 6 71 41 221 268 142 33 19 175 38 1 0 80 188 249 153 140
216 187 28 230 252 67 239 119 144 294 5 242 166 246 99 184 74 32 69 139 198
634 174 124 228 164 229 172 282 59 205 6 134 46 20 16 266 199 112 289 187 223 265
49 85 139 77 161 500 427 72 238 161 225 72 417 272 126 153 636 295 248 44 271 960 31 74 129 192 256 52 19 47 107 66 194 179 236 34 50 250 76 71 225 183 222 230
575 779 114 173 220 60 260 65 33 22 156 281 92 2 267 216 114 147 70 105 89 12 116 136
