99 176 234 285 326 829 26 293 789 815 893 469 171 509 729 691 439 633 623 371 618 497 472 970 825 595 547 926
38 96 152 197 291 838 72 215 939 787 579 65 216 203 748 549 465 206 998 194 448 173 740 941 981 69 865 873 285 21 163 175 44 298 22 48 273 120 121 256 299 263 207 242 158 274 255 63
219 47 129 70 65 225 62 145 72 21 218 266 15 106 273 189 151 12 84 280 243
14 63 163 3 150 58 129 277 143 107 30 165 50 263 257 126 24 41 298 115 190 100
906 120 146 187 83 111 225 137 25 171 154 295 183 293 71 244 99 263 181 28 147 23 105
70 57 138 193 218 173 240 29 176 23 187 91 295 100 204 227 174 207 146 114 84
87 218 206 101 3 157 249 122 171 221 176 204 14 10 42 279 159 233 141 69 207 139 35 34 93 252 218 160 246 99 92 53 210 25 219 178 141 235 148 205 73 163
9 57 85 134 25 132 193 149 59 155 87 283 161 235 30 67 221 142 290 163 65 273 41
2 63 99 135 191 219 269 234 188 234 178 125 234 185 251 22 227 159 208 83 88 86 276 268 142 296 101
45 135 222 240 295 280 251 251 16 31 178 267 83 116 208 101 231 159 86 196 13 54 97 119 276 47 104 59 17 32 128 217 21 161 61 118 257 207 109 162 237 102 106 182 95
147 259 220 232 9 69 33 118 53 266 51 2 256 39 184 216 46 189 277 183 36 79
1 56 63 290 100 46 215 15 56 56 56 150 86 150 75 64 83 116 231 86 484 13 106 101 135 298 22 30 203 118 61 261 74 161 107 286 106 238 235 125 168 299 275 28
28 86 89 137 273 156 107 264 69 238 164 101 90 279 193 77 72 195 56 213 50 157 105 30 220
190 245 97 254 105 0 72 187 58 210 1 240 260 100 92 235 132 68 135 246 67
53 94 232 296 223 212 174 187 40 11 125 102 66 44 252 224 260 60 99 88 288 168 204 256
70 251 261 182 75 19 232 276 10 89 54 238 88 37 99 110 167 217 22 154 57
34 56 77 105 116 143 177 224 181 131 139 275 170 169 239 295 110 156 104 44 103 19 247 232 63 212 221
107 133 204 256 98 78 63 221 144 44 139 289 187 130 245 141 176 137 77 153 33 246 37 23
104 188 208 286 121 213 181 278 115 239 237 8 273 32 57 259 217 168 238 17 158 22 143
69 112 155 224 41 192 153 80 99 190 33 136 44 168 147 251 53 158 89 226 255 81 42 122
106 107 288 172 131 279 203 261 117 62 257 183 222 162 120 159 94 154 291 82 51
104 143 169 223 227 253 41 138 155 115 121 290 177 60 87 274 113 24 80 31 0 48 190 123 35 86
51 65 159 212 276 283 241 7 136 137 136 247 241 142 204 247 206 271 208 18 101 268 57 180 119 296 38 122 29 285 243 69 299 169 39 218 293 11 118 110 136 8 259 37 249 154
117 122 201 222 286 0 159 186 178 22 96 276 87 200 65 274 152 212 110 285 153 241 109 5 172
34 135 164 276 151 50 193 271 245 229 231 70 163 237 222 75 187 250 13 241 1 76 73 177
5 228 10 276 23 194 158 181 296 176 53 138 118 47 265 86 72 192 92 50 293 101
73 75 143 171 227 293 211 272 60 295 204 56 14 271 258 263 63 247 195 243 220 257 156 4 177 286
61 136 209 238 74 12 141 244 127 156 18 129 59 116 144 118 75 132 171 125 270 193 265 9
19 155 107 68 220 199 248 192 124 84 156 274 104 279 292 228 133 251 8 174 166
185 276 281 80 196 74 230 232 251 188 214 98 68 225 45 193 248 133 130 84 9 143
93 147 197 98 171 16 116 246 137 63 50 245 37 286 79 2 197 107 48 268 106 113 66
68 103 154 134 127 286 267 148 164 162 123 235 104 152 144 68 10 231 194 225 176 101 288
124 135 141 247 278 63 249 226 143 186 252 256 62 247 203 3 200 66 134 102 206 236 179 138 111
111 198 200 252 102 38 30 75 286 5 214 283 136 157 61 141 66 107 35 145 126 6 244 252
90 150 231 31 155 46 29 102 256 19 232 103 199 27 212 86 139 101 110 282 254 273 230
40 104 106 111 224 245 274 275 96 109 75 210 15 136 177 229 254 245 9 95 147 225 11 128 232 235 1 283
51 80 260 194 297 242 270 180 105 298 14 269 280 156 74 173 207 151 118 179 245 286
159 162 262 44 74 158 226 42 288 82 259 14 167 200 200 286 72 165 57 86 484 180 59 101 231 81 13 256 219 265 255 15 297 37 271 145 75 688 40 102 54 206 272 253 59 78 98
213 269 30 244 106 203 97 253 136 249 4 27 81 131 100 107 115 37 258 147 79 200
186 219 284 158 88 196 76 15 137 268 175 67 119 26 262 108 217 30 230 284 215 296 209
99 117 176 75 54 48 129 292 121 90 19 181 262 87 206 179 213 24 77 85 168 240 203
18 98 288 48 27 93 36 146 173 207 153 204 26 226 141 237 199 103 8 119 186
1 52 71 157 17 40 41 107 83 160 190 255 259 192 184 198 103 113 7 6 247 29 159 100
47 129 172 214 88 159 158 53 191 56 69 60 259 39 50 211 34 118 160 29 243 20 164 283
288 290 203 226 280 11 278 15 171 114 147 90 196 170 127 237 265 64 284 202 21 229
71 255 279 277 262 197 299 190 128 294 151 220 115 141 182 288 154 4 222 206 8 146 31
45 170 58 165 149 233 139 229 205 260 220 66 269 43 268 39 11 29 214 80 283 219
78 64 161 256 61 69 163 65 11 14 91 132 201 265 260 291 32 79 184 203 283 161 292 221 34 88 148 38 158 291 6 156 205 192 293 183 98 140 263 21 240
106 140 208 14 198 34 255 269 35 266 87 28 147 26 145 121 138 73 284 95 133 187 243
11 110 243 169 43 41 260 223 154 191 103 286 247 275 38 179 110 68 292 60 84 226 298
36 38 142 159 257 261 103 34 8 4 61 48 63 188 137 148 207 151 203 0 251 120 169 236 139
988 48 158 134 237 200 34 57 124 252 22 217 183 281 10 84 58 152 101 164 246 42 125
24 146 157 255 262 595 77 56 122 65 33 207 209 91 151 11 200 89 261 229 98 247 21 189 280 32
82 126 214 246 178 171 178 178 161 87 215 73 157 502 81 14 228 420 36 86 283 117 942 83
125 135 252 160 159 15 192 81 282 43 212 117 161 103 34 146 139 190 78 77 59 267 255
202 215 242 199 289 298 115 267 177 113 93 169 256 75 211 90 165 226 241 83 251 129 250
200 248 41 85 253 131 163 47 192 69 251 264 114 176 246 210 205 107 5 66 233
65 68 73 136 162 248 245 136 199 153 52 109 57 202 208 56 186 114 194 256 164 139 224 75 83 221
613 65 70 153 59 158 294 76 129 258 177 198 271 168 112 38 160 214 7 148 94
51 139 245 34 260 26 293 178 244 225 112 89 268 25 76 276 14 100 294 122 266 170 267
18 210 292 59 38 256 60 140 105 278 246 24 32 141 292 269 236 268 146 152 223 229 122
43 81 140 155 286 139 19 99 154 266 33 9 84 235 20 13 296 288 215 172 112 132 162 246
102 105 122 157 86 4 215 133 36 147 100 142 219 71 41 208 172 92 137 249 234 68 79
33 53 82 83 288 49 5 219 93 146 299 195 39 161 261 35 244 236 237 151 160 128 101 197 152
30 88 9 88 9 277 145 228 251 751 126 187 11 145 846 288 36 292 73 101 168
249 277 595 155 133 272 267 181 19 153 180 188 290 274 265 43 161 89 227 279 119 207 112
14 114 176 238 15 214 176 287 264 186 69 125 155 58 117 73 91 63 158 129 44 216 55 210
46 125 224 230 253 278 28 70 115 131 141 220 239 276 286 136 136 57 57 57 82 175 82 276 276 175 82 484 268 708 296 231 106 59 119 77 77 9 222 222 87 9 222 9 288 298 168 187 246 90 21 126 70 101 751
2 206 207 271 272 275 271 158 25 126 161 84 22 121 109 162 281 256 199 192 130 3 4 189 167 237 205 51 147 278 219 28 163 268 4 119 234 255 251 18 14 228 295 238 136 54
145 147 191 241 282 211 52 234 77 244 228 279 170 298 111 82 49 268 40 118 230 61 125 239 200
205 268 278 15 131 253 192 134 125 8 153 151 209 145 160 21 114 47 66 161 87 147 61 222 175 22 262 266 244 225 286 264 138 152 288 109 112 240 20 29 144 261 182
224 120 7 251 25 196 135 88 224 232 13 148 84 236 15 1 112 110 14 221 114
78 167 175 40 260 155 170 178 114 1 223 64 121 281 76 184 272 48 297 100 183 142 239 30 97 0 243 94 131 114 50 60 171 93 89 22 160 76 149 228 128 47 192 595 76 10 299 595 2 42 42 2 106 14 502 5 81 117 36 181 14 118 86
8 121 194 200 243 151 41 278 236 250 116 63 266 99 2 18 109 235 22 285 150 152 16 273
26 174 40 57 124 179 164 62 223 274 221 38 138 76 226 236 34 46 190 279 197 283
235 229 5 109 120 62 242 55 58 177 1 260 173 97 127 45 196 80 108 135 233
48 58 155 166 144 251 75 29 298 296 247 221 285 132 141 151 249 263 240 198 92 261 268
8 63 266 298 23 143 156 283 39 222 267 72 132 230 158 147 46 241 5 200 113 129 12
3 68 159 203 258 99 56 272 15 290 83 59 226 89 12 239 255 281 25 261 146 60 246 103
175 188 297 209 140 159 212 110 237 70 266 274 228 235 124 288 242 182 83 118 7 147 66
10 44 59 203 193 286 105 17 96 130 6 64 11 115 269 45 57 259 178 104 80 283 173 176
72 103 296 595 198 148 34 181 43 231 222 33 249 22 194 27 246 155 184 28 235 174 75 233
138 161 0 118 150 3 45 245 77 58 155 225 89 288 39 174 298 43 293 182 285 139
19 58 104 272 297 226 125 135 275 0 231 184 293 154 199 289 186 273 234 4 82 268 133 100 70
74 153 217 37 145 81 160 151 102 113 255 43 240 233 68 70 291 205 272 8 125 253
116 131 283 263 166 47 29 91 299 29 299 47 291 83 14 157 5 181 81 118 117 14 36
271 28 217 34 153 294 221 71 71 221 180 253 98 54 102 272 206 688 78 149 99
175 207 265 275 289 297 613 173 45 122 201 235 14 2 206 253 62 44 251 162 292 145 4 29 237 296 158
131 502 26 75 275 76 229 243 165 59 236 44 161 63 81 28 251 13 140 295 215 181
87 223 55 176 156 112 253 203 81 153 187 68 19 46 143 123 47 262 36 41 86 25
21 86 126 288 118 203 42 22 94 265 84 298 119 99 234 169 253 30 107 20 266 141 122
25 89 177 223 264 265 277 291 219 241 44 221 62 260 21 155 261 119 30 267 239 190 78 31 131 71 118 60 197 292 142 286 291 74 45 279 112 6 135 57 121 96 276 126 210 48 52 218
133 263 39 34 290 7 287 96 235 81 288 101 113 6 27 67 94 111 16 25 146
29 113 183 214 232 289 297 249 284 36 134 271 95 219 240 97 187 253 214 147 180 86 279 174 199 85
11 199 274 344 602 678 264 111 292 31 38 124 289 193 50 146 200 260 70 5 262 13 295 55 101 173
73 103 184 226 277 152 198 16 154 85 74 201 191 271 233 183 282 276 217 143 192 53 33 219 102
23 130 202 214 266 280 248 193 164 16 84 140 110 244 197 117 249 202 260 64 42 62 267 114 142 126
88 232 238 292 104 115 138 178 122 219 26 13 178 276 276 26 103 101 59 119 268 142 66 52 296 208 600 209 147 143 270 5 116 69 32 28 184 7 198 33 207 70 152 19 237 277 211
93 233 254 295 116 141 16 114 259 29 235 124 273 291 239 203 0 281 48 8 117 228 24
47 13 69 267 280 1 76 55 74 235 255 117 258 33 233 148 27 180 156 183 2
138 237 76 137 293 112 288 8 11 98 3 86 93 270 252 202 242 251 169 204 128 229
215 194 138 286 59 276 132 77 295 193 236 69 284 189 75 157 254 205 184 250 103
190 286 127 62 12 43 151 259 44 154 38 140 263 110 19 201 74 24 13 261 266 69
74 123 179 255 211 207 234 22 125 193 196 40 180 195 191 275 239 204 189 133 164 268 105
254 277 247 19 44 145 274 108 264 175 170 135 222 128 118 203 134 4 40 213 223 56
2 595 82 66 171 33 251 261 65 131 106 173 296 123 8 189 137 31 264 63 293 81
98 238 66 24 40 579 40 244 436 436 579 24 188 274 216 873 123 44 146 13 587 27
5 24 39 110 150 189 283 225 180 292 193 228 82 183 112 255 204 13 186 50 165 223 12 31 178
14 17 191 144 158 244 144 30 994 158 129 30 118 117 994 83 14 5 86 14 283 942 181
139 247 595 600 144 158 244 144 30 994 158 129 30 118 117 994 83 14 5 86 14 283 942 181 25 124 238 360 360 32 236 32 124 259 360 1 243 288 144 168 21 145 246 73
63 110 149 224 259 264 294 161 17 266 114 209 114 87 17 18 101 59 296 207 268 13 208 86 857 196 103 142 56 299 199 255 142 240 194 105 63 15 70 179 186 150 69 57 274 82 257 21
12 107 125 201 258 587 77 175 175 231 157 231 265 293 272 8 230 116 106 260 119 257 252 48 13
21 137 176 254 190 202 243 66 152 190 66 66 84 146 873 197 121 587 44 123 216 103 13 274
199 178 55 83 150 90 278 279 123 204 240 161 9 158 190 50 135 29 80 88 146
79 11 76 96 264 228 179 228 880 228 179 880 271 726 647 313 160 850 220 298 195 130 166 38 95 245 277 245 267 36 277 295 157 34 271 960 502 173 793 191 95 74 293 988 284
203 271 148 133 266 82 122 170 208 198 225 197 196 100 177 5 21 60 147 10 251 146
35 45 275 219 35 187 150 168 48 87 93 215 208 31 178 117 76 291 105 214 292 296 226
120 212 34 46 226 228 190 62 101 189 250 241 97 20 247 48 72 232 198 74 166
99 218 294 67 278 297 197 249 144 136 257 186 162 39 279 52 252 192 145 73 256 258 276 297 172 287 80 138 167 84 164 107 149 184 242 73 11 30 194 46 278 104 233
284 613 75 120 4 268 23 178 182 200 136 38 125 133 166 160 79 56 57 21 281 191
34 116 231 165 3 160 160 136 136 723 96 178 253 117 145 59 54 75 272 98 688 149 78 225 195 241 59 147 187 275 221 298 266 11 214 136 299 285 209 243 261 36 105
173 262 196 125 238 439 239 218 196 218 825 287 502 83 81 181 228 157 86 283 994 420
84 154 187 106 88 290 109 74 60 290 106 109 106 74 793 74 681 502 170 155 173 13
25 75 179 140 163 167 60 96 1 109 46 74 215 48 282 98 52 221 288 90 3
76 189 219 295 66 73 11 45 154 191 137 296 6 72 170 252 228 220 240 241 64 53 279 270
39 113 117 200 181 107 234 80 133 32 121 275 203 189 7 97 31 184 180 139 152 207 84 256
189 214 228 254 77 5 196 97 133 115 200 169 130 183 8 264 242 288 250 267 71 180 134 102
30 96 109 169 148 214 92 169 92 72 148 148 163 214 148 296 208 101 484 59 268 857 86 128 12 232 155 260 3 240 70 277 113 89 206 145 214 270 21 61 103 279 55
64 272 204 183 252 116 22 251 188 54 234 200 249 72 247 91 146 288 21 121 189
147 149 174 222 406 25 260 290 283 275 14 63 145 190 223 261 0 81 154 111 134 203 45 292 51
185 226 191 33 199 50 14 201 134 256 196 24 27 273 235 124 187 20 119 145 126 61
140 221 244 241 210 118 108 291 188 67 77 180 190 152 156 163 181 100 138 160 42 23 60
125 197 231 259 44 254 167 611 167 153 259 11 292 73 21 288 90 126 145 101 805 187 246
16 267 280 208 28 180 58 221 176 229 87 27 44 60 160 204 13 197 135 297 38 175
255 261 296 130 117 15 211 249 43 38 30 17 188 193 97 13 197 148 19 137 16 285
138 247 174 61 235 40 231 204 125 272 88 213 8 154 7 243 95 130 45 69 34 201
100 279 7 202 204 211 285 273 110 409 12 110 110 409 215 249 249 196 708 142 484 66 208 119 857 101 18 25 169 67 35 78 48 230 190 128 2 198 151 164 253 129 247 46 297 181 104
74 127 172 273 289 280 91 175 57 131 92 244 40 49 158 24 172 29 126 264 297 13 7 229 107
188 237 178 106 248 30 77 8 145 163 84 144 164 143 200 22 83 78 225 35 175
108 68 12 92 29 149 138 233 188 176 203 93 80 224 297 70 211 11 147 245 187
126 158 240 228 347 507 502 571 194 21 194 502 194 155 502 40 78 206 688 102 269 180 985
71 125 283 344 39 62 216 265 273 77 110 160 409 127 200 200 207 103 296 857 86 106 600 268 231 59 196 13 208 500 136 136 223 237 283 162 223 516 282 76 277 103 139 194 997 160 40 37 803
167 239 109 150 79 278 45 75 249 36 184 29 208 92 22 127 247 144 190 291 273 152
24 44 297 45 9 153 270 283 174 257 267 168 132 272 224 130 242 141 294 65 23 144
4 10 65 214 287 50 237 24 155 133 129 180 240 9 80 5 90 158 136 189 93 135 64 255 212
72 82 191 284 137 341 38 38 38 803 53 341 103 8 146 216 873 347 102 274 507 27 171 571
60 99 143 194 185 44 62 216 103 181 13 107 233 1 118 169 110 193 46 156 126 155 56 189
18 249 216 119 163 164 52 233 245 201 127 55 256 33 30 126 110 278 290 289 248 89
803 51 53 99 194 6 277 135 273 218 111 76 132 241 292 208 51 249 49 188 19 127 138
196 189 247 28 114 70 107 80 230 250 104 291 22 240 14 204 166 225 265 297 33 271 191 149 193 195 4 131 114 244 93 71 155 84 67 182 163 112 260 23 213
102 127 146 176 203 281 226 10 89 176 109 194 130 154 298 101 214 29 255 74 8 15 272 20 192 49
67 168 271 287 41 261 247 196 45 192 91 275 136 46 183 1 256 31 152 69 73 105 140 169
20 242 294 216 68 209 143 227 87 142 101 299 145 162 199 223 134 24 161 287 65 239 247
48 58 137 44 213 190 171 36 73 267 266 149 254 168 90 203 21 117 84 101 205 273 54
193 254 45 273 13 172 192 131 296 177 289 3 38 182 108 159 199 140 269 237 216 97
27 30 274 43 200 278 21 54 227 170 203 51 201 106 95 199 169 257 235 271 270 108 286
4 14 42 215 151 246 209 113 5 166 61 137 263 127 115 12 190 40 126 212 1 235 218 60
0 231 344 137 173 135 504 163 173 173 597 537 988 271 293 191 292 13 173 170 942 155 707
122 124 223 287 263 152 145 2 92 254 37 1 15 197 153 217 117 231 222 297 203 62 171 198
50 138 78 263 250 38 114 83 0 214 256 133 220 287 260 185 65 127 135 146 3
98 144 165 186 504 31 163 196 173 163 35 196 288 418 31 137 503 151 155 271 173 681 960 95
63 99 199 225 270 287 595 34 89 70 49 76 200 82 93 43 214 26 293 261 32 149 86 73 46 273 221
87 250 260 22 248 245 177 75 195 91 166 241 105 29 293 280 197 145 126 115 121 19 217
294 213 656 280 277 213 697 434 280 277 213 116 39 387 248 241 510 60 263 188 436
30 68 179 344 234 236 218 194 183 180 18 46 202 75 124 73 100 102 164 298 43 155 214 235
117 847 847 434 847 434 844 722 434 336 411 722 147 76 82 299 288 97 138 513 79
1 57 65 73 142 221 254 180 33 180 180 973 33 4 858 677 16 973 708 170 942 502 191 173 155 151 597
58 141 142 236 146 143 280 143 118 146 44 72 90 292 58 21 145 805 11 846 168 243 73 246
35 70 72 268 299 613 183 33 72 123 152 204 54 209 111 10 35 186 76 148 163 229 44 248 254 140
39 151 222 184 65 40 288 99 62 279 77 28 111 80 219 46 289 15 34 201 224 147 225
4 40 138 193 215 238 344 161 253 82 219 143 232 104 270 211 126 145 264 17 20 190 90 157 210 225 217
107 272 135 783 197 820 783 619 197 442 135 442 74 271 537 973 170 293 960 292 597 707
184 479 10 200 120 294 30 143 76 33 134 293 42 83 52 185 104 7 212 207 280 147
185 239 299 863 151 592 191 285 492 301 31 592 293 512 118 420 14 228 601 95 301 942 283
134 261 433 96 119 216 63 275 43 279 128 35 104 292 137 6 89 114 239 176 208 236 282
