106 115 266 694 4 7 235 660 242 228 222 273 130 105 73 276 278 132 180 27 169 16 292 3 149 207 68 99
55 858 47 124 575 70 935 867 682 742 405 702 544 127 478 829 601 499 125 488 612 636 836 51 247 39 21 280 134 249 267 164 91 49 74 25 47 160 239 144 203 33 219 56
12 29 139 182 280 294 265 104 144 75 224 194 131 232 172 198 81 240 5 79 26
38 111 163 93 182 129 161 236 64 252 143 198 82 134 228 58 56 204 86 137 37 85
25 38 54 81 212 115 154 178 90 178 249 191 191 104 274 49 96 90 96 80 184 188 154 473 90
46 103 132 201 248 299 7 82 117 257 228 143 271 174 136 214 143 215 9 113 289 23 135 113 162 73 961 15 139 113 247 47 34 88 151 137 139 117 76 297 119 198 164 143 170 226 134 207 32 205
20 39 132 276 566 2 287 105 248 253 157 231 149 262 265 215 32 226 127 20 299 295 91 54 122
71 152 173 199 113 281 101 202 158 90 42 247 183 117 253 193 114 13 10 102 224 35 268 204
96 29 107 62 189 65 87 278 35 244 295 184 14 282 243 122 190 150 145 152 22
30 87 229 196 58 72 105 181 198 281 43 96 246 85 125 179 23 264 211 3 118 247 136
83 235 274 87 165 33 196 274 23 158 207 295 212 282 142 131 62 88 43 278 292 97 0
39 47 97 74 249 290 157 188 263 139 152 258 163 17 39 143 200 24 46 119 264 210 25
97 177 186 267 298 150 126 65 134 89 244 157 99 258 135 21 274 31 272 175 55 17 91 44
95 151 194 44 23 77 166 194 223 142 243 76 297 165 264 13 258 140 59 14 159 75 200
80 174 186 251 17 128 87 287 176 28 213 15 273 234 232 41 140 220 64 139 201 257 286 9
20 33 182 281 233 234 219 31 12 46 187 107 19 116 51 63 95 154 26 228 272 243 223 76
105 228 240 254 46 67 62 14 214 80 35 130 234 97 15 178 30 153 5 103 187 240 86 239
17 27 66 129 233 267 124 174 115 37 294 235 116 155 56 239 97 209 103 20 165 225 144 21 273 40
272 190 28 19 10 175 48 195 128 172 241 73 289 154 120 124 265 262 228 50 75
128 166 277 187 285 173 81 154 293 66 250 89 182 287 288 75 262 282 49 280 73 103 120
26 62 138 192 287 42 106 224 37 11 36 225 196 46 220 236 57 48 295 298 184 149 252 156
84 117 193 234 281 88 265 213 240 248 184 81 47 288 161 26 96 126 90 146 242 256 264
7 41 267 86 281 132 212 78 90 213 9 227 178 280 262 182 222 101 233 24 48 7 115 122 16 5 138 162 129 242 244 209 179 168 91 99 149 83 100 262 169 259 170
103 206 233 285 142 242 268 79 171 6 88 237 295 19 169 150 213 13 5 37 135 284 70 287
169 206 208 212 296 232 159 130 16 106 214 186 138 288 103 80 4 52 266 110 199 293 95 213 17
10 74 150 162 164 59 134 49 119 17 133 209 226 83 255 101 37 106 247 76 283 15 173 227 98
112 147 152 283 297 113 288 76 193 259 81 279 75 169 55 253 191 22 3 153 217 276 26 189 297
64 92 197 279 290 43 273 101 50 269 155 247 66 177 148 251 156 94 186 239 131 5 3 143 201
174 183 226 245 283 83 133 150 259 126 135 116 93 179 78 115 105 225 97 238 256 0 229 117 181
70 52 120 102 172 192 298 83 48 2 9 161 6 54 251 11 88 236 5 156 263
14 57 79 94 179 247 289 294 199 202 253 290 187 298 12 123 107 224 119 91 19 61 92 133 10 47 228 202 172 147 265 297 217 270 77 36 296 59 150 30 52 143 286 78 46 137 249
5 113 117 208 240 293 216 168 118 173 291 264 113 195 181 98 273 272 224 265 250 130 29 287 80 37 184 275 113 138 112 175 214 200 232 24 179 34 285 17 258 294 51 125 35 102
22 67 69 81 92 103 146 251 257 160 230 285 221 95 212 241 266 4 233 271 173 258 174 265 171 215 68 108 277
57 105 109 147 185 26 270 51 205 212 257 196 222 268 199 132 249 263 144 85 121 149 100 237 56
14 83 181 185 188 205 249 257 283 219 63 296 168 21 43 275 273 13 67 42 240 98 75 29 110 248 266 197 31
48 195 239 260 290 299 162 160 118 198 137 255 265 240 254 134 24 121 273 208 177 108 215 161 85 117
110 278 175 122 92 4 3 85 152 165 21 67 284 22 63 206 103 246 234 254 169 259
51 106 287 174 49 69 81 119 71 229 75 133 187 32 112 283 21 48 70 157 199 29 107
79 137 196 201 91 295 255 229 161 140 105 91 79 443 56 164 857 0 414 17 126 82 185 407
52 94 224 258 210 276 63 113 194 144 129 40 119 75 114 152 95 175 24 28 255 227 66 37
103 114 202 222 287 108 146 199 30 6 138 52 233 20 148 156 260 270 186 19 283 218 55 124
102 131 185 275 156 83 4 6 23 148 87 123 169 84 46 289 8 164 162 257 280
119 137 248 163 79 4 224 128 236 161 258 156 210 3 245 18 71 251 57 196 51 149
46 111 144 203 250 14 284 154 25 271 63 125 218 200 55 228 22 278 188 207 18 151 238 219 299
24 42 163 131 243 29 81 285 79 223 137 2 272 73 244 110 139 264 211 106 296 143 88
122 170 251 146 173 202 298 61 76 143 109 7 130 106 62 296 205 111 158 10 272 200 258
93 141 184 224 274 243 196 278 249 18 180 11 258 167 269 12 36 281 223 226 272 85 200 194 251
22 154 17 168 42 53 243 82 22 113 75 98 202 209 172 207 299 266 9 253 138 131
135 145 255 128 143 103 241 142 255 148 6 55 288 134 272 250 156 33 36 56 16 101 37
27 31 53 150 180 262 280 168 1 282 206 247 135 211 265 252 130 128 233 145 246 65 73 76 48 155
32 89 202 278 289 298 71 145 173 144 265 69 185 42 240 58 6 254 139 23 47 101 94 210 12 291
28 59 191 229 249 267 282 271 156 235 6 184 191 91 71 36 154 238 141 253 138 62 144 234 68 195 38
11 28 43 69 218 123 268 221 292 183 286 197 144 266 199 254 244 281 236 40 92 53 179 249
280 214 33 239 131 203 176 72 284 295 181 288 205 224 227 20 183 175 242 296 193
124 199 254 17 15 66 127 163 254 271 60 178 175 181 202 79 40 199 21 151 293 101 128
42 217 220 254 264 101 169 105 166 191 120 193 127 196 90 230 176 221 42 36 64 272 287
26 187 264 24 167 37 134 114 282 119 14 60 116 271 43 289 182 130 106 18 117
20 88 107 268 247 267 284 272 225 26 17 23 205 169 234 116 32 118 0 198 202 16 191
210 270 99 296 118 5 94 194 210 76 230 182 171 155 44 142 147 47 51 156 259
55 125 143 173 177 242 154 16 88 90 145 231 139 251 18 67 283 190 189 175 40 110 53 113 51 158
34 107 146 200 274 268 72 80 179 144 225 132 215 135 255 116 37 159 219 279 175 183 163 226
51 229 45 45 45 47 93 279 182 45 184 82 834 185 17 857 933 164 204 250 684 0
205 153 51 205 37 66 165 102 12 63 249 288 251 132 145 298 93 183 49 284 18
31 64 78 282 284 288 241 188 211 132 93 37 152 77 199 261 235 226 266 293 115 103 240 6 9 134
212 221 202 68 55 149 200 54 269 77 117 242 240 89 116 100 176 118 290 270 45 150 182 207 76 198 51 177 10 294 83 219 158 6 20 247 117 2 184 69 84 157
46 72 215 280 200 269 31 195 176 19 122 177 158 225 75 154 83 0 132 203 105 26 228
84 251 92 88 4 153 24 298 292 257 293 59 295 188 128 18 156 165 15 236 80 179
294 240 63 15 12 208 206 11 5 65 222 220 271 275 284 246 292 272 252 160 6
79 118 215 159 230 175 198 276 165 285 217 156 178 197 281 114 154 275 280 228 50
65 285 0 25 250 297 55 275 4 165 35 289 221 247 243 296 72 86 194 148 103
175 195 273 238 16 175 204 192 259 202 41 69 265 254 121 128 44 39 72 298 171 12 132
100 171 275 121 46 183 242 200 177 210 89 264 150 249 290 129 147 293 112 70 148 137 83 54 155 40 83 155 229 200 414 56 0 684 70 834 933 164 17 82 184 407
112 123 253 293 53 91 263 122 256 34 118 96 223 241 284 276 13 137 143 85 57 153
143 252 291 221 72 77 58 27 35 187 78 105 13 3 220 234 43 176 100 125 36 71 11
254 166 124 283 174 179 209 113 125 109 11 246 237 121 80 96 207 143 182 44 267
25 38 49 282 207 206 290 113 94 272 122 133 278 9 37 172 116 7 157 4 179 174 105
77 79 268 110 70 78 91 211 299 285 72 117 106 5 115 37 254 197 198 18 156 28 255
53 248 298 144 277 27 191 92 194 204 223 58 184 26 161 196 201 266 31 138 57 119 117 15 212 49 100 177 165 154 21 232 200 86 184 280 93 18 144 56 5 2 9
92 95 211 227 254 290 58 232 264 22 84 229 183 237 17 129 184 54 181 266 173 87 14 190 118
79 110 176 265 40 39 221 45 211 18 266 43 223 262 99 153 200 97 291 299 163 173 15 7
81 86 94 112 71 49 93 47 199 148 82 254 201 278 154 213 30 95 27 270 223 274 138
234 241 1 137 250 252 199 138 80 81 111 234 261 123 7 53 87 112 295 10 119 286
205 277 173 33 253 265 55 294 107 230 116 4 273 114 49 41 103 204 245 233 179 200
92 213 93 107 217 25 56 247 270 169 30 255 228 116 197 235 54 130 237 142 60 206
90 98 77 27 163 227 168 215 266 169 83 67 82 207 138 103 116 159 79 142 251 209
101 276 158 157 294 84 124 215 168 75 69 67 149 103 205 24 120 163 288 44 87 184
12 119 121 135 288 246 194 4 238 149 247 125 73 133 294 115 192 270 81 114 17 283 26 111 44 168 51 287 288 160 175 140 25 102 154 118 33 198 35 192 235 63 68 247 122 88 146 38 263 64 153 125 177 250 39 245 176 266 168 93 95 178 148 156 2
211 218 258 141 112 30 150 225 29 41 68 44 6 274 198 21 241 280 277 222 147 139 14
41 216 268 276 39 239 108 229 15 212 250 291 61 210 162 237 198 60 158 171 173 134
57 124 11 212 262 212 11 151 41 17 684 414 857 184 17 250 204 70 443 214 164 82
16 122 136 22 270 36 209 49 241 199 221 109 45 176 52 114 9 279 58 227 82 193 99
4 79 84 197 227 146 130 176 30 167 28 223 79 93 254 128 283 156 288 82 108 190 100 177 96
48 188 15 177 115 206 259 278 193 70 90 19 112 234 202 162 226 230 89 252 107 87
10 17 55 57 96 267 78 125 174 15 69 225 72 120 266 37 283 177 215 139 164 251 157 92
82 95 180 223 224 163 51 140 12 37 217 17 131 265 88 216 203 205 227 158 179 107 9 96 62 67 131 266 106 39 2 22 33 50 132 154 288 148 143 113 68 199 35
59 126 191 265 62 280 107 92 11 288 274 34 272 196 6 290 133 170 182 90 206 299 295
50 76 106 202 243 285 0 60 132 112 227 214 258 108 96 134 90 118 28 140 7 131 188 296 64
9 19 88 267 271 107 48 49 14 247 25 182 32 171 206 16 240 233 30 38 161 165 293
71 131 139 249 116 253 93 209 13 30 206 286 220 20 10 225 180 102 131 143 53 247 268 105
1 99 187 284 189 259 11 111 110 236 281 13 76 194 231 168 35 2 245 218 292
23 37 58 291 77 144 195 102 5 99 58 124 171 223 284 233 50 70 73 25 161 135 11 285
229 34 152 237 132 278 202 22 26 246 293 252 137 5 140 136 160 40 177 181 141
9 293 85 179 298 231 106 223 19 290 20 240 250 35 235 295 261 92 127 14 70 122
153 252 288 204 97 113 275 274 292 131 15 18 187 222 40 268 191 77 112 232 144 261 153
58 257 41 201 135 204 216 65 196 291 143 226 244 197 83 104 192 227 35 212 184 20 42 119 107 9 241 160 190 278 236 54 36 33 247 246 274 73 23 84 287 270
5 18 268 299 17 50 253 56 161 27 197 128 9 285 280 23 243 89 19 114 134 262 230 140
53 54 172 133 29 150 80 275 105 178 87 195 6 287 21 173 84 276 75 246 107
20 31 99 232 237 63 51 113 184 128 284 180 107 25 161 235 258 11 193 191 127 5 91 273 110
149 167 180 10 44 280 274 290 105 19 119 216 6 271 127 139 96 209 246 25 82 14 174
33 166 176 204 282 68 240 85 143 277 284 152 213 160 167 41 185 156 125 110 256 22 189 258 249
63 152 86 190 210 237 139 53 26 199 80 7 231 175 275 140 179 276 73 106 157 220
86 90 237 238 60 151 92 178 289 294 101 115 158 258 62 292 153 128 278 145 9 284 233 246
88 246 62 95 136 294 6 208 267 109 280 225 145 74 222 247 286 214 47 283 98 285
149 171 200 178 176 263 189 224 100 192 44 270 130 22 25 197 237 239 168 7 216 79
11 12 89 144 220 103 243 272 75 278 143 124 218 72 251 271 207 15 183 226 42 91 69 23
21 207 247 291 299 17 206 250 41 166 11 170 237 55 127 204 277 12 5 69 295 179 289 62 84
133 156 205 170 225 198 265 0 32 30 283 235 138 262 190 58 126 238 10 137 115 168 257
9 15 106 139 224 279 1 132 280 252 282 31 91 190 88 238 89 152 187 265 177 122 147 246 74 111
111 240 43 218 88 235 295 31 241 28 8 228 132 289 233 131 79 141 274 207 276
2 3 93 169 132 50 105 30 123 239 127 240 93 100 74 41 151 29 3 10 109 276 290 174
143 211 275 98 180 20 85 123 87 28 238 35 278 161 140 229 56 3 124 153 193 268
0 15 167 78 116 293 251 122 215 259 263 167 224 269 51 109 87 254 67 136 138 195 256
37 94 176 260 267 251 224 35 173 191 204 231 90 14 227 96 203 219 164 271 6 172 121 289 17
139 172 237 220 169 104 41 107 11 298 254 32 129 110 271 210 267 116 103 75 178 50 288
19 111 228 101 122 203 100 3 271 33 62 296 32 244 247 27 240 119 37 204 53 10 188
214 267 31 298 43 223 36 15 232 46 0 299 294 295 63 165 11 3 48 172 45 285
2 168 179 180 198 298 38 284 158 148 118 124 146 108 55 266 125 43 187 106 110 278 121 76
29 47 154 211 212 246 289 48 235 278 297 265 15 126 9 180 89 44 168 128 275 53 215 277 164 120 188
82 162 210 226 266 43 135 127 156 191 158 272 183 47 274 55 26 216 167 284 48 71 227 75 65
11 14 37 140 270 216 185 189 243 21 81 290 193 210 56 23 9 203 280 41 209 237 24 120 177
165 214 282 193 241 12 10 264 126 172 222 293 212 113 234 156 240 137 219 114 169 82 124
17 106 137 249 5 84 38 223 240 208 103 174 162 122 234 272 271 20 270 158 13 182 211
137 293 17 194 118 49 106 18 147 33 113 168 12 292 126 20 130 80 83 105 5 13
92 173 290 132 45 259 120 226 214 55 200 272 118 216 10 231 239 222 111 205 235 298 60
96 145 164 267 290 235 31 25 284 130 283 63 9 268 295 196 227 134 105 214 62 166 286 149 87
76 87 129 196 234 153 16 151 82 133 127 26 159 147 156 142 164 35 208 129 78 185 199 101 191
26 207 234 112 269 113 297 145 94 249 151 126 174 200 133 31 199 267 17 256 106 128
58 188 190 297 170 218 226 202 168 95 2 7 248 31 255 102 39 138 192 215 12 221 187 9
14 205 256 56 186 264 263 34 141 24 189 227 27 87 92 113 240 59 176 283 83 129 238
103 247 91 203 51 32 176 140 128 48 105 219 173 86 260 81 210 42 296 147 46 229 39 121 167 254 229 222 145 162 245 224 290 124 185 1 136 287 42 265 37 239
134 202 297 115 33 104 11 45 139 273 194 181 1 284 30 269 126 84 15 223 299 285 25
39 50 61 190 228 27 287 14 58 20 279 23 97 200 278 297 155 60 254 135 117 195 202 41 219
145 113 217 189 153 282 71 196 184 44 79 61 73 37 241 21 57 186 195 263 267
0 121 296 11 54 290 283 117 99 191 251 67 253 78 234 275 175 51 47 224 3 245 189
1 171 209 296 278 70 231 214 258 167 24 200 218 251 259 44 189 236 272 21 23 33 122 60
39 228 139 18 496 18 179 273 71 172 250 846 214 0 204 834 126 185 164 56 933 70
42 188 201 116 177 261 94 209 182 181 40 284 113 90 231 167 72 164 62 148 225 25 118
161 276 35 235 84 213 243 161 199 180 158 50 203 286 151 179 141 21 94 154 219 249
5 78 182 37 242 121 181 93 201 130 224 205 213 51 106 79 48 83 263 285 277 139
111 258 172 245 139 496 245 306 18 245 14 156 230 129 70 204 443 684 0 834 185 56
184 261 81 40 218 222 77 12 135 48 178 114 202 169 10 283 128 184 251 47 124 225
9 128 177 37 128 238 73 145 210 294 46 240 276 206 237 297 261 104 2 117 106 112 88
3 68 85 115 227 188 89 156 126 100 34 218 73 163 57 228 198 274 251 211 164 261 279 238 286
34 181 199 294 263 106 58 162 248 273 253 130 138 42 266 63 214 291 12 68 148 6
90 96 100 140 183 122 19 112 277 279 262 79 94 186 297 11 66 157 203 215 257 275 14 84 25
154 164 260 266 167 2 9 180 36 142 58 135 99 150 161 47 104 143 112 16 102 108
41 119 252 291 235 82 70 287 161 26 14 41 158 162 237 239 1 181 171 229 255 271 261
136 273 84 177 214 51 179 89 46 124 118 57 226 121 78 221 201 24 191 122 1 276
50 193 278 129 166 291 8 131 13 170 165 152 38 132 64 178 211 230 223 237 147 217
50 163 255 276 90 207 63 116 200 193 115 195 188 61 126 12 111 174 105 67 71 94
85 194 201 29 93 160 217 150 231 199 293 55 15 8 154 277 239 233 131 246 82
60 65 83 153 242 244 228 296 80 112 270 267 146 260 122 288 256 195 128 153 57 217 164 45
186 251 293 76 142 34 32 94 13 52 297 139 119 61 111 195 260 150 275 188 59 228 210
211 245 89 39 233 276 141 67 151 68 82 197 272 62 5 237 213 22 58 190 263 38
131 22 236 56 298 266 52 31 41 239 166 241 121 225 210 250 70 64 114 192 7
73 230 272 216 44 271 63 186 36 153 23 221 118 140 250 154 124 82 133 292 279 95
187 210 243 78 277 26 149 51 114 40 205 9 142 160 216 293 119 106 238 0 182 236 62
72 149 255 275 29 11 48 74 259 266 210 141 218 297 292 158 28 149 60 42 288 69 161 231
81 189 274 66 285 185 46 199 82 10 55 83 132 86 4 220 25 233 207 18 47 289 264 207 150 248 2 22 17 247 143 282 185 28 153 105 13 184 74 57 104 49 46
22 90 255 251 235 123 299 237 63 69 125 37 23 174 15 177 277 268 86 202 257 291 148
40 50 94 158 248 299 243 104 197 36 137 102 3 281 130 157 73 184 169 147 292 22 111 105 253 92
7 65 255 40 78 42 112 127 43 31 203 153 276 35 164 104 125 243 86 284 9 88 229
34 49 290 111 230 160 139 168 253 166 13 178 12 175 55 11 231 78 286 80 36 285
95 146 43 45 2 158 187 122 216 189 243 162 165 69 66 247 264 227 144 52 0
189 282 223 240 155 118 7 81 276 99 197 296 93 153 111 207 226 116 142 261 225 87 130 143 86 218 197 87 204 247 230 37 180 82 97 211 25 208 194 128 55 123
242 245 84 139 127 231 119 232 191 270 144 243 182 39 31 297 159 96 11 73 298 49 105 135 196 270 269 298 121 178 70 290 54 240 288 71 224 62 68 239 275 124
61 111 288 11 137 296 215 109 32 222 75 169 59 225 77 44 7 5 22 104 256 175
29 203 65 146 34 23 266 56 147 102 199 177 186 168 93 120 286 205 261 180 76 28
139 205 230 764 764 576 109 989 764 754 995 764 576 95 156 764 17 250 857 214 185 82 184
55 64 212 216 161 16 80 79 131 0 287 31 138 30 239 218 6 237 283 240 44 102 20 155
168 284 54 276 33 224 46 71 147 161 244 225 19 183 35 68 5 241 78 194 212 65
110 134 147 246 235 135 180 92 170 127 89 247 237 147 190 268 88 169 158 103 44 67 28 160
