141 466 55 96 224 282 957 124 225 249 280 402 802 439 286 303 776 911 866 530 484 38 560 679 372 355 558 769 206 850 359 916 571 246 20 185 916 91 69 177 55 889 3 0 251 4 889 119 251 591 265
169 193 937 96 148 212 507 777 358 659 532 872 879 194 818 681 632 38 121 472 342 263 270 605 449 766 86 45 219 216 192 149 16 158 208 13 80 6 56 114 102 121 220 5 134 119
113 138 186 294 999 159 283 289 491 866 665 248 101 439 486 241 665 840 866 807 554 419 12 12 241 240 486 2 293 0 134 244 294 104 82 194 5 263 72 213 128 165 248 253 13 100 59 275
2 19 105 129 175 293 32 171 249 37 274 13 167 186 180 25 134 61 82 207 223 161 46 119 78 230
43 255 643 14 127 71 112 127 280 7 280 182 70 280 255 288 62 271 271 28 89 1 165 272 398 173 26 220 62 134 234 114 205 94 176 193 22 275 271 247 53 164 279 35 226
999 194 200 268 240 97 210 127 105 130 222 150 257 237 134 270 241 271 171 289 3 275 144 277
18 178 199 66 261 73 278 264 212 215 78 135 211 151 88 112 69 171 234 235 196 1 121
28 73 143 146 164 273 168 20 47 196 287 39 75 185 291 294 133 147 171 25 96 12
14 55 73 275 276 267 32 57 298 116 231 29 203 219 76 43 89 147 154 205 257 75 215 45 134
67 118 138 149 178 222 235 49 56 244 58 272 240 36 271 265 197 175 33 11 142 18 39 106 24 40 76
94 197 219 247 40 143 103 117 177 60 88 190 212 208 62 147 64 268 126 215 74 289 46 67
76 121 136 282 223 169 32 203 273 58 139 227 257 129 7 86 164 29 134 235 126 106 260 283
491 188 238 4 129 45 115 197 123 51 61 174 127 291 210 26 288 266 105 222 257 190 270
124 125 151 173 229 288 186 226 247 130 227 179 97 196 184 99 244 201 52 251 167 81 126 283 260 154
214 236 155 88 91 201 154 71 92 263 250 229 238 131 299 3 137 132 236 141 150 72
466 188 223 226 170 53 132 194 245 22 255 271 219 11 134 141 235 193 224 185 84 292 174
15 158 215 239 268 169 129 227 189 164 254 287 123 106 249 42 26 126 156 110 186 143 9 148
89 225 297 32 289 33 75 153 54 185 68 176 272 130 169 101 288 3 161 139 231 188
13 20 73 104 147 148 292 297 235 151 193 23 128 215 139 56 299 188 92 229 186 253 167 198 258 158 27 286
889 10 56 161 250 50 123 115 145 173 47 115 240 115 276 474 47 473 222 147 188 134 39 258 468 80 81 268 158 71 157 58 13 238 202 218 42 47 213 155 279 88 110 188 5 179 38
106 129 137 195 179 186 239 228 131 257 279 282 190 261 96 285 259 243 291 10 23 4 217 106
61 128 151 220 267 341 12 11 184 251 27 196 117 65 177 191 216 33 94 174 120 244 198 148 55 20
292 264 48 150 168 8 80 101 100 205 219 164 209 257 292 152 258 10 91 88 52
8 189 41 112 146 102 132 128 91 145 271 110 138 196 19 75 137 256 189 261 277 55
100 41 83 205 113 124 194 158 95 209 22 276 82 91 231 274 212 239 215 218 260
46 198 203 284 89 295 156 146 244 102 223 94 224 111 49 278 50 202 222 53 217 142
120 143 206 210 253 87 210 178 86 69 76 266 232 98 251 121 291 170 183 99 49 46 165 289 149
23 51 176 192 6 227 265 74 33 145 206 54 240 92 208 179 87 257 118 53 143 40 151 162
643 239 163 202 242 69 42 137 251 178 206 153 74 134 228 176 133 162 160 222 7
629 889 1 200 266 162 98 102 196 206 275 85 294 213 187 244 20 61 138 178 299 45 133 231 32 281 99 281 84 110 6 84 224 84 41 971 971 896 147 434 226 8 192 61 668
125 287 135 9 70 23 238 81 296 204 224 206 246 222 94 197 251 149 26 10 83 293
643 1 90 135 72 220 66 217 172 29 225 22 57 198 237 145 165 166 10 19 115 244 167
59 79 105 174 228 245 285 59 104 159 22 40 291 124 132 11 112 242 121 48 287 267 293
21 36 154 176 189 219 65 2 265 92 100 174 298 39 253 188 61 266 85 288 108 73 287
955 257 295 105 261 166 141 273 28 79 161 96 260 214 294 52 169 205 50 15 204
629 72 233 26 220 154 172 280 195 136 149 242 275 201 75 205 192 254 249 282 191 163 278
281 204 205 222 283 239 28 299 104 200 259 172 2 236 34 206 52 17 173 170 99
82 106 107 7 130 45 275 181 185 198 27 85 179 18 156 81 138 83 129 29 111 159 265
118 28 271 198 100 216 72 18 79 237 116 86 184 258 165 104 124 187 182 106 66
106 220 261 322 23 83 116 22 87 116 138 153 83 236 227 78 35 971 367 41 3 416 226 8
68 69 226 297 98 49 238 213 231 38 0 100 172 201 129 62 161 189 126 162 223 39
103 136 191 287 93 275 248 6 157 257 29 83 101 28 122 205 81 221 166 37 86 217 106 8
116 85 122 216 416 211 169 108 115 296 228 39 198 235 108 80 238 335 157 290 43 272 243 130 56 81 126 150 292 222 123 183 189 298 41 155 60 193 299 181 167 96 148 226 30
164 112 24 294 111 245 180 271 128 134 284 298 132 182 121 92 148 159 280 114 144
12 299 199 61 85 197 103 287 141 221 239 283 166 131 243 69 59 280 169 60 215 159 176 198 80 102 257 144 130 188 285 114 67 3 169 297 85 296 104 116 219 172
142 288 20 288 9 284 208 232 215 193 38 247 28 285 268 291 273 8 195 218 143 164
57 124 132 234 197 295 109 119 89 10 239 151 260 179 105 285 56 42 196 52 100 141 274 272
81 186 237 190 82 215 171 29 118 249 10 87 33 110 250 122 81 295 192 276 107 136 258
629 16 273 275 94 29 173 141 234 20 233 106 145 237 245 99 150 165 86 193 38 291 60
70 206 69 89 277 4 28 170 217 103 225 112 250 231 67 174 203 92 52 77 161 65
22 33 91 177 179 254 290 139 88 14 99 261 122 39 162 287 49 265 235 215 226 66 255 254 16 62 205
295 130 201 232 66 75 178 24 158 175 166 195 163 22 280 286 231 270 5 6 180
536 26 44 206 254 157 9 255 247 148 108 99 267 110 220 62 6 171 117 252 278 280 237 167
484 999 2 190 272 53 133 50 37 28 186 35 52 255 166 171 70 298 260 86 143 23 228
89 62 296 17 125 64 10 277 3 167 141 96 71 26 286 265 30 233 282 116 73
629 103 120 261 287 4 150 208 204 209 154 9 150 281 209 139 924 164 212 955 41 255 180 265 78 416 269 279 222 156 73 195 46 76 225 171 90 289 3 239 295 116 111 127 42 243
280 283 86 33 95 79 201 58 196 80 971 971 8 288 192 147 177 668 61 14 434
11 171 66 271 52 16 267 34 167 35 190 40 145 222 19 94 117 62 106 175 286
57 60 243 118 133 148 217 261 203 33 111 111 33 148 148 148 148 148 182 203 79 244 231 109 362 129 490 223 132 23 190 218 278 166 287 16 83 260 200 86 22 95 93 50 20 28 44 150
889 77 182 264 87 218 191 153 85 279 16 167 246 145 222 123 289 55 261 46 19 0 146
484 66 72 103 161 251 239 252 152 90 224 178 113 110 118 129 279 79 166 179 104 205 236 25 58 189
269 200 293 235 285 19 242 124 297 92 48 8 146 120 165 141 184 111 205 229 43
999 19 73 171 187 217 97 132 212 295 43 231 18 278 199 211 2 140 14 174 144 9 275 243 214 60
54 120 180 274 140 156 101 126 229 205 187 161 116 216 109 232 133 215 2 74 194 226 135
955 38 189 150 286 144 8 113 48 114 45 167 196 297 42 182 263 30 242 25 68 126 128
33 189 79 105 181 295 155 208 131 228 219 6 242 110 72 120 198 250 281 258 186
35 123 136 201 237 79 64 100 102 222 206 70 290 107 264 179 1 108 246 113 40 189 26 28 74
68 98 132 135 196 54 283 200 14 183 246 125 289 103 106 60 152 127 248 277 187 46 101 26
39 137 174 206 262 282 40 274 95 253 261 56 276 136 147 299 131 187 53 114 48 100 80 174 251 11
35 183 191 277 234 7 101 276 8 15 154 157 112 268 269 247 184 236 72 82 88 198 28 283
96 166 264 190 121 60 62 211 34 26 137 152 252 208 144 56 94 245 59 88 15 67 240
466 999 29 33 94 193 322 11 116 206 59 159 160 265 32 42 261 44 81 149 117 247 226 37 271 50 213
92 250 82 168 13 195 37 126 52 247 17 244 92 249 211 115 66 149 146 201 190 177
266 16 179 210 256 247 230 180 294 135 236 237 51 289 186 7 268 261 54 5 208
999 293 165 110 206 208 140 206 181 156 165 156 315 204 112 296 18 168 117 112 40 147 38 24 203 278 259 149 48 109 267 124 21 269 97 53 57 212 104 138 132 4
97 227 221 162 24 286 260 57 257 13 197 244 95 188 173 204 11 126 89 239 150 269
0 64 77 147 187 220 33 79 168 235 131 28 178 123 95 237 24 234 97 258 250 177 155 288 221 191
115 289 91 237 5 188 124 5 5 124 176 124 176 220 971 147 416 668 61 35 896 8
108 183 273 43 71 8 172 39 189 216 219 281 201 63 33 84 81 278 231 78 116 248 276 105 219 139 117 6 139 295 295 219 193 126 250 91 126 287 247 126 84 149 174
82 94 209 47 161 292 177 260 182 196 197 120 254 284 184 178 236 73 162 195 114 150 255
265 276 79 219 254 191 200 172 195 118 148 196 86 193 223 214 274 31 207 28 104 281
40 194 282 220 231 176 23 144 229 59 12 292 39 129 116 76 5 147 17 159 46 184 3
999 276 293 11 91 146 92 216 107 286 176 40 141 169 71 110 61 37 100 147 259 197 218
955 97 242 232 162 983 983 272 983 210 126 239 182 91 184 1 149 808 118 269 119 126
76 218 219 73 289 255 145 255 289 73 275 194 129 52 5 232 23 903 359 305 54 220
13 17 96 218 125 220 141 162 99 2 242 41 166 192 12 145 1 151 55 36 32 211
169 179 192 205 217 222 255 999 5 111 212 239 250 284 232 284 288 232 234 93 24 929 899 187 105 227 992 199 243 152 205 882 260 41 187 79 67 97 13 127 195 26 72 250 48 100 189 23 198 257 204 280 5
466 955 246 291 166 133 262 69 72 226 287 65 279 9 115 20 245 86 25 95 231 285 12 79
109 159 66 16 267 192 224 64 80 25 40 91 156 286 252 98 210 96 218 253 246 290
15 157 264 64 289 296 204 161 215 164 162 272 128 213 154 153 12 219 56 192 22 295 233
999 295 90 188 254 107 293 142 236 124 269 208 208 940 282 32 125 295 90 187 282 155 23 75 133 181 160 267 146 147 92 205 192 154 295 55 42 24 77 297 206 79 137 89 194
7 297 40 84 211 29 224 194 187 184 93 18 299 241 219 100 56 175 97 85 229 274
116 180 296 215 187 8 154 235 15 279 236 47 259 212 274 184 246 298 14 258 110 137
172 188 70 89 245 234 37 57 240 128 88 36 299 163 282 16 264 102 254 295 208 265
42 175 261 31 4 72 219 253 55 152 56 140 134 296 30 19 18 81 242 27 162 0 217
177 207 139 185 241 0 149 154 19 291 36 23 163 60 237 49 42 204 211 8 156 142
132 180 217 284 39 279 30 112 90 59 248 209 253 258 76 265 4 206 255 45 67 69 154
466 151 206 260 3 170 50 100 156 265 168 169 22 46 21 173 67 202 84 186 264 62 181
173 50 203 16 195 12 165 296 269 241 7 291 39 83 104 297 24 271 126 294 219
74 106 142 216 285 53 239 150 23 249 288 210 7 148 140 80 174 65 34 219 18 109 70 129 197
53 130 63 284 21 296 17 83 88 254 61 147 168 263 288 107 185 247 116 276 12
54 283 266 83 90 205 143 56 259 111 249 228 34 63 244 287 297 211 221 224 160 96
672 45 135 176 177 214 241 282 111 10 113 196 135 202 174 33 226 256 102 281 232 278 255 70 16 98 228 41
30 131 99 246 248 229 238 96 153 17 146 205 46 260 279 24 177 155 42 3 180 104 95 192 249 230 110 266 143 221 11 139 205 242 92 232 218 99 0 282 150
221 290 153 69 228 103 201 203 124 74 116 73 188 23 272 91 157 235 134 19 179 243
3 86 184 163 197 266 242 112 187 162 171 175 60 62 223 269 231 4 114 250 95 19 271
106 214 227 55 154 87 105 229 202 208 265 125 102 160 185 267 148 247 36 172 52 273 260
64 226 278 87 89 270 0 43 192 186 181 112 23 18 190 153 127 164 202 130 100 9 85
84 290 106 233 249 50 225 168 210 9 286 10 95 62 5 299 119 186 57 54 0
39 78 141 130 98 274 42 93 208 79 111 257 8 0 12 39 16 10 282 247 94 204 226
22 38 41 67 256 280 248 187 277 248 277 187 277 250 91 488 766 983 239 182 84 808 126 287 1
2 45 74 125 24 47 118 216 294 33 87 33 330 139 33 139 637 18 79 109 53 244 129 283 182 3 203 102 213 122 67 52 71 49 920 49 52 8 3 226 288 142 668 147 61 41 971 367 675
7 84 189 278 251 57 293 264 147 45 206 80 231 96 276 278 216 159 41 154 0 222 245 50
20 82 198 97 144 7 293 117 136 29 228 148 35 137 166 127 223 208 100 14 56
999 148 151 243 298 287 192 17 0 174 27 282 223 65 202 229 175 100 177 113 30 127 248 90 189
49 123 183 222 241 236 203 123 117 67 30 225 100 188 282 80 223 35 209 258 138 151 57 193 224
10 57 116 282 287 295 186 265 222 59 141 284 26 295 144 32 299 82 9 240 68 220 115 19 279 89
629 3 291 96 130 146 105 261 28 229 65 196 148 48 59 29 94 129 197 253 254 279 71
202 218 122 94 292 55 136 233 185 100 244 60 48 262 231 276 281 252 194 261 285 206
6 90 230 231 246 275 169 34 234 80 178 249 53 6 150 39 265 252 32 128 44 2 73 131 4 16
623 16 78 201 231 294 135 152 283 284 156 252 78 159 8 186 144 54 123 212 46 261 140 82 88 26 234 298 31 152 147 17 167 192 249 80 238 115 14 278 94 200 292 155 157 228 153 259 197 0 9 11 81 116 154 225 51 188 284 144 15 194 272 170 136
45 164 270 280 5 49 292 41 186 42 21 193 54 197 279 59 0 174 227 68 238 31 45 234
58 196 3 127 105 299 188 279 48 82 20 49 122 270 128 233 104 34 27 95 124 212
22 47 249 289 213 175 256 296 272 10 0 208 81 141 146 16 113 194 64 280 281 227 131 43
886 225 295 10 213 161 3 229 19 15 38 86 163 162 221 286 37 66 166 79 126 122 115
482 98 161 183 88 188 30 118 220 203 154 190 34 55 81 115 2 103 176 74 177 120 153 165
1 113 116 158 244 38 219 12 58 228 139 98 66 261 44 23 252 210 262 112 5 79 174
20 141 249 221 154 209 138 10 109 103 155 275 180 58 131 161 259 182 3 85 295 76
44 91 256 285 216 86 43 269 190 144 211 286 112 160 146 1 151 237 156 187 40 282 152 2
239 255 322 226 175 103 284 93 90 133 142 123 53 156 104 276 205 213 92 20 13 109 54
17 34 168 175 233 235 265 107 128 46 252 244 37 283 229 59 170 47 282 2 120 96 126 71 48 90
107 127 218 176 294 2 186 46 111 272 263 60 168 253 197 145 214 240 90 170 119 148 283
90 134 64 39 274 120 226 223 47 252 142 184 66 33 10 292 257 221 250 229 178 37
143 249 291 247 167 270 286 171 216 254 160 85 64 184 1 294 140 73 180 249 102 282 38
341 94 117 270 91 33 239 26 118 35 206 113 13 106 16 250 199 141 79 266 131
73 82 171 170 140 70 23 234 279 162 291 228 69 76 164 66 282 214 271 31 257 223 94
271 153 215 211 230 168 62 288 213 46 145 259 70 26 128 69 185 118 3 278 27
484 10 199 106 880 259 30 150 596 733 106 596 72 922 150 416 41 35 971 61 14 288 434
53 83 102 207 298 202 33 26 196 255 57 110 263 9 20 238 99 265 224 205 274 216 13 295 281
180 289 341 123 296 361 361 65 293 272 123 144 149 238 22 696 872 363 611 264 324 53 92 61 69 277 213 208 91 43 47 105 181 279 154 56 184 152 138 288 131 139 252
1 290 130 6 45 118 214 87 236 60 125 159 184 284 59 92 39 291 2 249 142
197 230 38 298 269 95 1 236 213 3 207 284 196 275 15 152 170 134 235 239 62 107
8 233 106 46 220 78 2 198 177 208 87 71 163 266 72 55 146 169 24 249 181 182
98 111 120 154 557 412 27 154 298 575 575 233 27 127 221 219 988 35 260 157 233 284 643 88 113 128 215 1 30 207 130 5 108 91 264 12 279 20 56 7 123 17 160
73 272 93 187 811 172 123 123 844 33 263 920 23 305 359 980 220 591 252 29 903 52
24 135 218 222 258 267 123 323 172 811 844 187 323 903 61 220 129 244 591 54 305 252 33 980 232 5
566 104 223 266 68 82 196 273 277 290 421 14 242 862 3 862 228 228 266 171 1 183 78 78 259 40 290 223 80 909 297 157 158 255 290 163 184 142 5 92 86 230 65 104 2 214 30 97 39 3
889 88 116 162 164 2 5 133 185 151 200 200 200 298 2 2 215 169 205 119 109 126 319 89 228 273 348 79 280 223 264 47 266 136 120 42 51 111 261 85 118 65 104 216 290 121 98 277 276
4 124 1 188 164 53 58 296 276 89 38 167 125 105 2 129 163 74 187 179 17 54
92 130 182 234 163 291 14 200 92 18 115 124 159 224 66 5 44 237 166 25 140 171 273 149
20 100 116 96 215 217 167 3 180 267 176 21 173 103 49 8 159 124 243 235 157 214 275
127 141 236 299 203 58 32 38 42 55 51 226 178 153 146 125 140 89 164 147 182 275 115 113
2 66 82 183 240 32 126 164 87 198 151 110 129 175 231 270 62 99 174 105 13 103 247
29 171 244 267 228 213 112 254 177 183 276 130 223 196 93 181 233 246 298 49 288 34 168 136
38 54 222 246 245 71 7 1 276 80 276 95 386 827 141 203 167 294 255 255 179 208 265 117 267 229 29 126 163 174 169 112 101 247 96 255 200 275 48 198 205 160 284 217
146 169 218 237 283 56 59 88 112 245 276 1 104 416 243 386 386 243 18 106 263 179 208 294 265 827 74 169 52 121 185 65 86 280 271 84 166 226 52 242 138 123 12 283 90 243 286 122 9
21 108 37 124 66 134 147 130 43 197 23 293 195 297 92 88 175 15 167 45 89
66 96 165 218 157 229 179 272 215 70 79 217 37 26 140 23 73 162 261 96 84 218 163 297
47 153 259 86 186 138 247 253 31 227 91 114 217 48 230 277 146 10 160 240 75 80
157 174 136 263 94 124 155 259 220 37 237 299 289 273 73 92 174 86 36 3 249 138
57 119 91 160 27 3 117 167 287 244 4 85 100 213 268 238 252 161 36 184 131 69 222 226 118 273 198 276 166 138 19 9 124 289 271 278 253 196 193 15 228
955 55 265 243 92 268 12 22 214 53 1 264 197 188 180 97 102 265 149 124 17 13 218
828 77 103 107 111 126 143 250 62 76 74 229 218 54 223 11 156 41 261 147 279 267 82 291 163 166 23 185
21 39 81 96 145 203 211 245 665 109 291 555 416 126 815 362 109 815 815 89 33 220 54 362 305 903 180 244
828 972 100 241 279 231 133 298 8 27 283 237 284 121 161 91 181 182 287 41 246 7
101 191 226 236 297 123 217 295 84 161 9 192 243 51 96 264 83 54 46 260 223 149 239 159 240
449 16 131 145 174 286 237 266 220 245 277 67 218 270 244 187 201 71 229 111 242 251 90 55
78 239 176 129 160 195 261 18 258 272 40 273 220 185 181 55 182 128 186 27 206 32
642 137 149 160 244 276 40 222 164 216 271 49 299 41 63 128 47 71 224 54 107 257 242 2 1
89 96 248 250 279 287 341 230 269 161 215 266 117 208 90 25 285 218 118 132 229 45 217 200 18 16 276
25 291 222 270 234 282 262 159 175 246 51 154 141 274 259 88 106 207 275 80 272 158
484 95 198 279 3 193 287 233 167 57 168 113 256 58 201 152 160 142 59 289 169 205 104 147
275 85 237 294 202 251 47 81 288 13 279 104 118 264 164 60 106 150 278 297 151
