271 46 67 142 160 281 155 68 298 111 222 134 187 200 40 64 248 191 84 24 242 216 108 239
818 21 46 97 171 189 272 64 29 78 293 73 48 243 21 122 143 77 228 244 203 7 95 257 32 177 116
13 73 138 187 136 153 44 129 212 96 57 275 99 185 213 285 81 225 124 134 108 133 86 193
913 19 46 219 160 207 268 9 226 285 214 147 25 44 230 98 122 67 128 34 266 265 90
81 136 82 161 191 15 228 14 28 288 226 299 251 166 122 139 74 5 24 242 229
14 119 169 160 112 280 73 114 25 154 124 58 36 5 263 90 281 289 230 137 273 15 30
1 104 123 179 125 257 147 107 225 66 232 198 262 1 90 173 259 46 212 254 266 131 279 234
62 143 182 157 249 150 73 33 169 189 269 254 172 2 228 75 94 174 86 166 106
241 282 148 141 46 147 287 115 126 256 91 151 165 68 156 238 253 214 230 113 293 228
74 104 123 142 174 298 197 291 240 188 205 12 42 37 168 173 49 13 19 284 297 69 6 178 10
95 135 195 109 70 216 226 85 24 22 67 106 173 122 75 136 98 153 160 277 119 7 79
267 7 188 97 142 106 115 103 117 118 66 80 205 145 272 168 2 208 112 119 128
44 164 227 269 278 72 298 295 185 248 75 54 22 4 193 280 172 270 146 241 78 292 274 211
58 65 132 247 257 192 211 130 216 277 45 138 99 88 18 147 281 129 257 244 242 32 161 126 205
175 276 278 165 259 50 238 123 66 17 55 267 181 65 116 31 251 232 257 117 270 138 191
39 53 102 109 293 22 57 233 242 257 36 258 211 204 282 16 205 243 165 254 215 176 20 169 251
116 137 255 193 142 149 263 221 138 0 257 238 289 151 225 176 191 12 161 77 290 84
82 149 214 273 163 171 9 263 118 146 4 105 243 236 58 53 17 138 96 260 115 181 225 294
133 196 234 272 94 55 71 92 41 253 87 129 84 192 243 155 19 102 52 270 4 201 37 246
148 197 205 239 73 225 75 186 163 140 23 244 295 106 206 162 156 30 132 218 198 227 284 122
19 28 92 147 174 9 225 240 49 100 5 163 236 170 151 179 298 257 153 189 135 136 281 60 4
140 240 253 254 285 292 298 218 69 138 88 157 283 8 145 105 253 90 73 188 136 121 250 273 0 232 18
25 59 71 214 251 50 280 176 41 20 108 278 281 59 39 288 208 239 71 84 37 164 188 216 66
170 204 246 100 219 141 279 18 236 273 103 76 289 262 298 206 261 0 111 47 215 164
24 81 222 110 207 131 104 49 39 233 219 9 201 253 178 175 17 297 235 278 185 290
53 55 61 156 247 257 186 233 130 38 50 184 284 65 35 238 56 17 123 58 114 290 195 291 286 294 112 52 254 103 91 10 289 14 185 228 146 92 150 198 148 225 154 184 246 188
82 180 253 264 298 220 32 175 265 14 26 234 130 38 109 162 64 238 280 16 74 75 120 104 113
265 266 47 160 157 119 80 227 68 142 242 115 197 63 15 29 267 252 67 248 36 156
32 241 274 152 169 43 271 192 235 252 96 285 246 124 283 1 80 25 82 225 299 51 156 139 128 60 79 247 154 248 177 163 144 39 265 30 116 56 238 206 193 201 178
74 82 204 86 25 274 218 204 273 44 31 52 91 69 183 19 153 161 11 221 293 299 215
112 282 126 295 227 24 131 118 40 20 21 112 212 91 245 259 93 29 41 147 199 103
94 103 123 268 236 138 50 231 70 36 124 205 232 39 214 198 185 199 297 98 5 275 219 12
252 277 65 7 58 151 44 172 18 254 289 5 54 1 127 152 173 14 222 35 291 180
62 4 79 270 178 192 254 290 291 260 87 2 100 281 182 94 24 13 40 56 207
0 101 149 203 221 53 204 271 49 16 156 135 211 274 100 230 270 232 21 279 55 5 224 57 164
101 178 246 113 220 100 180 192 269 235 147 106 164 280 226 38 82 42 241 138 265 78
133 255 279 16 57 112 135 260 293 106 49 145 9 103 185 46 226 35 54 265 157 208 116
38 102 110 3 113 150 270 253 176 110 9 203 296 157 76 267 148 279 66 128 58 7 62
57 60 150 182 216 98 207 41 214 20 50 3 146 139 218 31 113 49 156 237 275 177 161 114 189
39 50 151 205 67 114 4 125 211 267 55 71 86 240 123 155 129 293 201 228 80 99 63
10 34 78 228 228 99 267 32 102 214 191 5 271 159 264 135 285 262 37 219 53 240 204 198
13 68 170 130 22 34 260 244 217 125 32 16 293 149 250 266 57 120 178 264 49 87
111 132 165 169 57 114 286 271 238 209 56 219 273 89 223 12 23 30 106 99 2 215 295 291 50 299 178 102 127 18 231 193 273 27 146 85 179 116 43 213 210 248 298 57
106 140 152 192 229 206 76 219 109 118 297 164 268 156 224 161 261 87 295 93 9 80 298 150 205
70 102 108 116 149 153 284 110 183 274 164 91 133 236 197 251 262 78 132 227 129 228 168 267 232 279 248
18 126 53 138 146 292 255 220 142 49 67 18 36 206 93 21 174 79 30 63 229 118
109 113 230 155 202 105 286 76 186 174 293 65 98 33 60 229 159 130 11 51 121 210 144 230 172 228 72 146 241 63 59 223 152 62 87 30 5 270 181 191 242 81 292
28 88 144 178 204 256 110 19 171 228 231 66 63 213 136 115 37 289 288 72 206 79 261 200 265
114 13 299 216 96 107 192 216 216 299 146 62 133 91 262 35 193 30 610 264 136 243 12 256 55 282 280 214 175 35 207 185 267 179 52 154 109 30 75 136 98
169 212 251 268 292 101 236 238 130 211 53 275 263 248 3 8 183 149 221 269 58 38 79 253 176
0 292 297 285 218 120 284 86 66 63 180 68 14 77 169 210 12 42 262 183 128 165 256
71 186 232 45 204 22 118 281 83 188 233 148 124 269 192 42 225 262 154 6 123 1 133
0 246 9 39 284 181 198 169 73 148 216 2 191 67 223 30 282 10 211 189 21 187
17 53 169 4 50 290 174 104 265 147 31 15 221 222 246 16 21 53 261 119 2 116
9 90 114 190 204 251 204 174 171 136 161 222 267 165 30 186 103 187 150 35 176 200 235 292 6 101
51 102 299 112 133 138 236 234 256 275 276 111 71 215 274 297 255 34 294 102 104 14 76
256 293 41 21 280 2 133 237 129 43 66 75 155 50 54 78 71 201 245 45 51 82
141 19 183 208 283 100 291 109 242 268 114 140 146 296 189 234 10 143 150 40 248
103 238 263 118 138 287 154 224 209 255 252 267 54 183 195 144 3 196 200 181 113 33
15 77 81 249 24 166 87 14 99 190 237 251 62 53 206 286 264 69 86 70 65 38 90 43 24 90 219 272 265 105 115 55 66 0 218 83 137 288 147 26 268 19 236 50
144 258 169 0 20 181 118 132 173 212 87 244 2 205 69 280 17 143 239 18 245 276
33 242 258 54 3 151 299 53 229 216 140 8 172 144 69 195 274 298 102 75 183 28 50
94 186 196 155 286 169 253 86 90 172 244 289 34 220 30 171 274 105 170 205 250 14
48 58 149 184 207 266 235 270 281 36 528 207 179 281 8 212 31 610 206 35 271 127 233 123 133 264 206 193 114 271 68 135 267 44 61 297 96 67 100 224 57 159 41 272 102 122 94 160
134 263 51 52 131 125 134 275 59 77 19 33 140 48 234 145 144 53 75 248 154 13
11 101 135 219 234 279 206 172 60 55 65 10 208 116 44 266 135 233 45 215 145 30 27 13 192 177
119 217 168 227 52 239 18 277 14 180 288 148 116 122 222 166 249 175 190 184 257
252 189 2 168 260 297 253 124 169 291 181 146 60 295 97 183 68 116 193 78 156
2 38 175 228 179 58 9 241 95 91 143 231 256 175 230 86 25 115 30 182 111 55 70 146
51 70 97 103 235 252 259 107 98 38 213 160 105 80 1 54 225 58 36 200 172 234 245 73 31 13 195
54 174 200 214 132 276 178 50 23 180 22 253 61 292 229 270 51 60 77 138 286 143 299 189
177 264 80 124 127 175 287 139 286 261 110 211 249 142 256 116 35 155 44 231 272 188
18 31 37 237 49 150 196 85 98 289 30 18 138 221 199 11 159 145 134 231 160 232 4 119
26 43 62 186 87 289 204 78 106 170 84 127 293 254 297 51 103 7 70 287 95 291 260 68
135 86 296 95 29 66 30 156 107 144 184 100 193 137 268 229 67 153 60 32 246
143 191 221 232 266 155 59 149 158 281 293 146 182 283 266 98 194 56 291 126 12 84 186 112 1
45 141 163 147 74 123 104 167 249 7 127 52 196 54 262 58 208 39 222 72 224 189
64 86 157 237 260 276 98 232 157 295 162 63 215 182 11 136 296 152 26 177 75 244 186 156
24 139 149 214 259 265 261 258 287 285 38 19 222 130 165 116 132 74 106 260 96 276 181 97 183 157
125 31 59 246 24 292 105 37 49 23 170 96 239 232 294 0 201 21 248 46 267
136 208 237 116 141 149 159 4 208 295 162 23 154 83 57 11 118 55 279 22 155 195 62
52 142 273 131 112 127 172 118 76 140 45 100 294 124 22 274 198 184 79 139 117 273 247
151 249 194 222 192 239 104 109 249 163 199 23 32 81 287 82 203 76 188 27 274 129
83 205 206 126 16 238 115 78 118 116 5 7 257 42 264 209 254 180 19 229 57 197 86
49 104 204 17 3 38 153 6 121 24 127 36 81 73 297 112 25 85 49 258 175 8
53 169 263 2 47 283 130 13 73 101 291 148 138 141 206 24 34 255 218 91 287 144 53
5 133 167 294 96 101 78 270 211 229 278 126 217 297 193 24 249 16 155 13 89 175 71 9
156 277 267 86 91 3 258 225 35 283 161 204 44 184 245 5 251 174 277 115 28 82
1 138 195 59 12 223 83 205 224 36 183 274 177 242 62 155 154 235 283 47 217 142
127 176 210 230 9 257 244 15 168 84 148 11 217 22 73 143 116 38 172 99 7 137 75 135
30 102 137 184 148 218 105 202 287 238 176 61 275 114 159 162 48 107 255 231 186 55
166 33 223 176 126 118 121 73 257 174 2 112 136 171 98 152 74 44 48 265 291
37 132 280 178 183 6 123 36 74 240 15 29 242 219 136 25 187 43 266 52 105 151
11 37 60 137 237 265 264 260 212 138 26 167 91 291 0 108 33 48 239 244 224 147 141 157 122 25 190 200 147 202 43 217 162 103 89 249 270 21 293 287 2 262 130 246 132 281
61 144 199 136 9 183 62 89 188 187 154 287 207 147 52 273 239 228 107 59 217 213 190
31 85 206 292 86 225 201 275 238 166 12 122 101 283 99 39 258 288 5 55 141 256
188 90 260 2 15 13 12 94 296 276 67 98 202 152 54 241 147 240 100 34 85
200 288 65 220 124 248 145 127 211 48 74 20 266 9 138 69 112 284 161 191 57 200
78 285 189 198 133 209 251 275 255 178 89 184 124 249 270 91 220 75 68 282 3
5 33 109 151 174 208 286 36 106 135 233 122 120 207 246 295 42 94 254 199 184 38 183 206 85 76
38 117 202 95 276 81 134 145 87 150 147 283 58 56 34 281 153 71 51 75 170 43 92
51 212 243 154 70 23 197 145 152 258 51 6 202 271 82 250 105 242 230 57 248 91 49
37 192 168 221 141 120 70 272 88 149 259 253 207 9 246 177 222 277 154 241 167 128
47 125 216 10 129 289 192 161 206 72 133 296 297 51 25 23 244 74 110 209 123
70 172 288 295 170 260 207 150 116 113 14 24 185 97 164 110 120 253 147 256 297 21 246 126
239 175 237 245 146 263 214 130 284 171 267 215 247 143 67 1 234 172 270 42 298
14 19 79 242 277 111 12 181 60 199 119 50 67 261 191 268 83 55 75 122 25 197 147 250 72
64 157 290 126 236 60 0 28 21 104 279 22 261 206 78 70 247 123 3 89 204 114 9
113 114 274 278 135 101 122 19 259 15 240 23 176 11 14 31 118 98 294 159 20 252 163
73 27 252 163 17 36 161 96 156 137 250 265 264 75 290 285 26 170 169 213 46
22 31 107 148 158 180 22 243 76 95 86 279 253 84 82 264 221 239 29 12 211 277 200 222 161 21
50 251 251 247 94 74 44 94 44 22 144 22 232 264 618 30 233 119 123 271 35 136 133 219 220 58 118 226 279 74 110 57 283 23 187 248 278 44 10 80 186 88 193
703 56 2 55 136 131 257 197 118 183 293 26 298 269 167 238 140 86 134 156 58 258
12 174 182 275 179 297 179 215 253 232 84 179 253 147 91 30 119 193 264 610 206 127 136 618 94 188 51 179 232 287 150 12 274 288 160 169 137 42 124 144 85 19 31 26
47 60 178 261 174 37 191 241 259 77 266 82 32 272 229 113 167 28 49 42 184 1 129 115
56 66 192 10 139 93 62 63 57 29 257 278 203 191 114 108 83 106 20 103 137 282
287 294 26 16 147 156 62 71 1 122 145 247 84 57 29 32 266 194 217 102 263 134
9 20 30 155 186 198 232 232 152 247 253 29 142 206 172 64 293 280 115 147 23 292 95 277 185 296 262
9 36 40 70 71 288 40 20 281 265 73 133 299 31 109 42 81 290 186 240 205 7 219 102 218 67
33 50 112 197 156 241 171 71 68 112 104 177 62 74 19 170 105 10 24 220 86 297 136 185
52 90 125 173 264 34 184 106 280 11 157 178 145 226 134 59 54 185 257 80 42 259 242 10 55
14 119 217 226 84 184 264 283 78 69 209 218 13 102 81 98 274 95 266 235 85 239 290 92
22 56 82 131 153 193 202 113 136 116 0 70 130 64 163 157 18 26 225 145 296 158 84 47 31 299 214
62 172 215 156 247 273 228 48 19 191 180 274 35 259 153 141 209 92 253 53 292 32
63 143 170 211 99 2 167 73 155 50 252 263 137 119 281 19 64 221 174 131 256 286 194 162
22 44 212 274 139 214 138 112 65 107 8 212 159 126 231 98 189 95 191 58 113 102 259
85 257 255 278 294 20 232 286 239 195 22 156 37 99 200 263 126 292 76 44 19 1
64 216 245 121 10 179 265 51 254 31 22 3 17 151 156 190 224 287 199 171 42
109 161 210 217 290 117 39 65 272 213 91 195 25 170 227 203 262 13 118 89 200 7 220 219
36 182 196 298 166 221 189 119 98 281 144 191 115 176 154 170 147 282 112 54 120 4 81 291
132 60 22 35 273 87 162 72 293 251 161 277 211 189 243 7 104 138 21 279 76
109 223 229 703 51 100 111 193 242 278 166 269 265 126 48 216 170 298 703 13 157 225 241 88 457 15 266 150 111 166 256 204 106 99 278 123 177 196 105 82 72 81 60 216 274 246 46 180 245 152
270 240 29 228 234 299 18 144 173 117 79 288 120 168 208 236 107 133 122 39 110
86 261 179 81 279 183 286 221 176 105 41 172 34 213 63 272 136 276 7 273 165
93 144 170 175 192 226 291 212 240 98 225 274 75 170 278 3 249 110 258 118 120 218 6 192 132 22 91
220 297 293 215 66 114 111 127 210 81 40 172 176 23 73 245 75 186 5 262 147 278
2 28 40 47 208 274 219 255 61 54 55 114 263 213 17 66 30 144 81 35 115 39 191 133 157 136
37 68 120 155 187 263 290 174 276 280 191 252 238 91 103 3 246 153 186 139 269 21 65 242 24 164 133
167 252 46 292 32 118 44 57 170 74 201 145 245 34 83 233 288 110 231 114 28 19
89 153 66 280 6 227 200 89 171 167 10 42 51 0 249 136 203 134 52 152 25
71 135 143 277 281 41 146 270 169 169 76 74 545 210 210 68 74 545 136 30 610 193 262 79 206 224 233 206 131 8 17 264 175 281 47 247 275 294 16 249 177 113 118 29 127 76 160 277
27 82 155 191 76 265 72 545 76 125 150 125 149 88 703 298 214 273 111 241 157 186 150 15
54 116 166 201 76 528 545 72 125 528 153 150 256 132 299 157 266 703 15 111 214 225 149 166 262 261 106 58 120 218 254 123 50 143 255 171 223 151 83 22 59 145 87 16
184 228 170 172 145 194 176 76 218 5 291 116 79 195 77 274 294 92 208 128 71
48 202 258 9 283 50 45 170 257 128 76 149 295 174 41 260 18 239 49 190 203 198 229
113 155 186 231 7 200 78 74 205 54 6 234 116 142 195 284 29 83 128 243 218 25 14
36 102 268 147 221 166 233 158 152 75 102 99 108 157 131 240 86 134 198 144 170 220 214
41 172 176 191 228 263 156 293 167 36 201 98 56 194 231 117 64 47 107 5 53 3 192 215 243 38
158 172 136 215 34 214 92 101 28 243 50 187 223 184 13 206 114 73 261 235 77 38
56 139 172 38 236 7 197 74 280 132 157 198 289 167 18 117 200 89 90 222 121
73 95 246 82 150 102 284 101 165 267 115 280 100 116 133 241 56 70 117 148 157 265 90
31 42 132 143 146 152 414 215 45 282 260 17 188 156 82 120 197 233 33 49 174 40 180 89 39 137 142
703 186 207 259 189 275 174 15 142 217 97 62 260 176 266 37 31 99 152 29 9 244 13 197
105 230 278 200 267 243 219 39 268 223 273 56 34 171 111 125 158 14 15 67 211 263 176
545 217 86 164 106 137 146 216 131 279 122 199 19 50 168 191 286 260 245 80 99
34 86 231 237 151 24 291 207 106 154 119 47 255 0 83 20 274 104 237 42 150 75 219 92
47 221 232 245 290 282 31 134 46 216 82 4 164 109 188 34 119 36 296 96 20 30 111 256 12
106 160 161 288 216 273 236 105 266 6 295 46 126 171 123 149 280 158 220 34 143 109 212 61
33 239 277 291 216 70 217 197 277 39 158 24 125 28 166 207 106 246 159 97 287 96 137
12 31 168 215 208 297 66 29 280 179 220 20 64 248 126 219 237 207 264 56 7 286 44 141
239 108 225 144 244 138 9 8 6 73 91 213 96 280 107 60 289 99 57 193 106
190 131 183 87 143 125 110 123 184 232 187 51 118 194 241 22 180 206 105 147 29
66 172 248 249 273 91 241 248 22 49 39 126 278 86 240 299 236 61 115 120 68 293 129 151 226
36 125 294 252 268 276 162 126 112 165 202 121 224 120 18 148 222 255 198 84 240 299 89
4 7 260 172 50 263 84 41 122 269 113 34 246 228 251 118 130 268 234 275 101 40
151 191 108 251 15 68 217 135 147 176 54 168 77 193 39 87 97 137 10 161 239
41 108 196 298 199 167 114 214 115 299 220 184 124 188 166 39 74 122 291 103 224 20 5 12
113 238 267 84 139 277 117 26 121 223 205 131 99 179 148 68 19 216 43 32 177 95
12 117 264 290 230 210 23 231 273 271 52 60 258 115 83 197 236 111 261 68 29 183 295 181
58 112 113 282 3 139 128 2 10 165 159 286 68 252 141 154 65 206 228 241 298 31 152 242
23 75 141 159 174 195 227 267 15 93 10 205 128 272 40 249 86 43 219 273 186 32 209 116 24
75 125 155 172 253 189 223 52 173 83 68 231 112 69 106 271 241 75 103 8 27 156 49 174 18
4 213 241 299 160 207 263 216 255 224 181 209 15 178 133 296 128 31 98 57 203
63 187 200 44 45 137 100 280 232 12 258 103 82 40 32 60 291 213 43 251 255 168 48
177 182 251 228 168 57 167 173 122 124 169 51 106 202 258 54 97 220 188 241 210
36 157 6 132 280 72 266 72 80 80 72 266 832 618 91 79 206 233 206 123 264 71 610 127 119 294 278 280 184 193 131 31 37 105 285 207 58 168 68 135 181 169 197 255 260
122 220 53 166 21 95 94 10 222 102 88 250 107 242 36 245 152 30 268 32 42 195
152 173 184 200 218 249 255 207 36 192 243 281 246 152 67 154 200 167 145 185 113 25 95 158 74 130 123
166 260 113 190 36 74 33 109 145 28 26 198 213 290 43 121 224 66 108 12 60 159
9 99 246 270 15 143 285 209 79 284 77 139 60 117 103 95 296 190 124 17 46 176 120 32 190 125 93 142 22 13 153 174 242 52 9 171 92 155 62 214 56 292 11 179
41 47 78 98 69 275 83 179 226 291 7 173 268 220 237 281 28 151 185 277 88 128 45 18
145 176 208 263 225 175 202 135 165 34 134 116 279 33 125 193 194 103 294 278 217 66
