21 163 231 282 665 71 117 269 271 160 269 45 122 233 82 239 108 64 105 179 103 8 290 153 29 78 241 193 140
27 106 185 221 280 237 144 225 96 13 150 180 182 142 218 102 234 55 48 20 185 162 27 32 153
36 135 212 264 225 259 117 204 55 223 184 140 277 257 17 200 251 34 236 95 288 279 124 176
106 120 176 213 223 37 51 23 128 183 177 280 140 251 153 257 115 139 186 54 276 143 206 0 173
153 20 191 169 79 234 208 283 274 181 124 41 289 64 147 65 172 288 37 197 87
132 189 275 260 63 151 102 49 127 64 164 195 209 75 124 165 139 177 222 144 155 10 227
100 245 265 145 137 251 266 73 71 100 212 89 167 2 228 84 267 17 209 85 214 256 68
147 108 280 196 164 44 244 110 293 20 278 60 285 138 276 75 246 176 255 230 136
48 128 144 98 226 220 20 293 205 206 110 291 265 174 9 214 7 155 130 54 100 131 230
22 185 237 475 123 55 56 210 177 4 133 19 86 92 249 245 36 198 77 287 211 169 295 239
80 122 135 247 295 255 232 290 194 221 85 233 127 132 62 197 34 287 44 118 104 60 274 66 242
1 84 244 246 35 113 215 165 56 234 53 201 163 160 51 205 248 9 44 82 58 42 170
62 121 124 136 176 214 56 95 54 102 270 153 194 216 152 157 81 254 29 3 6 2 297 105 299 43
58 69 78 289 291 128 166 43 209 248 38 130 269 28 110 103 264 112 1 99 76 131
63 75 100 242 148 29 253 6 134 161 233 177 83 111 204 245 146 64 36 99 225 202 87 15
129 169 140 280 7 39 2 215 146 113 18 124 271 106 173 84 111 64 72 216 226 51
78 208 212 186 170 13 253 121 94 0 228 51 71 96 145 229 43 57 111 185 23 46
147 273 18 239 135 86 293 82 32 12 284 34 290 52 119 72 88 66 263 24 161 43
18 228 251 275 278 188 97 121 31 124 50 126 95 92 195 220 291 193 64 26 182 104 162 198
75 212 178 148 181 139 291 146 297 87 21 96 82 40 286 239 227 131 91 274 165 135
38 152 49 99 155 285 1 98 229 189 271 141 82 29 57 296 208 18 196 119 271 484 268 81 83 231 50 153 40 179 73 124 95 42 84 13 195 185 5 23 129 142 164 229 221 71
53 55 127 167 199 273 100 278 118 231 258 5 10 248 183 89 33 14 116 76 178 221 55 73 286 16
26 182 218 238 250 199 62 84 280 243 158 151 208 99 267 178 223 182 148 48 210 93 190 52
9 26 114 247 118 116 226 106 7 122 85 65 223 272 194 23 299 280 26 241 221 53 69
154 207 290 136 3 63 246 241 193 129 298 297 121 215 187 199 134 18 116 235 213 128 141
42 207 92 67 158 134 235 114 276 232 146 203 98 272 50 28 34 108 159 241 87 53
263 186 122 85 3 204 169 223 223 101 59 180 81 142 268 86 196 208 106 484 231 271 194 73 230 174 106 295 115 110 278 273 299 74 217 51 249 178 55 82 60 161
98 236 75 178 91 244 214 216 15 74 274 106 221 14 181 148 158 184 149 150 27 117
59 90 203 283 127 234 32 227 156 224 140 110 288 216 38 252 94 118 72 136 64 10 210 16
40 136 172 187 229 217 195 4 216 250 203 87 260 100 22 252 138 293 226 10 265 200 38
195 207 54 53 11 18 138 3 62 294 254 277 67 13 266 271 149 145 147 118 61 219
54 113 137 262 164 135 73 87 263 131 250 282 260 218 248 209 236 31 258 34 175 70 128 246
9 90 195 204 243 4 223 131 253 93 33 248 97 36 90 121 139 134 249 18 151 251 5 77
160 162 214 246 298 222 47 228 191 93 184 124 258 148 296 223 149 218 280 256 114 165 172 273 84
96 185 197 164 209 146 187 8 270 150 98 271 128 264 232 38 141 136 101 175 62 166 83
66 199 106 203 10 192 104 244 143 207 135 66 117 195 69 49 225 160 242 278 235 103
214 252 254 4 141 253 131 112 234 178 248 24 193 265 92 2 142 99 249 144 296 169 38
68 70 89 129 198 190 210 76 141 231 130 21 167 41 121 203 57 120 182 186 5 290 145 128 98
21 53 234 270 56 141 247 207 256 212 96 112 269 195 239 196 229 244 226 206 219 25 61
82 123 233 176 283 56 209 254 40 111 168 64 275 189 16 208 270 58 166 268 287 207
51 65 269 127 116 262 140 66 155 105 246 86 144 186 282 109 47 82 56 218 157
126 157 183 245 286 212 246 10 99 26 233 85 211 86 236 171 12 88 237 206 81 169 25
77 252 269 156 21 247 299 216 162 104 245 168 119 18 209 160 271 190 187 13 36 229 46
130 229 226 26 138 105 12 77 133 117 41 46 103 122 184 47 91 131 222 132 259 115
116 68 3 87 8 284 78 174 120 148 257 193 278 270 93 238 232 16 75 22 65
153 184 200 240 63 136 7 18 182 172 247 94 236 242 269 109 69 238 264 156 128 130 191 99
195 196 8 242 55 158 194 258 45 255 221 260 176 277 284 206 140 190 63 126 240 113
80 160 194 123 222 101 241 41 265 59 147 253 155 86 217 273 30 110 68 179 161 150 237
141 73 187 159 11 289 111 222 12 204 80 263 290 45 199 245 146 69 198 133 50
65 103 209 216 171 141 39 73 276 146 290 176 218 27 113 49 47 138 179 181 287
71 156 165 245 101 13 80 216 139 234 198 288 127 258 186 135 271 182 79 113 106 53 104
43 86 103 244 296 276 286 236 278 219 12 107 62 33 159 119 259 226 106 168 43 25 149 295 11
48 76 78 113 254 265 291 30 4 171 216 274 287 17 60 28 23 268 131 103 292 125 120 160 104 24 48
114 272 220 197 87 78 264 150 235 37 250 181 262 108 241 31 98 112 248 133 105 293
110 164 198 67 259 294 261 182 185 156 272 258 290 85 225 176 270 253 248 271 201 222
83 129 136 285 226 283 234 233 134 273 281 177 294 174 298 241 221 215 251 150 2 12 135
24 75 176 220 287 131 52 102 171 93 151 187 23 289 51 72 225 227 271 257 115 212 153 243 62
48 66 56 151 138 288 179 171 95 33 0 8 262 237 9 265 44 27 52 74 87 126
5 198 229 52 204 138 252 62 263 271 228 38 41 175 232 97 85 36 176 12 16 250 257
14 232 236 284 286 292 295 266 74 208 207 53 103 171 245 259 107 35 235 288 130 15 176 166 168 113 192
143 187 281 198 107 30 77 68 43 205 281 169 187 79 12 128 258 2 59 76 223 219 80
50 240 284 156 166 209 10 285 213 276 34 152 155 99 298 118 136 113 131 272 115 212 81
54 156 187 195 100 167 166 164 43 57 245 98 204 28 127 239 13 49 163 70 246 88 25 149
77 270 274 291 133 85 264 87 131 108 49 139 260 248 294 71 298 59 110 83 88 262 209
156 100 76 157 150 46 18 75 106 206 172 79 107 230 58 30 111 130 81 229 71
63 82 217 89 74 264 58 279 39 93 266 166 8 91 277 111 210 174 242 237 35
146 161 283 475 189 34 266 192 226 249 285 232 142 117 210 120 54 174 13 29 15 45 281 12
36 108 151 157 262 108 281 232 28 25 56 189 146 78 123 213 265 99 109 267 177 208 129 127 199
77 146 157 236 249 132 260 295 257 205 142 53 85 131 68 267 289 183 258 65 291 21 154 118 283
3 207 233 189 96 7 10 289 211 199 166 57 113 292 231 119 261 191 89 177 37 174 149
21 269 125 230 221 227 276 193 126 149 156 47 24 164 46 195 65 249 68 71 282 292 228 88 23 95 60 46 50 184 238 237 196 45 113 97 130 296 4 197 185 93
28 91 102 184 217 170 178 286 59 287 183 43 54 4 232 211 90 289 47 48 36 274 122 177 218
7 92 163 176 286 197 146 105 44 192 57 104 295 153 255 292 237 267 127 251 284 166 40
70 298 188 103 19 122 163 215 210 164 45 107 51 102 256 139 291 285 95 153 143
67 169 202 162 165 87 55 290 229 59 93 3 205 207 20 171 115 0 269 137 230 249
138 70 234 276 145 298 42 177 130 236 135 159 180 128 64 29 60 46 24 85 41
132 242 279 213 70 152 94 164 52 60 134 147 33 185 130 103 260 19 67 225 15 246 232
78 123 135 202 298 192 272 299 60 43 118 97 161 5 25 200 206 103 2 170 92 33 75 7 241
26 62 91 131 148 238 170 85 152 249 259 237 218 111 202 247 87 43 21 71 36 248 117 199 101
65 184 222 59 267 157 99 214 295 18 185 196 260 259 61 17 268 269 38 15 65 56 147
29 130 171 99 220 70 136 274 7 140 18 296 56 104 125 190 183 5 48 259 215 119 77
14 170 238 55 63 180 160 283 172 122 215 114 89 182 95 53 15 211 145 31 177 119 271 60 169 132 142 85 249 151 165 99 295 91 195 19 277 32 78 163 259 292
124 250 211 64 41 40 75 78 142 281 25 127 239 139 53 0 71 32 297 278 124 97
37 95 162 73 17 213 35 219 173 191 81 28 231 194 239 146 299 95 288 10 179 117 100
4 18 141 168 172 226 261 291 131 296 257 157 158 103 136 244 44 201 70 92 213 34 65 232 230 106 88
0 87 293 42 139 109 227 168 205 258 17 145 127 82 149 220 140 126 275 35 200 233 84
6 17 170 282 62 246 135 36 11 248 249 10 148 119 133 99 211 253 251 263 9
73 209 262 266 247 35 123 55 126 107 190 19 10 163 93 239 275 200 25 282 233 184
37 45 60 147 219 285 110 114 164 137 79 289 71 40 6 76 188 102 105 191 238 247 29 20 236 80
10 265 281 143 174 267 4 183 65 157 61 288 201 165 257 73 81 42 78 231 31 191
19 55 184 153 215 58 282 23 158 277 1 205 246 217 34 130 149 244 129 67 83 54
22 25 256 265 255 92 28 132 218 205 157 83 4 8 56 230 234 290 180 104 203 237 201
126 231 273 280 3 43 275 111 122 271 148 247 162 68 184 205 295 88 91 76 297 55 217 272
15 162 163 204 235 121 99 195 257 98 31 3 54 184 55 138 57 40 216 234 282 283 145 152 81
194 285 179 194 105 53 61 80 253 153 282 110 35 242 247 9 245 140 31 213 40 13
65 109 53 242 74 211 220 97 48 114 196 237 162 243 63 94 238 122 212 31 228 5
16 84 180 293 250 46 76 254 60 91 232 81 117 217 61 196 73 288 211 161 290 150 206
41 65 127 284 131 262 148 294 77 1 132 82 259 47 207 107 13 20 224 31 138 237 152 33
228 321 475 146 7 209 259 112 252 257 77 36 75 116 155 128 9 45 8 95 217 72 223
21 244 261 55 73 92 261 260 255 93 172 119 41 44 249 129 268 264 82 251 83 22 228
70 139 144 267 269 126 208 10 199 43 30 260 11 120 291 286 130 49 167 210 131 226 264 94 276
151 187 217 298 277 11 235 36 258 213 81 28 26 61 149 127 51 231 237 290 59 2 223 227
20 232 250 276 267 178 78 78 267 288 267 129 43 795 989 113 923 728 231 215 161 115 302 251
237 277 16 127 292 171 219 33 185 203 94 291 174 114 257 95 148 231 243 57 234 164
200 155 52 126 9 42 215 130 112 237 101 1 197 83 176 298 132 7 87 74 48 5 24 135 224 200 231 225 30 160 209 49 214 129 18 222 212 35 116 99 276
130 199 215 269 66 76 144 261 138 98 8 81 8 121 961 90 215 105 475 418 208 0 112 5 189 693 156 534 239 132 256 218 158 49 180 100 72 17 185 86 176 126 56 44 207 82 162 229
16 38 93 103 236 123 83 146 75 256 93 37 134 9 194 242 293 147 191 137 70 284 208
132 172 23 33 140 210 222 467 211 12 211 47 196 222 157 69 186 90 418 5 105 112 208 156 143 69 147 62 237 202 4 150 158 26 199 72 284 16 117 272 103 160 215 76 138
73 112 156 29 186 78 229 48 153 98 103 132 83 237 179 9 24 118 187 257 20 69 161
157 212 259 63 258 128 205 114 231 224 126 118 91 162 23 255 40 85 2 245 219 65
2 4 121 129 131 140 63 277 280 248 129 200 175 158 187 118 55 71 263 60 264 85 276 282 217
27 53 72 283 242 180 34 96 103 173 54 171 94 239 105 27 158 187 157 23 291 267 6 51
27 187 25 56 208 100 92 21 134 251 200 240 291 138 28 266 263 189 268 270 62 46
103 165 65 194 249 156 76 110 61 66 206 257 3 109 91 132 123 188 219 115 108 83
134 172 211 95 38 171 261 158 168 13 134 228 174 211 21 205 35 123 61 98 94 2 250
20 67 127 267 275 133 46 296 117 247 182 208 267 2 97 8 1 257 135 189 222 45 277 159 92
116 88 78 87 9 103 294 224 252 104 276 291 159 55 107 140 130 283 64 201 45
56 151 159 179 206 98 107 299 13 294 74 192 44 51 82 123 197 251 224 193 65 105 190 234 200
11 82 142 228 225 133 44 62 277 15 241 64 27 240 276 28 153 33 247 298 204 87 21 45
6 151 160 220 262 128 41 277 9 136 276 86 44 258 272 77 118 293 130 12 216 168 27 108 262
102 145 168 221 278 269 42 34 5 277 238 140 135 82 81 160 23 37 219 241 199 48 225 163
284 285 294 55 271 128 199 123 90 37 251 203 221 258 247 265 152 216 197 126 29 201
75 110 114 117 146 239 241 129 100 298 229 48 47 9 45 98 73 204 67 294 79 40 259 281 149 172
5 57 161 174 192 229 82 267 28 213 248 262 199 34 266 293 218 282 242 216 37 13 174 84 228 83
55 85 182 233 131 138 161 210 14 82 119 211 245 166 230 195 122 95 120 174 267 28 148 147
7 80 158 61 63 216 178 221 215 289 158 269 44 124 231 51 112 226 246 272 287 8 33
69 98 211 262 294 70 272 219 237 87 215 48 17 290 45 97 152 91 250 76 248 190 232 60 161
96 120 203 252 73 139 17 48 268 247 134 110 209 56 293 206 116 228 72 99 64 58 81 60
231 233 234 254 47 203 44 131 220 252 77 130 68 48 178 14 53 96 133 119 94 0
28 55 69 90 96 109 272 61 170 69 262 18 188 289 74 201 85 34 281 35 293 211 78 102 277 0
45 177 87 248 70 293 100 64 91 93 198 139 63 186 46 251 233 297 181 55 206
82 182 201 123 168 165 211 127 274 18 115 107 209 265 248 280 122 154 147 94 252 78 114
122 172 226 153 201 5 159 33 145 164 24 42 262 221 54 84 77 160 252 222 88 38 235
118 125 131 163 276 273 286 129 165 105 5 8 267 157 240 75 96 205 209 49 88 264 68 121 2 233 105 200 49 124 229 57 39 272 254 161 194 110 103 216 4 280 61 99
114 171 218 219 269 475 66 181 119 251 134 144 217 96 47 259 38 260 244 73 267 70 214 281 200 173
95 96 177 210 251 282 86 155 34 111 161 159 226 289 69 264 166 200 218 244 48 137 133 246 118 160
238 245 202 4 181 248 116 106 35 88 260 129 90 29 146 270 39 77 191 109 265 166
82 110 115 129 159 186 192 67 189 215 49 260 25 68 242 110 51 157 21 299 130 252 26 228 7 104 221
202 216 286 272 150 197 126 154 140 117 261 294 266 268 58 118 213 3 244 53 289 64
23 42 51 54 62 77 108 160 201 287 46 0 217 115 175 99 18 82 224 1 122 253 189 78 121 212 156 124 133 85
44 105 237 293 3 63 127 101 17 123 64 1 230 247 95 287 210 93 279 119 100 19 267 261
75 88 111 140 175 274 256 57 61 119 78 169 150 298 269 286 56 288 156 138 204 234 25 264 59 51
3 47 178 295 183 217 259 91 157 81 207 189 238 298 96 175 118 78 45 100 82 190 287
47 207 228 264 198 113 145 295 101 257 94 8 23 10 178 74 123 250 261 151 121 59 141 136
17 103 156 190 265 20 93 239 106 1 176 38 175 65 63 29 114 44 298 171 284 91 208 238 117
14 48 172 36 70 253 221 139 109 210 77 3 99 172 79 197 76 229 286 252 142 118 228
70 149 255 28 19 215 209 234 257 151 229 152 292 176 8 207 86 289 21 211 251 6 99
110 139 219 236 216 167 48 54 150 8 136 284 162 298 198 7 0 275 13 103 65 121 135
17 84 207 231 276 29 175 229 243 82 195 190 124 116 6 49 242 179 60 158 163 35 176 47 28
94 161 190 214 249 68 133 104 75 122 183 298 69 237 204 96 125 6 50 169 16 272 139 47 116
118 125 175 124 101 136 40 60 174 295 147 183 257 42 90 14 72 234 94 211 116 178 32 62 137 263 30 220 68 5 0 121 235 102 87 237 216 200 189 170 134 181
179 257 251 127 198 169 265 296 157 209 132 150 84 273 71 197 240 272 259 130 34 29
120 214 141 209 234 270 143 245 144 237 102 164 278 185 33 162 32 290 82 41 95 125
45 176 190 225 117 31 100 102 114 28 93 293 277 72 208 225 251 32 162 92 7 212 136 163
250 282 151 106 152 18 220 298 77 148 252 29 155 207 127 293 122 19 272 116 161 68
57 205 216 240 151 253 20 81 254 76 190 68 183 192 264 55 119 194 96 276 232 89 228 221
62 92 141 194 267 48 87 72 154 30 164 76 155 59 280 31 211 117 32 15 156 227
175 189 258 199 229 234 80 259 248 42 105 212 272 203 288 9 44 235 119 277 285 127 291
72 147 174 194 228 170 273 208 182 158 161 81 270 103 130 22 92 280 148 99 267 275 100 246 190
34 45 93 286 28 56 164 257 245 31 254 135 263 230 60 134 208 172 275 170 191 19
179 278 266 286 224 142 271 107 283 109 215 34 255 82 94 138 252 277 190 292 197 49
42 62 257 58 45 245 15 238 10 87 280 253 2 130 290 192 291 154 136 41 49 133 61
2 475 45 80 144 286 186 25 97 173 112 125 277 128 41 204 200 274 1 69 206 237
283 365 31 70 123 142 118 55 62 227 225 168 22 274 127 280 65 218 263 84 242 95 81 15 258 282 248 72 229 20 209 237 206 150 62 24 42 36 208 199 40 136
21 102 230 261 286 131 49 280 7 188 279 260 262 196 126 51 69 193 275 138 160 56 296 47 136
18 262 14 103 249 208 269 190 120 197 106 125 83 299 245 12 137 168 283 261 2 152
111 199 273 216 99 263 54 34 193 294 85 59 200 195 33 3 211 299 186 133 295 14 234 37 1 237 49 142 187 75 154 162 54 50 132 157 176 24 34 2 242 17 64
16 108 129 131 147 201 210 211 213 87 165 128 113 169 297 257 270 50 231 73 147 183 154 127 45 196 296 203 81
28 32 93 104 165 289 406 152 216 20 152 722 650 90 152 365 13 589 29 186 892 887 361 749 510 163
7 172 52 284 8 31 137 195 277 90 283 267 256 126 135 177 243 281 104 141 261
86 170 177 243 248 65 225 91 239 122 7 230 107 298 199 125 232 245 30 161 295 92 253 47 268
86 154 173 236 250 156 56 103 228 53 251 39 118 137 185 212 54 259 205 43 1 7 218 264 249
771 3 22 28 288 365 728 33 255 22 205 230 141 284 76 143 65 269 31 20 114 106 17 95 219 217 103
20 53 204 245 261 124 432 820 710 432 207 205 432 820 233 68 296 147 294 32 139 725 160 165 237
78 92 182 247 260 49 36 149 296 115 211 8 175 280 134 9 281 188 123 197 85 80 28 191 231
185 199 475 235 184 179 125 146 47 147 15 219 237 268 42 36 86 153 21 209 131 290 245
285 220 239 276 205 6 184 106 262 282 83 146 101 175 217 26 177 70 299 102 293
292 298 188 26 139 148 230 236 112 103 227 166 295 254 257 211 189 261 196 69 70
53 58 95 140 190 206 298 243 253 114 138 112 235 263 177 141 90 192 0 28 25 74 131 252 161
923 246 169 190 263 94 229 261 276 27 48 133 203 218 18 250 118 173 199 162 258 15
2 47 58 68 190 220 59 79 926 197 926 683 183 62 68 638 928 115 15 139 432 935 425 995 239 174
132 213 269 295 749 6 113 294 108 68 195 18 271 50 171 196 182 179 194 80 100 280 221 66 257
21 72 86 158 56 59 133 168 236 253 922 349 402 140 891 141 140 422 891 5 183 156 112 208 280 90 584 189 65 536
101 172 293 926 284 414 198 718 926 500 241 607 298 88 2 386 172 144 104 96 299 184 283 245 260 112 64 32 220 152 296 63 217 82 237 162 212 216 229 224 189 149 22
96 222 267 192 263 249 292 71 166 242 51 175 262 250 92 121 70 8 102 160 36 187 14
