19 197 221 256 861 2 32 76 199 266 76 119 230 511 529 901 269 602 194 796 147 681 222 240 301 331 687 5 129
741 72 155 130 36 85 15 210 34 280 20 81 268 48 265 175 90 122 131 283 145 70 113
46 7 233 63 246 74 154 116 266 141 107 17 113 99 112 223 186 216 33 190 135
39 157 170 282 5 59 26 49 175 111 222 189 296 298 201 123 98 153 299 217 241 196 176 15
277 26 102 285 84 220 17 228 118 122 119 125 238 295 19 264 143 240 224 222 61
49 111 121 205 73 16 250 291 287 148 208 71 186 17 125 298 76 68 180 41 32 196 23
861 61 168 254 275 83 218 236 31 20 119 258 160 169 252 265 64 210 125 85 132 225 200 67
39 60 230 233 95 6 264 274 272 53 47 141 75 13 296 190 289 219 184 45 195 285 3
160 182 237 234 179 299 218 23 64 225 69 229 91 211 126 131 203 221 53 198 51 209
150 227 131 226 195 136 249 41 103 207 53 297 205 76 122 65 52 31 256 273 111 231
136 188 110 226 243 215 227 218 15 285 200 150 259 232 258 38 291 231 100 220 144 297
33 176 204 299 30 174 138 58 67 218 138 201 193 50 294 44 192 109 80 281 251 183 143 152 178 152 111 38 145 62 167 127 238 210 221 164 21 28 41 189 254 77 274 287 247
51 57 59 101 256 276 112 283 259 47 116 91 165 195 63 286 271 144 102 159 121 207 198 153 62
190 206 144 269 227 180 121 260 4 26 183 159 65 107 127 267 11 198 101 186 294 39
125 208 28 241 43 273 139 178 232 177 59 97 162 252 60 237 240 169 242 58 82 33
20 291 13 33 97 103 88 129 274 249 105 30 126 35 298 118 114 16 200 43 14
118 207 229 236 138 28 7 260 29 105 99 295 89 218 290 42 146 208 187 268 261 250 190
58 63 186 290 125 133 157 18 118 49 108 160 255 267 178 137 56 98 123 240 275 55 132 121
290 15 182 284 203 289 217 143 184 131 262 201 64 111 53 190 106 234 188 181 110
3 26 288 122 174 95 274 43 189 258 28 47 21 277 133 109 134 12 176 253 211 291 180
40 96 218 44 116 172 3 91 286 78 213 64 89 163 114 294 36 205 281 95 157
112 202 283 100 178 91 228 225 212 4 44 8 183 173 224 166 117 254 177 231 141 286 116 205 296 100 263 262 78 208 82 133 59 147 60 217 207 200 295 138 14 29
2 67 79 105 106 134 192 117 179 46 85 192 211 160 54 228 81 90 269 96 145 299 283 141 271 272 14
47 162 174 146 237 189 75 115 17 10 280 64 40 216 32 154 31 82 2 94 223 51 116
102 223 274 37 86 133 285 108 48 206 9 259 39 149 254 274 195 28 264 278 270 161 245
74 141 205 139 32 102 7 9 49 284 179 66 183 65 292 17 205 259 57 270 41 236 83
54 98 56 120 232 8 222 70 99 213 58 78 163 31 94 40 124 199 151 273 132 20
119 257 13 284 274 75 14 22 88 203 213 286 45 3 125 72 221 167 200 242 236 189
7 112 158 162 179 180 222 243 222 151 76 83 120 86 63 288 51 295 208 160 161 245 124 248 287 32 85 49
4 187 87 156 96 16 268 104 242 91 281 50 287 192 31 1 278 227 26 199 226 132
15 186 259 83 258 23 155 133 213 295 103 166 100 186 115 287 277 228 297 205 201 63
767 4 67 185 229 228 96 257 45 163 280 108 265 67 134 4 69 242 148 282 237 260 172 125 144 188 281 118 175 220 35 170 280 159 240 198 12 212 244 299 145 165 166 28 209
9 28 230 60 225 258 51 30 89 280 152 38 190 200 257 215 192 286 282 0 53 64
94 130 156 190 217 175 208 24 142 213 7 264 234 70 185 109 206 56 162 13 98 159 57 138 54 291 280 119 39 121 288 165 3 29 31 25 187 237 213 14 115 281 90 248 190
181 232 274 147 224 237 177 45 297 162 51 232 274 155 169 19 228 111 265 168 31 41 0
727 276 133 63 289 17 128 81 136 264 260 297 170 158 35 138 94 177 99 199 26
198 233 260 132 78 295 90 229 48 213 88 84 178 201 71 136 66 25 283 124 131 150 32
23 109 202 244 165 225 186 71 167 85 284 47 243 151 44 153 141 278 196 272 292
57 140 143 149 253 226 240 259 56 147 33 126 64 278 31 142 292 260 120 283 231 133 54 112
909 87 151 104 76 226 116 139 182 85 193 248 72 249 119 298 153 114 6 292 293 284 31
255 290 3 207 141 40 72 80 112 48 294 135 62 206 147 225 213 71 151 163 237 196
8 178 195 14 119 101 143 152 233 120 229 74 47 73 241 112 199 166 36 71 84 69
61 86 11 223 109 171 115 238 89 235 194 225 76 57 35 257 270 95 61 226 299 202
36 141 162 242 279 232 192 231 120 298 190 117 111 136 109 59 198 27 131 208 130 6 129 171
261 123 283 296 47 30 246 244 70 200 191 16 103 78 217 128 1 150 90 193 67
86 175 206 24 216 60 252 102 8 200 171 111 254 133 18 17 148 223 282 162 272 213 109
64 165 233 143 18 89 267 217 108 48 79 126 139 3 256 169 97 46 60 178 268 278 20
727 99 128 244 73 51 6 167 40 14 53 16 170 204 65 175 36 106 86 93 44 134 104
24 186 256 224 187 118 199 108 231 68 249 266 144 115 226 55 102 227 285 268 145
29 120 229 291 212 31 256 66 172 28 117 292 115 51 166 139 207 216 262 124 141 191 32
10 33 53 224 4 295 240 97 237 264 95 224 20 232 92 17 116 129 274 279 3 48 31 200
71 146 179 202 273 284 33 171 54 56 58 5 129 206 28 91 148 69 127 274 24 286 221 242 21 47
134 165 197 208 247 256 15 27 172 299 286 110 273 248 5 107 71 86 237 246 143 44 251 29 129
1 141 230 235 156 36 280 77 14 241 96 146 249 189 19 114 91 149 120 259 269 290 231 37
83 162 174 195 208 253 277 282 265 139 75 3 274 295 261 37 277 241 115 124 83 183 169 89 111 267 147
9 27 57 225 233 293 171 218 161 19 174 157 168 72 96 267 276 105 133 212 266 187 285 165 283 255
41 101 164 187 206 266 124 244 294 156 298 180 122 292 98 271 155 175 158 220 204 227 196 45 215 17
129 181 211 231 252 102 113 226 80 217 298 12 125 174 168 165 255 151 129 194 121
184 298 71 56 180 211 153 45 190 260 136 295 98 276 255 124 161 141 24 158 131
101 131 292 43 213 279 254 100 155 197 117 83 280 222 110 16 44 252 2 163 106
76 121 129 217 264 249 216 116 140 137 110 240 174 234 70 22 143 191 243 17 88 54 67 250
205 168 290 86 111 197 35 244 245 104 13 285 153 54 33 24 48 126 279 214 49
49 99 186 73 10 50 90 182 178 43 77 70 247 80 51 214 224 222 109 256 152 124 286
86 118 231 114 208 40 8 38 147 50 180 90 285 49 122 55 121 169 119 34 143 214 222
262 44 18 246 193 58 271 19 150 23 235 141 264 188 29 282 257 294 97 132 201
44 207 50 135 91 13 231 104 22 223 216 215 34 217 206 164 277 278 72 78 253 284
14 54 68 131 201 146 47 206 285 234 172 75 293 113 174 238 141 112 136 272 128 208 22 86
110 195 242 286 172 59 216 197 28 260 41 294 279 79 160 249 240 198 1 164 161 184 102 168
100 108 248 262 122 279 130 18 251 140 159 136 293 209 210 3 280 20 106 128 93 254 173 43
6 94 103 198 99 165 111 194 296 158 94 147 246 83 267 81 188 65 250 36 233 107
31 134 63 270 105 37 208 32 228 143 261 4 136 44 174 52 163 265 55 99 204
148 299 110 239 41 234 298 92 97 294 91 64 40 122 297 249 224 11 69 70 247
88 249 60 3 117 218 241 113 191 284 185 238 294 87 94 299 55 38 28 138 61 205
79 68 42 122 65 119 210 133 114 129 85 78 299 20 5 298 22 143 168 145 278
212 203 271 194 53 70 208 152 167 78 125 25 10 157 159 283 31 69 262 240 108
0 192 75 152 80 168 112 115 254 293 262 257 166 38 133 181 95 249 147 35 265
187 66 139 165 295 128 108 167 127 281 121 237 194 134 112 174 273 5 25 73 15
37 137 244 229 22 98 18 239 269 92 51 111 177 70 31 139 207 211 65 96 103 238 142
909 13 121 232 251 206 118 47 116 188 180 154 185 7 161 3 168 117 155 23 191 234 120 79 119
72 119 121 139 195 235 295 138 96 184 251 268 120 202 39 142 6 89 282 31 46 195 167 99 209 278 224 196 296 71 242 49 42 285 80 206 168 132 131 216 221 177 73 209 115
0 287 292 219 163 162 154 132 161 296 44 226 17 78 110 92 115 186 35 10 108 45
172 238 117 278 98 260 142 245 206 12 147 100 4 170 53 298 282 220 127 254 139
10 17 73 68 21 238 168 226 10 259 35 289 268 92 122 12 217 165 54 244 173 167
160 221 294 26 281 1 78 155 164 146 197 224 14 71 66 199 133 247 193 119 180 50 111
17 104 280 298 198 21 277 79 138 76 150 148 239 5 72 210 137 180 252 110 217 182 264 162 278 251 138 13 146 298 19 99 252 206 256 72 266 58 113 53 55 16 134 59
39 81 227 267 88 20 90 38 291 112 32 61 294 36 173 225 56 137 46 133 245 286 266 22
727 42 109 188 232 209 95 236 48 65 285 32 297 171 290 67 10 77 74 19 153 58 132 186 3
35 155 219 236 260 81 241 86 21 131 296 271 101 93 109 144 73 197 228 246 10 135 211 4 31
8 262 176 283 285 247 131 142 89 20 18 151 125 117 140 261 70 6 234 152 46 237
142 162 167 225 191 211 282 65 24 104 136 163 219 171 236 145 109 161 42 206 43 274 204
767 45 62 132 280 255 147 63 265 83 233 247 76 283 121 144 78 170 6 44 198 190 59 224
82 113 11 212 44 98 115 20 117 42 127 108 288 232 296 102 172 118 219 198 297
77 89 76 238 177 183 25 37 211 109 44 280 55 33 84 299 167 255 281 137 133 104
727 94 118 128 145 202 90 299 262 278 286 62 128 197 41 129 274 148 8 48 17 204 269 195 250 56
173 179 191 271 298 81 238 166 50 111 199 281 93 128 270 248 151 180 262 183 121 45 173 254 74
173 285 246 286 6 291 126 127 132 195 59 184 297 87 193 228 33 151 227 73 23 17
6 115 53 72 0 223 93 6 10 172 219 158 136 254 12 1 119 141 278 11 150 65
23 83 97 253 180 156 150 86 241 40 257 76 23 247 208 145 9 3 147 100 47 22 187 138
195 128 237 54 122 204 36 155 180 163 252 63 235 267 3 15 195 39 171 217 244
199 94 151 14 206 265 219 253 275 294 131 222 258 166 221 259 42 196 179 299 54
10 165 246 18 198 114 193 212 40 179 278 295 213 65 189 196 159 111 147 266 206 30 243
24 27 171 181 242 130 177 44 258 172 90 118 244 285 185 16 200 224 169 113 97 219 162
106 138 159 164 176 207 218 102 64 249 260 67 278 4 113 138 78 242 62 38 297 73 164 49 29 121 194
19 64 227 134 116 197 65 199 34 45 248 135 285 19 3 30 41 200 49 203 91 23 42
23 6 230 138 128 99 204 141 293 223 61 191 52 182 143 97 157 136 245 202 101
43 122 207 221 94 299 227 272 219 44 105 168 86 294 4 96 180 258 20 246 277 218 269
167 203 235 275 8 260 189 11 231 249 136 268 92 43 184 67 198 283 254 272 148 265 52 152
14 105 212 202 257 268 276 224 66 256 36 214 261 55 289 19 240 205 212 60 142 161 239
191 202 286 238 60 30 101 167 193 139 298 157 115 46 151 232 82 14 93 109 186 217 49
2 47 88 254 220 208 14 266 81 166 232 164 122 141 265 47 179 118 259 181 71 246 94 284
98 99 209 108 43 227 113 290 189 188 100 55 174 183 283 173 118 109 269 6 77 90 243
13 248 197 93 171 102 89 182 52 229 193 134 131 7 256 60 178 288 241 155 225 298
245 142 184 167 225 244 18 27 155 132 138 39 288 44 43 60 73 123 25 72 148
97 183 205 214 249 257 278 23 36 129 154 103 99 282 173 28 112 225 127 143 4 77 38 0 155 202 29
128 223 243 289 91 292 213 175 202 278 260 20 161 184 272 239 40 280 118 106 290 211 181 197
99 225 246 290 26 137 91 299 287 277 196 206 76 297 72 135 58 260 193 92 57 182 251 291
14 60 143 182 245 255 112 115 155 168 94 137 270 13 199 116 231 66 150 58 165 195 239 196 226
811 16 19 96 145 157 186 294 230 287 247 286 106 265 128 160 79 206 123 181 252 125 92 36 41 146
273 204 26 102 229 110 159 234 298 93 256 287 67 3 137 248 163 61 252 195 101
112 152 225 285 64 277 218 70 210 66 36 126 191 146 194 156 237 257 133 241 8 124 138 119
101 175 279 239 279 5 101 96 36 46 238 202 64 209 201 229 30 62 24 266 28 138 132
17 254 173 169 251 3 45 59 133 213 51 95 142 185 22 104 32 107 177 264 157
8 85 118 175 256 248 250 208 267 155 14 246 233 154 159 293 173 80 140 128 37 291 100 124 194
251 21 92 121 287 192 212 269 2 114 124 179 272 102 28 275 180 120 82 215 112
221 167 291 287 162 2 117 148 224 173 198 106 29 181 206 40 70 128 177 54 64
179 50 111 169 14 53 166 143 106 44 273 194 7 12 230 255 165 178 217 161 90
2 84 282 288 82 30 250 234 296 25 88 182 9 156 50 193 84 66 212 202 70 273 7
21 82 84 176 214 222 143 89 13 12 293 237 76 166 200 282 186 39 69 94 273 274 27 252 98
9 174 152 91 239 149 60 143 273 282 15 192 122 187 41 220 107 194 217 265 37 251
2 27 80 105 293 275 270 26 122 150 95 279 70 21 22 204 174 57 212 171 109 96 27 175 108
121 149 182 296 22 117 68 185 121 109 186 250 233 170 299 125 9 51 173 232 140 0 84 153
119 271 195 253 284 209 174 47 78 22 88 124 163 229 216 257 130 9 30 226 166 260
153 246 275 283 191 76 276 239 286 279 119 247 150 149 183 79 72 25 22 92 5 114 13 220
84 136 148 173 191 200 225 251 110 233 238 260 213 179 106 157 21 107 237 127 3 116 25 243 83 77 294 163
89 198 225 240 283 62 64 123 216 0 187 13 257 274 165 139 71 29 267 260 276 132 228 207 141
31 123 141 253 186 221 207 150 48 106 252 286 69 243 274 178 217 151 283 231 63 289 116 240
222 281 7 116 6 35 176 220 155 186 174 103 269 88 281 11 12 89 263 211 73 29
27 83 141 145 217 220 272 93 227 94 24 160 220 150 136 245 26 141 119 149 229 74 195 290 46 250 157
117 183 290 111 228 213 220 293 247 18 281 232 34 260 256 102 38 64 109 154 95 66 186
909 205 268 75 161 61 279 41 118 179 295 246 172 269 0 244 143 62 197 70 208 80 109
197 210 238 261 277 278 287 296 197 250 156 291 255 17 61 193 173 196 233 48 252 27 112 171 260 141 195 106
61 206 187 63 105 168 217 114 249 227 84 34 27 44 236 244 211 42 14 209 208 262
106 152 176 205 244 267 284 276 169 147 237 214 225 5 291 257 236 61 121 294 104 123 265 72 175 252 66
11 16 57 98 164 185 9 223 75 133 27 124 287 76 197 137 67 174 271 146 230 195 129 163 215
936 204 248 278 94 132 147 175 70 18 71 5 266 64 180 208 235 246 210 145 72 161
148 195 199 40 106 152 140 57 213 143 203 279 168 190 32 227 10 141 43 163 77 16
51 188 208 79 95 98 142 166 173 50 237 289 50 42 284 50 289 111 237 136 16 269 767 256 271 299 6 28 11 74 92 169 95 230 43 153 2 121 234 209 283 183 295 188 267 117 271 272 228
65 179 214 24 255 199 215 245 172 17 260 201 124 118 217 297 110 272 188 149 56 134
51 123 253 289 237 288 147 80 188 177 199 223 135 232 231 247 144 119 72 17 111 277 155 7
109 429 226 183 58 295 134 224 111 268 62 296 299 8 243 97 32 262 169 162 196 219
36 222 245 196 36 187 192 96 128 223 95 10 250 109 174 15 197 229 190 79 159 129 170
41 124 208 235 257 145 249 84 279 89 253 69 128 80 199 63 36 132 205 247 243 266 255 111 273
34 66 150 184 21 250 48 148 94 254 76 99 168 202 41 274 212 39 256 243 4 166 93 288
123 133 222 210 20 29 125 268 245 299 269 111 87 16 94 119 267 147 9 196 193 206 194
30 130 277 286 206 242 27 161 43 28 45 167 259 66 50 38 187 35 190 68 130 155 101 298
56 66 157 291 683 120 137 101 123 55 171 268 188 0 193 140 135 69 202 155 190 50 38 263 207
12 138 203 218 232 24 9 58 159 90 131 168 54 93 51 264 275 30 211 191 112 105 34 203 194
75 99 215 255 179 120 11 175 224 217 207 71 220 209 13 18 1 73 48 124 8 74 12 236
67 140 145 229 274 245 148 270 134 210 43 75 38 71 137 90 143 215 122 44 225 12 91 112 277
60 83 231 201 265 42 199 262 39 200 55 157 283 125 78 216 53 131 93 142 28 249
43 61 99 165 187 130 76 140 77 30 131 89 18 286 293 171 287 37 205 25 184 281 17
204 208 211 220 221 64 275 258 277 171 187 106 277 64 246 258 93 28 271 963 962 136 15 16 194 259 299 87 72 32 29 47 204 155 62 40 172 237 175 208 226 84 75 46 21 49 260
120 132 178 249 295 172 199 287 237 139 166 29 7 250 54 144 282 269 169 297 239 133 105 63 65
909 36 49 94 241 196 131 265 124 56 137 273 58 0 138 237 272 32 74 109 202 191 6 287 149
67 74 82 97 176 294 186 199 183 205 239 48 120 61 229 231 230 262 37 46 221 63 236 128 210 238
48 173 287 51 188 174 233 179 74 65 45 143 28 244 203 158 7 281 256 286 177 90
166 139 185 228 81 121 177 258 169 122 271 231 87 194 133 66 263 77 154 198 256
10 94 161 215 223 924 924 106 169 924 159 280 280 31 297 238 484 93 117 29 86 873 782 202 1 71 180 31 211 16 166 269 241 207 246 69 76 158 280 237 90 244 8 296 45
30 66 104 293 230 203 278 129 222 213 168 285 270 54 134 288 271 92 221 9 49 65 72 1
106 119 9 288 0 51 270 271 78 158 14 205 183 132 285 137 255 8 36 125 258
11 29 110 767 177 235 118 625 264 127 625 359 359 58 206 191 22 86 300 18 90 65 274 132 221 107 217 233 140 119 121 198 290 275 35 197 54 222 295 171 90 200 174 256 87 151
19 174 163 251 79 141 97 245 161 27 200 190 144 170 257 169 124 4 220 204 116 255
44 229 229 39 924 393 89 0 393 575 0 0 297 31 440 873 202 50 782 93 86 119 295 92 34 278 97 135 126 49 245 199 120 138 231 268 109 105 136 103 180
75 286 296 80 56 184 264 74 51 109 285 277 176 187 243 15 251 200 282 46 133
1 62 97 287 299 625 484 269 755 104 484 973 62 414 86 645 297 114 295 243 187 90 47 41 776 646
14 62 67 153 166 278 262 280 229 149 231 110 271 230 224 152 82 179 286 18 170 100 67 261 165 87
145 592 21 95 51 126 275 299 105 243 2 98 119 87 55 96 122 178 270 208 85 65
3 135 230 275 295 166 188 440 114 440 80 80 192 59 59 86 62 80 26 248 227 78 178 279 905 100 239 117 151 122 18 122 122 151 822 202 44 63 276 71 583 208 168 160 265 229 90
202 226 30 188 108 284 234 41 207 152 246 196 202 240 19 281 137 226 11 299 134 173
74 108 134 158 248 91 325 325 152 325 152 522 91 494 615 645 494 210 247 55 223 110 214 807 184
767 13 51 181 592 216 120 9 291 293 156 272 50 41 18 287 32 80 63 113 53 250 70 81 245
119 230 239 265 341 296 82 190 36 198 157 207 73 145 275 199 141 58 238 152 83 137 200 103 122
767 81 193 49 292 49 339 522 49 292 292 354 48 385 157 66 55 117 856 208 44 277 198
93 178 197 219 4 190 30 57 282 215 168 205 280 235 177 273 295 162 92 90 160 181 131 114
53 85 259 267 159 259 224 22 267 267 233 224 150 90 71 168 160 221 63 202 208 91
67 115 264 263 35 194 218 90 57 107 104 83 278 152 143 9 124 239 88 236 97 10 189
