18 114 139 202 23 82 246 38 203 189 64 267 162 253 118 33 74 179 70 155 210 269 93 234 122 90 213
47 103 226 244 264 402 802 439 286 303 776 911 866 530 484 38 560 679 372 355 558 769 206 850 359 26 538 782 627 627 80 291 999 921 140 22 188 734 559 97 869 782 277 291 765
146 196 219 238 59 168 107 284 170 54 180 143 3 74 216 128 173 160 182 272 227 114 7 239
8 140 170 271 39 197 53 297 29 250 237 291 258 72 58 96 32 73 64 153 170 3 56
4 160 227 58 201 77 252 276 204 144 285 248 282 88 286 165 235 4 20 61 283 1 143
67 106 107 221 150 37 70 263 102 293 27 250 189 166 173 225 241 79 277 278 128 296 22 13
34 240 291 587 337 56 337 554 221 337 554 121 178 780 409 666 68 621 273 68 241 241 62
160 270 189 202 119 235 11 9 44 5 226 25 265 286 237 97 124 35 299 19 79 251
113 117 259 75 50 36 21 83 144 242 221 161 163 202 66 244 263 85 18 270 79 4 60
58 84 291 147 50 203 49 55 171 278 293 255 261 262 297 258 220 284 42 23 35 176
279 163 106 210 124 54 182 242 28 117 118 245 236 155 14 131 244 267 135 160 215
5 54 79 279 297 74 85 150 292 120 171 257 80 108 276 271 64 251 81 72 288 182 156 52 152 203 133 158 140 292 66 90 196 16 291 157 43 145 91 42 134 34 279 245 52
136 288 195 232 147 39 259 7 222 211 32 205 61 206 138 189 134 220 79 225 113 74
106 112 182 192 209 299 263 191 229 181 84 68 217 179 215 228 90 272 175 57 93 221 273 29 145 72
9 111 165 185 134 61 161 168 122 156 90 260 213 54 224 38 113 160 169 162 62 1 163 79
43 81 130 234 235 242 44 282 66 23 128 214 291 77 30 152 26 101 234 107 93 100 131 260 6 114
20 254 270 165 253 64 199 250 245 171 128 172 286 179 190 143 87 125 120 295 34 37 90
41 94 197 215 254 161 283 284 134 71 86 54 141 187 288 109 15 181 299 152 209 236 136 168
226 171 182 80 261 281 1 62 114 188 99 69 96 163 153 251 170 91 109 43 54
169 201 227 267 30 168 141 214 289 235 260 7 4 226 252 28 279 190 224 46 239 144 258
14 132 31 230 187 66 129 70 218 138 44 57 297 146 75 47 62 32 240 79 0 98
98 115 249 246 11 285 130 75 8 131 155 289 42 252 247 261 24 50 72 242 14 67 52
147 202 261 78 124 119 176 155 223 137 256 274 182 143 144 41 247 245 262 281 153 195 76
113 178 186 194 170 156 120 194 274 227 99 244 239 46 267 277 272 52 288 101 123 219 149 136
112 197 87 32 17 136 241 145 102 114 104 278 153 182 259 129 299 223 103 229 56
25 28 94 277 147 80 138 168 35 17 266 140 183 53 79 276 226 130 155 186 269 227 108 33
83 145 188 154 29 128 92 165 90 225 32 264 259 7 87 241 207 272 247 101 151 106 260
96 154 181 255 292 18 293 70 54 23 3 99 143 144 108 19 239 285 206 183 265 295 58 145 188
48 55 157 199 131 288 104 179 169 193 91 135 35 115 222 287 55 156 249 54 121 75 101
146 166 293 212 1 204 64 14 249 141 182 150 233 258 239 193 120 37 82 40 270 94
129 138 160 92 35 171 203 28 165 292 91 105 252 41 164 237 22 71 75 268 269 82 20
52 75 141 170 242 294 33 104 160 132 183 86 226 196 24 10 242 278 249 100 151 177 58 11 276
89 131 236 288 61 287 183 65 121 48 151 299 277 270 149 12 249 147 16 162 213 78 240 251
172 222 223 120 212 122 3 202 269 112 18 24 133 178 127 84 243 261 98 153 258 173 0
112 222 181 99 142 257 178 281 115 49 264 170 225 258 241 137 45 162 219 291 80
31 158 90 192 161 104 46 283 121 237 215 253 79 209 239 251 265 198 232 187 296 58
117 140 275 46 219 221 61 147 20 82 59 187 259 282 51 183 211 264 167 245 164 93 40
255 35 235 22 222 280 34 237 277 24 224 228 290 83 101 275 269 17 141 96 27
72 148 232 293 298 59 107 95 4 17 254 256 24 242 230 190 280 18 259 86 182 245 171 108 174
172 112 103 22 217 241 271 129 246 42 122 197 255 294 232 131 164 152 2 175 14
81 96 216 219 7 56 234 252 45 121 149 249 30 165 272 294 194 23 41 31 93 268 278 38 132 6 177 115 215 52 144 214 208 79 179 273 145 136 118 140 220 270 81
2 96 148 206 0 298 146 228 97 151 284 179 280 206 159 38 110 82 227 223 90 66 20 247
34 183 205 225 284 91 17 205 94 202 156 232 2 141 125 150 288 282 69 33 186 231 65 122
137 171 222 219 14 9 110 186 237 262 61 266 202 62 35 120 227 153 145 185 279
125 191 271 276 187 23 20 67 120 243 164 223 19 289 124 151 58 221 74 80 122 277 121 284
13 78 262 277 232 70 110 84 73 19 205 260 231 89 166 78 224 143 17 229 14 234 41
235 142 17 104 287 98 192 198 103 87 182 299 275 219 236 156 152 64 39 214 285
9 67 135 263 93 50 180 173 202 286 293 43 273 215 65 229 227 232 279 258 181 282 162 157
228 193 101 239 104 123 102 272 68 36 296 128 109 160 100 249 95 256 74 216 16
159 201 125 198 192 285 171 119 174 282 244 110 137 96 30 275 271 51 89 253 73
97 169 255 296 174 165 12 228 188 150 287 259 285 262 238 246 138 111 222 265 32 159 181 264
28 121 276 268 195 198 50 85 97 180 270 106 130 13 60 102 22 95 29 296 74 128 75
75 76 201 216 132 16 36 15 248 155 219 286 171 4 30 238 244 262 218 192 33 43 88 181
94 246 205 115 258 266 275 280 299 226 24 290 134 128 122 63 294 210 50 156 132
12 68 86 159 207 219 241 295 213 47 124 176 108 209 275 55 182 151 11 91 35 167 98 237 115 34 53 67
137 208 70 199 113 141 234 124 208 118 290 296 216 195 64 150 115 122 137 145 220 67
66 109 74 10 153 85 270 48 218 3 39 33 31 114 81 88 6 243 204 32 199 264
44 53 100 151 215 243 282 17 30 133 49 240 231 81 185 246 230 136 16 211 135 137 275
79 242 160 203 80 127 166 127 80 75 15 75 48 297 269 143 144 8 279 186 99 290
33 140 169 253 148 54 122 278 172 236 77 36 101 76 69 0 234 273 195 93 251 51 131 211
195 197 15 212 287 205 88 134 168 41 36 268 47 45 5 164 250 37 110 235 87 92
110 218 246 276 44 203 125 193 175 252 10 144 290 257 116 20 87 204 183 112 247 94
63 92 137 212 211 20 141 11 68 280 53 3 51 76 12 146 90 180 254 188 30 72 116 212 238 65 20 3 229 80 34 264 81 201 173 233 61 286 104 19 92 90 9 256
26 62 54 151 258 28 87 136 108 49 41 25 103 153 182 82 69 250 283 110 169 240
6 204 91 42 280 81 206 244 51 126 72 68 69 248 175 157 138 27 41 273 83 264
18 102 172 260 269 186 237 28 9 249 175 13 169 226 65 265 131 211 290 101 124 102 171 30
165 167 123 94 198 43 68 4 175 87 73 285 104 234 25 149 11 140 13 205 248 244
140 165 223 247 275 293 255 48 27 29 164 155 52 286 163 288 262 117 129 89 55 76 149 17 25 152
5 152 190 156 207 24 115 190 240 43 123 132 144 88 56 160 111 199 148 189 273 198 223 64 142 159 85 250 75 158 214 185 216 84 261 163 32 234 194 190 2 157 52
38 221 254 282 235 70 241 42 299 239 140 256 23 72 231 16 152 216 98 114 97 160
204 279 170 4 37 158 101 14 128 132 226 278 67 235 243 165 287 48 85 33 126 219
114 184 187 49 276 140 245 218 151 13 107 48 267 186 76 193 225 181 216 39 291 268 271
38 151 259 25 240 299 253 214 137 17 30 52 282 61 50 247 199 125 118 218 297 23 53
49 82 168 175 238 53 230 221 140 101 5 234 181 254 46 125 174 159 177 247 15 67 41 260 74
56 73 164 206 237 52 120 266 153 46 218 119 290 55 31 235 179 260 111 117 249 4 178 71 256
174 249 255 292 287 136 141 39 189 40 272 298 17 102 126 15 112 194 32 196 269 57 31
161 180 214 242 53 157 104 243 185 67 35 15 220 60 234 262 252 106 129 158 294 44 4 282
187 298 37 171 274 4 189 249 112 224 137 241 259 254 67 101 96 123 285 130 39
138 212 264 102 27 220 213 15 283 255 135 169 229 61 164 105 107 223 293 80 67
7 8 85 284 175 275 259 20 132 269 73 52 217 191 56 118 163 247 160 85 40 215 54 220
78 115 207 251 50 196 43 13 286 273 57 51 134 104 241 120 10 293 155 61 295 62 150
70 125 211 273 251 38 169 0 97 195 66 238 235 136 19 199 119 252 75 286 43 46
0 91 194 238 162 55 111 180 160 275 273 285 12 3 166 88 222 161 110 64 95 229 135
253 271 295 185 215 298 240 193 267 72 67 157 268 43 280 249 212 202 236 5 89 115 299
180 223 232 245 108 45 11 21 118 84 91 2 182 194 107 26 147 3 56 104 204 31 68
182 216 294 297 289 55 54 298 299 23 107 181 266 280 173 91 248 158 20 111 132
98 107 150 116 296 163 267 104 13 73 93 40 258 193 225 242 101 152 182 282 15 221
21 49 122 109 72 80 181 248 254 113 64 175 103 48 185 180 105 236 150 208 229 209 232
70 89 249 107 40 183 62 189 138 240 228 83 254 98 135 235 33 173 275 203 105 273 13
159 170 93 269 216 35 28 81 1 279 53 158 233 103 235 80 90 131 164 95 170 202
35 65 102 151 264 190 178 105 163 215 220 166 60 134 98 205 153 65 214 141 45 237 277 284 99
40 79 144 178 97 214 158 40 108 55 81 216 170 241 199 166 142 279 284 25 8 82 184 296
87 106 187 48 198 127 177 32 171 98 287 282 28 174 275 246 239 218 266 240 206 165 95
10 25 173 187 189 29 133 265 266 162 111 299 83 260 77 64 161 170 198 123 288 235 30 246 216
1 163 221 135 264 256 283 151 25 252 45 64 16 162 269 111 265 112 134 31 254 106 190
3 42 101 102 159 265 256 24 26 121 95 183 282 231 91 152 218 97 17 77 190 186 44 157 81
36 130 145 22 108 268 268 57 104 298 22 97 252 493 260 464 284 170 198 159 798 97 887
61 196 237 297 145 211 165 81 272 118 254 153 215 260 206 17 293 58 299 62 212 64 159 205
14 71 98 251 259 7 46 181 288 160 212 71 61 150 131 111 291 281 4 231 29 114 232 44 133
140 266 290 223 287 81 91 33 199 255 0 263 282 194 214 139 61 88 276 84 19 129 207
90 186 199 61 2 192 131 207 288 5 130 127 132 107 80 96 165 71 161 188 138 102
23 57 136 215 153 203 76 75 151 20 65 170 163 116 261 30 14 50 139 57 253 111 95
0 31 285 160 115 160 82 25 107 271 17 110 63 167 219 437 110 224 160 114 99 82 6 255 190 97 214 135 208 26 217 70 240 112 58 86 85 293 157 164 32 290 136
142 211 220 169 266 136 76 172 117 21 61 174 244 252 157 122 42 121 43 83 22 230 223
36 190 204 201 104 279 247 57 68 33 288 15 211 131 148 125 112 60 267 87 160 54 53
94 141 259 293 32 41 210 220 10 294 236 49 38 297 23 166 176 34 19 67 89 270 238 226
28 87 203 242 115 93 33 283 1 9 141 146 91 111 256 54 17 273 89 175 275 149 227 56
209 263 289 24 70 208 294 290 262 108 242 141 220 156 34 206 280 28 92 105 209 132 188
244 38 105 229 191 269 189 235 240 273 272 111 55 80 144 206 166 34 46 143 275
68 226 84 191 145 78 50 97 275 289 21 244 209 0 292 10 299 293 125 60 132 194
26 119 165 297 417 160 160 91 78 14 91 14 160 91 54 155 50 89 223 143 165 78 283 293
48 52 113 120 128 191 223 281 104 174 215 2 5 176 52 9 35 214 71 49 216 21 155 197 291 76 93 160
101 222 129 27 248 254 4 282 134 228 98 147 30 22 53 172 163 276 256 186 213 251
145 262 194 259 69 160 266 173 16 208 191 105 236 139 175 125 268 82 179 19 64 67
24 193 111 297 135 240 216 67 38 26 291 52 126 267 98 31 84 110 180 293 57 0
19 52 283 222 35 167 77 178 117 77 35 61 8 36 186 115 40 448 48 297 145 3 96
230 177 53 35 147 221 33 85 65 67 42 37 255 190 277 240 227 143 23 49 123 164 243 111 286 77 40 247 221 248 24 110 57 14 227 137 39 168 288 287 81
203 218 141 180 270 299 263 135 140 260 12 258 115 22 224 157 2 204 149 172 186 15
7 173 229 242 27 44 110 185 60 162 196 94 88 142 291 263 64 273 248 3 227
88 131 111 31 286 41 154 100 224 147 116 135 232 207 223 177 258 77 279 139 121 88
2 73 109 141 100 26 92 139 177 113 232 12 196 299 50 247 260 280 96 201 269
230 277 54 81 229 150 74 268 76 238 216 145 65 53 201 121 240 69 165 125 177 119
67 244 173 146 110 232 1 210 154 184 29 240 17 298 67 190 192 299 297 61 87
150 150 87 222 127 135 143 152 87 150 448 61 144 115 290 186 297 143 96 36 279
179 296 222 130 5 77 296 12 96 115 269 448 279 144 290 8 3 36 48 40 186
65 87 118 211 188 216 172 72 15 40 286 194 21 9 59 271 264 249 192 82 6 98 133 200
22 34 56 151 171 198 215 76 5 148 81 296 296 127 81 48 3 809 99 115 145 96 61 279 297 143 144 266 286 255 179 285 253 192 131 294 163 115 106 282 263 290 168 170 236 50 151
12 64 46 297 119 128 235 125 193 177 206 132 66 189 187 291 86 160 81 135 101 146
9 68 155 14 288 147 153 154 149 226 89 194 56 99 217 53 84 177 78 208 261 214 234
65 224 257 44 226 179 264 158 40 208 155 9 224 83 277 237 122 97 299 30 275 178 276
278 295 180 299 132 1 125 283 114 288 4 122 36 117 131 90 280 222 95 53 157 47
119 202 263 230 41 127 67 151 0 194 188 107 138 53 278 199 64 202 277 124 298 113 66
34 227 254 137 211 252 68 206 151 57 87 22 147 281 156 20 251 213 14 85 52 18 2 13 80 64 175 209 10 249 173 72 254 195 204 273 31 244 247 1 86
85 194 197 287 127 122 103 235 286 240 155 192 178 99 84 284 117 288 82 200 18 232 131 253
14 39 223 246 141 299 265 259 154 256 110 232 52 13 275 28 48 26 90 199 35 194 153
37 61 65 67 260 171 172 107 54 150 12 116 167 201 270 146 93 197 206 236 215 239 136 155 259
26 43 167 266 251 188 291 225 278 265 121 180 16 91 97 250 185 139 86 202 33 100 287 260
76 90 133 139 1 104 270 112 78 118 28 229 119 0 223 214 125 72 149 246 288 65 194 279
71 269 178 285 200 296 57 191 16 256 169 298 53 163 63 20 136 299 162 253 180 108
11 44 58 284 277 139 211 22 261 57 196 4 166 165 69 168 54 212 188 102 282 149 29 89
2 66 95 162 238 258 221 133 169 1 65 54 255 85 268 232 0 183 289 115 138 171 261 27 56 12
962 10 118 272 177 76 153 20 294 12 14 184 282 264 35 245 154 11 220 129 109 263 246 51
47 127 178 192 283 272 205 203 93 200 149 101 262 58 246 264 27 22 287 133 86 250 167 219 247
59 93 138 242 291 15 297 185 157 216 237 195 127 256 193 122 179 285 255 61 171 176 126 188
42 100 192 213 41 10 139 66 160 245 132 251 126 204 271 78 221 3 7 40 84 26 121 146
962 289 183 287 206 272 107 92 210 140 197 217 85 112 57 35 52 73 185 225 264 236
5 90 287 93 42 230 25 171 229 133 59 127 205 219 186 112 77 123 248 240 125
97 195 241 50 297 73 80 256 271 171 16 242 93 102 152 161 115 150 29 71 163 69 285 180 46 254 254 180 275 275 254 167 180 275 275 99 290 448 216 8 36 297 279
19 56 122 126 159 194 218 247 224 219 96 66 39 124 60 180 129 243 279 79 295 282 83 170 228 257 44 237
61 144 182 99 36 135 105 155 130 260 228 151 148 102 218 238 231 136 250 194 197
203 243 294 19 2 263 146 71 179 280 198 251 244 242 25 15 261 95 164 60 187 183
39 131 269 119 63 15 151 256 295 220 255 114 219 226 82 104 27 34 244 258 39 172 58
205 273 221 35 184 229 54 50 77 55 6 267 187 26 47 71 34 60 40 297 178 23
62 115 201 93 81 263 215 227 8 18 30 286 265 298 138 171 279 1 84 33 180 165 72
61 113 299 59 292 156 213 158 284 122 154 233 85 173 167 55 236 237 96 16 260
156 158 168 233 276 145 29 49 170 6 24 251 102 183 2 154 182 26 260 144 165 95 230 264 84
53 81 159 175 179 276 49 228 179 26 145 75 299 258 276 107 78 230 153 71 239 108 232 45 146 88
118 195 241 132 166 236 38 82 162 230 287 122 158 285 288 159 259 90 18 202 264 190 267
133 299 130 38 117 297 291 70 29 59 145 106 225 115 235 282 0 98 144 208 272 128
27 29 32 66 67 113 187 8 245 64 156 18 76 208 52 127 296 101 84 157 68 26 252 232 58
0 3 8 241 215 155 247 13 283 284 296 245 49 177 271 160 175 252 227 12 223 44 86 3
210 265 283 174 67 156 5 299 118 252 63 8 51 289 22 132 166 162 146 58 235 75 62
107 158 87 82 82 86 217 86 87 94 87 86 25 8 269 279 145 144 809 99 3 36
41 230 294 96 246 197 162 203 140 134 108 161 198 12 98 103 11 182 120 291 187 102 281
70 90 170 103 215 176 65 293 109 242 130 265 44 169 33 86 274 46 299 57 241 93 59
145 294 270 252 60 167 280 223 25 81 49 204 56 66 296 131 278 70 90 179 281 34
177 202 132 214 74 140 197 70 21 130 25 90 142 126 30 194 114 183 205 161 24 262
16 41 43 144 215 97 137 242 203 68 21 34 74 102 253 252 83 13 142 129 55 149
120 186 241 133 199 68 16 9 99 192 61 151 277 152 96 275 11 161 212 195 295 101 31
78 130 152 196 253 266 220 29 172 247 113 279 256 174 90 284 94 189 59 25 138 47 55 42 26 261
43 51 166 230 101 74 261 134 94 32 224 280 229 233 90 141 245 164 76 181 117 182
5 7 69 103 188 266 224 64 231 124 9 189 176 190 272 164 40 163 61 94 22 119 277 4 129 184
153 156 143 143 253 30 143 92 269 264 40 461 89 96 164 196 174 228 214 169 873 201 152 283 97 203 147 76 213 122 123 165 9 60 130 96 198 75 20 289 36 256
168 170 176 243 64 184 82 255 86 140 209 151 16 146 42 45 72 264 84 81 155 92
92 147 181 216 239 256 94 77 270 208 246 181 16 60 177 156 271 173 27 9 68 98 75 101 36 11
136 142 184 172 9 19 134 38 171 280 40 190 175 155 83 95 60 17 256 191 141 284 202
13 156 180 183 142 197 259 276 162 14 213 288 72 179 297 53 226 62 132 211 215 151 45 64
181 230 292 133 126 161 192 47 235 48 43 186 118 208 140 10 282 168 160 26 40 29
38 130 247 56 254 81 286 105 94 194 107 92 121 51 46 15 58 30 253 201 266 205
13 29 190 275 102 79 251 277 295 161 100 49 95 58 219 272 256 21 109 195 294 93 188
24 119 118 99 65 195 86 24 37 200 287 145 224 66 91 183 9 60 283 184 258 75
1 110 262 273 238 58 65 96 122 23 144 189 110 24 4 188 274 240 269 290 92 192 111
0 173 213 20 219 30 42 184 265 56 230 231 33 190 240 5 229 39 264 177 277
118 255 267 41 158 287 282 163 137 46 204 131 297 254 114 219 215 44 74 231 238 236 29
91 139 169 260 171 258 209 142 40 98 3 162 24 115 228 51 292 201 35 61 90 80 4 143
272 282 57 37 253 124 166 92 217 111 56 44 8 79 222 127 223 28 175 244 75 21
62 81 236 217 198 11 87 138 51 237 83 115 218 37 220 43 103 271 150 81 236 296 85
