31 204 449 201 230 101 209 83 242 75 202 267 219 153 95 198 99 241 165 182 145 55 223 170
36 43 56 114 278 186 121 191 171 251 164 183 78 285 74 296 286 249 0 60 120 32 140 241 68
593 14 32 64 97 136 284 248 5 59 85 221 119 80 11 145 48 254 220 107 261 298 233 284 259 35 253
409 875 54 73 91 155 173 271 219 286 291 75 281 282 289 231 114 16 84 103 96 217 170 26 59
28 93 187 22 54 256 143 72 124 146 136 190 242 251 233 40 3 188 243 142 282 279 12 155 222 39 244 2 265 299 40 136 73 29 93 10 156 196 209 210 223 259
65 195 253 81 59 59 66 177 140 46 389 16 261 279 801 439 187 279 203 419 210 38 16
83 130 109 38 94 115 196 72 275 44 49 629 278 108 207 157 954 171 287 192 309 710 238 178 94 237 154 162 89 247 69 2 265 47 223 224 159 75 111 195 158 211
29 121 174 211 297 23 1 164 240 136 35 160 295 79 104 163 213 98 150 148 54 258 208
44 153 172 106 41 180 272 276 64 68 242 104 4 79 96 12 152 70 21 176 191 131 179
6 16 229 95 281 10 16 110 185 22 234 276 224 265 54 297 164 108 121 141 139 242 162
201 265 277 7 156 1 120 97 11 249 175 230 142 70 119 59 167 280 99 61 257 263
44 69 153 180 240 271 283 226 191 87 126 299 17 283 22 121 161 198 84 233 109 196 276 33 150 58 24
116 241 295 108 72 191 192 27 286 0 62 266 45 241 91 173 224 96 69 231 270 23 63
195 38 256 12 279 69 155 67 29 77 142 28 152 85 298 290 175 181 115 3 141
75 121 167 291 122 258 46 170 126 5 187 10 134 90 30 137 128 139 129 280 237 177 281 147
4 78 148 165 265 176 43 170 243 75 128 250 189 289 260 93 123 287 47 230 255 202 186 257 0
163 236 148 56 169 16 23 70 233 156 299 167 72 83 99 273 291 86 275 295 152 38
45 194 149 262 259 186 35 66 163 229 240 191 26 216 293 121 288 28 51 256 13 190
100 160 164 231 253 269 272 286 21 67 239 152 232 101 221 205 123 282 236 113 134 257 223 48 297 170 6 169
557 215 269 230 144 250 181 51 137 123 83 103 102 32 150 2 47 285 297 136 48 0 140
121 175 177 147 133 64 238 112 16 82 95 17 4 44 3 185 108 230 9 137 80 272 13
557 6 11 265 59 161 199 65 87 278 245 159 273 194 181 148 88 190 138 40 116 132 34 209
82 97 109 124 237 278 209 197 216 41 297 149 230 45 93 77 109 114 117 121 4 1 242 228 148 203
5 40 54 63 92 154 166 207 149 291 187 190 92 62 201 248 253 146 208 191 167 126 144 111 56 173 12
557 141 163 204 235 298 161 127 36 66 83 0 92 68 33 119 38 134 20 125 141 237 247 265 264 197
285 112 28 1 177 287 63 293 77 149 178 64 285 157 204 43 181 51 137 129 183
14 49 106 290 138 199 234 298 191 21 170 203 181 140 146 88 90 292 198 281 190 141 200 155 289 210 9 296 172 231 43 14 62 263 141 174 80 54 274 298 267 116 236 280 92 59 183 21 244 52 19 130 231 171 235 150 276 286 82 85 42 3
154 175 207 286 283 48 81 25 82 256 2 204 273 136 284 162 91 120 289 36 216 109 107
64 125 134 257 267 290 7 216 309 56 156 246 246 94 56 113 41 284 849 292 114 223 194 434 174 600 309 41 124 285 265 253 89 204 278 100 30 294 242 59 135 113 229 200 10 258 117
221 285 141 3 79 75 272 287 238 72 191 128 133 173 19 234 29 106 2 99 274 292
19 65 124 236 214 208 73 15 188 87 110 106 172 35 24 1 21 118 145 227 160 150 243
46 124 192 226 247 258 68 11 136 210 58 148 156 191 266 128 176 294 243 45 220 143 25 131 29 160
1 165 174 101 224 190 0 134 114 273 55 282 285 19 280 76 148 33 23 111 265 164 128
92 138 292 143 221 43 72 94 4 81 24 96 291 249 74 10 222 9 229 268 111 136 193
217 244 276 291 123 140 15 49 32 149 114 107 55 2 266 0 42 130 223 222 117 289 129 142
85 199 261 285 58 116 261 296 260 89 114 73 226 248 267 26 119 140 53 245 139 158 212 98
172 268 38 29 255 27 158 71 116 122 25 98 151 202 14 209 144 100 272 105 282 194
240 294 51 124 7 22 108 132 188 284 228 218 72 249 134 154 149 275 161 50 43 222
86 101 197 199 265 212 54 44 23 147 216 91 299 232 221 149 196 42 205 70 94 79 209
90 218 228 235 54 113 209 58 250 200 226 257 153 104 51 81 249 183 194 41 240 132 60 266
193 46 85 192 81 219 286 281 228 61 252 119 259 153 96 193 49 151 209 262 158 31 272 154 268 234 176 95 191 181 159 244 269 66 148 134 105 136 68 121 135
951 65 167 211 142 134 128 71 18 199 96 281 249 31 108 126 208 68 211 81 215 55 280 0
7 44 65 293 89 4 208 41 49 278 161 30 186 73 98 281 53 228 7 249 297 246 181
449 133 155 194 267 242 253 197 293 22 256 64 257 171 102 135 249 128 181 98 173 0 122 37 110
150 15 197 118 73 197 96 270 29 434 10 162 160 309 706 717 174 186 99 600 292 210 183 229 162 257 265 78 49 142 212 25 213 13 82 272 147 63 54 138 127
55 222 247 203 244 226 25 60 218 38 183 145 266 80 71 32 37 40 281 120 10 256 192 184 264 217 245 107 289 165 8 251 272 258 266 198 263 82 240 49 237 248 14
53 261 0 55 235 287 201 63 238 200 29 194 252 38 210 208 283 137 62 266 140 66
35 218 231 263 273 287 87 80 165 112 100 160 279 70 293 143 235 240 276 277 59 78 216 275 56 123
875 208 213 250 286 31 157 128 100 25 123 4 230 265 244 175 202 155 137 87 116 73 196 151 263
0 167 232 256 271 449 875 100 106 183 982 144 290 216 982 40 40 290 216 99 194 292 114 717 160 106 706 83 186 309 206 99 152 281 7 193 233 246 275 55 112 35 82 128 74 137 268 141 133 70
14 83 210 207 255 212 169 237 223 86 245 40 27 161 24 236 76 104 137 157 11 213 269
15 202 255 265 55 252 266 182 40 281 259 184 76 28 120 136 34 93 71 85 175 160 290 19
951 47 199 273 32 47 285 252 294 54 18 166 221 195 14 189 113 28 143 11 205 149 298 279
18 20 55 92 129 217 286 296 87 153 150 124 92 248 245 70 119 105 201 84 169 111 265 17 137 218 98 145 190 288 59 58 68 292 62 223 271 202 22 73 253 157 54 262 96 3 286
136 298 105 175 142 293 175 195 195 267 103 106 259 706 194 114 493 99 162 292 73 160 309 29 288 163 111 107 56 279 77 203 7 194 291 24 236 2 292 227 190 40 127
15 79 134 166 238 212 130 281 95 164 198 271 147 224 149 47 77 166 240 196 107 105 206 215 249
43 231 221 159 107 242 222 255 60 146 98 16 291 36 74 238 133 180 200 283 73
1 187 265 260 192 24 180 41 62 240 258 75 191 11 18 68 58 296 225 267 136 139 262
141 298 169 95 210 133 101 84 45 168 10 155 226 269 102 85 182 223 93 190 76
278 240 100 28 131 248 13 114 126 153 190 55 8 85 187 154 22 231 170 69 150
124 163 178 83 191 165 77 285 195 52 277 73 175 298 140 79 7 273 51 109 88 142
170 298 201 42 4 188 118 63 260 204 176 99 110 46 67 33 151 254 218 186 274 246
58 83 101 261 242 80 79 90 188 180 182 215 187 102 190 103 135 130 149 155 67 22 204 281
30 100 151 252 260 76 187 68 254 286 1 280 218 259 211 242 24 237 131 102 66 84 195 22 274
210 285 90 130 84 265 269 161 241 285 52 123 171 204 43 85 23 125 176 225 127 217
119 164 87 287 83 17 42 293 133 256 171 170 65 110 49 209 31 115 150 175 298 247
127 243 163 189 244 268 85 21 101 196 20 242 88 291 211 238 278 181 26 232 98 197
68 166 20 89 93 29 79 32 223 187 113 295 122 22 7 262 227 81 177 273 216 202
275 76 58 245 87 117 186 70 281 154 275 252 134 73 59 149 172 279 4 101 237
332 72 190 197 8 220 45 95 180 130 186 109 250 230 262 11 0 9 99 246 181 274 157
39 55 256 283 57 86 298 297 249 237 234 170 202 159 134 243 212 152 197 81 100 180 130 282
5 35 101 21 139 205 55 294 29 96 34 279 137 273 222 71 3 196 140 73 123 131 141
25 89 97 121 130 146 88 242 77 185 223 105 115 53 109 81 188 248 230 281 202 297 182 212 160 4
45 113 168 69 8 245 141 291 264 239 236 88 259 171 279 207 205 275 84 86 75 10 123
104 251 192 205 278 6 60 128 283 167 233 143 195 213 12 231 245 15 134 157 61
118 156 251 131 122 43 140 130 155 117 154 246 275 262 282 93 177 53 259 245 260 30
227 245 278 284 94 251 281 105 265 259 36 52 39 66 188 294 161 194 65 261 60 296
83 234 76 146 104 260 178 131 19 217 246 219 228 257 170 87 281 210 194 274 126 298
116 270 46 96 253 172 7 278 54 199 292 8 264 31 252 286 37 12 134 163 55 230
29 38 53 199 81 195 12 108 43 221 151 101 33 99 119 177 223 163 217 203 226 48 46 55
156 173 195 262 265 277 246 13 93 60 49 111 59 54 258 235 267 216 131 205 23 5 85 43 163 32
14 39 66 108 168 198 252 84 289 202 229 24 209 199 242 114 214 43 69 215 290 102 235 56 227 238
84 254 292 15 177 161 82 45 191 69 112 283 125 76 256 271 147 237 225 51 107 19 157 22 35 96 33 223 245 37 50 209 297 36 105 164 59 247 48 152 86 24 238
266 41 15 62 253 0 237 115 124 111 102 148 272 291 232 217 103 203 230 90 171
557 118 183 220 168 98 69 254 4 222 273 246 189 266 221 184 44 241 1 100 63 3 34 242
21 213 286 76 288 232 227 108 78 210 0 197 125 39 102 220 266 225 135 261 166 211 199
148 240 298 95 149 28 220 299 124 225 6 298 187 240 294 64 288 110 290 265 205 111 251
88 245 241 253 46 107 82 286 87 160 114 296 272 164 151 212 29 162 288 152 219 134
14 52 78 237 253 50 34 19 229 151 283 62 117 132 116 64 216 44 272 131 166 159 46 156 152
23 24 83 213 264 100 26 102 298 192 13 259 56 175 118 265 98 27 151 255 224 216 64 250 152
73 74 88 168 48 11 189 72 99 24 142 118 208 19 273 271 119 58 177 261 71 186 127 227
1 206 214 80 258 57 282 138 100 276 76 155 21 54 284 93 235 298 257 67 13
55 149 145 12 183 232 100 253 155 69 56 167 261 147 240 213 158 142 254 168 104 65
62 100 278 38 109 126 204 46 164 231 88 12 182 95 287 209 175 69 94 48 253 71 186
3 38 287 116 65 99 195 201 180 211 96 255 277 191 107 125 145 222 51 67 56 182 30
39 43 20 46 232 73 231 222 79 199 143 155 174 38 102 203 268 216 36 146 248 147
136 135 97 117 241 131 212 284 26 219 299 58 152 248 46 229 291 74 262 86 240
29 37 77 211 217 230 258 80 116 61 113 187 75 196 252 51 25 265 219 150 164 63 270 144 102 105 246
789 55 172 72 194 67 164 2 24 84 222 247 264 176 161 154 75 288 34 158 13 162
34 170 186 212 223 294 299 122 30 1 16 209 54 90 261 33 207 126 19 14 237 9 114 273 219 166 29
152 124 123 64 293 225 222 110 190 270 191 188 16 290 265 239 260 35 94 144 37
188 107 79 67 31 286 175 26 85 45 271 256 188 137 204 232 34 138 190 254 133
59 174 218 290 0 255 126 34 106 112 35 111 63 214 171 278 29 65 250 233 156 8 93 169
13 27 148 188 245 246 282 142 243 18 286 124 65 256 220 85 287 188 139 7 288 257 226 249 166 182 40
87 276 281 282 169 30 156 31 92 180 14 77 165 276 76 239 159 249 234 96 289 138 141 154
79 138 209 274 234 251 98 200 80 296 258 55 289 71 94 43 282 44 111 231 74 219 118 177
875 21 122 179 230 171 93 38 280 46 220 247 290 207 49 118 261 33 242 208 216 266 231 187
84 196 239 188 96 196 31 280 54 63 255 208 295 146 183 55 104 98 207 71 112 198 220
66 209 219 245 0 118 154 2 134 15 174 14 138 168 298 282 114 224 29 197 128 183 4
97 109 5 248 157 1 140 169 59 79 118 103 36 154 15 99 67 231 209 212 269 128 190 52 66 39 257 108 37 49 219 207 84 209 298 234 172 200 173 143 288 191
178 184 164 231 52 54 86 279 229 38 120 162 34 64 32 192 139 126 222 181 297 200
875 11 49 116 144 148 263 169 67 199 79 41 11 190 138 293 75 192 277 176 54 222 208 81 24 230
449 557 237 247 249 169 171 274 199 134 253 6 108 101 254 269 244 246 114 135 91 191 44 59 85
15 275 188 267 262 238 148 229 11 294 145 143 254 47 129 96 248 20 128 283 180 220 108 85 80 9 204 130 243 31 296 266 109 164 233 99 274 234 149 73 192 122
166 211 253 262 234 69 271 102 187 168 205 78 108 38 113 290 161 62 142 230 40 73
41 190 227 164 189 271 64 207 78 55 4 5 262 185 253 110 258 215 196 122 217 101 58
39 85 90 165 231 200 198 232 170 84 71 100 188 24 128 12 21 95 218 233 166 238 129 122 161 173 153 102 286 236 202 204 22 55 207 167 58 75 133 220 282 96 34 266 33
73 12 20 150 265 120 288 28 177 109 31 252 26 153 267 277 299 138 105 218 278
173 187 75 38 91 37 155 86 41 107 79 167 211 207 24 174 148 109 190 250 259
788 68 208 294 237 299 260 117 194 36 181 170 52 162 172 283 272 224 190 250 133 47 238 73
131 260 268 290 175 73 286 297 36 8 67 146 10 38 42 274 256 260 270 37 50 258 129 202
87 174 244 157 109 166 279 235 169 79 299 160 249 44 50 205 92 136 8 267 62 184
24 253 60 170 160 269 285 229 66 264 123 211 142 69 78 247 103 9 240 200 136
188 211 237 291 43 220 176 4 267 103 208 65 216 209 248 94 152 217 246 196 229 283 112
86 185 235 158 291 198 30 19 23 184 123 144 287 294 58 190 166 25 263 278 296 221 241
651 875 182 181 13 282 238 101 287 66 95 120 14 224 274 62 254 243 286 160 197 88 242
41 115 14 122 71 289 289 289 117 240 757 309 114 259 10 83 106 801 292 160 162 600 137 493 271 147 273 31 35 118 127 128 7 111 157 141 45 284 84 285 30 20 227 91
191 246 154 171 122 67 271 255 37 136 205 262 129 110 233 47 25 169 276 227 4 128
31 167 247 292 245 17 125 120 197 132 200 37 166 27 161 160 21 135 31 268 71 147 267 55
479 80 206 213 22 87 235 113 203 213 7 17 125 185 99 260 299 41 178 167 68 97 109 272
258 105 193 132 180 52 219 93 118 230 58 175 9 0 66 295 262 6 156 218 169
224 173 68 73 224 231 142 162 65 47 87 252 164 134 129 113 54 12 278 23 216
103 116 141 78 42 71 190 202 221 215 79 111 209 198 52 43 108 45 91 92 248 219 292
22 151 280 6 84 288 45 172 206 282 8 48 215 53 27 167 157 69 12 1 35 219 262
196 208 253 244 135 32 71 197 78 261 67 296 118 165 212 104 173 54 240 162 113 157
193 206 251 118 220 152 245 135 214 33 162 72 103 117 76 168 197 227 217 56 185 2 281
45 46 61 254 283 116 184 235 31 147 134 20 245 100 175 207 146 201 249 19 275 258 110 47 292
20 62 181 65 187 216 5 202 220 222 85 119 155 172 183 42 67 233 179 148 262 60 278
52 267 55 251 155 203 9 1 132 183 39 41 164 103 275 174 237 86 223 252 256 11
273 146 262 4 17 297 213 252 198 251 98 40 174 145 14 76 73 179 287 169 60
198 281 479 27 183 37 48 37 22 197 275 6 286 181 286 186 160 706 162 114 194 259 10 174 801 248 195 128 239 79 86 210 180 50 156 222 287 264 43 270 280 298 68 209 263
557 171 175 255 278 107 7 216 53 265 92 11 135 42 13 51 61 64 72 199 226 124 267 286
87 273 245 151 98 19 288 173 49 192 110 70 200 84 113 80 205 171 260 128 23 44
875 25 111 124 133 166 278 124 157 96 164 4 196 117 24 10 79 271 168 198 257 91 151 73 253 64 153 187 169 6 137 86 285 288 98 268 220 188 196 46 57 120 233 147 40 265
449 19 201 211 297 65 105 147 139 47 213 66 189 237 22 127 218 113 25 191 280 2 23 149
87 113 291 13 262 67 281 206 93 289 137 130 151 194 284 53 8 136 210 73 23 183
375 69 85 211 179 2 142 245 186 167 127 133 187 135 52 222 278 224 40 33 169 143 233
37 71 221 69 277 121 229 0 250 214 71 283 51 255 168 147 86 63 225 188 95 268 93
88 266 51 99 114 269 185 125 271 192 85 100 81 246 276 164 170 113 112 244 155 101
42 111 178 253 24 45 6 221 278 273 69 39 147 280 9 142 96 239 284 51 150 153 100 225
110 216 230 4 44 124 212 31 238 269 249 23 53 189 168 6 121 233 82 206 151 270 73
449 11 73 80 192 202 216 223 71 191 261 30 237 283 229 129 57 6 50 64 81 115 178 192 43 197 236 276
73 269 213 120 279 280 7 88 14 193 63 167 246 86 225 187 295 292 138 126 182 69
526 800 83 112 114 147 254 201 91 54 256 282 258 143 144 235 224 182 179 153 22 191 7 221 220 222 266
17 86 131 258 93 88 298 223 110 25 53 236 107 35 33 63 161 38 249 116 92 39
238 269 9 224 97 219 161 57 287 139 165 68 69 31 168 63 101 17 109 79 99 267
46 103 105 119 140 162 235 156 64 74 24 83 136 68 236 33 179 292 246 131 148 48 35 119 84 198 32
479 86 93 118 182 13 265 218 189 256 56 67 82 220 148 181 187 43 136 221 11 195 27 232 224
84 147 187 220 255 159 220 247 114 142 78 70 134 98 215 5 260 99 230 214 96 175 61 68
178 188 58 28 298 187 31 115 152 59 234 14 196 73 26 282 287 111 228 23 170 82
2 70 119 181 232 190 44 77 204 43 273 66 81 168 120 35 188 217 91 182 83 151 256 220
449 70 132 213 214 177 8 291 198 197 94 257 1 113 223 153 109 234 221 52 35 143 6 54
86 226 272 93 113 144 182 13 74 183 179 44 277 60 26 218 282 181 147 188 118 24
150 6 220 271 165 3 281 134 214 73 115 44 235 226 263 257 276 50 39 213 242
363 162 173 209 230 86 80 232 128 176 195 131 112 243 9 171 241 109 163 43 12 194 108
363 106 196 14 247 290 277 79 54 187 232 199 136 231 164 203 281 108 156 169 211 242 119
476 5 175 241 98 229 273 111 195 28 60 63 34 102 267 36 242 58 121 156 117 181 285 163
557 67 129 167 201 174 206 122 56 291 17 226 160 176 25 14 229 284 62 172 116 68 269 121
744 50 211 9 172 271 243 11 208 56 51 145 194 34 241 10 197 290 280 292 204 131
179 224 273 159 239 187 280 295 99 167 183 186 46 109 89 173 63 174 95 290 80 234 191
11 15 51 114 250 52 200 298 280 178 265 39 285 288 206 84 103 93 159 74 273 286 124 244 271
16 146 269 100 168 47 140 207 212 15 192 3 198 180 231 81 35 113 88 50 101 251 41
85 94 125 159 163 204 153 129 239 288 55 254 4 188 150 266 175 32 236 134 21 187 272 30 106 245
76 120 140 0 101 123 32 37 149 230 292 114 95 119 139 98 44 46 24 152 252 288
44 45 108 167 170 278 159 189 279 84 114 113 183 294 234 217 2 136 141 55 238 4 42 111 53 259
141 222 204 137 220 149 192 186 196 34 45 56 142 283 272 97 121 250 103 168 170 118
595 22 42 92 180 246 85 156 19 22 230 220 137 72 31 49 65 107 292 40 123 170 39
595 159 244 265 277 96 184 137 37 108 237 230 224 187 20 131 241 127 177 10 163 195 157 18 94
231 226 162 54 28 231 155 250 288 5 220 194 94 258 21 85 99 295 167 255 249
332 449 15 162 186 220 118 194 15 286 289 89 243 39 186 168 58 158 170 200 24 129 216 185 250 40
