125 719 114 130 161 171 260 719 77 127 209 240 398 153 767 605 382 826 702 863 818 416 345 0 565 837 524 316 992 105 946 487 265 514 365 106 534 475 598 738 326 947 618 252 312 6 296 959 134 722 597 263
12 74 141 148 203 204 210 666 163 701 797 311 257 311 103 864 236 105 262 236 864 225 210 195 797 163 105
748 45 195 793 336 90 267 826 282 911 725 26 477 170 303 18 214 214 214 911 282 231 201
80 124 168 175 176 291 186 253 187 106 96 245 150 47 247 116 74 234 241 33 278 242 225 25 122 108
71 86 265 269 240 130 230 42 274 42 5 5 665 44 344 547 975 303 334 130 334 86 848 270 155 121 85 47 292 141 145 114 209 98 139 115 254 193 281 262 25 87 73 160
215 231 298 90 262 34 225 168 226 239 201 229 297 18 67 36 160 268 289 101 283 46 278
113 137 151 201 221 39 183 45 245 131 136 1 172 169 285 223 268 153 240 161 113 158 277 19 132
159 234 238 248 289 287 232 78 77 245 219 289 1 86 75 155 26 152 243 273 3 63 112 156 250
856 164 297 185 149 217 35 261 50 268 96 128 182 33 297 170 58 87 247 200 73 143 19
54 195 252 262 170 171 249 181 284 131 221 182 2 78 9 16 195 139 95 222 269 183 253 192
76 202 213 234 245 228 227 71 88 260 124 275 230 299 187 186 286 264 26 125 149 248 181 292 158
718 45 277 12 287 213 199 84 155 233 4 137 297 188 84 154 267 249 168 141 683 198 81 43 437 537 235 965 161 281 251 134 183 161 281 268 265 720 143 188 705 65 705 166 13
29 271 104 115 213 152 289 254 3 247 152 199 168 147 328 126 71 285 232 54 77 272 163 130 156 195 66 94 142 96 284 277 212 169 151 164 203 208 206 266 192 279 294 228 194
12 90 213 65 109 117 58 9 161 33 146 79 36 129 199 258 279 11 105 106 29 43 261
843 7 259 326 63 57 238 210 193 85 82 20 195 131 106 113 24 150 137 162 282 239 61 78
16 238 283 236 194 136 36 189 187 191 146 39 151 19 261 37 69 278 35 254 281 10 201
109 209 371 50 18 12 191 127 27 41 153 142 140 66 45 122 253 226 64 217 58 62 270
89 94 199 202 29 56 75 91 156 173 175 73 73 677 294 126 195 119 193 15 122 261 28 238 249 196 477 972 249 299 218 206 287 37 134 4 199 121 86 293 63 78 47 224 25 279 157 225 66 127
62 260 166 9 202 118 83 187 23 29 62 257 230 192 133 275 89 204 294 28 134
126 198 257 40 45 60 65 225 14 222 196 7 284 169 192 61 195 223 260 53 142 94 112
190 217 190 25 77 15 29 137 89 220 106 172 133 45 113 187 17 128 22 231 42 159
12 20 26 67 138 279 118 70 110 262 69 240 47 257 100 54 217 86 67 89 171 203 125 96 66
61 117 81 183 45 107 9 149 188 184 22 116 119 83 232 288 8 111 73 286 108 285
2 67 87 123 137 353 263 168 212 285 181 39 54 173 138 22 179 46 132 272 101 250 199 196 233 154
152 158 203 371 397 111 227 293 200 228 237 281 78 93 21 16 274 182 48 67 95 280 32 56 17
856 185 220 371 2 195 218 10 68 290 293 29 120 282 270 42 231 80 257 180 212 261 22 54
44 131 179 295 141 134 162 63 243 45 229 97 293 257 190 71 98 205 262 206 53
58 74 102 219 177 174 140 150 158 257 112 114 21 290 279 56 285 43 45 80 178 289 251 39
163 397 201 73 193 147 10 172 144 233 224 6 291 68 130 152 126 53 61 197 112 129
128 239 280 198 74 155 160 191 62 195 205 19 251 280 292 102 73 233 79 159 56 58 202
4 42 119 152 57 6 99 102 124 37 107 16 140 30 34 53 214 266 18 71 112 14 79 155
19 216 128 215 10 90 94 96 223 166 129 83 6 278 227 190 206 218 235 80 127 212
135 160 205 72 143 272 184 181 190 200 83 233 18 169 62 195 255 120 107 256 201 205 75 134 271 176 229 180 32 182 293 112 95 236 139 10 222 59 111 47 58 149 1
103 140 143 241 326 42 281 244 268 53 295 194 131 190 159 91 258 288 114 297 275 54 213 40 60
24 73 272 223 161 35 17 246 67 73 190 86 277 149 236 70 247 174 191 83 169 274 243
146 207 213 242 252 141 147 248 237 39 215 19 279 237 237 235 235 19 39 39 80 299 172 460 808 972 196 281 168 180 173 17 116 289 241 208 138 25 43 127 290 16 161 193 104 115 137 61
189 371 265 167 214 177 228 126 202 165 5 299 150 232 94 6 23 40 73 11 137 87
297 39 95 224 264 958 209 209 101 46 275 150 46 46 105 882 227 252 6 187 113 170 260 205 211 170 64 290 249 126 107 84 226 42 279 68 97 19 287 261 197 49 201 200 183
0 47 49 107 193 74 297 167 96 281 76 118 120 119 61 170 280 90 219 17 238 153 232 124
148 218 288 209 172 283 191 292 95 113 40 76 5 102 80 108 155 4 206 181 97 39 54
856 19 130 146 206 253 240 78 180 10 259 100 115 252 176 94 112 113 246 36 181 167 268 120 280 37
74 119 129 123 169 137 136 3 288 139 147 249 267 11 243 22 189 221 80 245 191 19
628 42 117 173 207 224 245 221 228 72 66 27 262 219 201 36 103 113 197 146 133 134 213 191 76 187 128
97 160 252 276 353 13 257 108 130 250 231 151 79 24 164 213 95 23 158 48 122 97 52 195 105
898 59 185 225 47 294 73 265 61 114 240 275 113 52 40 146 102 4 141 193 23 91 236
39 71 76 262 265 282 154 10 167 58 144 74 109 158 160 133 127 90 229 84 220 115 196 72 85 96
283 105 230 52 45 2 157 278 260 23 47 136 150 85 178 233 158 151 148 24 112
166 202 297 246 173 222 9 230 245 123 258 186 299 231 27 115 189 106 113 149 64 116 85
61 86 147 371 73 17 27 145 20 242 126 32 185 139 293 103 148 115 66 24 273 232 255 116
33 185 7 11 151 247 107 70 174 233 278 135 130 99 293 35 138 27 190 158 263 292
200 259 284 246 281 108 87 52 157 16 13 288 26 86 153 147 131 159 199 128 135 255 232
46 99 194 299 30 197 126 12 153 296 146 134 288 270 236 111 186 75 118 39 282 172 177
48 94 141 184 255 26 197 201 205 27 100 135 49 47 149 154 163 237 178 296 99 127 139 116 16
12 167 190 201 253 261 290 55 262 118 265 220 40 30 69 63 164 26 198 202 254 279 130 203
67 254 254 268 223 183 138 177 172 180 129 41 239 299 74 31 63 159 230 122 23 123
112 248 284 170 138 91 261 64 67 130 42 9 208 89 26 73 176 126 57 182 70
63 67 186 221 249 281 193 29 198 63 102 3 239 126 245 16 120 42 74 52 67 189 262 149
105 280 371 142 68 270 295 253 124 28 285 187 202 243 58 161 137 99 56 107 2 272 176
55 66 119 138 190 299 8 241 29 249 148 255 237 32 38 15 99 10 191 186 156 58 252 287 154 163
856 297 188 12 136 243 276 46 14 200 187 167 127 97 263 44 32 220 162 17 271 225
51 12 105 99 37 140 257 6 238 117 280 223 46 74 166 10 107 177 283 147 132
47 86 229 141 16 32 260 142 272 1 217 46 0 190 209 148 246 86 216 249 171 236 120
134 152 217 24 242 6 56 170 57 235 91 138 67 230 248 101 251 50 193 84 277 198 204
59 80 137 260 150 5 46 0 53 47 79 181 162 44 239 194 196 98 82 197 69 268 231
282 30 198 179 70 14 80 164 68 21 230 57 211 91 212 172 150 207 34 214 287
76 159 371 91 145 186 221 255 109 216 42 42 260 42 260 173 258 48 240 216 177 198 281 191 81 105 892 184 67 137 147 95 25 169 93 130 235 24 164 193 211 297 62 271 276 244 171
60 262 269 191 230 71 208 243 5 158 149 149 875 208 256 437 198 313 81 105 168 177 249 141 281 264 277 260 249 180 279 80 84 2 261 149 9 28 241 170 102 219 14 276 108
14 153 2 217 51 247 186 43 82 201 164 232 175 286 290 294 92 222 90 233 211 54
42 90 141 142 257 187 266 279 220 269 96 120 225 268 118 240 163 241 278 88 228 89 144 164 233
222 296 149 120 138 174 123 41 256 73 68 185 190 246 288 16 241 202 270 13 34 9
178 227 353 371 208 213 175 142 175 25 241 105 81 191 249 115 437 147 256 216 609 43 177 141 108 38 213 252 157 157 192 191 850 936 939 81 278 11 54 268 181 190 90 36
856 29 37 67 79 169 246 265 190 199 63 8 61 12 214 174 131 56 235 164 127 226 135 102 197 218 167 207
61 63 78 90 115 144 221 216 158 200 132 229 275 228 181 2 134 128 152 70 234 49 122 168 145 3 141
856 165 267 237 138 182 92 265 214 160 290 20 14 273 58 64 65 53 215 282 162 243
159 188 272 24 145 138 138 138 244 145 138 66 145 246 936 218 90 36 278 181 13 939 72
856 397 299 9 3 50 219 148 222 222 110 222 16 249 972 80 277 275 261 250 29 808 261 78 175 257 254 269 61 73 15 199 22 31 144 265 89 281 228 168 271 236 287
43 277 353 273 113 227 161 44 127 34 211 87 285 23 17 52 219 220 51 37 268 128 178
718 9 82 18 231 130 41 247 3 226 177 39 9 266 10 0 81 267 11 253 29 208 87
37 203 264 88 28 121 35 202 79 258 47 55 77 290 185 195 187 259 276 4 90 263 64
39 127 137 151 206 216 103 189 191 190 197 142 170 42 113 231 96 294 220 292 256 93 77 18 63 223
221 197 65 195 235 292 105 152 233 136 42 297 198 276 162 138 113 106 9 21 41
33 79 94 254 49 11 204 234 194 211 37 103 165 274 28 201 185 86 152 110 218 92 124 140
55 147 198 226 178 22 106 12 116 17 220 261 20 46 271 171 177 126 216 28 95 286 251 130
109 256 262 286 70 156 89 6 44 101 13 34 16 104 290 114 109 173 225 296 22 265 193 184
856 53 128 163 181 190 135 194 182 28 37 216 126 123 257 21 202 190 104 70 76 120 218 195 55 95
56 64 128 204 353 281 165 178 298 291 230 148 159 255 12 278 2 47 66 153 142 48 16 295 56
185 162 70 266 236 115 232 113 282 71 218 52 38 156 193 220 102 264 175 205 120
51 126 234 95 257 7 3 78 75 237 294 184 208 29 190 217 52 23 235 224 191 144 112
145 158 154 128 4 90 5 289 137 147 108 142 261 130 172 53 127 106 122 214 132 7
2 93 129 207 8 217 195 176 199 31 242 132 284 134 270 5 6 193 214 209 256 219 215
127 112 89 209 77 7 122 147 56 20 110 249 66 217 246 285 179 67 212 283 297
1 53 198 276 99 261 126 266 13 164 127 299 6 135 271 287 175 75 276 169 76 149 220 84
243 299 79 262 108 240 147 199 226 212 74 53 283 91 102 213 153 275 195 136 51 152
2 8 26 134 155 177 192 20 178 255 270 205 230 76 262 40 27 45 204 84 17 163 100 132 5 294 174
371 403 185 134 235 39 29 100 261 205 162 80 38 110 55 112 73 25 242 190 42 27
539 898 135 241 73 233 117 96 112 177 9 291 89 139 14 225 192 219 186 25 64 123 39 38
73 84 122 141 79 166 38 142 227 286 117 113 211 231 86 285 244 238 204 246 187 183 18 233
856 70 103 174 181 206 276 42 156 249 79 280 229 40 165 2 121 197 149 34 23 36 298 105 80 17 271
167 173 235 240 397 220 119 56 158 45 187 133 50 207 221 15 52 115 292 299 244 86 30 219 262
12 76 125 133 269 125 12 124 162 187 110 151 27 43 255 232 109 218 258 290 103 268 236 192
98 181 249 129 116 160 298 85 211 47 16 75 249 217 187 78 267 292 184 269 31 110 190
51 79 155 297 107 79 201 277 13 237 7 298 88 20 266 67 161 281 68 90 169 66 200 205
856 96 134 139 150 182 397 289 244 297 187 175 183 169 100 157 163 110 80 18 294 43 33 119 291 234 86
235 33 141 189 103 263 133 120 66 294 47 247 59 4 167 98 195 20 38 23 62
185 63 38 117 293 180 284 292 106 166 268 24 48 94 267 74 95 49 36 85 76
539 9 14 59 74 164 325 352 289 282 32 228 90 224 204 13 16 221 127 241 106 198 185 244 284 2 131 251
100 291 252 49 267 80 207 270 233 61 102 174 143 290 3 196 10 153 201 115 0 236
20 88 127 180 190 285 297 710 476 163 710 245 253 284 135 19 135 476 522 224 268 216 77 975 158 62 11
65 121 244 291 254 244 101 295 160 2 30 130 115 19 283 132 227 1 7 18 213 185 11 4
248 11 146 20 236 105 50 275 116 149 210 142 218 258 131 230 7 63 213 207 293
856 5 266 51 111 91 109 171 219 129 82 198 98 56 17 250 7 77 87 28 113 225 206
898 221 263 353 80 244 9 159 96 39 166 272 246 192 34 88 158 165 31 89 242 189 124 278
874 11 98 235 86 244 87 234 56 221 82 2 227 105 106 153 16 100 286 110 75 259 142 31
738 749 78 253 255 272 275 277 288 112 37 109 284 249 177 190 254 282 199 183 44 41 191 229 122 82 220
797 199 213 26 204 107 101 105 279 163 5 201 214 106 8 276 44 47 245 9 296
874 5 133 261 238 190 1 250 9 237 89 183 62 240 179 215 193 30 129 136 257
28 122 148 210 256 262 218 158 8 18 94 220 74 289 244 11 178 161 9 6 216 186 237 153 202 279
856 912 14 20 32 168 236 179 294 230 121 149 253 296 256 79 64 246 226 30 12 260 146 87 263 20 133
83 141 294 127 153 191 57 57 6 184 269 224 277 162 197 147 43 168 115 256 105 191 249 216 177 892 237 290 201 212 66 134 160 193 252 266 117 56 81 291 38 292 89 108 106 254
62 176 183 259 271 110 297 74 218 7 293 22 212 100 180 140 2 159 44 295 268 151 8 277 83
738 87 142 157 151 112 66 256 19 8 67 144 51 161 92 203 181 118 99 190 58 18 228
144 47 244 283 253 293 169 76 282 24 192 112 104 10 165 31 280 66 32 140 75
134 145 181 253 36 82 212 170 87 76 173 108 0 272 38 97 223 285 211 52 33 227 152
73 148 62 196 284 50 185 267 192 264 278 289 61 175 53 253 39 219 81 166 247
33 196 53 170 228 238 808 409 278 477 251 150 409 251 409 93 580 176 164 195 291 259 174 7 105 145 55 159 96 238 283 28 216 73 158 39 269 86 1 204 243 142 259 144 203 289
40 274 188 13 27 68 273 234 237 148 56 41 186 184 30 25 284 255 231 12 191
213 5 29 57 106 171 233 371 51 247 51 247 74 51 278 51 282 53 221 110 275 2 70 808 994 389 82 155 239 40 129 47 224 148 113 138 104 169 25 107 31 89 41 267 38 284 85 236
39 62 87 296 212 196 182 75 287 176 35 63 6 203 144 86 137 142 293 255 67 46 89 174
182 266 187 190 281 85 38 206 141 297 168 34 12 203 207 17 104 129 223 292 147 289
24 192 195 239 254 167 172 12 39 193 56 56 170 7 154 293 280 192 140 107 190 96 6 281 3
898 167 137 137 87 180 252 137 693 87 180 871 214 222 228 288 28 268 720 55 749 705
539 898 54 120 224 286 4 238 230 194 274 172 205 79 299 39 134 33 88 67 276 42 125 78 6
81 738 859 898 28 158 257 260 107 124 243 17 226 157 96 205 96 243 30 124 959 71 76 66 295 53 22 193 154 133 189 123 143 83 115 19 134 137 253 72 124 245 82 173 119 256 238 136
204 262 259 88 260 75 270 273 200 110 102 137 39 127 201 261 61 178 42 286 41 211
39 147 244 249 38 115 131 25 233 236 114 237 133 171 41 152 118 280 177 242 162 180 151
18 183 240 295 60 270 298 47 63 288 147 281 221 65 216 133 151 222 81 210 139 167 191 225
281 28 189 99 1 41 64 95 82 170 233 172 200 207 166 270 52 136 141 254 230
17 210 20 98 260 269 282 289 275 298 233 52 265 256 52 265 267 267 281 130 177 191 249 81 313 322 105 216 145 278 263 98 116 0 126 11 119 46 10 166 187 129 90 23 4 156 288 1
133 167 219 230 298 174 73 39 249 254 29 182 295 278 97 61 296 223 259 155 77 105 149 191 154
114 163 207 21 58 147 284 198 160 116 278 77 166 254 139 288 120 47 252 290 124 279 79
898 93 107 273 856 15 190 217 253 361 764 115 58 258 764 196 261 277 281 29 249 233 250 16 460 668 261 80 132 90 59 176 135 166 263 258 101 278 180 73 295 283 77 17 63 245 208 112
20 286 397 361 5 224 781 253 91 224 141 477 224 196 261 460 668 808 80 281 28 250 275 5 88 33 182 102 133 77 241 204 255 87 111 119 76 0 249 205 17 15 269
56 120 271 225 211 200 245 139 250 262 99 65 275 123 258 78 251 149 108 38 112 142
74 77 129 119 178 257 242 118 93 164 151 242 164 164 69 294 165 67 237 113 233 476 160 32 180 91 122 47 89 44 78 190 76 198 50 135 75 32 22 281 227 224 226 219 96
103 188 288 350 26 96 150 286 207 217 142 238 151 164 178 297 248 257 14 158 204 153 56 122
184 223 264 88 39 128 267 291 181 97 188 133 44 124 193 62 154 129 262 216 10 273
19 432 10 69 71 166 163 241 234 102 291 219 93 148 47 106 202 201 244 5 182 124
135 179 185 236 12 13 144 99 144 127 127 251 559 618 570 634 140 38 248 260 57 91 108 81
8 56 20 190 292 267 235 264 267 39 267 139 69 147 160 59 237 32 68 294 233 725 58 66 135 148 224 197 138 118 76 62 137 246 251 125 215 288 281 92 261 86
10 19 118 237 83 254 276 113 199 29 151 261 92 66 193 284 51 56 50 58 262 96 30 273
935 14 98 135 180 186 14 52 220 184 37 228 292 184 238 238 281 191 216 43 609 249 256 322 313 115 105 141 81 95 100 250 293 131 18 152 207 241 223 137 107 103 51 141 80 110 261 236 263
205 259 36 186 240 213 99 42 193 40 26 145 207 126 22 92 142 244 165 271 51 71
17 114 247 248 48 140 177 164 287 91 278 51 83 280 34 238 208 229 189 20 261 181 187
856 42 33 220 250 276 387 387 309 941 128 128 1 887 168 139 139 89 79 108 524 268 520 21 117 148 37 45 52 227 256 82 159 44 232 33 60 58 141 106 23 49 6 242 295 244
856 903 73 99 174 12 98 208 165 135 243 36 295 190 4 147 50 126 203 16 27 48 116 231 17
15 19 128 139 191 265 31 188 193 50 33 292 129 292 350 350 272 176 350 272 233 183 296 264 237 32 59 139 147 148 105 5 23 214 5 27 148 5 91 3 33 76 131 241 68 209 299 28 116
898 75 125 178 279 165 210 149 85 122 6 24 107 149 6 162 291 142 273 97 948 276 17 142 110 820 278 139 190 133 265 279 20 153 205 214 155 1 215 223 11 268 149 53 217 128 19
47 68 199 267 52 108 153 430 185 185 252 45 106 233 147 252 223 147 223 322 81 313 43 198 281 609 141 249 205 215 135 294 67 211 238 144 11 61 197 164 22 147 269 76 253 140 287 173
91 275 58 58 45 254 151 45 255 222 145 65 347 268 720 188 245 143 288 13 28 91
34 78 91 157 243 267 19 43 84 75 56 9 28 162 190 98 118 165 174 167 130 59 112 117 287 222
947 30 58 122 220 123 289 3 272 153 288 50 118 40 5 71 22 9 99 138 127 19 231 162 136
514 947 172 297 906 58 58 707 707 707 707 305 427 152 282 31 334 394 749 329 78 748 273
50 142 222 75 299 55 100 152 3 116 138 167 240 163 36 17 220 268 181 245 134 98 239
539 241 263 43 43 297 297 43 109 297 656 963 52 78 512 282 273 191 171 31 154 52 110
64 219 326 856 875 22 195 110 141 77 110 98 520 110 114 97 193 178 141 279 7 241 286 27 121 251 275 240 45 86 238 244 203 207 22 157 73 205 251 41 276 52 25 225 226 154
104 139 168 194 371 217 30 180 152 91 245 297 26 172 136 90 49 74 189 282 103 272 176 208 139
250 63 153 139 80 11 149 241 149 294 14 80 21 449 116 299 292 207 136 33 88
738 2 115 172 299 27 55 229 268 660 274 660 207 974 90 421 753 763 476 264 183 67 237 233 69 68 139 296
33 45 142 151 178 291 295 856 449 337 917 31 444 856 449 96 178 379 124 124 202 337 747 157 987 228 263
140 244 397 258 63 16 196 780 302 258 196 436 216 179 16 461 226 259 164 105 96 291 871 3 75 139 47 163 66 12 282 87 98 175 222 86 46 51 299 274 234 68 174
