809 872 696 448 231 59 816 74 460 654 899 913 980 400 288 57 690 303 26 815 478 876
13 47 193 262 52 160 187 232 688 496 730 327 70 806 700 239 117 60 546 685 820 711 82 974 203 655 360 45 934 964 254 292 194 248 19 817 196 277 391 191 376 213 321 435 378 696 426 351
8 71 116 237 954 276 142 571 936 201 169 15 862 259 258 228 98 192 571 259 184 845 123 917
151 193 352 171 262 193 250 315 315 163 293 68 250 315 315 442 193 250 909 632 456 434
50 144 197 225 75 252 25 207 150 15 195 190 49 194 41 112 3 167 118 292 108 168 31
286 286 28 293 209 152 66 296 96 6 121 250 20 148 254 33 22 181 140 2 195 108 208 69 20 93 7 80 16 102 112 281 66 211 111 282 30 154 71 227 296 107 95 203 37 5 43 269 225 197 194 206 129 214 33 184 153 46 237 32 228 88 147 190 154 298 292 81 86 173 193 194 73 158 117 276 259 108 196 207 251
54 103 294 83 53 144 271 57 25 118 264 27 45 46 77 15 30 223 43 191 214 293 86
124 150 236 167 294 7 226 98 219 275 144 65 81 135 146 78 129 2 31 248 185 291
82 100 116 171 268 298 25 105 620 346 25 281 110 52 280 281 75 290 15 229 201 350 214 721 231 166
212 82 126 42 250 279 214 246 119 167 299 283 252 63 93 243 228 112 211 13 94
59 73 174 121 81 132 180 294 218 25 298 112 28 7 161 185 118 220 209 244 80 46 272
62 63 206 209 30 9 182 43 253 80 68 84 218 201 161 102 163 250 204 260 174
74 201 90 269 192 258 153 175 164 1 57 124 265 147 152 20 197 7 60 244 190
190 266 59 46 125 146 159 31 142 36 32 262 10 108 9 276 226 92 84 235 114 293
52 208 212 274 4 47 25 231 59 103 237 185 78 225 233 19 111 74 240 161 62 141 29 54
58 254 55 256 3 4 220 208 78 161 195 20 232 80 186 31 278 174 282 160 37
32 262 12 160 162 154 150 94 196 16 128 86 17 168 272 189 142 6 63 43 159
20 102 192 239 87 152 22 240 102 270 179 56 146 284 205 32 209 180 261 155 259 104 99 159
17 83 161 157 157 234 235 284 216 222 221 99 102 255 214 211 229 477 69 187 69 284 65
95 118 211 252 200 213 216 287 7 83 211 89 227 159 96 195 235 185 125 43 263 133 188 204
46 131 150 274 244 167 39 169 177 69 57 143 235 256 58 279 261 192 71 82 219 184 268 242
99 234 284 16 21 44 295 19 152 231 67 26 215 248 2 89 206 227 220 150 52 23 91
165 95 165 51 45 80 261 232 196 199 81 105 299 85 298 16 214 148 169 99 10
91 241 271 3 94 45 277 157 74 6 230 121 232 297 136 14 7 9 160 292 179 102
6 36 134 32 281 9 9 106 106 208 106 138 147 143 210 266 237 165 112 3 557 52 32
112 255 293 160 180 55 134 73 91 195 86 88 243 270 256 199 14 135 39 75 137 10 154
39 105 194 83 127 237 274 114 11 88 188 282 289 277 227 18 124 202 98 138 135
19 67 118 203 189 72 73 115 119 214 192 251 164 285 280 216 260 120 228 252 27 290 238 126
70 117 144 233 268 285 258 18 88 269 49 90 1 34 240 89 60 118 256 125 161 37 84 76 291 156
128 263 273 261 38 231 151 169 71 287 243 202 81 212 214 265 80 171 280 269 36 191
49 268 49 248 166 233 26 164 38 22 107 7 192 159 213 282 9 178 100 125 206
85 157 220 125 40 285 186 228 253 253 118 100 44 85 757 886 22 209 179 341 50 32 108 232 81 230 74 129 246 190 210 1 48 178 170 46 86 43 110 12 282 95 78 198 292 75 275 144 279 126 165 294 114 276 73 150 176 212 38 177 26 125 16
9 54 41 40 252 297 92 267 136 167 77 71 42 10 98 111 288 299 230 27 223 115
97 207 124 131 120 103 220 93 104 142 216 113 88 139 264 197 60 92 282 105 249 253
128 246 282 4 157 136 133 68 19 47 41 60 129 120 151 119 144 276 167 246 131 284
65 120 157 91 116 34 77 21 153 54 62 169 111 243 263 88 100 269 48 87 110 20
193 245 275 0 274 261 275 116 224 70 180 125 44 32 50 341 108 172 22 85 164 209
103 75 243 199 69 205 53 80 198 231 101 176 169 167 241 72 64 206 17 45 81
56 217 115 198 42 271 108 243 288 126 40 139 8 254 51 186 29 221 87 156 281 80
73 243 247 63 26 235 288 78 266 192 105 42 224 52 233 127 182 167 93 179 173 54
251 48 11 161 242 139 62 297 145 209 70 129 294 262 247 286 227 96 47 46 23
9 34 41 52 88 79 85 253 32 10 102 29 285 105 215 9 190 48 150 75 199 133 121 57 195
35 72 212 94 244 42 142 150 242 132 101 35 230 292 85 18 24 202 38 147 118 28
224 251 276 63 21 224 35 116 25 170 149 272 242 144 270 0 245 167 125 208 195 98
27 94 109 130 34 31 54 12 274 73 5 34 41 44 125 209 172 144 32 164 108 22 886 85
93 113 158 167 171 22 52 52 23 158 200 114 208 208 2 579 196 130 296 202 258 43 18 113 109 297 116 21 192 60 67 81 196 73 24 174 0 87 123 203 17 65 22 210 141
168 177 179 226 257 221 76 297 20 84 233 137 242 229 268 115 123 206 1 228 209 270 177 150 26
179 21 54 270 17 20 242 236 227 83 41 44 263 161 144 71 13 111 269 134 226
40 84 101 102 248 87 86 48 84 131 176 85 209 222 47 143 120 70 5 226 259 125 146 179 260
5 8 185 242 263 9 47 165 5 85 72 8 110 180 48 184 290 91 271 77 24 80 123 26
14 123 142 196 127 49 180 65 259 288 112 299 213 56 75 57 272 31 185 34 215 236 186 91
19 124 156 215 269 243 235 102 216 57 117 230 237 210 186 271 109 18 80 168 50 91 131 137 64
63 116 185 231 5 131 67 210 277 141 224 66 73 166 226 172 151 202 168 50 32 122 163 156
23 35 169 254 54 245 41 149 57 235 206 15 163 180 104 35 12 24 207 275 88 161 268 30
268 247 64 117 258 55 102 297 237 257 15 21 168 51 149 65 190 177 73 217 185
161 187 223 259 291 105 75 166 188 103 159 22 204 28 67 132 59 69 153 7 251 207
58 93 235 196 24 206 197 132 265 161 282 37 39 142 21 100 45 0 5 151 294 285 163
135 183 226 271 275 116 193 88 171 9 243 282 14 126 265 215 110 58 8 30 182 121 39 123 7
224 243 24 232 240 288 276 174 171 78 296 242 57 12 37 234 222 230 4 90 170 262
24 205 251 278 192 175 170 160 43 223 67 177 263 146 13 106 149 32 227 54 266 136 105
68 91 160 182 278 8 46 263 158 62 148 105 205 51 270 84 58 233 257 95 230 24 224 228 42
1 250 149 82 14 78 207 158 168 31 228 98 29 218 199 43 32 33 252 93 124 46 284 7 23 43 20 37 188 191 45 181 193 285 121 206 197 47 79 288 22
27 45 278 35 215 268 85 260 222 0 136 79 177 130 202 207 34 262 289 158 205 48 71
69 126 145 158 191 291 176 164 199 212 256 152 82 215 162 190 283 39 59 165 103 245 203 217 272 136
14 15 42 126 129 87 119 20 42 136 172 251 126 254 127 128 108 208 188 174 101 53 84 270 157
86 91 211 8 104 68 265 157 122 69 98 50 79 16 97 251 3 288 212 87 49 205
25 80 190 198 241 51 154 238 146 68 187 35 124 4 223 142 232 218 78 66 37 33 208 209 145
66 149 205 239 148 249 265 258 217 42 173 41 183 80 61 57 124 13 247 283 62 82 91 200
276 165 110 0 278 243 190 252 131 41 52 201 179 188 161 270 297 7 33 31 235
32 262 31 88 96 19 120 20 205 79 59 201 131 226 2 268 39 223 9 95 294 26
260 240 211 142 244 119 51 105 44 116 48 128 283 208 276 78 10 294 214 293 278
46 85 121 140 157 251 130 271 152 123 246 283 264 64 220 18 169 214 190 174 285 129 182 233 209 110
23 61 137 69 248 123 28 261 108 24 230 168 34 232 197 177 274 268 240 115 156 128 176
133 237 87 266 11 82 91 218 198 121 255 150 250 39 71 28 133 23 227 38 75
116 207 64 190 101 220 111 75 204 214 71 82 61 236 32 110 192 4 93 99 20
108 231 233 143 136 214 198 223 219 21 14 62 30 88 115 247 210 162 168 237 113
34 98 196 259 64 195 33 185 255 91 241 47 81 218 46 201 20 206 4 36 144 171 245 86
57 189 65 137 52 232 234 280 195 149 289 82 228 29 73 298 131 252 272 175 49
180 193 82 178 79 159 291 250 277 114 284 228 282 113 217 20 68 198 204 70 239 94
81 176 143 168 174 281 67 248 107 80 89 99 152 58 75 134 142 87 219 258 288
33 283 164 251 238 128 152 191 75 65 18 283 51 25 298 294 94 160 88 81 85 175
6 174 259 36 29 114 121 132 224 117 15 250 239 93 125 38 285 143 35 256 186 40
3 21 92 135 138 260 290 187 114 283 292 68 88 131 33 58 118 107 271 290 141 56 203 81 127 82 239
111 120 21 73 280 274 55 102 121 229 90 6 183 276 245 293 180 46 290 88 210 19
78 112 218 44 64 277 4 245 40 254 75 191 190 1 286 122 101 37 171 52 198 189
71 166 248 268 195 132 208 93 196 80 252 166 270 159 225 292 38 111 204 53 83 223 27
43 132 226 250 47 69 266 294 81 167 116 192 244 261 9 212 203 272 60 73 36 6 134 210
266 249 40 200 267 244 38 299 29 168 161 273 186 285 280 60 258 226 178 28 227
129 213 244 150 299 250 17 10 257 191 154 103 121 11 71 188 230 179 241 49 73 256
12 156 254 282 240 160 183 242 247 186 253 146 149 177 98 103 181 278 246 111 243 42 7 87
65 233 264 11 258 167 3 24 77 208 64 94 108 20 105 92 185 60 279 244 178 61 138
139 185 50 188 34 287 101 161 81 99 154 74 35 53 275 259 18 110 271 218 165
12 213 43 76 154 193 130 49 144 19 149 177 74 85 167 200 285 89 6 83 128 129
8 10 83 269 36 254 132 286 175 248 51 212 111 148 152 232 77 154 163 131 64 250
57 91 287 298 76 214 30 21 223 276 128 159 175 28 45 207 227 72 286 235 188 57 98 51
9 62 168 193 257 287 223 10 64 81 92 134 141 188 117 118 201 79 170 187 217 204 266 44 158 275
78 147 266 293 32 53 102 133 71 41 248 138 112 284 161 47 104 130 116 208 227 146 291 165
37 83 135 200 229 259 260 79 137 30 34 181 173 177 56 133 140 264 67 76 82 203 201 15 28
95 130 238 76 86 4 201 160 14 233 101 296 13 121 138 267 268 72 129 171 60 93 227
85 188 203 279 64 199 49 88 238 201 253 193 48 279 32 226 36 217 228 139 295 138 159 7
43 84 144 209 239 159 149 267 63 22 164 88 97 41 103 203 295 252 172 140 260 205 181 298 49
15 35 72 101 4 112 189 293 234 61 87 115 148 213 274 97 201 83 29 9 137
69 255 72 265 2 151 247 34 12 22 263 67 60 270 290 87 293 124 227 154 195
136 84 31 214 286 68 32 211 38 248 176 136 9 130 138 96 49 48 25 182 26
228 248 190 292 46 247 123 263 43 206 63 17 105 47 42 217 163 187 158 56 16 33
77 124 206 150 297 35 291 73 190 50 57 79 133 65 148 89 200 265 128 11 0 199 202
87 157 275 36 236 217 110 28 199 106 247 195 11 164 13 18 235 101 159 22 158 230 273
208 239 205 147 161 119 273 195 176 101 274 129 224 77 151 298 141 41 297 207 139 232
84 156 192 211 205 199 118 239 274 224 230 104 191 56 58 23 185 138 277 145 287 286 54 281
10 2 199 197 269 120 230 133 181 222 114 244 49 13 60 19 280 63 270 79 254
109 148 163 276 3 226 14 158 256 41 274 10 284 2 28 204 197 154 31 93 289 91 18 133
33 252 211 78 55 104 74 252 121 247 148 127 36 76 230 151 189 20 242 199 173 3
13 27 134 200 245 76 76 211 77 134 156 134 211 18 99 211 160 125 16 266 215 270 97 214 284
43 132 235 27 270 277 150 52 219 278 269 216 109 129 290 239 120 110 128 111 162 20 67
104 271 298 254 160 174 210 194 91 212 140 102 149 201 182 263 241 251 223 252 121 112
223 231 96 52 144 95 49 4 79 231 174 219 67 125 237 276 148 251 22 110 45 278
32 45 101 128 168 3 196 298 48 286 276 265 291 142 51 59 281 75 108 273 292 261 150 157 37
35 51 193 201 238 257 71 205 8 98 270 24 296 127 72 89 222 100 234 206 188 230 283 121 251
65 110 184 175 134 121 286 43 221 138 15 231 223 65 256 31 143 100 241 99 3 287 81
100 159 264 264 163 41 261 134 276 209 190 174 291 228 159 4 26 70 57 207 141 177 280
132 208 13 57 36 169 234 291 156 81 121 100 180 274 258 283 83 265 149 110 60
52 147 154 139 163 170 279 287 110 137 110 167 178 167 178 167 167 238 210 167 456 2 202 258 18 43 169 254 217 50 0 112 265 183 234 128 264 59 94 117 152 228 100 283 98 102 54 25
71 261 129 280 3 142 167 235 210 34 176 268 174 161 290 195 253 185 69 291 164 141
84 206 268 138 1 213 129 287 209 149 57 184 240 65 39 261 180 189 45 60 242
54 65 236 144 32 219 204 50 75 38 108 285 60 238 236 127 196 239 49 106 153 258 286
31 121 277 207 135 188 147 86 127 271 276 111 10 194 136 92 37 141 210 240 22 243 35
154 169 183 271 290 167 269 121 42 96 47 77 211 191 32 89 81 181 209 60 267 168 44
44 78 125 201 164 249 99 31 255 129 229 182 26 60 38 23 146 61 280 232 219 123 109 256
17 155 178 267 43 177 186 289 8 266 166 271 21 181 191 139 46 176 218 32 215 249 74 4
44 97 115 184 237 126 240 160 127 139 84 117 244 98 147 215 289 77 90 252 14 171 248 51 285
38 65 154 176 188 250 272 280 77 108 273 285 93 120 7 109 116 166 59 154 71 293 266 112 19
148 260 20 225 100 242 169 276 173 226 112 189 279 266 37 237 18 198 181 155 56 74
56 96 251 194 188 106 291 92 14 57 1 193 184 80 39 133 38 244 285 241 175 296 22
123 249 170 214 267 159 89 256 92 98 71 100 296 99 167 254 96 46 12 15 20
18 27 72 80 164 65 217 55 67 273 259 108 125 193 115 24 91 34 225 143 7
62 114 169 185 187 3 80 58 187 268 211 97 284 125 160 215 255 16 270 214 211 69 18 16
283 260 242 95 280 124 116 173 14 290 77 287 16 58 181 263 257 195 203 19 151
39 75 147 293 139 139 75 32 227 33 227 75 196 109 60 202 130 618 296 269 264 456 41 32 9 152 104 63 11 69 249 238 170 291 77 111 259 198 123 267 161 253
205 460 58 215 3 38 139 288 21 168 91 192 217 253 99 78 270 89 123 297 121 140
29 133 151 172 201 209 211 277 29 267 288 167 230 268 77 132 187 193 40 20 206 156 83 209 298 173 245 124
6 14 71 73 149 219 228 230 245 114 55 93 168 59 29 247 191 257 263 89 22 97 135 190 199 103 144 176
32 123 189 246 252 210 57 269 42 272 160 234 215 196 68 12 6 178 266 24 121 34 52 75 220
111 189 206 231 178 178 209 209 196 209 209 86 175 112 71 175 278 27 71 241 176 192 96 110
48 145 176 252 224 51 149 234 224 51 51 296 258 113 18 579 111 269 202 43 109 292 196 264 9 151 143 139 284 150 125 258 232 134 7 190 98 107 217 62 169 82 166 133
70 86 212 76 281 97 120 186 36 229 95 13 159 173 139 96 245 273 181 256 48 103
12 117 153 168 113 2 33 230 237 87 193 168 276 31 103 233 104 62 0 16 131 48 246 24
124 170 239 210 281 62 156 97 90 127 61 92 180 11 108 297 77 63 279 228 42 241 88
130 146 67 137 64 56 78 196 142 290 77 139 294 48 222 282 190 238 269 94 92 200
62 75 104 117 167 183 287 21 0 130 234 277 153 91 160 199 172 221 144 178 61 79 52 278 37 262
131 259 105 88 250 86 53 48 248 156 62 164 174 81 74 130 84 131 232 1 182 198
33 91 99 115 163 219 251 81 63 171 154 31 237 9 104 298 57 23 268 282 78 213 120 266 107 44 164
22 42 100 173 131 227 149 62 142 232 132 115 251 254 201 136 292 33 197 287 262 180 243 52
111 142 156 195 232 12 126 163 294 251 206 9 41 144 72 249 228 211 18 25 81 173 118 24 46
32 293 195 68 3 42 238 5 41 219 153 226 61 294 295 29 212 157 288 266 169 114 187 156 21 20 214 95 107 215 282 81 38 98 65 33 236 205 231 89 283 277
21 34 57 266 272 122 287 275 288 112 237 254 262 175 20 69 121 53 267 101 200 247 98 12 116
84 216 226 258 281 78 204 159 242 177 15 272 140 51 219 179 238 37 254 94 215 13 184 116 71
83 155 210 235 281 131 215 286 271 110 284 123 289 42 222 118 218 282 281 129 96 67 200 250 47
21 146 84 276 181 247 128 235 176 80 266 237 5 173 168 188 256 224 133 170 63 73
79 177 280 227 247 19 65 166 13 44 263 256 62 45 234 230 175 68 36 110 46 204
1 127 171 203 238 298 232 271 212 105 261 11 173 230 103 272 113 269 124 171 197 209 243 20 167
35 210 279 299 110 207 202 249 116 266 94 163 82 259 194 201 212 13 134 280 283 127 168 104
103 145 134 200 11 152 69 212 120 169 78 218 101 128 82 133 160 164 8 141 26
51 154 169 185 27 283 129 49 131 21 51 191 127 271 17 14 282 244 63 252 257 294 277
124 241 99 262 120 105 60 238 210 17 268 139 102 55 193 5 132 249 219 278 89
89 148 192 108 77 185 152 49 275 145 98 217 138 122 213 283 250 78 158 205 109
30 58 108 151 186 268 214 146 257 81 244 77 4 287 137 148 194 241 253 150 156 294 104 242 10
72 197 235 292 149 286 221 31 281 11 22 231 110 82 117 290 96 42 219 178 171 184 143 173
19 117 169 260 103 38 141 28 287 258 143 268 269 291 118 11 39 289 149 217 114 208 204 468 704 157 36 25 639 36 963 157 113 50 886 125 434 22 434 77 268 108 597
36 64 71 75 199 277 988 95 323 253 223 403 365 503 597 365 223 262 603 292 109 196 43 258 254 264 184 10 226 73 52 186 194 161 105 220 155 102 211 238 296 58 24 78 2 213
25 46 220 18 139 174 187 65 119 279 250 148 161 217 182 102 25 89 5 265 277 251 207
128 169 127 204 28 75 256 199 157 227 213 61 29 171 267 155 219 102 116 220 4 297
29 225 287 293 0 482 0 0 233 132 575 139 160 117 873 502 50 646 458 238 1 440 86 217
28 204 299 139 482 139 139 393 482 160 31 86 873 93 50 117 440 244 238 502 102 630 10 27 49 222 160 40 39 41 191 145 4 290 208 106 79 16 263 209 90 169
130 151 284 283 262 130 245 75 206 182 287 241 100 236 192 89 164 178 63 20 123 147 36
124 136 192 278 133 103 150 76 44 252 201 57 294 181 219 119 4 82 228 236 283 71 212 63
77 143 154 184 213 275 292 16 275 275 275 275 292 150 6 165 287 996 166 4 266 75 22 57 29 78
116 193 243 738 725 464 203 666 203 575 666 934 630 738 913 26 72 282 629 132 923 877 485 227 231 99 181 31 16 104 296 82 151 66 123 289 287 1 280 221 290 156 211
11 53 203 78 294 170 238 292 65 48 218 203 250 131 7 259 158 71 37 54 101 287 257
58 77 217 238 201 291 135 35 257 47 4 46 10 174 279 63 233 280 278 207 48 197 247 73
7 56 227 274 470 495 273 196 333 233 333 273 273 214 215 97 284 255 16 211 69 99 125 166
100 134 233 181 110 242 266 29 46 177 197 13 2 238 146 296 213 26 119 259 1 163 198
10 63 186 237 712 299 98 230 275 292 200 273 266 454 4 636 996 57 407 166 150 73 622 130 78
