59 67 81 179 64 92 244 531 244 715 418 750 318 210 438 228 983 372 448 589 253 109 255 734 508 588 690
286 464 44 329 100 941 354 55 484 930 866 524 147 574 283 916 757 231 614 289 326
14 151 154 738 672 0 772 916 388 35 656 368 89 672 794 89 368 656 656 744 21 50 171
120 124 219 220 761 834 571 814 254 506 239 799 239 82 239 977 171 368 21 781 115 17 389 171 188
181 204 139 197 83 257 163 193 192 25 156 236 141 19 240 293 151 42 44 283 128 222
160 96 26 166 10 26 188 195 47 47 380 218 406 239 27 834 984 84 133 10 274
239 710 636 686 814 247 636 35 99 117 162 162 12 801 987 7 41 264 287 693 710 234 967 607 26 234 419 69 107 186 44 62 23 826 9 0 980 320 624 192 295
70 207 227 239 97 244 175 27 67 521 245 692 826 54 364 0 410 295 893 25 9 192 107 245
200 201 262 293 189 138 262 8 227 57 293 47 27 18 253 283 235 163 128 25 144 71 120 12
29 35 283 194 202 68 150 198 216 185 156 16 54 290 39 49 251 225 176 26 18 97 183
42 130 274 296 243 100 238 100 203 12 60 291 203 243 100 298 292 261 405 1 176 87 239 204
21 104 275 993 73 104 146 148 164 1 103 14 164 236 103 36 101 94 36 226 44 35 63 291 206 256 159 77 228 224 118 6 130 216 58 46 42 13 195 65 5 205 8 202 223 48 151 232
296 70 189 21 289 185 94 125 92 103 134 214 259 167 44 264 201 220 227 68 71
291 117 201 201 229 122 257 111 257 205 268 48 69 153 287 460 14 555 113 515 133 153 226 27 256 163 84 136 42 36 8 144 56 101 181 91 131 236 202 52 258
99 100 182 62 205 38 164 71 65 299 61 188 254 250 115 128 138 60 84 127 17 190 105
27 186 190 109 125 152 7 223 299 114 255 126 132 165 298 226 49 65 101 184 28 286 297
48 184 288 233 19 263 283 148 203 166 295 135 252 127 210 125 110 121 16 172 42 77 138
61 69 76 57 89 158 179 224 179 4 140 73 214 187 81 618 248 154 243 46 276 559 74
13 95 198 53 231 66 96 281 247 219 157 18 288 138 131 260 91 164 272 123 77 4 57
3 72 245 26 277 79 54 230 9 165 73 105 74 299 99 187 196 183 262 162 170 69
36 98 78 165 68 251 263 6 242 234 205 58 38 217 46 15 135 197 157 132 14 147
20 46 133 151 164 242 52 266 142 216 12 246 93 32 14 214 108 169 200 206 226 286 40 9 112
15 41 113 197 223 47 286 253 296 242 45 96 213 149 244 293 266 268 219 109 290 292 200 210 36
24 148 208 22 172 164 48 239 278 268 284 76 36 271 176 126 202 94 9 7 121 134 158
7 69 239 43 70 163 65 127 68 101 31 200 53 48 292 280 238 281 142 193 291 47 176
195 271 192 172 162 102 60 240 260 87 149 142 16 237 197 287 135 117 113 211 21 220
158 171 268 60 60 45 39 45 247 127 39 288 559 248 38 787 73 570 46 91 57 179 462
30 70 105 123 131 178 250 297 115 116 29 247 26 193 281 203 3 263 2 295 32 157 218 272 165
199 268 288 207 82 130 249 177 79 70 14 147 179 161 239 296 69 113 240 22 251 84
100 207 279 277 101 284 233 23 70 203 30 181 165 218 39 148 271 130 73 38 113 162 230
220 228 152 299 176 152 274 59 35 274 116 40 121 73 179 787 462 248 46 618 243 108
5 91 145 288 171 97 289 233 7 210 129 45 10 105 240 20 34 223 181 148 53
79 109 120 4 170 91 246 16 77 222 78 186 147 297 157 58 252 110 241 37 150 138
9 44 83 257 202 191 299 40 270 37 156 246 282 6 157 298 187 41 182 258 134 13 186 288
34 124 293 43 234 91 23 216 145 209 208 53 1 284 214 179 58 103 227 251 236 270 31
289 108 290 141 57 239 93 131 272 266 86 264 269 50 163 27 180 147 211 17 29
73 107 180 238 216 51 265 60 238 265 9 175 192 74 297 71 171 220 271 175 110 27 176
63 73 119 193 236 21 83 292 136 48 125 116 58 176 265 201 241 142 156 95 299 238 235 165 271
63 81 175 279 112 79 194 2 126 115 0 87 213 37 209 258 103 289 50 142 251 260 80 244 13 206 67 252 30 192 131 256 120 23 199 164 110 235 224 247 9 178 171 130
175 285 207 72 234 166 177 269 284 152 19 63 157 245 217 189 55 240 36 94 223 193
22 24 55 64 186 112 147 78 281 62 275 221 117 192 271 71 192 171 278 175 220 297 9 96 112
110 169 242 245 256 262 68 155 66 127 51 153 183 161 250 240 106 229 214 252 195 286 136 179
35 187 192 244 219 226 66 114 136 260 153 212 250 123 213 185 209 47 179 89 251 254 56 225
10 95 175 203 231 233 272 67 11 101 86 198 36 66 281 3 21 225 210 31 260 256 70 22 151 126
43 98 194 213 161 7 43 177 266 250 232 243 27 11 132 258 255 290 182 150 26 95 60 183 136 94 217 39 135 95 187 7 257 129 260 89 298 178 268 24 18 269 101 225
2 28 17 138 112 110 177 224 60 54 225 134 57 284 294 123 34 296 118 67 213
150 244 103 163 235 287 47 40 182 177 113 142 225 111 150 69 211 256 83 51 223
15 200 152 164 203 64 135 143 64 247 282 284 49 282 247 257 24 191 185 287 221 87 887 164 197
8 130 241 93 282 279 64 49 49 138 151 151 220 21 168 112 149 24 666 191 887 164 287 168 51 214 92 182 133 178 140 250 34 16 241 294 122 209 275 249 90 49 153
107 170 188 260 25 60 102 131 162 253 86 230 111 234 126 142 140 30 270 38 196 164 265
9 15 65 109 139 165 278 28 171 28 43 239 65 101 65 177 175 176 175 192 71 110 27 297 180 112 271
135 172 217 157 269 47 92 105 60 123 21 198 299 281 244 0 182 208 238 206 155 79
49 62 90 130 157 213 25 110 57 151 9 189 132 254 225 147 18 42 248 108 251 292 78 286
64 105 73 276 248 36 124 92 19 276 156 112 110 171 226 9 241 112 71 271 175 220
12 98 156 161 244 246 1 140 249 166 174 214 243 75 78 185 146 212 280 284 267 184 218 68 266 3
143 299 47 210 10 241 35 264 49 61 116 48 17 255 74 170 70 260 19 60 288 262
117 159 176 18 174 120 156 189 133 227 182 205 112 200 139 246 150 210 69 239 137 286 236
52 107 19 34 225 36 246 246 107 177 9 175 226 176 180 110 220 278 112 74 241
23 33 56 83 213 226 251 298 234 41 178 36 138 160 139 197 8 255 100 177 78 61 268 16 248 165 285 134
31 247 247 217 44 32 88 54 265 176 182 129 3 229 141 164 96 17 181 25 139 230
4 225 264 280 184 250 278 6 56 297 236 238 248 235 206 26 5 17 62 154 229 231 79 179
114 224 249 266 112 52 3 85 99 265 58 157 31 53 40 205 1 41 17 73 247 254 154 263
13 61 106 112 149 163 36 9 88 282 132 91 140 120 276 59 33 106 99 5 41 79 183 227 256 223
103 111 170 276 291 181 203 149 86 29 245 94 253 89 293 197 165 30 71 171 237 73 167 13 289
138 113 279 187 85 79 7 245 206 223 260 34 158 239 145 225 6 185 298 221 205
217 60 111 273 71 63 265 9 216 288 67 143 172 151 69 267 255 13 292 37 28
39 121 145 183 111 111 193 193 111 14 181 164 168 197 112 87 221 666 996 257 887 185 287 191 267 200 76 265 51 193 289 134 72 138 211 88 14 202 67 92 247 40 31 95
232 255 294 296 77 171 215 242 46 252 159 63 13 123 19 18 122 275 185 155 223 237 66 44
63 117 258 130 125 125 125 125 130 164 125 175 220 180 9 171 297 96 71 241 278 176
131 229 265 238 234 231 82 186 58 185 178 20 276 59 202 137 72 4 145 92 10 25 199
201 27 73 299 277 196 191 285 142 138 186 188 275 258 93 29 163 128 92 195 157
86 120 183 225 238 261 265 291 153 274 238 177 754 238 754 153 32 42 225 299 58 153 92 268 32 113 62 287
120 191 209 252 29 299 26 210 55 93 22 12 139 261 197 248 274 220 154 35 298 176 117 177
145 3 42 89 142 285 54 47 244 46 297 75 241 274 48 16 59 259 159 291 127
181 284 115 54 138 24 287 38 262 162 93 208 107 37 254 33 4 2 147 190 92 269
73 13 199 38 181 15 129 258 5 152 18 30 103 39 77 66 277 225 140 74 57
18 231 62 174 172 24 4 236 79 13 288 264 67 49 287 17 1 204 18 200 224 20
196 223 26 59 202 77 217 238 191 117 97 254 181 267 24 107 25 171 146 81 134 10
184 247 287 97 231 279 154 192 17 102 198 214 177 42 127 76 156 142 257 75 196 23 107
137 88 123 106 101 118 101 118 163 435 0 48 225 271 113 153 287 103 242 47 62
15 252 263 91 163 15 22 56 261 259 40 96 236 14 206 235 16 166 222 229 167 99 226
183 207 267 295 33 9 265 78 254 68 58 278 171 290 296 174 51 227 104 185 119 109 279
101 276 279 257 110 39 161 47 53 62 233 24 19 106 54 85 101 248 96 114 270 121 249
87 235 91 68 292 39 221 278 129 182 87 166 245 82 186 42 155 44 9 19 152 291
10 60 214 113 251 126 2 188 190 159 238 177 61 207 122 291 244 66 272 186 240 6 191
80 82 96 182 215 253 263 64 235 276 171 202 294 90 174 205 28 189 103 220 144 74 230 253 53 141
40 101 160 196 89 226 210 1 225 199 131 284 41 86 274 288 273 264 173 56 191 266 204 137
202 271 253 163 247 46 296 261 145 194 66 255 219 293 133 212 189 262 21 19 122 139
25 56 98 165 74 147 95 237 70 223 0 98 9 190 286 260 181 19 103 23 7 82 249
77 245 30 144 45 60 80 94 280 197 139 184 219 75 263 66 264 142 14 9 41 118
88 174 177 383 186 383 289 112 279 269 269 126 32 268 62 299 271 69 48 103 211 242 153
187 246 267 110 6 115 45 108 213 132 33 248 142 171 145 67 112 9 168 265 135 116 49
124 291 22 262 60 144 17 212 4 210 90 202 11 106 157 285 147 134 294 25 238 133
72 107 137 50 270 252 255 234 121 60 283 17 297 174 87 81 94 6 230 175 33 104 77
56 68 77 98 149 248 262 278 278 223 223 262 278 223 173 262 383 383 268 299 460 113 133 271 242 58
274 151 287 275 170 45 92 102 246 15 137 9 273 38 30 97 163 106 72 57 235 192 124 33 37 197 66 62 30 181 77 229 237 188 85 91 47 240 287 151 44
26 65 282 277 164 299 262 42 170 73 68 129 284 127 8 245 264 28 288 289 286 276 41
59 121 201 221 241 124 84 111 157 272 167 284 161 25 94 145 187 117 183 290 221 102 210 240
26 70 134 292 111 165 175 281 12 103 293 131 158 53 229 190 157 259 217 77 114 125 61
96 172 190 223 173 175 255 181 159 62 56 206 177 174 1 236 254 110 219 4 271 86 266 108
62 87 94 131 296 35 89 97 61 19 195 230 156 147 268 204 81 83 255 92 94 51 18 252
36 50 65 75 95 193 280 60 98 247 185 260 94 139 284 36 41 289 74 54 16 281 6 283 142 156 198
60 104 142 155 182 210 260 283 192 15 259 232 5 238 50 21 18 201 277 218 222 79 162 90 178 6 73 129
5 90 136 220 507 148 40 285 173 93 250 270 126 145 59 225 172 234 229 164 165 297 94 52 274
977 43 180 201 268 238 159 229 123 203 41 190 96 13 38 67 65 107 6 243 286 260 87
15 54 89 291 115 154 20 74 178 238 259 89 47 147 176 250 286 24 49 25 0 83 66 87
124 224 196 116 111 123 130 176 296 293 182 25 203 188 73 159 141 160 152 9 261
186 196 224 227 185 97 84 12 107 252 152 154 284 41 158 196 11 59 52 43 93 112 122 222
28 65 386 39 48 23 698 153 201 48 39 682 215 234 814 156 58 85 22 128 217 345
25 42 63 297 209 7 15 102 123 35 254 106 265 66 161 270 280 3 124 28 140 19 291 113
44 54 75 125 137 276 138 244 246 97 118 80 78 267 19 204 183 84 137 99 275 238 50 284 20 277
38 53 157 256 258 276 195 275 39 264 83 241 87 270 125 158 239 254 147 190 189 232 289 265 174 56
188 235 254 90 221 68 120 188 168 265 155 73 19 167 181 5 131 79 238 44 113 202
13 131 127 92 243 192 260 97 136 5 83 1 141 101 138 52 75 187 79 252 236
25 26 32 110 236 287 250 34 162 15 211 223 174 14 43 123 269 65 176 248 247 173 8 130 54 58
51 284 48 53 8 153 53 48 76 8 225 103 211 49 48 113 69 47 271 133 242 460
21 251 271 287 111 132 156 183 62 102 225 97 203 184 235 29 22 104 194 128 227 142 190 178
44 49 171 284 241 608 241 608 209 53 177 168 887 185 221 180 197 287 666 112 128 996 191 220 107 143 171 7 207 168 176 38 273 243 35 138 292 92 238 288 100 280 189 56
72 208 263 236 235 299 277 36 56 143 43 134 281 154 296 29 13 181 95 51 72 188 251
179 41 43 111 412 190 109 235 288 42 0 193 27 707 412 243 955 580 272 589 828 10 189 55 179 139 1 1 139 55 192 225 62 103 69 299 32 287 58 133 153 47 242
17 56 110 157 164 241 155 245 148 65 126 63 209 141 50 200 120 77 214 161 265 139 79 256 259 27
7 35 30 266 266 70 219 257 35 257 266 207 634 289 221 238 2 80 0 236 558
135 216 54 141 268 110 83 232 100 25 6 224 78 65 153 271 59 276 251 253 51 193
102 237 19 232 227 216 22 282 250 33 158 113 76 50 133 204 92 64 97 51 77 296
19 193 235 13 4 166 108 93 138 263 35 204 19 247 273 189 167 11 185 272 143 162 124
117 208 278 131 190 177 89 275 125 235 180 242 85 255 39 121 55 90 288 228 53 274 258
47 110 124 174 195 284 266 266 257 257 257 70 207 266 207 35 973 289 221 238 708 2 558 24 80
48 82 84 168 230 43 187 14 269 23 150 99 172 169 242 147 208 294 85 75 106 244 97 223
13 14 58 107 119 200 238 216 130 69 437 92 265 216 130 496 385 589 145 245 277 918 707 21 431 973
14 178 212 259 177 730 177 35 177 35 35 479 132 70 730 730 973 236 80 973 289 558 221 238
178 68 176 246 97 293 23 100 231 298 288 256 262 85 155 241 61 214 90 127 272
39 46 50 216 71 112 59 73 1 55 241 76 333 83 236 90 816 206 47 49 166 129 668 261
62 151 263 286 103 282 98 88 164 226 244 119 85 1 128 15 45 9 50 251 193
10 81 50 82 112 119 233 212 20 271 101 212 145 212 101 202 394 30 145 115 140 1 195 207 213 215 100 232 164 65 147 126 36 222 260 143 205 273 97 70 94 186 259 134 8 63 87
251 289 333 162 225 222 77 200 118 44 6 109 184 7 62 248 171 224 217 3 182 250 213
77 138 259 181 84 67 39 147 4 177 297 230 161 231 135 280 111 232 233 98 146 217
122 166 208 94 24 161 206 243 47 51 195 41 106 137 250 192 54 188 259 196 39 208 122
284 298 244 9 202 233 42 163 288 100 131 184 193 161 268 197 221 116 122 204 243 133
83 98 227 229 41 109 1 52 62 149 131 219 267 245 284 54 86 231 274 122 70 222 98 68
61 62 96 199 273 278 108 70 181 278 17 60 278 108 17 29 149 320 64 55 208 64 35 260 285 96 4 288 275 177 156 70 38 12 94 202 242 249 100 207 160 7 42 113 276 149
89 166 145 234 13 177 292 96 82 140 22 175 51 252 263 294 245 164 157 65 83 179
2 44 180 290 15 25 205 277 294 155 140 9 150 268 113 71 246 111 175 29 213 97 259 105 125 101 205 186 107 70 176 87 162 258 289 259 239 269 82 67 231 191 253 152
274 22 272 87 264 16 260 299 242 298 43 183 103 196 189 142 258 17 236 109 65
94 175 31 174 246 177 171 165 251 158 35 127 291 107 116 150 178 154 263 144 19 257
42 54 129 138 289 47 182 240 246 104 99 127 67 167 159 46 87 145 31 228 199 66 106 175 17
72 185 85 138 275 244 236 188 92 261 267 93 200 157 64 128 69 13 222 264 194 36 180 122 151 168 92 138 264 198 13 70 199 26 6 128 33 283 154 281 196
183 18 241 172 72 140 27 42 214 135 282 271 10 262 61 238 107 151 211 283 212
44 67 221 271 284 216 13 116 65 45 181 112 168 191 163 145 48 177 118 82 62 67 68 219 137
891 71 145 188 219 248 211 35 125 275 116 259 14 158 221 252 167 299 54 197 136 127 188 210 129
40 88 225 261 180 209 205 70 149 298 161 100 55 191 129 3 112 225 175 61 90 233 212 265 247 269 129 270 237 169 278 292 127 82 286 155 61 88 168 256 105 131 70 91
77 266 277 9 86 201 43 264 54 264 264 264 223 257 503 128 887 87 197 996 21 149 685 24 185 168 114 122 112 206 121 156 216 230 246 15 159 193 65 142 272 255 180 42 99 277
182 59 132 294 133 213 195 267 270 123 231 10 197 98 234 15 260 56 268 126 245
14 172 178 265 40 162 240 169 167 178 32 81 64 53 86 3 224 209 145 175 272 257 75 57
176 108 166 134 2 0 53 116 183 10 243 140 203 141 184 240 23 271 138 267 287
196 278 212 157 93 74 22 283 53 280 116 145 151 30 127 207 188 11 204 131 149 65
191 192 202 264 170 247 124 279 158 38 14 266 287 5 81 205 55 192 132 265 260 67 44 56
143 224 281 91 78 234 100 71 261 76 43 218 292 34 123 146 3 6 16 92 254 47
12 16 84 91 129 208 123 209 57 274 55 97 47 154 9 257 253 96 126 166 71 172 136 280
10 43 245 267 147 62 23 38 7 45 171 218 138 220 192 298 144 5 199 75 265 133 51 293
149 155 195 77 204 191 53 37 270 145 60 6 58 296 105 117 131 142 237 66 181 94 108
31 61 130 168 229 521 123 137 118 111 258 101 166 72 291 15 117 61 56 129 293 276 158 54 109 93
5 62 78 281 74 185 127 164 173 177 284 225 6 128 4 108 46 282 178 171 246 35 210
54 69 73 114 242 80 198 224 293 245 285 118 79 297 108 222 229 212 91 33 218 266 135 284
16 194 213 88 126 54 283 51 170 136 183 95 233 15 153 112 139 186 33 122 21 220 256
15 102 129 171 190 208 237 270 278 157 267 101 242 122 181 124 264 107 114 158 268 171 38 195 227 236 210 198
105 160 223 245 33 230 118 80 85 78 211 48 150 143 66 263 165 275 193 91 295 267 289
136 232 257 237 262 288 231 222 60 270 128 112 279 6 88 46 20 123 219 175 99 37 145
46 88 249 158 267 272 173 105 85 233 286 283 66 17 1 238 160 83 184 74 219 124 122
112 165 285 175 282 81 246 194 214 59 209 8 135 90 299 276 18 0 292 191 33 84
195 254 61 23 70 29 22 256 6 88 222 171 11 155 238 18 189 111 154 93 198 125
15 257 267 290 254 26 208 7 34 99 42 241 75 227 296 134 77 173 117 145 17 255 214 278
11 12 14 61 114 227 130 98 164 102 251 115 192 207 283 277 40 195 5 49 26 93 23 241 75 55
126 221 224 291 194 47 279 188 217 16 31 271 83 146 225 158 258 42 74 238 28 204 73
105 128 249 281 38 175 259 27 182 94 104 154 195 153 242 8 109 136 289 49 124 225 139 87
11 99 280 162 223 271 34 141 170 259 203 57 180 133 135 200 92 136 284 14 243 215 39
4 14 164 69 238 34 222 192 91 180 119 142 259 229 115 252 225 294 11 145 234 112 38
69 91 84 219 194 111 102 119 5 158 270 294 240 213 170 181 297 185 261 248 183 208
93 112 110 134 267 186 121 275 37 19 190 212 118 215 159 103 117 281 282 181 221 114
87 94 149 185 195 231 93 243 291 279 75 123 22 220 132 144 138 266 5 42 200 234 283 82 239 272
31 158 224 4 211 172 229 201 144 180 34 284 274 171 113 238 72 227 87 159 52 217 41
104 230 211 32 70 237 98 271 15 184 236 6 180 276 175 139 250 113 299 21 186 103
22 34 249 234 43 219 256 291 246 24 221 45 64 286 252 215 104 137 22 100 131 53
