32 33 91 112 130 207 70 118 235 265 272 103 246 224 173 17 211 74 138 95 144 20 162 276 13 255 171 235 288 52 202
135 197 239 156 172 255 660 507 141 512 120 280 707 606 538 238 182 117 867 775 174 56 599 423 702 241 3 169 278 219 175 87 113 210 150 238 241 6 17 162 255 233 51 132 33 269
895 165 45 99 146 8 292 67 65 169 32 23 293 147 206 230 176 263 273 80 14 225
80 88 316 206 205 193 241 69 101 3 78 214 61 159 81 119 170 250 236 113 5 13 99
173 77 284 158 9 148 242 244 265 168 246 5 196 111 175 107 276 118 36 152 94
33 51 189 261 275 297 72 125 155 108 156 281 285 104 282 41 71 146 286 80 62 112 238 38 175 212
210 197 189 18 65 137 14 146 256 177 190 32 246 25 79 291 160 224 113 156 10
112 252 292 290 267 31 127 55 42 88 283 145 195 160 126 7 81 102 154 14 217 192 244
83 140 147 219 260 273 111 219 231 51 237 26 13 37 247 38 173 181 175 266 72 264 162 84 60
73 265 103 195 128 72 35 2 53 259 249 161 141 177 62 41 135 270 78 213 119 294
19 66 274 294 100 265 94 271 272 28 73 107 215 148 111 223 291 288 69 35 8 102 32
32 61 116 249 269 146 251 66 273 163 18 101 252 169 192 134 195 283 155 31 177 223 281 265
66 280 128 29 211 21 50 115 187 157 228 155 39 86 257 52 133 122 208 75 232 184
27 41 161 173 194 216 239 49 129 55 188 61 123 134 235 181 197 176 218 140 160 81 288 292 239 253 75
257 3 193 258 191 228 155 119 161 120 270 146 240 284 57 56 28 243 196 245 131 7 189 0 173 196 25 53 178 248 254 268 258 233 113 149 104 137 79 165 106
220 40 88 167 224 284 292 52 239 92 268 209 141 134 288 114 207 294 144 126 254
50 167 192 201 201 182 20 261 146 136 84 70 17 112 107 298 128 196 197 123 88 168 263 189
37 136 114 144 109 204 204 261 204 149 19 119 80 197 670 266 240 218 105 230 471 257
42 70 85 262 232 40 256 165 250 238 113 262 131 291 236 99 239 233 176 277 145 284 185 143
173 229 172 183 256 284 243 148 43 180 159 95 59 129 82 2 193 34 285 46 276 89
111 213 144 282 229 127 299 1 219 139 239 116 71 177 117 77 13 248 114 214 235
122 171 246 48 62 256 5 118 39 215 222 66 291 275 3 220 207 53 69 120 72 60
46 128 292 76 77 191 55 189 25 179 39 260 250 249 27 222 139 145 4 166 59 7 8
967 145 97 8 274 135 172 198 102 159 57 206 99 37 272 267 71 2 204 66 27 194
28 113 167 223 56 236 86 19 277 260 191 286 216 297 252 220 144 263 100 71 78 235 64 121
121 258 297 204 236 258 282 4 196 267 5 126 215 243 274 248 214 199 230 255 212 65 7
173 207 22 11 276 1 262 123 39 293 126 203 240 198 141 142 299 102 233 200 263 104
11 186 247 160 174 84 55 71 9 15 158 265 90 43 289 56 199 57 130 61 143 100
34 245 277 209 144 50 238 168 285 199 86 35 189 37 21 91 147 262 62 266 103 102 263
57 85 167 168 212 24 60 71 97 113 134 154 217 222 234 272 73 134 170 243 134 34 73 243 273 928 167 287 826 403 28 279 105 111 164 280 46 55 32 293 259 137 248 166 261 76 88 112 140 221 294 10 155 26 216
645 21 33 259 22 60 135 3 102 63 231 47 58 248 150 212 207 28 137 154 14 51 86 130
4 42 72 241 244 257 234 118 110 256 82 133 57 225 52 235 158 167 279 135 3 22 125 200
6 18 60 235 58 70 6 94 211 107 75 167 188 21 2 49 86 55 249 106 61 145 261
59 78 274 263 251 167 162 278 266 78 130 37 67 141 252 265 13 149 95 72 240 104 298
16 42 71 156 228 287 221 85 290 107 264 248 47 41 80 65 253 66 61 206 233 254 94 142 121 15
51 66 288 218 145 291 238 187 221 243 299 52 42 268 196 63 239 266 168 2 254 251 4
645 20 250 237 81 163 299 204 145 60 25 137 78 156 15 125 264 59 17 209 284 245 86
78 188 117 49 4 235 85 105 104 130 94 268 70 92 43 173 199 93 89 81 152 214
212 66 22 226 231 186 137 211 213 20 64 264 87 150 122 129 281 166 112 111 139 271 109 140 27 34 96 218 142 205 166 149 78 46 299 135 130 0 32 77 249
34 246 293 134 16 156 51 277 268 238 287 258 225 67 75 184 248 31 147 4 144 30 34
96 139 212 222 154 217 268 290 45 291 221 242 207 199 104 212 240 216 222 74 31 236 142 107
22 56 142 203 62 294 106 218 178 148 168 200 125 31 130 107 197 122 116 198 114 61 158 175
58 98 110 222 191 153 111 207 0 193 56 259 158 45 12 254 58 291 72 113 53 16 94 57
164 173 234 281 98 188 290 150 140 25 34 9 30 212 37 195 237 49 165 79 0 6 48 281
20 148 216 59 145 94 85 95 71 140 58 207 66 103 98 269 146 11 45 212 110 211 55 167 46 140 292 250 202 78 31 70 79 228 291 91 203 158 234 104 42 289 58
9 37 79 157 197 270 195 270 170 100 250 242 74 143 63 32 107 129 206 256 123 271 235 71 82 37
7 235 195 257 263 198 85 143 60 43 87 13 231 46 163 112 39 268 128 266 152 81
33 119 207 257 63 272 238 55 64 71 99 127 277 82 268 278 20 45 246 140 129 153 73 176
16 119 123 159 54 1 273 264 139 264 273 165 269 270 197 218 266 471 105 115 222 230 9 157
80 107 124 219 190 37 201 290 39 287 115 79 261 221 27 174 240 156 32 119 122 227
5 15 38 49 88 260 113 221 104 188 60 152 191 121 92 73 242 16 26 198 179 12 295 127 40
3 32 85 127 211 253 139 229 61 152 4 4 154 165 222 62 126 270 218 230 9 115 105 157 257
967 114 158 200 263 85 107 1 157 164 140 3 216 129 102 280 292 133 236 84 200 141 215 262 270
96 118 236 256 110 279 247 31 40 64 179 35 28 75 185 150 109 145 250 156 208 17 130 169 33 113 112 244 200 75 48 297 6 84 17 44 34 299 296 58 298 172 110 160
20 80 58 69 85 173 186 243 104 175 53 66 185 245 252 160 113 117 115 21 108 43
17 113 128 246 262 264 100 120 128 74 160 43 198 168 60 6 56 187 19 211 169 188 94 68 237
33 155 289 92 266 127 203 80 83 47 93 246 201 45 207 159 33 51 113 192 27 11 175
7 73 131 249 278 47 292 190 264 121 97 42 12 48 5 77 234 194 109 174 273 44 11
196 268 276 93 108 142 288 16 175 39 99 137 290 188 12 255 177 262 203 81 265 44 86
967 60 70 265 276 159 124 167 253 289 179 171 31 263 83 257 175 8 76 220 64 151 49 78 99
53 84 142 262 80 118 5 299 293 171 137 65 179 296 158 287 237 196 47 206 154 246 15 253
79 114 172 182 190 214 273 112 191 133 211 249 122 68 203 169 13 229 278 236 204 14 250 80 172 188 114
47 50 238 296 272 87 270 197 130 196 165 12 186 64 229 98 206 184 3 69 90 209 148 67
13 27 40 74 116 257 235 295 241 204 174 133 86 64 211 89 86 157 230 222 270 126 266 269 9 115
0 124 127 138 160 265 101 131 36 15 16 79 217 4 26 275 129 100 133 5 282 286 164 218 219 231
178 249 287 79 205 165 261 18 73 141 48 195 221 188 119 275 49 160 58 168 264 7 262
55 262 262 241 194 194 262 194 262 86 29 156 62 257 269 471 266 240 126 197 670 45 269 13 103 148 35 37 219 116 34 282 73 201 266 139 77 288 210 253 136
68 87 181 189 129 193 3 200 0 85 141 162 32 107 147 99 261 170 97 71 247 16 155 262
79 80 197 203 240 73 193 236 90 80 242 273 212 86 235 125 186 296 225 83 49 229 120 181 131
145 207 209 255 38 130 189 64 180 52 115 177 21 113 166 48 89 88 210 97 209 213 50 291 217 298 190 165 283 158 262 32 176 172 7 270 67 73 227 74 206 260 238 25
210 269 29 199 249 216 136 225 93 108 210 267 68 246 198 39 212 179 76 288 40 160
75 79 92 118 50 24 257 175 149 156 208 285 258 115 4 152 68 5 1 101 158 185 172
201 205 207 102 67 237 151 243 52 105 86 112 119 261 127 293 215 11 147 166 126 259 233
126 188 163 242 154 193 113 36 194 26 195 219 206 57 32 75 70 59 233 81 213 71
77 113 180 77 113 288 269 214 999 249 83 215 249 42 443 403 111 57 255 164 570 31 471 279 16 222 279 208 89 20 169 239 111 251 290 97 3 124 129 292 182 133 149 131 93 109
49 111 284 170 281 89 241 86 146 19 196 179 110 91 112 183 271 20 161 276 127
132 249 179 204 242 54 213 89 20 132 48 293 56 163 194 68 130 58 285 265 45 105
16 62 184 231 71 142 44 197 181 142 231 142 250 278 143 312 162 295 0 205 277 209 373
88 125 185 195 219 5 217 18 276 42 294 292 201 117 208 65 197 190 137 237 121 167 149
77 249 295 136 95 2 116 247 180 94 31 248 211 55 243 8 263 167 186 249 110 87 245
184 264 281 292 241 175 1 272 202 33 69 74 273 198 176 79 292 207 156 108 159 204 104 261
17 79 180 200 217 12 124 221 197 69 92 219 129 97 274 71 74 80 212 68 153 195 57 119 244
22 167 209 257 60 230 123 31 176 130 246 167 178 201 122 50 132 83 11 225 146 216 59 20
38 136 185 229 284 19 192 69 237 200 119 150 137 168 28 176 79 91 289 162 136 3 121 133
32 119 181 8 297 183 260 195 245 218 114 203 123 268 221 126 109 167 72 78 278 246
6 134 136 200 150 213 190 42 4 80 68 209 193 26 218 228 82 134 9 279 45 278 283 208
86 114 153 58 134 181 276 140 287 171 145 222 246 87 293 269 69 80 160 232 178 219 299
967 173 180 230 61 0 164 218 232 268 178 223 198 174 189 191 160 167 97 43 263 158 277 266
967 111 132 134 147 280 2 123 40 111 176 272 135 36 89 256 179 124 283 230 299 77 98 273 288 199 101 19 53 31 26 260 274 175 30 160 214 149 157 241 44 297 73 115 161 1
28 117 133 231 127 40 121 298 230 261 124 123 284 126 31 16 174 26 1 68 194 149
188 251 66 0 293 104 136 204 48 100 296 110 240 159 99 230 92 279 203 212 180 2
4 6 8 98 231 282 4 110 129 196 290 123 170 283 275 42 98 298 17 251 150 57 0 263 86 126
9 34 101 182 185 119 122 61 82 4 246 227 254 89 139 145 273 136 59 103 183 19 20 243
12 18 129 205 112 295 48 190 234 210 249 288 76 1 102 222 228 106 115 163 215 93 284
48 224 270 34 66 221 13 102 119 201 211 123 17 56 152 181 185 44 223 59 237 173 267
100 101 102 155 197 93 206 21 282 243 203 258 106 80 35 183 145 62 43 11 260 278 229 8 233
39 72 92 65 57 103 277 150 200 47 259 183 235 202 144 108 81 78 52 168 53 4 96
149 181 201 206 240 270 144 82 103 182 297 215 194 95 272 284 112 260 116 158 5 8 287 204 11 18
24 127 145 238 49 172 55 137 224 256 15 48 82 212 80 296 161 95 178 120 86 279 270 64
291 205 137 85 197 172 248 138 115 184 218 182 120 271 29 180 158 249 13 24 174
76 94 267 276 132 27 89 275 26 133 119 39 249 187 189 178 66 93 110 100 236 196 199 52
162 173 231 254 5 133 182 280 186 80 179 214 126 171 139 120 68 207 135 263 7 34 157
13 180 278 63 146 53 240 133 72 231 296 225 278 249 10 229 292 9 31 64 101 41 66
30 198 246 285 291 177 191 39 298 244 97 35 260 7 294 18 104 19 213 105 24 93 189 16
50 97 154 117 231 197 32 241 16 92 228 177 50 270 290 27 287 214 263 174 186 115 185
128 151 90 14 198 59 105 77 293 131 85 175 136 98 29 232 116 0 249 54 68
55 83 249 291 112 289 105 130 49 136 177 213 239 84 6 271 293 35 127 58 275 20 85 195
645 51 88 179 277 261 222 139 272 253 62 42 35 33 83 282 196 49 130 252 174 217
122 374 263 289 108 200 21 136 3 296 38 96 106 170 95 77 204 269 43 140 281 71 272 4 152 152 929 258 152 215 230 218 126 266 197 115 257 62 471 222 9 270
223 23 190 85 126 290 223 252 242 79 248 41 216 51 47 132 58 75 298 4 183
111 291 162 18 281 261 22 205 152 207 4 143 267 171 196 229 29 90 177 46 174 176
32 186 279 286 291 168 67 192 251 158 254 141 294 182 121 120 167 204 211 222 269 49 198 21
192 17 256 212 95 141 114 146 19 98 94 145 156 266 292 7 110 130 236 217 219
23 58 221 61 2 14 131 247 77 286 177 103 68 6 228 265 70 188 187 150 21 45 58
662 13 113 137 276 247 141 221 254 287 54 124 265 225 56 231 235 249 238 207 105 171 147 93 15
662 54 132 160 192 193 223 252 219 134 158 54 277 270 132 127 150 268 282 44 161 176 145 49 275 38 180
233 77 27 256 274 123 230 215 22 263 63 69 93 156 48 228 136 264 169 134 28
38 167 246 295 36 104 57 232 2 56 44 196 47 151 245 231 45 68 254 269 25 189 155 39
57 173 207 267 296 7 11 84 209 106 213 10 65 14 5 161 127 114 89 56 270 30 243 24
293 34 10 66 109 41 277 32 4 197 131 290 282 122 115 231 193 37 267 239 194
17 175 143 282 45 59 99 113 250 136 160 292 175 253 127 52 233 131 81 234 12 104
130 189 236 242 154 270 4 62 66 164 289 178 101 69 190 20 76 114 221 38 113 117 296
107 255 201 149 10 179 41 127 151 31 17 140 245 58 229 203 57 258 102 51 286 48
91 150 59 141 280 52 206 217 29 211 32 259 0 133 154 51 48 193 110 95 93 116
73 187 254 297 82 236 23 281 169 225 193 81 1 152 285 60 297 115 4 141 147 45 33 187
5 42 44 66 215 216 104 101 68 174 212 94 47 185 242 107 207 106 241 28 162 100 184 188 169
21 31 39 121 288 133 181 268 187 231 157 189 284 131 271 22 69 32 254 295 296 277 108
1 67 374 22 221 103 297 212 226 55 122 18 164 53 158 154 214 188 253 115 225 10 168
92 223 47 4 141 260 80 59 27 8 203 107 211 237 108 212 30 16 13 137 103 38
249 130 52 276 61 147 176 59 193 240 92 66 37 106 25 91 184 122 228 95 270
69 71 162 164 171 177 138 160 79 216 90 101 151 180 244 71 242 96 0 121 211 250 100 192 220 227
133 161 292 125 137 32 19 67 63 263 261 153 25 98 112 224 54 286 254 150 122 262 26
13 98 164 224 235 171 233 285 139 77 85 76 102 126 183 15 2 70 253 273 295 297 155 117 208
967 99 111 158 31 112 9 115 65 52 192 95 83 24 33 51 214 270 175 272 67 137 286
71 130 212 287 26 202 90 66 279 102 7 223 38 10 254 298 256 233 36 126 143 208 108 118
200 29 263 173 37 255 166 152 17 27 189 97 270 199 50 90 229 123 57 98 295
13 54 94 133 192 40 275 42 266 68 88 181 178 72 36 38 93 193 269 12 92 171 119 6
243 176 135 21 50 220 49 14 205 41 3 274 94 197 116 84 72 127 98 156 288
125 181 208 303 250 52 140 264 32 256 150 23 141 8 98 131 81 253 30 96 21 148 233 46
43 69 210 303 250 184 40 156 217 133 5 91 19 37 119 8 35 183 280 208 181 71 169 284
28 162 250 232 157 91 205 152 216 287 50 3 31 206 165 33 189 123 256 183 68 273 220
11 62 4 151 73 24 203 99 231 74 118 82 183 273 173 98 140 128 69 260 211 168
30 94 228 6 177 183 31 73 47 20 68 160 280 70 64 148 229 264 16 238 293 116 221
100 125 185 75 149 35 286 23 256 74 15 148 147 36 34 274 204 219 67 155 158 205 50
19 39 71 78 293 103 79 34 233 232 62 15 75 140 252 31 101 51 247 272 226 209 207 127 29
967 9 91 168 276 18 229 212 70 30 260 218 194 66 279 208 126 287 205 104 156 295 20 226
662 38 113 220 207 148 262 231 72 140 223 39 108 293 156 82 179 254 120 159 110 8 85 274
44 77 199 276 283 238 69 157 216 65 29 156 134 57 86 279 125 198 257 14 110 178 140 46 102
17 100 207 276 12 225 240 147 275 85 285 153 110 23 2 155 74 89 276 55 106 16 233 49
65 143 170 203 290 240 209 54 279 96 34 151 287 20 245 40 167 292 106 180 149 4 72 109 66
9 54 206 139 117 87 131 120 121 93 265 55 170 284 72 67 279 200 149 229 26 295 192
114 136 296 144 90 84 27 253 231 227 153 168 269 108 170 26 5 185 294 279 80 251 235
4 38 66 88 146 151 132 263 165 126 120 259 155 225 279 19 293 214 172 69 284 83 264 159 4 234
54 110 62 2 73 252 155 262 98 269 283 203 180 75 219 40 237 101 85 168 61 58
294 211 120 185 186 200 286 127 193 45 155 172 189 27 78 255 60 112 83 246 196
136 298 113 262 167 135 49 57 211 98 154 161 85 0 6 185 240 31 184 244 42 248
40 84 126 53 241 271 268 460 808 74 14 677 326 942 74 848 268 471 285 136 588 294 677 502 325 114 288 243 92 201 187 82 228 1 204 149 196 33 237 123 188 180 251 4 214 230
78 90 128 115 150 73 200 254 258 56 262 17 282 76 196 125 199 63 160 25 45 33 267
19 125 134 249 274 201 124 193 170 42 84 90 250 260 62 133 43 2 204 125 113 235 24 247 118
5 11 33 276 298 143 21 240 84 260 50 214 12 186 148 108 10 107 158 253 182 104 135 86
123 155 44 100 102 155 193 204 215 297 411 942 808 808 167 167 526 434 167 167 115 88 226 43 176 96 726 174 151 189 60 110 49 204 46 141 276 160 218 228 270 89 14 119 122 91 30 42 84
48 79 290 288 183 170 45 151 230 106 295 47 229 53 21 26 29 77 271 185 205 114 281
494 123 165 295 738 574 726 224 726 738 726 375 54 171 251 982 375 19 50 121 269 235 247 375 587 783 587 960 17 941 932 281 184 730 169 187 203 174 352 206 135 439 262 459
494 32 93 126 15 243 711 446 437 20 946 33 15 21 37 993 96 949 129 192 194 137 203 526
79 156 277 837 968 672 837 391 672 698 822 867 360 448 662 141 757 211 502 12 693 803 170 205 152 109 139 99 107 44 78 104 191 280 172 213 103 281 53 38 60 160 212
645 17 108 109 139 179 264 179 179 71 221 264 241 179 694 4 826 731 257 82 807 859 28 573 173 185 97 195 296 142 100 9 205 273 60 138 220 106 223 265 44 103 41 250 75
52 275 42 16 202 144 107 26 100 1 289 229 221 47 32 87 76 24 172 274 259 209
967 9 28 97 177 15 98 108 131 238 54 37 25 37 25 997 965 54 25 237 464 997 5 112 266 990 111 39 118 419 237 77 243 25 120 50 215 255 167 147 109 246 78 226 159 253 28 36 121 140
86 226 254 241 72 125 237 29 11 259 289 297 291 156 41 98 91 131 141 85 27
15 87 198 218 35 141 185 260 282 292 91 45 25 687 153 91 45 272 291 93 103 10 255 507 243 242 67 33 615 160 261 60 159 188 24 258 75 128 177 216 123 255 237 67 190 97 109 200 153 20
59 212 192 291 96 977 297 320 91 297 364 977 45 153 139 93 48 490 291 243 507 645 160 255 288 193 5 94 281 85 279 0 91 171 101 207 134 51 297 244 253 195 119 252
645 62 80 122 252 276 41 155 124 30 133 224 23 218 75 54 157 278 108 87 76 67 175 171 0 248
99 101 110 131 201 99 213 101 132 244 225 231 208 104 272 103 228 81 234 55 73 119 232 269 249
120 30 237 274 223 448 256 101 448 510 970 274 448 448 510 449 67 31 0 23 41 271 162 235 55 147 278 289 198 203 88 37 243 283 169 224 155 115 72 288 39 273 57
98 183 293 256 256 92 6 602 510 510 223 256 63 449 335 190 31 683 41 449 147 139 179 40 215 148 113 103 107 80 187 34 206 108 119 98 11 200 274 178 74 50 5
105 199 32 187 813 124 900 824 686 615 529 686 663 741 122 214 222 567 826 881 471 279 570 403 30 121 228 115 66 49 8 114 96 97 215 95 295 180 43 276 143 107 64 65
