48 88 123 250 285 203 138 120 87 196 0 113 227 255 198 114 264 45 252 115 42 116 295 181 233 34
791 56 0 18 138 200 201 708 753 435 95 525 832 437 252 457 870 418 839 979 61 188 901 834 478 212 232 103 91 298 35 256 227 89 178 44 139 283 3 296 244 26 105 234 132 62 191
73 193 339 151 76 42 214 86 139 37 61 108 230 270 133 83 142 180 187 285 293 39 215
171 184 223 269 126 31 47 250 186 29 158 106 239 2 206 131 119 42 257 244 116
783 161 72 156 299 252 184 55 295 271 176 286 189 23 158 263 39 292 83 291 62 71
609 656 62 199 282 16 28 299 78 145 123 77 52 55 186 89 228 275 75 91 242 128 277
564 170 225 296 218 258 289 287 97 227 135 137 192 110 271 201 129 125 220 20 77 272 101 228
112 136 242 173 175 280 187 287 159 35 22 239 204 258 277 241 14 266 48 227 147 279 96
695 149 211 91 255 73 119 149 147 228 219 162 121 20 51 174 210 116 26 81 128 200 118
146 287 235 162 115 201 47 70 141 88 288 297 296 238 137 99 31 52 169 40 190 196
233 47 51 43 117 203 44 107 210 288 213 178 238 176 31 116 83 29 124 17 240
54 184 270 296 114 202 28 223 262 4 260 45 257 83 160 277 204 228 272 105 79 227 218 165
795 8 140 289 212 261 201 11 293 147 254 239 127 70 229 73 53 57 55 145 101 15 106
933 73 105 121 165 178 210 288 6 262 124 238 10 91 48 129 191 89 255 18 12 185 250 198 59 213 141 282
103 128 257 146 179 142 255 26 31 157 161 231 242 232 70 60 219 199 227 77 75 129 267
91 180 205 239 783 79 142 132 127 125 19 38 125 275 125 108 215 215 108 241 47 904 829 564 64 71 722 3 195 206 199 295 214 190 4 290 32 24 243 215 171 272 150 278 201 287 88
8 32 220 291 230 20 66 162 58 1 186 195 148 189 227 192 67 3 298 233 232 61
180 206 239 98 179 275 228 225 155 177 251 145 130 261 85 299 149 3 154 97 246 265 45
8 108 145 223 143 209 15 68 224 165 79 259 241 27 177 8 280 36 222 160 285 169 260
145 260 264 275 280 195 65 252 99 255 181 1 270 12 171 16 34 123 121 144 277 101 48 119 63
795 60 112 270 286 233 263 157 67 138 106 127 299 232 22 178 151 140 119 23 196 268 202 37 216
156 278 240 260 19 74 274 224 170 46 43 181 256 94 144 284 255 251 212 32 81 281
83 147 290 83 50 181 95 135 213 68 24 131 139 70 121 146 18 241 247 178 210 72 291
2 72 140 145 216 231 46 34 9 127 217 271 197 222 240 37 52 115 252 50 76 292 119 177 81
57 95 176 178 116 219 82 117 47 183 148 203 155 294 196 42 201 53 287 52 6 156 229
190 86 88 198 298 22 197 44 132 143 234 224 32 11 152 265 240 260 174 110 18
0 139 174 173 1 6 27 259 230 150 18 225 81 184 171 109 291 104 287 241 102 177 199
2 66 165 259 281 111 243 273 207 165 14 26 12 201 183 184 261 66 256 294 38 208 258 196 148
40 165 234 186 56 258 40 17 137 39 86 284 227 89 294 69 242 217 257 172 20 115 174
8 63 47 113 83 69 84 35 43 228 155 16 40 68 20 64 204 214 132 49 163 60
102 169 240 269 77 147 15 23 208 153 163 279 297 162 261 282 209 155 54 63 91 154
113 187 208 247 119 163 167 255 266 291 287 28 28 235 16 126 16 287 880 328 495 933 235 20 244 323 34 97 619 158 229 265 159 73 98 252 284 25 272 206 164 146 46 142 175 182 83 62 32 266
36 50 62 129 228 259 76 264 18 249 108 250 251 203 285 52 207 6 34 93 112 17 211 187 84
20 47 241 244 150 240 271 236 98 60 91 27 265 149 287 217 296 216 262 102 66 0 239 162
162 178 288 296 207 115 112 231 38 145 48 229 53 129 82 267 282 292 136 201 274 205 44 216
148 161 192 291 292 236 264 298 215 50 110 80 33 256 150 252 218 245 196 128 299 108 189 35 221
752 177 239 275 278 293 158 116 63 92 227 111 103 163 177 6 204 242 23 132 271 199 30 164 238
288 186 101 296 113 47 56 200 227 143 14 29 222 242 85 13 253 282 197 212 142
783 26 63 75 165 291 209 203 92 105 48 231 52 243 67 122 154 178 224 61 130 20 250 107 220 133
99 127 180 285 101 50 192 81 87 236 70 164 292 147 20 35 129 276 218 206 278 148 211 22
8 21 55 63 105 117 225 236 250 299 66 266 29 171 270 17 149 295 280 23 22 241 47 6 219 199 135 32 80
17 20 24 31 206 208 271 63 10 254 111 35 63 35 10 10 5 285 419 118 111 96 491 266 240 188 76 224 40 201 260 141 217 2 293 244 32 255 49 199 26 107 164 142 242 236 172
10 275 267 203 170 62 112 4 82 6 67 78 169 185 298 184 249 123 155 105 46
133 195 222 242 20 149 267 35 170 196 159 228 46 173 280 200 221 62 298 269 299 54 40 135
41 77 112 67 207 260 237 246 45 262 108 273 142 268 211 58 167 14 183 227 202 9
238 263 286 297 21 256 38 46 240 130 7 29 145 116 115 102 72 153 228 143 235 74
75 95 230 247 267 105 133 175 236 25 56 241 193 188 1 81 251 26 16 125 179 263 120 200 240 188 196 295 161 237 215 249 180 58 116 219 154 127 192 29 290 18 213 155 133
60 118 186 13 73 222 270 53 202 140 10 184 226 292 199 263 210 12 19 169 59
3 16 63 123 158 266 204 245 146 116 119 90 10 67 57 273 42 127 165 167 297 256 147 155 141 88
2 123 224 251 230 72 37 0 61 74 209 86 29 41 221 229 122 124 28 181 130 23 101 179
10 47 90 109 186 119 105 168 163 123 180 79 191 268 29 19 8 143 15 178 154 207 259 85 269
24 166 386 38 249 299 229 194 4 298 125 219 114 174 287 61 142 123 152 28 153 131 145
24 57 95 107 250 284 24 13 295 81 131 214 224 20 285 238 59 180 87 69 57 7 134 243 64 201
199 246 224 158 166 88 137 113 201 82 84 178 266 275 7 217 143 152 170 203 196 87
35 187 229 269 201 112 251 202 245 45 60 89 138 203 33 149 146 158 260 211 167 14 81 186
100 231 296 145 225 254 91 65 47 211 136 207 292 282 69 217 2 3 182 23 98 251 39
27 36 52 150 27 84 204 69 194 94 248 42 263 234 113 210 228 261 73 215 90 221 201 5
8 27 288 64 264 58 166 17 53 11 273 21 276 190 124 191 167 249 136 280 266 299 4 263 117 55 164 170 285 136 271 258 273 210 0 20 53 57 272 96 14 267 121
39 51 143 295 275 42 237 10 37 121 12 287 241 162 130 252 9 246 179 75 186 236 117 191
752 91 219 40 76 68 1 156 147 283 90 88 171 170 286 25 45 216 55 238 96 126
91 105 175 9 258 238 36 288 234 104 271 85 7 74 261 254 177 273 249 244 287 210 101
101 157 267 274 210 250 59 149 236 39 237 14 223 146 130 297 162 17 52 19 222 132 264
104 180 215 123 235 53 181 268 256 116 83 245 99 189 231 2 130 265 264 184 139 129 22
14 99 282 111 251 105 52 126 206 113 82 85 237 129 195 215 125 234 177 276 128 28 232
169 163 30 208 129 197 256 231 166 55 291 104 169 65 222 289 37 99 187 245 159
54 65 184 81 120 220 101 52 73 87 281 272 160 290 201 102 139 142 292 21 38 251 123
12 34 134 251 293 265 284 125 223 291 80 266 43 197 289 250 65 83 249 44 117 109 87 137 1
260 295 81 292 153 85 50 293 43 40 61 20 19 45 72 193 75 38 261 216 274
70 150 197 277 62 281 181 209 66 207 212 131 191 36 216 78 158 13 46 10 2 268 199
263 181 180 204 31 55 126 71 257 246 250 83 138 125 88 289 252 278 268 192 3
143 199 203 42 264 191 201 17 283 16 213 97 33 198 293 223 254 242 105 72 95 108
783 123 225 58 243 112 237 282 99 118 110 214 96 85 7 275 283 44 216 136 263 284 47
32 113 263 177 68 98 101 70 75 248 30 14 24 57 197 221 285 272 161 39 84 11 73
26 138 116 213 261 266 196 293 9 234 282 281 15 190 144 215 92 114 10 170 185 11
4 20 165 262 70 44 209 292 218 0 185 160 130 177 137 278 211 19 55 52 250 244
80 196 273 235 89 51 199 100 216 154 229 43 106 134 117 166 87 281 205 269 295 50
695 795 188 196 14 202 26 140 191 90 103 276 76 203 213 50 57 259 37 268 166 141 190 207
31 153 40 224 4 36 67 165 186 90 220 2 157 93 210 123 97 17 272 280 128 27
47 48 133 164 68 215 292 235 157 288 70 124 126 14 226 296 60 80 2 71 247 111 276 73
4 85 124 139 277 5 237 240 148 154 259 180 35 296 11 104 133 81 267 145 289 239 233 294
795 22 256 294 91 56 94 155 15 193 226 25 286 39 291 13 59 66 203 140 161 167 290 57
11 44 51 85 104 119 158 199 129 77 208 131 250 257 11 242 142 276 30 230 36 57 293 68 50 262 162 70
783 5 33 114 8 281 272 152 199 171 96 233 229 94 292 201 95 76 11 0 231 18 80 26
111 145 210 404 49 140 244 25 143 142 262 211 220 196 53 175 31 111 223 179 255 14 63 6
59 209 231 247 276 225 146 281 230 36 173 84 85 2 135 113 231 287 241 46 66 54 258
213 41 125 199 19 152 209 214 66 156 271 106 269 37 86 297 128 257 12 250 291
933 3 16 114 136 162 194 221 53 1 137 32 18 51 24 121 23 184 199 126 254 172 147 149 193 131
109 195 247 15 63 146 193 166 116 289 265 153 30 181 202 176 118 132 180 255 168 79 221
31 44 102 148 154 213 287 257 56 86 47 12 141 222 232 280 1 239 165 291 136 216 81 283 101 218 195
70 99 165 21 29 38 43 64 69 252 278 78 278 212 785 200 78 785 62 238 785 490 561 408 206 0 291 66 615 117 116 100 78 258 45 204 201 239 156 186 271 175 144 210 223 57 165 152 278 61
118 140 152 248 254 295 112 112 90 194 26 245 43 43 51 50 51 43 990 39 188 24 111 491 96 118
3 282 71 71 49 109 135 109 72 72 119 176 137 271 179 41 31 190 31 23 0 139 92 192 155 201 50 176 76 228 10 188 167 75 271 266 180 278 4 34 277 268
795 114 141 150 205 131 289 58 29 163 97 220 192 271 166 95 217 189 8 257 108 123 93 2 18
21 61 98 101 158 255 276 83 73 86 209 108 244 266 159 92 44 277 265 26 101 234 103 271 6
172 235 285 76 105 58 272 77 51 237 204 212 144 259 139 138 89 196 22 0 109 232 115
53 120 165 200 233 79 221 233 98 274 267 103 267 289 255 15 267 15 167 235 243 226 218 149 61 210 133 228 29 237 211 274 263 260 293 163 212 153 170 120 209 75 117 13 188 65 67 168
85 121 187 211 227 267 110 90 10 212 58 262 196 283 130 223 154 208 261 57 19 220 245 155 215
49 59 103 40 156 50 195 75 65 287 261 172 263 128 69 271 208 80 207 25 115 81
615 114 163 263 56 169 198 265 87 200 74 35 232 150 12 110 299 88 92 258 89 28 163
26 66 180 66 30 10 271 90 45 207 89 294 74 85 57 102 155 21 27 233 161 33
135 218 18 210 50 256 250 184 142 251 100 83 90 8 36 225 41 180 212 281 68 245
783 58 132 88 193 195 469 469 535 187 66 287 137 469 95 490 329 269 446 0 484 408 103 641 8 66
33 173 272 748 748 469 253 31 134 124 748 23 641 117 66 116 446 408 329 490 103 277 0 33 71 54 273 98 91 280 192 293 16 196 156 136 118 189 214 82 2 264 194
72 174 245 200 186 167 84 194 68 268 5 90 76 31 81 275 169 24 265 93 20 295 129
133 151 14 114 212 83 115 252 85 288 100 203 103 178 40 159 245 265 107 210 233
795 11 145 257 1 20 118 199 193 177 193 227 51 54 179 51 179 54 491 39 76 990 157 866 193 173 188 41 144 206 65 188 230 86 99 183 172 9 253 181 187 155 30 108 142 204 256
213 46 200 239 207 113 9 75 46 790 97 252 860 47 5 298 250 154 182 169 130
165 270 271 78 261 258 240 16 134 253 246 9 297 159 204 171 207 8 169 96 29 144 211
75 79 110 292 120 145 53 287 282 136 150 285 186 32 245 174 15 92 61 113 7 93 173 88
134 234 250 101 280 178 263 262 105 293 110 218 117 160 164 188 14 138 92 295 149 234 155
84 105 124 162 247 8 194 770 186 175 175 91 96 164 43 238 191 254 15 44 48 410 177 206 10 74 198 235 35 45 172 158 80 126 167 237 109 19 58 283 12 110 290
259 219 160 276 63 206 109 192 222 46 141 215 54 99 247 137 111 243 17 36 292
38 112 108 274 180 8 246 45 72 240 119 272 200 196 252 153 64 33 124 202 69 131
54 61 96 231 272 79 96 157 264 87 276 236 24 262 298 136 293 243 89 138 124 206 275 187 182
149 266 192 162 238 24 2 294 180 17 169 120 272 96 138 159 130 276 172 131 273 235
10 115 144 260 183 46 72 188 291 118 223 151 9 262 77 31 270 288 263 128 1 266 122 143
5 12 143 261 57 192 231 201 9 47 97 258 265 181 78 117 65 282 76 8 139 83 248 163
44 62 127 247 243 150 181 27 131 134 282 191 60 187 112 64 271 128 211 143 70
127 133 208 227 258 138 189 469 75 212 75 212 694 77 491 112 24 990 188 266 173 5 866 2 157 285 76 4 210 256 15 117 175 22 50 255 211 154 80 275 30 138 162 26 135 198 204
43 44 76 96 33 167 180 229 148 42 191 30 127 176 106 158 220 169 252 293 4 265 232 225
30 116 121 227 59 92 58 286 46 256 160 34 291 245 210 147 13 35 234 200 140 188 247 159
28 62 226 237 75 218 31 19 257 148 94 229 225 172 201 273 287 88 199 204 224 166 162 16
206 260 293 264 239 220 33 66 113 281 5 143 63 258 89 169 228 153 290 101 179 188
30 235 404 134 119 161 26 210 280 238 20 193 180 289 192 31 15 240 114 14 178 8 1
783 13 114 118 135 164 195 74 190 37 145 280 255 176 6 288 202 60 141 7 31 229 24 179 65 198 137
88 147 245 229 58 220 187 170 86 95 162 188 297 62 252 299 217 154 181 279 171 48 273
69 169 13 116 237 247 176 229 255 47 251 45 95 140 258 143 249 105 196 59 245 204
26 98 127 102 222 235 232 17 104 216 30 143 103 167 253 33 178 173 9 31 12 194 248
7 38 273 213 96 3 232 94 140 31 154 121 208 67 245 239 297 186 200 255 23 260 270
98 123 232 51 141 252 247 6 226 55 143 228 231 299 178 264 282 72 118 65 48 275 27
181 17 152 181 150 13 248 119 193 149 10 180 14 107 87 204 247 249 70 108 242
933 31 184 204 37 5 188 150 229 195 144 98 285 153 44 200 206 215 36 121 132 69 276 42
47 56 92 164 172 200 66 288 20 134 113 229 146 64 277 80 65 145 31 292 115 240 99 140 198 279
39 58 64 176 284 46 192 217 186 282 243 12 239 35 135 168 165 253 187 295 151 125 257
78 181 33 170 298 44 48 38 290 43 181 95 267 218 64 257 134 130 29 221 240 280
45 89 296 37 263 88 294 120 174 107 35 145 172 221 126 206 19 41 10 293 248 214 256
98 113 156 176 180 280 84 143 246 142 129 191 248 70 32 55 145 160 252 78 275 77 108 126 10
783 128 164 225 283 78 82 236 151 299 238 191 153 270 89 131 7 28 8 40 109 295 84 169
117 131 150 214 243 255 174 134 247 40 267 41 294 90 136 139 261 160 142 144 77 213 3 279 19
56 170 264 45 289 194 27 162 29 274 17 172 285 90 106 31 196 238 269 56 125 124 216
795 58 226 261 28 42 201 235 210 59 290 39 19 294 287 22 90 129 153 289 113 212
27 39 97 135 190 212 298 213 98 125 150 78 59 215 226 95 105 197 58 129 143 66 21 276 273 71 100
158 240 58 151 128 285 74 0 51 197 47 195 231 193 83 71 144 221 278 201 61 131
910 67 71 222 103 238 17 28 90 5 46 137 195 11 104 46 413 0 294 48 276 923 102 157 877 66 79 278 175 222 177 199 40 88 244 138 249 221 129 234 65 95 206 299 104 200
85 94 93 168 155 202 82 64 255 150 185 159 224 117 112 121 293 98 288 229 149
158 184 203 204 182 132 5 28 37 137 33 11 400 5 137 132 17 217 923 66 294 54 48 146 102 86 127 225 184 136 126 235 135 36 179 79 286 211 84 137 241 63 57 159 178
190 197 260 288 113 189 198 270 251 18 25 26 182 134 241 265 121 221 213 135 103 5 232
35 46 153 287 254 210 52 265 255 262 211 197 251 107 60 229 226 278 36 269 221 209 207
101 209 280 216 155 5 138 413 413 260 413 260 179 269 867 99 110 904 73 96 205 265 100
109 155 126 10 228 276 239 172 42 55 104 143 223 292 287 180 93 199 257 29 254 144
7 69 139 189 212 290 224 191 147 47 221 65 39 212 183 141 256 84 99 132 165 127 298 51 263 186
90 191 269 42 86 206 108 295 36 123 172 218 246 281 127 260 31 57 241 88 27 285
151 260 264 329 404 182 115 45 31 84 235 220 109 193 129 190 177 112 18 162 69 206 100 117 292
2 203 261 155 258 87 148 193 147 179 68 6 85 142 109 122 253 134 202 214 283 99 117
107 112 145 149 217 266 263 297 147 53 57 279 204 240 264 1 119 71 217 100 8 291 80 284 24 214
187 207 292 159 48 95 126 297 102 28 181 63 120 246 78 111 114 99 209 122 225 239 291
817 67 79 152 470 5 615 171 0 49 470 237 49 143 171 129 413 29 163 293 61 13 248 180
64 83 236 185 247 105 237 208 189 121 211 27 127 257 266 42 149 89 181 263 265 9 221
119 176 21 21 106 129 21 49 49 0 224 748 179 134 248 484 222 29 188 163 180 293
276 817 43 233 244 294 428 294 138 236 113 14 113 236 293 278 104 117 206 62 269 116 408 0 484 28 137 264 205 126 221 7 106 2 281 125 128 134 122 152 290 226 231 83 116
278 294 212 86 204 291 127 119 254 150 4 229 163 49 94 199 100 39 122 116 187 189
85 141 178 256 215 155 196 229 3 154 47 219 282 161 220 171 255 46 203 18 160 238 11 143
29 91 129 284 18 63 137 56 51 111 278 241 6 101 32 86 207 136 30 222 81 239 281 226 124 67 263 222 0 66 104 171 134 255 231 169 246 295 102 155 215 237 277 27
144 250 267 285 223 291 231 263 80 297 53 117 169 60 240 239 190 290 276 111 118 251 32 206
158 30 120 200 234 611 992 661 661 661 992 985 470 255 111 255 94 216 328 19 895 840 97 14 9 66 248 20 63 72 33 61 122 99 214 80 52 94 251 24 179 257 118 277 176
232 256 222 133 48 40 63 111 22 221 276 99 261 258 269 44 220 223 42 154 104 214
144 194 5 6 85 294 800 222 464 612 124 612 495 820 323 464 1 210 985 84 14 58 874 657 105 54 110 0 50 127 230 131 204 237 187 36 274 171 214 284 149 251 174 235 75 88
12 227 266 85 237 60 181 136 161 149 50 49 275 287 252 248 123 184 104 230 164 151 218
783 188 248 272 223 269 69 41 238 47 7 239 259 261 268 279 144 143 299 136 107 12 33 65
54 250 159 275 176 294 174 63 239 95 231 247 212 234 93 263 280 98 23 67 169 4
4 83 102 195 53 240 220 184 6 164 262 297 40 19 256 129 275 5 139 127 222 112 27 49
34 84 133 210 251 258 222 258 281 427 578 59 59 305 255 59 749 334 367 660 152 818 248 259 281 625 692 642 350 41 201 282 122 134 270 61 154 273 289 212 57 202 54 249 34 182 214 247 70
15 54 65 116 144 235 252 56 251 25 68 277 133 170 149 144 245 16 171 108 9 200 194 92 87 195 267
282 123 147 247 228 286 62 245 207 72 109 14 24 234 156 271 66 40 183 166 164
38 73 199 174 73 239 190 80 19 135 102 188 284 213 104 154 162 247 203 281 206 262 146
910 82 619 201 201 86 619 82 772 201 232 243 17 226 282 586 226 158 924 39 109 62 217 285 236 63 208 254 292 273 96 114 117 18 82 291 182 28 102 123 126
182 227 237 265 256 12 277 67 236 275 110 43 264 179 203 56 30 202 6 88 87 107 118 147
