39 60 269 270 285 297 799 790 367 578 389 239 188 672 55 62 351 506 17 472 254 247 630 350 977 856
4 7 90 104 179 194 243 799 790 367 578 389 239 188 672 55 62 351 506 17 472 254 247 630 350 977 856
754 29 176 226 342 12 280 41 32 192 84 201 52 174 229 128 246 162 104 251 13 67 110 295 266
222 6 331 66 253 395 548 66 581 502 290 151 86 996 446 331 29 29 425 822 502
3 77 178 181 247 153 299 804 831 148 691 469 491 799 250 473 218 826 29 184 799 236 236 2 255 255 33 220 255 33 13 180 255 151 47 292 749 410 512 183 154 394 153 111 735
29 64 111 272 218 72 15 145 104 204 203 17 274 16 220 275 240 147 135 200 291 85 118 249
121 342 114 136 184 202 209 158 267 281 14 201 209 241 8 799 218 42 473 269 291 491 150 292 799 241 222 8 236 253 251 237 15 155 294 233 185 113 125 229 135 261 292 235 102 14
863 99 275 201 50 104 96 231 126 255 125 59 142 123 256 247 8 13 65 24 79 266 291
120 222 397 298 115 14 277 146 101 224 182 49 270 161 290 263 95 190 143 47 245 254 50
85 348 81 286 262 134 188 51 87 183 83 196 10 202 228 84 223 33 243 174 16 74
225 268 95 47 195 200 112 288 35 53 19 129 140 211 234 73 264 105 11 32 69 173
155 293 119 22 264 35 148 67 239 246 115 109 76 186 44 258 183 188 164 238 130 110
109 271 83 225 34 123 74 251 242 82 276 233 275 125 55 4 146 210 35 113 250 10
88 97 271 32 155 290 165 14 198 206 52 187 89 268 224 262 223 1 107 73 199 159 99 254 74 43 260 26 46 214 264 70 52 253 180 256 213 67 238 153 108 12 105
190 203 33 76 153 149 115 69 17 77 232 294 43 250 52 142 275 38 54 195 148 282
18 120 225 135 96 139 293 257 244 97 268 243 271 194 204 33 233 196 221 51 109
57 97 107 181 232 517 270 280 280 25 122 0 67 231 82 178 174 295 265 28 222 938 286 124 157 259 56 173 3 120 154 27 188 26 189 234 93 229 84 25 179 273 286 139 152 290
32 58 90 152 294 3 165 186 110 85 235 40 151 183 7 198 270 90 174 206 33 212 135 224 284
252 287 36 248 280 277 131 192 150 253 230 225 293 136 144 74 209 77 228 269 273
17 138 43 237 185 28 140 244 282 186 61 165 144 50 56 260 287 197 136 241 14
163 249 15 11 98 2 240 113 183 52 97 104 180 239 251 114 4 131 147 290 170 73
227 98 3 280 62 279 193 138 78 108 200 157 263 36 155 69 16 70 73 117 184
33 45 64 222 99 123 84 6 256 153 44 199 297 254 299 198 213 110 16 275 190 186 295 20
40 46 239 257 288 266 147 102 200 224 176 225 19 73 14 160 89 161 150 29 242 68 63 294 291
51 87 71 299 3 222 40 28 112 196 170 48 204 286 89 148 150 260 145 131 161 275
265 268 270 196 98 266 194 249 276 223 85 283 170 137 62 210 282 247 267 123 41 14
68 190 80 273 242 64 202 143 289 236 98 21 85 103 68 153 219 31 104 46 278 141
10 252 285 227 180 247 149 260 96 26 101 22 253 293 231 42 212 220 30 262 210 217
53 151 181 52 182 251 167 215 140 232 236 232 215 215 106 122 285 754 175 291 10 237 293 235 407 230 268 19 229 13 234 216 198 143 133 15 247 179 107 91 35 245 134 157 148 138
177 231 94 277 116 256 58 95 134 280 198 245 68 103 243 38 215 272 115 264 78 206
279 194 172 89 246 42 278 299 140 139 13 292 5 275 263 18 160 260 211 156 109
10 69 125 181 203 240 97 38 35 161 233 279 93 215 129 260 92 235 62 144 221 68 289 27 64 200
60 144 226 246 271 120 149 169 150 93 155 246 89 66 147 116 181 265 262 49 264 90 11 4 110
53 210 215 253 291 297 222 209 253 277 241 122 225 137 45 211 121 1 160 261 86 227 126 36 266 284
23 181 182 194 142 242 207 229 135 158 217 289 102 262 124 151 178 19 50 26 91 115 236 279
24 57 92 188 231 68 15 39 260 128 263 146 104 241 254 83 74 283 265 257 169 175 6 214
257 295 201 240 107 198 14 241 247 72 197 95 118 41 232 104 282 245 176 148 1 251
200 296 264 119 191 186 53 167 72 105 242 126 245 227 175 271 295 142 287 88 230 235
59 103 142 182 202 131 167 3 145 165 279 259 154 8 260 249 113 277 262 21 129 11 80 82 184
238 276 55 10 249 241 204 40 80 287 288 116 263 221 72 127 119 283 146 38 224
19 79 92 93 179 240 246 174 74 37 257 81 276 196 150 182 156 248 1 234 88 169 106 64 265 159 255
125 181 202 270 195 122 273 229 20 177 192 188 100 25 98 85 26 5 119 240 107 279 185 82
4 46 65 114 250 262 270 153 167 244 183 2 179 243 128 190 69 131 31 42 277 30 229 251 135 38 162
112 201 218 234 82 87 38 204 230 164 291 280 118 184 171 84 141 121 190 233 270 98 174 239
95 141 207 146 136 34 259 215 61 273 148 179 17 152 241 99 126 206 182 38 162 257 276
108 178 209 90 231 57 217 246 19 244 186 33 181 75 111 105 250 64 85 223 51 119 17
31 42 64 132 163 180 183 246 51 132 42 270 179 18 30 193 31 176 186 267 293 249 154 255 181 47 224 212
133 252 255 258 272 290 275 257 14 162 251 113 101 87 142 86 265 158 170 178 236 165 126 96 114 24
121 248 222 219 38 61 127 31 208 279 75 229 94 200 116 22 168 11 45 253 245 15
219 244 228 6 151 116 128 14 285 279 122 188 126 136 162 263 106 54 144 150 120
50 79 145 266 151 57 38 111 185 195 49 279 85 17 192 225 72 143 87 11 135 259 153 220
126 224 272 292 136 69 39 97 72 205 274 58 233 97 73 224 171 201 945 239 59 164 256
181 247 1 197 106 255 268 136 239 161 166 92 42 43 145 265 233 195 120 10 184 135
38 102 177 267 21 278 220 173 87 288 0 37 100 34 228 171 230 47 298 168 264 213 239 259
6 282 212 47 51 110 203 49 178 141 104 133 177 35 71 271 284 24 179 277 143
11 136 191 229 239 230 83 55 254 178 2 107 229 140 76 120 32 290 225 217 155 228 166 204 144
46 133 190 271 206 103 113 135 96 156 238 5 55 36 86 203 110 166 185 267 296 121 9 190
8 34 60 108 181 188 126 143 141 188 102 3 279 297 254 86 167 80 153 87 46 187 273 240 57 48
26 168 191 27 53 19 223 72 246 89 164 299 88 126 14 58 297 270 12 158 177 181 36
28 221 39 196 79 297 278 268 232 115 58 55 158 56 221 66 154 75 169 108 170 218
2 170 225 253 73 30 131 49 136 59 42 115 28 215 67 85 196 149 111 210 71 7 217 13
60 226 204 245 257 143 157 32 297 247 159 281 182 295 288 156 219 267 29 284 255 241
92 134 241 17 145 162 138 83 104 184 215 48 175 113 212 204 79 224 255 183 241 98 187
101 233 0 292 84 210 197 222 36 38 248 10 134 285 74 199 202 200 209 28 2 240
299 297 36 53 233 192 115 25 206 274 34 60 242 101 74 10 197 153 179 166 148
21 122 253 258 288 29 105 286 122 193 173 20 135 210 50 24 289 66 297 125 27 13 107 82 19
15 64 76 239 263 66 225 113 284 81 216 42 235 85 214 107 186 37 266 189 196 162 88 65 206
56 92 133 231 193 218 205 200 59 60 249 136 42 91 245 256 117 47 67 279 167 214 296 85
95 213 259 185 269 184 224 92 169 266 86 161 250 119 204 153 242 1 46 275 172 85 142
46 84 89 109 142 180 199 272 70 241 212 282 283 194 140 195 220 109 128 152 66 114 102 93 133 55 50 11
41 101 141 270 243 105 236 128 134 286 97 199 196 186 127 265 40 205 214 141 115 6 285 14
4 40 215 239 287 296 244 131 211 94 214 78 122 57 152 159 124 3 106 251 295 157 84 293
24 25 83 102 112 237 259 263 141 271 129 123 72 243 63 96 65 279 233 251 138 111 80 209 12 283
112 256 275 132 11 204 274 208 231 144 296 5 26 157 2 266 213 129 114 187 94
73 184 222 227 43 19 197 138 288 76 242 72 275 82 229 168 126 157 165 109 232 41 69 4
53 205 79 121 288 132 50 23 201 291 47 258 55 154 207 21 27 243 30 242 44 270
78 153 186 12 6 51 233 237 228 203 209 63 284 298 79 77 289 62 183 13 157 30 259
47 91 159 243 269 229 291 173 289 100 172 40 11 127 157 218 274 30 166 90 121 282 46 27 101
47 70 100 154 222 248 210 271 151 21 169 43 107 173 134 276 114 253 154 170 289 191 4 37 53 64
60 84 131 133 145 132 196 50 259 203 59 162 47 172 41 96 229 91 201 20 38 34 35 213 285
8 224 256 150 119 160 114 267 135 156 77 233 145 93 244 279 199 55 89 12 80 250 99
74 114 180 271 30 102 159 162 264 45 261 205 129 277 20 85 126 92 166 53 298 183 287 6
48 103 145 129 70 248 151 100 291 95 31 36 82 92 73 246 288 282 139 39 42 169
35 124 126 295 296 113 10 17 269 167 92 104 200 71 241 94 106 138 74 63 58 261 126 11 57 247 171 124 145 96 270 272 147 129 34 292 44 244 14 64 155 20 149 58 179
19 95 155 214 239 287 37 135 88 20 19 199 3 244 168 151 229 127 204 287 138 203 47 224 290 171
5 20 53 83 163 289 277 44 247 239 148 214 25 54 243 81 210 143 229 224 241 283 203 197 251
174 242 77 18 26 190 69 44 143 233 242 32 165 157 76 14 128 225 91 10 151 89
16 234 243 179 197 55 45 75 102 36 174 63 203 260 221 280 245 191 216 92 3 127 47
50 59 93 179 63 81 206 298 156 272 70 190 268 282 75 85 279 293 55 32 56 157 231 114
121 51 88 6 151 37 182 178 2 43 42 148 115 81 157 128 33 193 90 25 174 286 71 76 171 126 145 18 38 102 136 80 179 256 105 28 197 2 223 158 243
146 295 93 202 292 143 243 285 20 5 204 294 107 115 255 183 1 238 111 288 91 58
7 265 55 139 201 195 18 61 90 170 96 155 12 244 223 240 282 193 269 1 146 224
68 110 120 230 246 273 39 263 280 107 155 57 219 200 68 66 137 190 299 288 145 48 100 16 44 62
78 176 219 106 278 82 117 27 185 229 167 198 293 98 23 292 75 21 132 62 93 247 59
99 179 94 195 13 154 161 38 193 134 289 44 206 102 183 96 268 81 236 9 261 90
53 268 112 159 176 104 133 164 140 283 188 217 1 3 287 10 8 275 37 75 288 193
125 262 264 268 52 198 81 79 165 242 71 178 60 182 221 88 158 135 110 41 205 210 226
1 54 67 284 128 238 240 68 224 108 178 2 28 93 160 236 192 141 256 208 285 38 84 90
127 97 178 45 112 3 76 209 288 30 196 235 215 8 24 122 255 182 247 202 171
4 80 296 273 63 38 231 79 185 64 278 239 228 267 196 17 37 243 182 292 81
14 192 215 291 279 183 234 252 140 96 139 152 203 221 17 265 250 107 236 283 132 296 126 194
283 33 161 278 58 106 90 227 279 89 247 208 12 114 91 43 115 285 100 49 69
88 110 152 202 5 122 156 208 63 130 265 137 280 18 212 255 203 12 231 69 131 48 281 128
37 243 42 212 36 130 291 263 78 102 184 261 157 256 246 7 260 92 176 205 76
71 283 48 214 204 185 154 139 246 61 171 225 167 145 144 256 35 37 249 280 10 95
46 256 296 224 289 179 140 108 205 33 178 119 293 138 91 284 156 103 65 191 116 85 200
16 19 41 123 147 207 20 37 88 65 2 108 16 49 48 203 239 42 257 232 137 254
36 69 148 178 185 238 163 1 130 168 50 126 53 82 241 110 10 266 128 116 207 42 138 195 249
12 135 253 55 283 278 139 265 289 176 28 204 23 170 111 217 168 60 72 229 258 5 189
32 37 182 228 294 263 91 49 119 148 52 79 276 87 43 39 154 281 4 294 112 245 99 83 219
89 156 212 259 80 23 123 176 83 213 207 84 86 41 238 7 34 85 79 229 255 280 92
14 19 209 210 252 18 90 154 86 124 270 192 54 197 212 151 169 139 238 185 260 103 134 107 246
123 240 276 277 156 184 183 204 5 117 143 27 40 229 213 253 259 185 260 205 131 230 17 86
138 148 149 157 189 193 228 234 165 764 106 14 277 53 106 106 19 764 171 59 297 945 73 274 607 164 233 963
289 9 254 7 225 204 188 42 295 287 120 134 255 14 194 133 265 243 205 142 252
123 154 287 281 128 44 261 103 115 142 74 204 124 77 245 210 295 71 9 257 167 6 112 111 36 71 79 251 289 40 97 101 61 83 102 31 108 298 194 184 9 90 87
13 107 254 282 160 11 57 86 19 241 276 30 52 96 238 197 178 248 50 127 136 101 6
15 46 76 133 90 294 255 295 66 18 14 30 98 293 191 20 47 119 39 8 242 154 174 86
204 288 299 227 247 143 125 57 29 147 122 37 246 274 231 161 110 109 296 20 288 278 280
0 19 63 95 179 189 279 287 186 259 96 42 0 30 6 241 252 116 210 44 211 40 184 81 231 138 19 94
89 73 93 28 76 62 115 72 124 89 190 199 194 198 184 18 74 183 63 94 135
100 105 172 217 74 117 12 235 8 24 200 230 215 79 141 144 155 100 7 246 153 64 55 239
147 43 248 269 140 64 32 266 139 51 131 188 15 211 44 88 25 290 81 60 26
8 21 24 50 51 191 281 92 29 84 279 237 288 113 193 80 270 97 217 160 28 103 289 25 66 248 262
38 58 142 38 2 44 88 69 54 289 206 14 248 298 210 152 35 15 168 66 108 34 225
66 146 202 285 115 266 295 209 136 292 62 148 144 46 195 255 99 153 290 96 185 224 119 275
83 229 277 278 115 202 45 94 190 232 15 243 138 99 155 291 74 176 233 167 84 166 77 265
41 71 84 129 221 299 139 83 240 272 181 273 151 29 89 257 229 81 78 288 116 219 72 40 159
156 233 283 23 9 296 65 23 23 175 9 224 171 123 607 274 73 963 945 59 236 233 164
35 46 86 277 191 56 140 93 58 252 179 59 45 294 284 169 83 195 87 112 111 225 2 73
225 226 249 129 293 117 35 275 44 11 10 239 286 73 185 114 282 167 100 254 149 291 14
67 200 236 84 192 83 265 189 273 298 119 293 35 254 143 21 299 79 45 138 232 125
60 77 282 245 223 3 205 261 33 180 153 185 114 192 289 117 116 206 58 158 15 272 42
35 109 261 43 139 254 33 71 275 234 269 204 30 201 146 37 185 285 227 155 86 247 299
75 158 209 215 125 178 64 169 79 90 208 187 282 108 227 142 91 82 174 139 110 293 240 22
22 50 32 6 57 235 122 174 34 86 291 251 44 262 36 191 116 178 7 207 38 210
224 250 289 225 254 222 250 84 170 242 90 246 42 124 192 123 187 145 100 3 40 293
64 183 199 280 82 259 70 124 30 60 62 222 291 128 126 172 119 139 64 22 289 210
52 186 113 260 251 158 207 274 198 295 229 257 136 38 291 28 256 215 35 187 224 165
74 132 126 84 204 3 208 71 22 214 88 64 33 96 258 150 212 187 10 54 18
29 154 190 266 152 273 271 48 74 231 290 104 171 164 115 205 102 49 52 54 163 199 39
101 221 263 41 82 5 63 19 261 189 248 57 148 55 218 38 112 259 257 103 153 59
37 50 189 98 37 115 109 274 76 199 118 106 172 178 218 227 223 166 130 54 287
39 220 38 28 26 54 232 87 8 162 20 144 120 45 89 294 299 35 169 147 59 248
0 210 51 112 231 295 139 9 97 12 116 148 205 171 79 178 48 55 189 59 72 259
11 33 31 200 279 84 266 52 227 67 49 198 18 179 141 291 209 135 225 101 85 3
48 96 271 142 164 83 9 230 195 6 119 17 146 270 103 254 97 2 267 244 245 187
131 249 274 285 195 29 107 798 195 148 29 29 551 551 482 926 175 211 199 215 253 281 320 476
72 222 217 105 201 294 238 22 79 203 0 40 107 176 194 251 262 61 64 51 264 83
2 25 149 161 285 269 264 230 502 139 16 158 57 268 139 134 81 297 55 963 224 171 201 233 274
128 192 18 234 18 247 234 211 771 323 121 771 211 18 53 283 211 143 213 208 637 3 197 299 285 5 8 169 257 31 269 182 187 69 154 75 110 231 288 225 207 166
5 35 142 227 292 485 241 241 93 81 73 44 292 99 257 242 228 133 94 62 696 203 198 31
13 26 159 249 188 272 292 117 42 213 46 148 99 77 55 240 159 190 269 6 267 218 182 266
171 38 0 165 33 132 114 184 202 6 151 186 178 52 238 275 42 220 70 61 129
86 114 135 251 68 21 282 161 277 264 234 241 217 34 215 71 191 54 177 245 293 39 164 154
24 93 268 137 162 272 300 134 180 131 546 225 5 134 191 248 183 215 247 960 271 272 153 74 636 31 248 168 4 109 246 50 273 1 247 279 254 225 94 291 243 71 129 201 130 255 19
97 102 135 137 181 189 300 485 56 71 80 106 120 162 219 129 77 298 28 238 74 260 39 51 174 141 22 270
19 56 64 80 115 255 275 244 77 207 151 87 117 181 120 121 235 271 294 10 224 150 253 202 148 276 250
105 135 184 208 267 205 41 281 299 190 211 288 32 123 113 231 100 198 107 224 223 261 181 80 3
91 123 172 10 291 124 117 210 154 214 232 229 185 287 267 7 205 239 234 201 73
229 276 134 151 162 192 204 65 65 459 245 65 309 125 203 459 235 293 198 106 754 230 761 74 125 717 237 244 157 150 88 293 6 64 240 296 34 126 267 89 286 117 292 99 50 105 91
212 264 191 33 255 184 224 54 228 256 196 173 238 293 146 203 154 258 85 144 240 239
40 158 259 268 242 253 28 229 220 195 290 109 69 5 136 285 206 89 134 165 53 292 45
93 292 546 122 139 219 239 267 252 67 290 232 230 295 216 252 67 53 3 79 637 102 213 203 362 211 283 223 236 266 294 254 115 155 276 199 32 297 298 79 127 75 131 230 192 168 238 69
960 194 499 651 33 296 109 18 219 651 14 559 161 254 255 179 83 46 105 124 298 90 284
84 102 182 243 221 117 269 236 65 106 23 22 33 103 210 275 170 32 237 190 25 287 20 77
733 154 183 281 293 32 246 265 182 960 270 182 146 182 110 110 18 146 270 717 293 761 72 271 960 237 230 235 46 174 46 6 299 46 299 557 299 174 551 40 148 59 5 106 93 275 43 931
105 124 171 299 88 247 150 272 90 51 244 21 205 250 158 178 265 134 165 240 216 41 179 287
13 72 191 202 7 77 508 739 671 77 381 928 408 35 130 478 101 510 244 479 986 225 226 133
99 31 162 265 150 186 81 158 262 120 274 251 42 15 73 213 69 3 87 177 269
190 217 192 126 158 229 53 213 293 101 272 173 255 23 125 131 121 231 70 46 20
733 138 171 274 284 212 350 207 362 350 350 362 256 207 350 86 86 207 93 14 53 92 99 129 563 46 95 75 189 131 44 206 241 61 103 193 85 291 207 298 247 81 146 242 88 77
24 96 124 167 209 228 149 430 269 209 347 157 309 350 350 157 149 157 677 764 262 284 75 106 749 710
27 159 178 239 293 659 109 236 959 362 62 334 427 256 427 749 427 586 256 749 123 404 824 14 563 53 10 62 79 14 80 63 79 11 23 243 241 136 209 204 88 209 116 28 68 449 176 241
5 13 21 252 270 297 51 92 228 206 107 268 65 210 31 196 218 243 143 246 100 289 54 247 236 279
189 2 156 247 176 688 81 649 109 649 109 176 890 62 612 986 62 99 123 112 93 245 92 53 149 102 163 259 141 113 202 218 168 70 52 82 215 160 226 239 17 145 3 22
55 75 73 105 109 160 56 510 395 56 381 510 395 106 0 395 193 80 167 151 36 537 178 932 12 213
14 126 225 245 513 858 846 677 79 677 513 188 846 844 858 79 212 77 248 45 45 174 173 595 62 128 81 127 265 64 209 187 29 48 154 149 160 223 183 239 151 17 38 112
171 136 18 2 277 14 58 213 95 196 249 120 191 135 65 41 299 108 186 133 161
44 83 122 176 125 495 504 223 617 507 151 495 37 648 821 219 188 266 96 2 502 422 49 468 829 205 218 829 84 138 639 218 56 269 482 863 156 281 606 77 215 476 602 80
