78 62 72 174 188 92 182 246 614 623 457 105 168 922 763 167 428 602 331 325 598 69 138 463 797 188 941 792 40 30 20 86 199 31 250 108 281 276 158 156 123 237 39 83 284 5 269 255
95 561 107 461 817 752 102 82 540 92 134 82 255 561 209 16 398 499 102 407 633
68 210 215 226 281 38 210 61 3 77 152 278 189 209 122 296 43 129 16 60 166 165
29 76 103 198 292 108 221 212 162 80 80 221 590 23 70 70 156 167 213 222 346 109 532 129 502
96 133 289 123 50 226 66 121 146 56 130 275 91 210 182 16 62 197 27 68 32 162 206
181 290 216 298 18 142 274 257 147 219 266 44 16 174 64 73 248 126 84 196 246 3
138 25 258 46 132 186 128 190 56 229 255 241 292 113 157 103 134 239 122 77 164
34 292 30 273 222 285 243 89 64 203 14 28 41 252 158 87 206 82 294 140 50 40
47 130 206 213 235 255 265 225 86 0 164 182 114 32 197 19 149 240 79 148 260 261 229 67 190 192 290 44 122 57 242 186 113 23 53 228 139 18 46 286 115 163 80 153 36 12
94 110 31 47 137 288 278 167 191 175 232 136 171 130 289 183 42 83 189 235 17 241
11 25 38 124 166 269 187 99 47 249 219 109 20 97 100 59 178 116 45 81 185 245 22 156 38 293
165 47 129 36 125 131 14 68 241 185 236 159 232 190 257 117 164 191 197 22 243
30 59 122 135 112 61 93 203 104 241 77 85 55 216 151 183 78 136 118 87 167 211 133 92
121 146 296 184 8 253 2 145 182 153 100 70 25 215 74 10 258 140 147 32 210
208 213 241 96 237 152 209 95 274 220 48 135 114 211 255 194 43 139 156 110 13 230 202
97 175 182 250 147 164 202 33 141 120 78 80 213 52 130 113 73 65 69 188 172 227 236 91
31 44 96 105 286 122 203 159 112 197 226 36 283 239 209 79 175 202 108 227 94 213 90 274 150
101 149 220 28 257 232 89 32 177 22 136 44 135 8 62 169 238 86 49 63 278 102 87
35 8 289 98 42 95 296 164 138 12 278 185 154 4 20 225 213 34 116 274 15
173 203 207 176 184 180 276 291 283 23 106 97 18 84 211 215 135 193 202 149 194 201 182
22 165 216 86 196 98 122 184 17 123 216 124 288 205 290 115 89 233 60 105 137 138 13
25 29 198 264 118 128 272 120 47 191 211 197 144 60 3 212 21 130 179 11 260 52 123 76
10 87 209 282 0 71 174 32 292 9 161 40 83 100 2 199 44 6 74 119 75 197 289 246
110 199 246 292 255 271 257 226 296 91 14 143 59 90 241 39 287 274 60 209 200 74 214 50
83 146 293 160 203 208 123 246 193 131 158 179 281 139 213 128 74 240 154 248 40 282 273
42 86 147 30 276 115 252 108 152 64 187 6 80 82 245 58 256 167 84 284 139 227 160
172 92 224 193 70 184 129 171 28 69 58 14 25 30 135 274 216 233 77 206 2
173 222 238 276 36 53 0 292 181 220 139 108 103 239 249 241 76 188 60 81 129
275 287 270 53 237 254 167 5 47 179 281 74 226 6 161 110 114 293 131 277 150 236
4 158 245 192 155 166 145 172 159 142 197 109 260 164 165 168 44 289 39 85 12 135 138 131 8 125 273 101 128 121 179 104 99 211 62 160 149 189 190 70 56 216 138
47 121 91 238 82 130 32 50 34 79 26 254 282 164 110 210 240 235 62 273 277 96
205 295 105 63 278 293 150 282 90 43 5 9 132 184 55 101 271 62 283 237 232 45
21 48 92 202 218 119 78 34 242 167 46 43 81 105 134 22 75 67 129 278 148 160 251 26 252
44 30 252 67 214 288 43 210 51 263 235 245 236 260 39 113 185 257 204 135 223
27 195 246 204 255 259 105 145 47 24 277 297 75 115 38 278 296 234 39 252 60 137 281
46 140 251 264 297 82 84 266 75 25 87 33 129 147 220 95 160 199 285 53 101 247 249 149 167
175 118 72 268 101 279 107 194 253 30 270 288 95 40 193 171 191 239 208 260 25
65 94 136 141 269 181 224 97 244 186 188 110 163 189 221 197 218 122 134 114 3 88 239 290
58 214 13 7 0 174 201 291 239 108 198 8 233 44 208 159 203 1 87 51 259 236
125 139 184 33 25 171 270 90 91 44 18 219 54 290 191 257 53 226 148 277 168 263
6 146 40 162 2 158 53 258 193 114 236 166 118 23 242 67 46 98 86 152 238 168
26 139 227 272 164 115 217 116 191 10 165 5 39 282 296 28 237 265 176 298 215 246 147 8
201 217 221 82 188 247 68 280 272 22 7 118 95 283 12 116 134 41 214 194 181 163 4
123 225 142 248 154 63 278 103 216 187 270 71 289 168 179 246 121 160 91 49 107 64
51 72 213 168 120 138 31 168 93 280 36 179 133 88 705 235 329 601 278 207 223 38 207
122 159 202 26 83 286 286 14 232 201 232 147 143 285 83 167 858 253 652 733 705 209 401
97 192 268 242 189 204 63 287 27 118 144 64 180 291 104 151 16 9 18 132 175 163 122
35 70 92 623 119 623 119 252 270 250 284 0 163 224 179 222 170 13 484 30 748 61 180
84 280 251 105 260 60 277 19 163 88 87 24 154 54 115 246 27 257 557 72 21 187
130 189 251 39 54 284 10 3 3 262 209 733 253 858 106 285 143 147 83 652 134
56 144 21 48 32 224 184 102 92 88 218 216 78 234 61 295 194 24 85 181 146 225
1 82 294 0 228 0 2 269 113 144 235 223 278 207 237 38 207 329 648 102 4 88
13 33 148 193 198 232 52 183 1 186 203 265 14 138 166 136 13 220 168 255 239 279 205 70 54 285
18 186 192 195 234 73 32 288 59 208 18 148 123 27 277 41 112 221 218 17 238 10 204 25
104 107 177 222 264 106 63 194 22 276 4 171 256 48 253 115 221 159 79 289 216 93 73 215 110
69 103 131 165 104 90 160 251 211 19 117 220 159 118 147 100 216 294 131 120 72 111 232 64
8 81 82 185 250 5 121 127 29 67 17 198 92 243 206 274 209 2 118 110 125 160 259 3 93
74 177 13 55 248 183 116 44 140 47 1 91 0 219 5 230 93 270 131 212 216
105 178 74 168 205 216 235 95 193 88 143 138 214 203 154 239 273 49 290 184 63 162
176 204 92 269 142 192 279 205 166 95 106 17 18 117 177 52 224 114 264 278 10 90
11 196 260 165 142 5 235 287 199 62 95 90 275 39 249 280 141 262 168 288 225 46 93
57 205 277 33 271 65 255 222 12 115 95 259 75 127 227 77 245 121 162 221 147 241
101 202 218 269 246 47 138 33 3 263 2 215 125 231 190 209 27 249 84 194 142 238 273
24 69 224 191 226 179 272 291 284 1 99 41 111 244 294 279 55 157 257 153 35 265
58 84 166 259 65 37 27 20 163 252 54 27 163 140 65 269 409 291 276 216 253 292 188 106
185 192 194 159 92 101 3 220 7 88 140 78 192 61 274 73 281 19 55 228 259 114 157
110 107 83 53 272 274 119 57 217 246 104 262 180 49 290 249 281 209 179 34 225 164 208 45 32 201 87 165 81 292 42 648 179 102 88 207 207 4 601 133 329
28 181 247 273 192 84 226 171 255 85 118 72 158 201 53 239 92 157 250 11 259 185
18 166 234 171 86 161 92 160 12 20 74 97 195 14 144 18 252 42 88 8 87 118
46 73 241 143 102 244 132 102 16 105 734 122 5 239 172 52 8 30 274 204 277 34 434
181 196 109 123 62 161 38 253 133 153 197 148 258 187 175 217 228 194 60 3 255 291
25 239 193 210 225 283 286 201 124 156 287 251 20 178 65 3 76 47 5 263 31
173 242 165 116 57 267 273 79 132 33 238 253 296 245 7 125 221 210 130 270 285 2
225 95 67 198 129 183 277 261 13 51 285 228 212 55 191 257 30 111 1 219 214
39 98 219 288 105 271 250 90 9 62 204 114 13 61 91 268 157 291 206 225 234 191 37 21
83 211 257 271 286 288 287 144 162 289 152 57 39 73 49 90 111 61 55 273 197 2 75 170 219
16 41 94 204 286 20 252 17 292 119 20 207 180 207 601 133 329 648 38 278 102 4 237 179
260 282 174 126 85 69 134 35 90 195 236 72 77 114 79 55 129 105 287 0 156 272
231 296 178 118 4 258 23 192 164 242 33 17 260 751 144 101 292 36 11 243 145 168
8 69 103 289 198 236 299 80 46 141 267 245 95 274 85 156 181 255 285 23 233 67 86 289
40 277 59 172 206 130 194 138 141 206 67 292 120 106 289 79 269 216 41 253 648 172
50 79 119 191 101 290 241 241 96 101 107 286 101 107 241 237 182 135 166 36 824 145 440 132
60 169 21 209 252 271 21 252 271 237 267 135 109 242 194 198 26 810 228 6 24 263
63 95 203 263 243 279 288 75 32 43 221 141 298 187 166 69 79 183 78 270 212 123 223
5 280 927 59 88 220 270 162 38 142 377 59 210 510 71 25 195 224 246 157 13 25
103 148 221 270 271 187 156 153 87 113 28 9 75 149 31 252 92 98 74 70 0 16 45 289 111
49 100 157 242 289 222 227 135 13 209 66 3 49 20 255 83 276 145 284 289 144 78 57 265 260
70 117 275 75 254 289 242 100 68 41 153 74 67 124 295 208 240 91 193 268 285 40 262
111 166 218 73 107 176 254 125 195 21 36 197 153 276 172 129 66 257 149 4 24 147 247
76 285 0 88 201 286 31 255 160 136 21 273 203 238 96 146 218 250 33 44 293 50
163 147 130 3 19 130 278 290 130 3 134 193 244 175 93 218 63 195 252 81 697
182 286 213 243 160 213 214 255 160 255 255 243 733 343 262 147 167 345 652 209 401 134
94 109 666 178 108 171 259 190 35 128 166 289 122 77 63 225 42 223 229 147 270 51 138
32 66 174 108 241 68 30 140 286 297 196 87 287 33 9 147 232 13 189 12 230 52 187
8 45 100 106 162 232 89 176 215 171 239 198 150 110 143 59 180 109 249 273 299 34 290 148
8 173 278 279 287 193 191 248 5 190 34 255 81 52 287 120 77 264 14 89 174 6 56 17 115
48 57 80 104 144 206 175 8 80 353 353 270 175 353 252 175 116 249 539 249 170 418 181 205 12 275
70 159 92 109 118 237 192 198 59 159 276 245 64 138 294 180 26 184 124 256 39 173
88 128 243 200 29 86 67 229 65 158 148 104 168 256 125 141 281 239 276 144 261 81
270 148 100 159 75 280 202 73 111 162 253 5 242 53 230 2 95 287 263 4 28
65 87 157 182 182 115 186 264 14 165 246 97 141 147 112 150 7 87 58 13 177 176 145 148
30 62 112 232 262 167 244 265 247 107 265 249 184 244 167 153 74 11 70 126 90 73 145 168 846
167 216 276 129 7 77 75 192 244 170 28 218 184 41 134 273 30 113 69 226 207 117 3
21 23 197 207 288 623 272 91 253 283 51 17 186 33 28 136 143 236 232 56 167 224 201 243 215 13
51 186 35 135 52 100 9 211 254 78 0 257 136 22 122 285 63 20 66 299 49
148 224 284 27 182 73 42 218 30 263 129 198 164 14 213 234 196 280 245 287 140 167 235 73 97 178 246 104 249 291 189 228 113 47 70 215 268 7 68 137 114 218 261 20 183 236 146 95 18 83 79 153 108 216 273 69 159 24 289 250 237 113 13
74 136 163 254 267 40 228 241 144 159 94 265 41 184 30 274 15 59 237 101 130 206 164 294 269
26 119 120 131 116 189 283 287 167 237 173 239 119 28 94 121 83 54 32 195 69 19 180 279
65 96 160 261 298 288 295 124 149 242 84 76 247 42 130 89 144 150 292 70 147 54 186 138
117 286 68 68 105 96 234 227 121 203 152 846 144 751 243 11 126 145 292 21 246 73
208 282 290 290 53 291 89 18 14 138 163 250 298 6 234 101 148 204 2 144 71 262 196
3 73 83 111 211 1 27 241 48 103 101 203 232 192 132 177 161 238 207 252 199 271 84 130 289
66 247 150 111 10 6 47 109 103 121 58 75 148 11 294 7 2 68 15 227 93 252
34 93 227 53 44 44 733 332 733 77 258 648 375 858 278 207 733 102 38 88 180 237 223
63 81 190 181 269 107 155 158 27 296 95 192 152 265 281 178 206 0 173 263 226 73 52
86 264 858 484 858 182 955 147 955 332 147 40 484 130 278 858 4 179 648 375 705 237
80 124 158 170 226 270 17 221 23 87 87 221 17 208 18 234 114 576 198 24 285 248 155 248 295 234
69 263 37 183 182 290 27 94 122 39 261 174 184 288 166 67 269 280 244 130 212 150
38 61 197 169 252 202 36 290 36 36 36 185 86 124 131 283 136 23 224 0 244 153 187
29 118 212 237 120 89 43 95 5 13 179 9 236 266 195 106 239 261 136 33 51 104 119 257 205 11 213 6 14 88 290 44 128 98 176 100 49 137 169 274 265 43 157 156
5 10 30 258 267 219 90 291 2 250 134 100 245 184 285 252 233 0 122 82 125 207 237 3
35 43 73 98 112 146 80 130 262 234 221 238 188 214 35 49 58 108 245 283 226 22 163 246 157 218
32 78 249 269 274 290 294 332 11 203 98 132 49 293 256 219 237 236 127 124 57 210 46 118 218 176 83 122
190 246 282 296 281 259 169 133 171 133 259 242 25 127 77 169 90 144 246 11 101 145 73 292
174 166 889 42 166 889 808 295 808 273 121 440 80 824 132 145 241 409 323 707 182
3 95 156 260 293 152 60 184 218 284 261 65 35 159 254 37 178 287 235 77 64 0 195 91 15
102 129 201 266 267 260 58 39 118 159 38 200 57 254 217 242 195 231 199 104 139 241 214 245 29
194 244 19 222 100 190 217 214 110 42 46 129 184 130 31 264 289 251 127 277 257 117
7 94 104 206 707 271 263 271 211 56 111 263 269 409 41 291 648 196 276 35 125 79 120 216 253
83 107 248 138 129 20 85 72 289 215 149 223 126 56 243 275 132 52 207 128 258 253 285
40 75 102 149 263 0 276 54 109 226 281 90 186 14 133 144 175 182 264 122 5 215 24 26 32
48 148 151 175 247 253 261 447 263 77 263 263 226 162 263 151 162 929 205 211 252 992 187 24 6 260 227 899
188 195 160 121 218 289 17 213 223 267 191 68 99 1 81 28 3 270 6 224 102 76
265 290 8 288 156 98 121 125 253 200 36 224 15 206 225 35 194 2 31 272 55 82
49 152 296 275 122 30 96 21 163 23 280 87 186 38 242 115 258 136 292 167 252 162
41 72 137 226 82 73 275 182 204 85 215 122 180 101 54 50 287 294 263 191 219
86 113 292 101 176 65 167 55 3 229 174 163 185 234 21 8 235 146 78 48 23 251 168
1 7 92 142 158 181 268 250 151 252 228 63 141 62 284 202 52 26 283 69 178 270 257 177 224 271 25
5 137 196 24 249 893 24 171 893 721 893 121 179 278 648 329 207 88 207 4 601 237 223
16 73 251 92 43 256 23 33 20 151 229 81 221 188 227 185 47 34 237 159 284 286 192
86 144 281 259 198 13 228 251 83 140 146 165 168 68 220 199 44 20 59 27 283 64 176
71 202 289 245 149 150 173 234 299 89 194 236 182 220 161 61 56 297 6 237 185 113 26
9 134 287 285 241 95 131 267 216 91 248 236 180 190 160 171 230 182 79 272 101 27
134 222 294 290 28 30 91 185 168 161 73 49 204 249 62 193 29 233 48 273 27 150 291
271 79 272 10 101 57 155 27 85 171 16 103 72 223 117 234 281 209 102 7 165
84 289 164 259 283 69 189 94 61 82 217 56 34 191 290 157 154 266 44 182 86 37
27 78 206 34 205 142 277 25 88 282 125 4 105 195 172 167 173 3 220 273 109 291 26
36 230 808 81 19 293 189 183 228 97 245 111 38 175 174 58 133 80 27 259 92 155 30
297 199 115 296 127 281 110 273 13 137 278 257 82 275 274 106 80 219 88 90 131
23 82 190 191 283 177 274 298 219 45 280 256 35 207 277 50 209 28 73 106 228 197 294 78 48
81 86 108 258 288 157 293 21 221 253 193 144 255 291 78 196 63 72 162 296 268 216 59 111 252
35 178 196 808 174 183 186 27 130 73 73 73 118 27 106 120 79 196 125 289 188 216 253 113
60 169 208 218 48 707 470 294 707 92 554 294 616 92 707 590 440 273 145 36 241 824 132 323
132 156 262 34 145 115 78 264 249 88 235 255 148 163 153 238 134 110 45 213 248 9 162 58 12 122 218 220 19 171 85 104 108 94 74 264 141 46 62 76 29
5 129 134 199 222 210 254 160 60 21 121 13 56 54 25 166 214 204 131 114 209 249 177 87
157 224 219 259 6 28 271 245 60 17 177 171 191 185 208 184 140 180 48 111 24 40
29 101 205 227 295 131 176 167 219 1 79 32 276 103 150 145 236 19 109 132 209 20 229 11 46
145 198 212 242 295 221 144 99 295 87 176 63 98 290 293 232 286 64 11 15 66 180 97 164 155
170 248 34 41 2 121 27 103 211 166 157 45 191 189 80 110 40 21 286 277 135 178
70 197 52 137 199 117 159 245 294 253 262 82 32 151 237 55 285 16 169 138 71 1
58 227 84 184 67 126 221 117 290 239 218 100 75 164 197 157 168 54 19 104 252 281
1 14 243 250 24 255 286 281 65 292 286 255 281 279 162 255 172 258 79 216 409 35 113 269
195 229 279 223 288 97 25 176 35 10 117 94 57 284 213 287 271 260 253 119 230 247 249
96 173 175 196 15 138 259 58 234 274 227 54 228 75 253 294 184 129 286 96 40 225 36 111
53 258 294 299 217 50 109 223 135 93 198 244 1 224 42 56 163 59 68 129 34 19 141 99
298 208 159 203 39 271 144 211 279 206 242 55 142 114 2 93 160 214 269 118 68
35 90 113 148 229 65 46 2 144 54 157 278 17 130 158 244 219 42 1 213 86 126 259
100 187 287 147 57 217 100 242 169 174 211 193 118 206 55 3 94 0 84 18 41 48 265
244 77 6 77 460 60 805 60 280 578 578 323 131 440 949 61 824 121 554 590 166
64 246 182 10 239 297 91 186 27 163 160 47 268 99 25 162 114 100 44 221 266 98
23 270 30 214 77 66 189 167 132 243 240 95 2 250 193 92 184 13 286 152 139
43 61 79 84 154 186 283 172 36 240 166 98 193 152 69 277 143 93 66 52 258 33 154 174 165 270 117
76 85 103 210 291 244 277 12 165 161 49 211 89 192 98 26 42 239 214 65 278 203 281
279 184 136 227 243 269 122 53 134 16 290 113 293 175 8 189 156 129 120 286 127
157 263 172 113 262 220 142 261 168 240 106 288 252 25 274 165 61 221 207 137 253 69
215 507 296 164 140 239 257 210 29 99 192 161 280 28 170 157 242 132 185 220 30 96
56 150 231 296 143 145 97 215 237 59 121 177 124 272 209 205 141 35 241 280 113 13 271 51
666 111 139 48 73 91 193 25 168 297 266 119 156 182 54 122 118 49 58 136 129
140 205 238 241 160 71 179 147 236 96 206 102 180 153 99 194 95 253 128 11 284 12 18 76
71 127 238 246 187 218 287 53 43 55 202 174 116 118 166 268 65 227 28 105 9 42
153 166 269 8 289 84 31 237 181 4 183 105 250 47 104 35 282 5 22 128 202
293 730 126 268 60 35 15 244 105 115 146 257 121 168 189 233 167 249 90 283 271 7 206 180 73 253 148 39 1 230 121 153 290 168 99 256 159 38 84 85 291 151
6 146 241 28 293 271 29 3 58 262 283 34 162 71 8 284 184 35 33 160 63 54 173
145 211 184 293 161 146 252 240 166 86 52 189 290 215 261 108 209 130 164 167 171
31 109 115 161 186 208 229 201 826 846 334 656 288 16 202 126 239 121 409 80 61 731 237 273 182 590 323
0 607 683 621 130 593 683 121 621 593 557 263 123 246 285 56 302 820 119 83 195
41 237 246 225 92 9 107 28 134 54 241 192 82 123 18 193 146 169 179 261 51 101 236
19 30 62 207 660 839 573 656 285 334 573 97 97 554 131 590 182 237 949 273 36 145 409 121
159 181 283 205 335 714 120 335 259 72 49 206 335 194 24 283 24 142 109 198 242 26 263
