159 19 76 151 576 13 281 105 112 162 222 217 71 228 181 175 170 92 220 265 194 58 100 210 107
133 281 402 175 280 159 242 148 9 76 89 104 26 279 65 132 266 295 117 135 36 203 103
855 104 258 115 38 115 290 282 9 261 249 88 88 872 159 292 216 118 103 227 133 186 829
10 50 209 246 252 69 146 93 281 262 172 201 224 213 106 13 141 211 34 94 86 273 253
3 103 126 149 214 140 132 260 217 216 289 285 129 133 118 205 109 76 97 181 213 250 71 178 105
97 256 215 44 195 79 159 289 94 270 172 87 242 286 210 234 257 174 196 143 144
30 72 154 298 242 227 48 15 175 185 69 6 71 281 263 290 57 139 293 47 30 87 297 43
88 154 286 286 107 113 172 235 151 298 144 109 139 115 80 89 73 197 267 178 34 95 190
64 223 35 36 252 86 210 5 92 159 114 235 233 121 257 98 144 21 108 227 272 273
878 98 117 148 213 231 243 268 94 11 61 121 252 170 228 180 169 233 105 214 290 206 55 199 162 216 90 74
202 267 282 235 161 70 287 150 11 48 6 126 197 182 51 94 157 96 53 256 95 264 172
40 272 191 130 219 2 276 93 283 180 184 275 11 99 286 113 96 70 209 294 162 12
5 100 259 264 286 297 298 260 210 182 59 281 132 269 45 64 256 83 97 232 204 128 184 21 205 67 104
49 151 448 15 223 66 105 67 249 296 152 156 134 180 6 169 291 240 143 71 26 244 286
157 227 248 69 214 189 274 180 126 206 7 83 285 74 246 73 118 293 273 279 66 281 87
123 274 255 34 156 224 244 284 41 165 265 153 141 83 185 292 212 273 87 137 266 196
96 172 181 272 45 269 23 217 115 251 237 131 274 227 266 293 6 253 215 98 249 39 68 88
197 225 77 131 72 279 8 254 17 220 150 206 242 145 241 108 169 79 288 124 60 119
48 113 144 165 246 199 156 177 139 240 78 162 10 269 5 106 232 196 145 219 133 27 287 29 262
5 59 167 11 90 38 37 171 53 70 64 143 149 152 235 65 102 18 57 116 279 59 234
46 293 108 254 62 42 210 4 286 189 184 6 134 129 211 69 259 196 36 5 100
0 209 205 27 280 93 85 288 224 299 233 212 210 199 82 18 56 65 90 30 259 75
63 121 191 284 245 14 162 126 3 143 70 59 27 179 275 165 263 9 214 140 147 68 202 242
21 179 122 242 45 47 111 279 224 26 178 218 23 163 41 212 295 30 50 98 260 39
13 188 282 131 42 165 137 244 284 146 26 166 66 142 174 61 163 294 233 49 184 203 169
166 289 8 270 30 171 164 194 103 47 264 132 90 36 65 119 240 195 7 189 118 204
44 47 62 71 560 137 200 159 53 170 115 116 165 270 82 84 201 136 292 12 298 268 163 9 192
97 137 138 231 272 151 15 12 96 145 213 248 279 54 250 11 19 39 296 86 230 245 38 136
5 244 256 43 185 123 97 16 249 8 194 272 99 74 282 117 271 141 85 91 128 174 161
90 225 258 102 209 0 104 161 43 144 45 236 19 204 268 42 162 53 281 85 254
20 242 103 155 202 137 205 214 69 119 115 258 237 112 276 81 126 180 151 109 77 273
62 67 81 216 101 205 38 268 172 193 50 196 28 138 209 264 160 98 244 230 281 46 262 0
131 560 1 247 242 176 50 81 106 223 53 252 203 55 193 271 100 37 209 288 82 138
576 121 173 110 86 247 133 157 70 199 198 266 2 42 188 145 73 168 31 296 288
39 208 229 98 0 36 56 9 41 264 60 27 207 150 277 46 190 103 246 232 268
123 159 267 209 155 219 213 156 167 167 26 240 140 485 222 108 26 68 235 152 116 488
145 241 79 251 218 56 97 108 254 207 167 252 279 92 275 34 133 280 195 106 172 19
13 43 133 193 52 276 69 216 260 197 81 209 167 231 250 98 206 163 21 232 264 295 291 223
173 111 34 291 136 167 181 199 97 44 59 176 286 77 211 9 127 139 299 232 90
203 224 35 22 82 181 184 210 100 157 244 29 174 151 30 161 120 295 165 152 18 298
125 149 169 242 256 171 256 20 218 253 289 74 120 161 145 185 223 34 212 114 55 252 187 109 208
26 42 54 177 230 54 107 31 115 184 238 215 126 297 283 39 92 52 125 136 271 292 122 32 24
9 56 73 227 144 28 0 168 103 234 143 154 209 229 178 116 1 173 177 14 114 165 200 144 272 3 18 114 32 80 189 111 226 275 241 187 155 295 48 198 239 185 10
49 86 145 268 293 11 71 251 28 10 117 116 297 245 204 200 7 268 52 223 191 73 167 8 84
114 175 177 207 247 560 207 155 3 219 18 66 129 273 25 167 276 205 99 93 86 120 250 158 0 268
66 87 173 228 271 89 270 81 289 259 286 209 169 61 119 50 100 240 231 194 58 153 46 262
8 86 129 293 205 217 40 185 104 127 106 166 227 51 190 128 161 230 277 177 12 246 269 253 145 13 276 256 221 217 161 41 262 255 116 128 127 285 91 31 150
170 230 237 93 172 273 127 50 219 222 1 43 58 63 137 84 111 220 83 72 74 180 197
22 195 143 35 131 33 54 74 221 285 96 210 93 234 215 40 211 241 172 55 94 58
149 171 286 204 133 239 121 247 74 240 288 51 245 260 164 168 211 145 176 14 241 128 263
143 65 282 262 176 37 146 42 248 186 217 212 80 32 233 160 281 257 169 61 48
21 153 243 13 10 267 152 91 32 139 94 153 117 280 40 43 217 163 109 37 237 298
61 197 200 223 150 156 162 101 23 260 43 229 266 263 22 116 154 103 148 193 71 164 281 75
48 125 203 79 23 297 244 190 216 114 276 104 76 283 277 296 19 157 212 164 191 24 195
89 160 219 261 236 285 20 228 19 64 133 175 280 297 80 109 288 23 268 70 38 254 271
1 39 113 166 276 284 27 70 157 41 265 158 79 51 196 144 4 46 177 128 202 77 233 285 287 242
37 50 254 261 265 277 68 146 44 275 116 60 266 16 50 257 214 45 198 220 143 35 273 105 197 74
181 250 82 215 107 60 143 141 233 74 278 92 213 263 161 100 166 200 16 176 38 14
156 242 294 248 48 58 43 179 243 105 16 45 84 285 111 190 208 38 4 245 295 85
67 101 198 47 282 256 43 137 73 123 215 117 158 115 28 40 180 157 17 131 221 21 14
53 160 180 172 178 33 279 180 121 187 1 181 239 265 91 83 120 235 92 152 156 232 103
58 175 207 112 28 78 127 25 284 113 285 130 147 143 192 77 144 283 104 167 49 289 168
157 170 193 256 279 292 0 290 255 189 60 283 150 19 288 265 13 234 165 244 146 181 257 79
137 153 208 233 75 155 183 32 291 61 213 187 190 73 241 120 134 53 153 148 256 135 202 219
205 75 212 244 173 71 153 297 265 5 288 86 252 77 135 122 259 1 141 52 275
95 125 131 134 221 162 261 71 58 232 104 210 150 196 282 193 122 77 221 254 111 183 47 32 149
1 93 225 188 254 144 123 258 285 274 190 98 242 86 234 298 31 194 219 228 60 202 129
72 185 118 193 224 260 296 98 100 99 105 251 297 71 209 40 180 127 103 217 90
192 238 242 244 261 14 187 239 125 37 256 96 82 169 130 128 282 161 74 7 211 183 251 11 64 197 40 241 4 78 291 179 116 25 74 211 206 46 100 237 274 3 125 98
45 96 277 0 37 168 231 82 42 69 265 164 278 138 249 204 250 29 88 32 199 211 158
110 162 229 66 233 215 105 247 62 97 225 99 50 108 106 283 126 219 250 270 103 241 144 294 117 164 14 247 44 163 118 249 70 281 233 67 99 143 229 5 201 154 203
143 60 247 7 10 91 202 117 111 249 189 35 170 253 157 286 239 219 231 69 177
15 118 122 192 264 238 220 147 130 26 210 156 32 135 69 106 10 146 44 138 184 202 101 5 46
34 70 191 21 234 216 177 169 203 147 41 37 103 59 15 231 287 141 25 188 191 77 281
197 124 41 207 296 288 50 33 19 225 243 174 209 44 168 77 88 31 5 65 210
3 108 122 237 285 294 174 289 213 106 102 227 220 195 84 72 22 117 147 19 73 196 53 96 139 91
122 18 213 205 169 38 168 20 179 197 147 15 206 99 64 268 108 192 95 253 118
149 154 194 213 219 12 74 229 114 197 122 225 129 187 83 266 153 28 192 131 32 91 21 55 222 118 65 294 41 129 59 111 269 68 295 163 34 284 287 187 67 198 22 136 112 6 79 48 274 133 142 90 297 145 243 65 146 106 211 228 178 209 59 235 113
62 135 181 193 251 274 80 94 175 195 57 112 2 280 35 154 235 78 282 281 264 255 119 81 26
274 179 151 295 161 115 228 81 41 31 190 46 226 2 60 264 155 64 14 141 182
186 203 227 210 123 267 203 233 135 73 113 14 145 0 137 161 33 277 205 220 128 194 148
90 114 244 290 125 230 18 276 6 177 84 192 290 174 291 233 131 181 32 201 72 194 162 142
37 68 98 200 254 182 290 89 81 100 166 63 176 73 236 153 183 220 283 112 160 225 248 175
115 121 189 89 239 118 109 222 257 133 246 180 156 209 255 208 113 117 27 3 106 138
29 71 89 104 75 152 57 220 8 240 269 132 54 21 102 23 15 289 216 281 110 147 22
12 48 111 137 176 58 172 187 204 213 30 146 46 256 284 74 141 264 252 26 245 2 139 45 176
111 221 163 200 87 50 254 181 105 102 248 271 229 152 139 67 277 178 285 144 41
28 33 60 66 124 204 92 179 204 160 169 53 79 77 291 153 3 42 119 263 125 202 282 274 154 72
7 43 79 82 282 289 166 205 218 163 229 150 11 196 184 226 53 77 250 37 34 283 243 277 174 103
161 164 201 260 233 154 272 271 135 113 97 79 143 134 34 22 25 36 207 241 153 156
29 185 105 92 49 195 194 279 276 273 38 288 121 240 187 210 30 292 13 2 169 215
101 128 33 185 252 51 251 238 23 91 256 206 107 257 244 169 254 21 187 67 68 14
99 127 170 236 232 76 153 162 293 25 285 244 207 137 31 122 180 273 251 118 235 193 294 74
55 255 3 75 277 242 37 254 26 199 163 44 207 278 182 248 192 238 174 107 213 196
68 114 276 243 9 49 223 195 42 185 124 67 286 18 131 179 7 194 103 117 65 188
107 117 292 92 7 86 280 243 261 118 61 30 208 11 39 146 221 162 94 216 201 278 123
42 15 35 128 193 59 17 82 259 271 216 63 8 105 7 235 145 185 209 251 20
104 105 111 252 20 92 101 107 285 268 272 124 224 229 287 5 15 202 87 183 292 280 3
18 44 85 94 231 280 264 197 2 237 154 268 298 225 59 278 181 234 218 266 33 149 208 277 259 168
5 171 263 265 76 270 48 242 9 46 61 111 193 57 223 93 222 42 30 212 52 163 205 75
45 279 139 128 170 271 1 157 219 202 192 117 203 200 246 69 109 191 111 136 54
0 39 129 228 84 113 296 6 16 257 93 98 112 37 68 155 272 180 132 266 160 49 87 152
72 91 247 265 251 159 202 192 216 270 296 99 91 140 219 281 118 32 104 252 78 62 234 293
6 20 122 108 63 61 146 147 215 48 91 89 83 70 9 150 114 143 220 263 271 54 278
25 256 95 245 165 76 29 232 147 155 54 272 90 45 86 205 111 24 221 37 284 173
17 110 153 157 216 70 182 274 201 217 281 109 79 153 193 251 132 183 113 68 278 173 83 282 92
172 163 1 281 292 132 200 99 168 245 243 37 207 265 180 130 39 41 193 169 192
11 115 145 173 257 213 292 153 225 68 79 43 56 286 172 269 195 216 146 201 257 215 46 106 0 222 63 297 65 5 215 251 270 253 35 145 264 111 41 203 134 129 290 123 240
150 215 18 52 21 292 174 134 27 129 7 1 26 89 164 34 271 122 162 91 107
37 121 242 263 224 225 142 156 287 288 59 111 83 48 61 100 234 101 223 178 172 117 292 277
142 231 159 18 193 74 268 189 11 133 58 198 236 39 139 114 185 98 92 123 164 194
47 207 80 35 241 153 133 291 288 253 70 18 83 287 61 84 165 62 121 256 208 216
116 177 249 110 274 299 85 9 53 223 202 187 133 199 120 158 255 165 79 55 113 145
125 147 284 169 251 93 286 53 40 98 199 210 158 270 247 204 45 155 275 152 127 235 122
7 85 137 143 201 231 254 182 287 127 245 98 244 181 267 183 207 82 219 186 260 254 49 119 109 3 289
52 173 295 66 116 141 146 147 11 280 91 157 276 186 245 173 293 125 150 43 4 72 265 51 218 283 171 297 27 64 104 181 159 202 250 291 241 257 128 195 220 14 35
122 196 167 59 272 263 198 34 1 44 181 5 286 219 137 93 176 122 110 26 91 58
40 181 235 132 282 13 78 285 175 57 83 160 243 219 98 205 212 0 226 147 187 117 8
125 236 270 290 245 3 45 275 228 270 47 162 233 266 29 140 237 232 147 278 88 23 34 135
125 135 165 246 46 236 32 151 126 81 167 50 109 269 138 115 62 100 89 243 73 195 257 97
57 72 73 84 112 187 280 260 48 81 59 15 198 146 208 78 160 49 200 188 216 25 1 248 139 141 103
45 165 155 231 173 191 190 194 60 205 170 127 196 122 259 213 242 263 262 137 6
139 146 164 205 148 235 239 40 274 296 100 58 29 153 264 146 149 28 64 244 113 156
247 253 250 83 165 208 194 120 162 298 107 40 52 46 209 177 87 72 277 269 242 31
130 232 196 263 215 84 171 18 190 134 251 245 250 174 229 156 165 148 205 132 150 3 190 273 148 199 222 0 105 138 118 184 152 83 195 242 69 39 120 28 98 25
191 266 298 26 15 277 281 116 23 57 237 236 90 279 122 19 253 193 234 164 34 185
44 106 64 120 151 153 231 266 87 41 280 80 223 117 51 61 36 205 273 178 243 219
21 280 46 129 30 101 6 68 223 282 125 32 144 227 235 233 107 262 37 287 183
8 27 126 171 238 292 209 273 189 265 299 156 26 138 224 166 204 187 8 95 286 117 279
31 68 157 192 261 29 4 77 64 74 45 57 126 54 105 127 236 35 283 219 79 225 128 55 47
54 275 9 34 91 6 197 290 143 44 291 63 232 72 173 225 20 177 94 23 256 262
86 153 155 174 187 156 64 65 151 287 109 38 218 122 231 125 275 251 232 106 119 183 66 153 252
39 150 164 233 43 192 58 147 95 141 245 163 59 105 143 203 6 266 60 132 278 148 293 131
7 88 4 103 85 131 113 94 110 130 246 31 196 232 226 58 111 228 10 164 63
26 63 139 277 207 65 18 97 93 202 261 171 296 244 293 1 146 235 169 214 158 254 107 117
93 164 171 187 233 50 39 119 159 138 212 76 249 14 121 81 268 237 172 60 283 110 6 235 169
878 122 191 285 17 42 114 156 78 215 166 261 189 291 71 84 262 219 31 34 288 270 90 191
80 158 203 278 63 148 155 261 34 93 152 56 246 147 30 126 92 24 172 135 70 47 168 123 230 240 298 19 133 278 189 121 131 244 207 288 172 21 243 60 220 159 215
227 181 280 183 184 216 237 221 143 282 186 40 87 60 212 173 255 53 168 243 44
66 136 148 35 42 125 58 55 210 276 227 152 220 246 166 139 277 247 43 204 167 250
54 113 250 262 178 77 27 166 213 73 21 217 106 168 68 141 196 148 0 32 215 95 36 19
141 184 203 280 560 20 189 173 252 45 120 25 102 119 242 134 234 224 101 34 118 222 15 276 161
13 165 61 145 88 96 274 149 52 290 7 29 186 44 147 122 4 71 221 283 27
26 201 213 276 560 121 115 226 76 7 35 78 139 184 119 181 157 132 77 263 254 123 248 222 136
169 178 131 153 169 212 62 260 3 15 78 12 218 41 5 292 160 68 164 155 147 225
150 229 44 289 30 65 55 19 208 201 203 144 269 78 158 255 171 247 113 192 166
83 88 134 152 157 249 59 271 166 71 232 249 54 14 226 192 215 106 289 240 131 274 277 144 91 269
154 212 264 283 216 10 71 42 104 243 26 25 298 210 263 143 19 45 153 40 256 177 48 196
231 6 275 200 197 78 149 126 12 281 148 129 156 239 50 233 293 25 132 222 277
90 215 250 259 105 33 238 23 123 162 16 155 156 161 81 125 147 116 53 290 122
14 112 218 227 66 76 291 15 45 221 110 265 129 143 248 112 60 152 29 179 127 137 69
66 171 192 201 221 276 163 20 2 251 235 266 115 112 0 198 52 99 81 13 71 179 28 50
1 61 184 207 153 84 157 119 64 144 207 267 79 27 111 226 176 22 71 263 276 252 89 46
207 211 228 285 59 146 249 64 123 106 51 27 209 252 4 79 2 20 66 45 215 273 185 32
35 39 132 159 172 79 88 72 196 298 85 235 97 186 195 160 202 178 191 232 129 293 128 292 277
18 270 282 184 142 185 256 270 205 119 82 211 57 146 26 276 220 7 293 268 137 198 62
146 150 160 238 274 76 123 206 26 53 44 92 181 244 166 37 50 82 81 222 229 225 162 104 40
76 147 212 59 101 201 118 176 68 169 226 277 145 42 227 254 98 135 87 70 93 35
160 266 268 51 3 244 15 100 90 226 52 134 139 178 107 11 61 248 195 41 159 125 76
4 46 150 257 35 77 266 214 235 103 8 224 113 40 10 252 81 179 31 57 194 112 242 201
260 272 204 189 172 110 244 56 107 264 268 258 70 252 143 137 158 213 183 86 287 297
99 186 149 97 137 278 289 37 217 158 287 168 63 233 182 232 223 244 130 251 152 172
268 138 220 280 167 164 63 258 244 91 157 104 119 282 95 171 196 271 44 193 39
187 15 155 220 196 241 168 11 30 191 89 265 96 123 298 126 296 266 293 225 180
104 248 50 51 58 76 141 189 22 3 156 102 84 70 142 115 117 20 232 15 194 8
11 30 60 104 132 196 219 253 279 59 252 38 271 69 9 204 194 193 178 280 75 186 201 149 240 89 116 55 99
3 8 196 207 241 216 279 127 254 63 47 191 285 222 144 29 158 195 84 169 240 73 148 96 120
205 237 242 253 273 88 59 22 255 82 259 4 3 34 290 156 134 13 225 41 78 63 124
68 146 195 248 160 24 122 35 147 224 75 142 78 152 232 37 197 20 255 164 256 112 151 277
94 271 97 6 125 131 220 148 242 257 258 64 297 208 94 18 180 103 241 25 169 66
50 64 72 95 131 138 170 42 31 216 235 226 190 122 284 168 91 192 296 127 46 18 49 64 130 70 218
109 299 223 112 81 205 37 254 187 234 281 4 58 232 117 252 121 132 18 130 90 280
40 246 241 126 277 187 289 94 17 96 264 39 188 21 43 0 7 247 291 205 104 41
228 182 250 88 296 78 269 149 172 53 95 130 186 279 246 27 273 280 5 80 164
14 79 85 99 186 278 560 250 29 129 179 149 112 265 31 239 174 10 241 171 137 178 131 74 204 226 258
29 208 225 56 233 269 31 185 46 86 8 289 99 11 60 47 137 131 70 61 38 15 287
17 20 153 138 131 207 128 259 126 30 51 33 86 125 42 87 223 118 173 143 254 158 249
65 66 182 256 7 64 210 209 291 224 252 49 10 74 131 122 192 276 117 213 45 168 25
32 214 269 28 57 240 126 256 39 76 274 263 279 90 244 248 71 38 69 10 79 211 209
7 134 208 59 205 292 278 249 70 145 193 84 58 53 183 10 194 19 90 17 114 67 109
63 187 271 32 72 161 134 102 85 21 12 123 260 44 23 269 215 96 17 189 282 184 2
227 242 272 210 216 221 246 224 174 233 160 270 188 136 7 8 163 253 193 249 244 152 259
33 102 129 252 254 168 263 254 266 53 44 127 164 147 185 173 142 7 269 241 258 273 67 191 6
172 259 297 148 280 39 146 88 159 180 201 247 210 183 45 47 224 172 67 86 298 265
237 86 133 293 12 212 271 41 197 272 244 178 39 48 219 137 257 89 76 77 101
184 232 187 12 297 1 137 92 71 242 206 62 113 177 80 255 202 217 280 99 28
99 245 246 298 280 166 157 178 107 134 203 227 159 20 45 192 108 129 56 201 26 173 87 298
16 235 292 179 60 10 206 184 116 59 96 255 250 14 33 0 73 105 115 294 138 244 287
