834 97 160 197 239 272 119 240 77 1 174 79 4 242 150 16 56 135 219 276 205 231 236 17 97 3
397 587 107 187 211 179 814 670 262 974 850 371 561 510 946 876 664 746 562 320 752 573 327 800 960 132 156 86 80 25 6 51 65 269 58 295 17 160 90 32 119 253 34 288 57 183
0 161 239 252 276 137 117 273 296 58 68 182 217 25 267 86 18 262 200 135 288 55
260 274 136 43 107 112 49 267 273 17 109 108 114 18 121 161 41 135 270 148 186 64
40 95 199 239 112 123 67 253 256 152 209 42 203 81 121 287 18 229 258 217 196 76 228
183 214 231 12 252 62 136 149 53 228 197 263 159 255 111 39 147 192 235 116 213
141 166 88 112 52 70 93 154 183 57 137 135 282 241 5 181 171 162 170 219 277 214
24 127 240 239 95 257 205 99 157 142 215 269 261 186 96 277 297 88 192 212 39 222 87
84 219 241 243 235 262 63 295 73 54 276 29 75 102 117 79 220 248 236 268 256 56 86 131
24 168 215 137 90 150 114 11 5 19 76 288 191 265 205 58 290 295 104 280 192 251 32
46 47 176 224 132 171 177 22 176 112 163 199 115 212 120 188 6 104 223 244 84 216 263 233
104 138 157 221 250 141 291 220 114 133 253 276 44 96 269 129 123 274 138 215 159 238 36 1 106
125 140 89 148 118 232 55 230 79 11 102 225 4 19 254 68 268 169 163 124 17 211
46 289 62 91 201 28 163 66 137 220 202 294 296 151 26 144 286 18 230 227 293 147
162 209 241 267 209 161 145 126 154 34 23 151 24 99 200 152 189 281 263 127 255 96 135
181 203 290 176 111 290 36 246 141 36 111 44 89 61 195 219 75 234 329 2 149 85 176 64 7 236 106 66 152 207 143 74 91 258 132 167 150 177 80 228 264 144
64 246 168 251 5 220 33 171 42 20 152 262 50 276 125 148 101 26 177 54 128 6
13 59 164 209 243 248 269 258 144 57 15 260 58 252 173 171 206 115 71 289 0 12 78 38 291 73 224
25 81 119 211 57 226 92 189 72 252 6 159 15 247 145 103 215 177 171 125 249 38 88 19
113 217 72 236 153 86 25 13 137 56 210 270 63 141 260 14 289 234 75 222 285 11
108 114 150 207 233 286 206 220 297 252 213 54 236 138 180 143 65 218 120 231 16 184 45 275 219 100
116 124 140 142 145 223 28 82 70 35 149 260 108 255 157 59 118 217 80 220 135 216 15 1 176 296
70 95 202 244 278 78 48 276 11 118 119 65 92 33 295 53 157 246 31 61 198 260 67 264 64
61 62 136 199 272 105 211 27 233 61 178 134 111 215 234 256 39 204 4 94 255 147 150
242 245 91 191 202 82 197 90 275 206 102 64 40 236 116 65 52 223 211 112 185 71
33 41 45 101 51 18 289 145 232 102 224 172 287 24 53 34 8 79 219 197 284 0 233 188
223 289 9 211 110 153 239 286 30 216 245 59 111 135 95 190 124 199 171 39 151 68
13 155 158 2 241 268 34 229 289 16 223 131 255 261 144 236 297 258 225 162 264 58 123 215 205 242 60 40 206 133 125 124 56 265 76 131 123 70 246 252 172 202 101
7 132 184 38 67 279 245 217 50 75 1 100 251 263 271 15 84 193 220 243 27 222 216
20 254 33 105 139 15 144 201 106 81 183 285 43 213 273 128 40 39 29 176 185
108 163 203 238 65 47 230 231 102 136 62 298 203 273 153 150 279 121 117 199 24 192 95 42 83 0 218 151 109 41 223 216 189 150 106 121 132 54 198 137 293 272 166 270
59 121 148 268 287 212 171 213 54 3 266 108 67 45 53 32 109 100 227 203 188 270 69 251 33
4 34 43 108 206 222 285 46 244 33 143 298 28 138 74 68 216 26 261 139 21 284 133 296 287 181 106
29 101 171 250 252 34 275 230 140 147 43 163 18 116 264 60 246 205 141 223 245 76 78 84 74
144 49 66 23 240 93 30 166 55 128 293 195 63 235 126 171 200 180 25 224 120
11 137 187 279 45 53 274 33 147 13 202 128 103 210 55 21 266 138 29 278 153 98 54 68
108 130 166 180 207 262 166 96 68 144 225 97 39 230 254 263 65 113 182 162 37 167 218 85 1 48
7 46 52 179 184 201 225 155 235 238 157 58 116 150 150 243 243 58 100 150 253 296 126 585 2 260 14 184 56 210 166 39 152 249 172 214 168 7 142 251 23 230 244 131 271 299 139 151 93 28
9 199 254 294 35 166 295 210 278 281 243 235 259 75 161 214 269 42 84 226 198 92 221 0
142 268 294 233 83 49 59 18 3 256 273 105 188 251 178 2 132 198 295 242 115 124 111
0 189 265 160 46 137 78 94 75 248 9 72 116 276 49 60 113 106 120 208 210 71 230
282 165 105 50 92 227 31 15 216 72 58 261 147 32 225 106 232 190 89 245 253
11 92 290 2 13 178 107 145 166 0 118 250 196 142 169 43 44 77 146 163 55 4 292
82 218 231 98 153 204 233 89 43 123 199 298 4 208 34 156 150 37 66 76 21 226 209 108 140 36 197 180 184 293 267 144 76 103 220 277 91 98 44 216 14
12 25 46 57 188 279 68 147 257 24 198 19 286 57 198 290 91 132 75 2 85 46 98 192 89 63 203 234 99 235 100 147 202 142 96 270 40 238 285 52 133 43 109 35 210 204 24 182 54
4 127 204 218 249 13 297 129 238 186 124 65 197 154 114 287 190 149 272 97 20 28 288 136
176 292 116 282 128 272 28 93 245 202 100 27 186 166 234 85 175 283 147 205 45 289
166 209 224 154 49 50 52 56 41 200 16 276 57 218 25 210 53 236 290 18 265 195 103 250 31 234 254 163 91 142 53 68 213 230 75 47 164 269 59 216 128
24 50 217 120 45 285 27 198 240 161 84 54 250 30 259 243 172 58 135 191 253 271 204
273 242 168 210 265 128 283 131 166 194 271 88 137 79 192 228 160 151 19 4 286
126 85 21 270 111 72 210 70 22 60 1 267 15 150 193 249 170 187 194 124 175
8 77 102 127 190 236 239 265 288 84 178 291 229 122 210 29 283 263 74 255 55 33 195 249 102 157 124
9 142 143 156 187 221 278 40 69 118 127 251 156 211 119 44 132 145 102 29 47 45 158 243 237 228 104
37 40 145 192 210 137 31 133 51 15 237 136 243 143 83 161 265 269 234 53 212
38 141 170 103 79 153 144 203 33 100 216 143 123 209 194 0 19 9 257 266 291
148 298 144 148 51 275 105 234 37 253 281 165 212 9 284 277 258 85 196 292 21 249
162 179 213 271 273 118 271 251 83 274 70 73 76 34 201 208 160 30 137 10 140 249 148 106
0 81 85 107 188 257 52 286 211 26 210 276 64 87 245 53 291 176 33 195 116 285 185 71 104 136
20 71 286 91 102 272 7 27 84 71 166 197 171 109 32 133 112 66 268 223 176 243 149
10 82 122 181 177 219 234 246 265 265 42 202 248 265 84 130 316 42 93 316 99 149 217 196 132 25 63 197 201 170 205 100 119 175 169 36 92 228 248 13 258 194 225 120 4 97 61 182
257 57 110 170 177 241 167 184 38 299 51 82 66 194 289 230 190 93 268 62 273
746 70 95 118 160 56 158 199 169 140 120 231 238 78 51 65 91 87 241 44 177 4 200 23 131
43 104 26 24 58 9 269 294 289 3 296 221 95 16 219 250 161 59 156 55 196 12 277 16 149 204 88 249 254 159 176 193 4 195 267 259 130 32 13 123 256
23 80 136 188 256 94 264 289 141 80 213 111 154 81 132 259 174 69 235 157 78 47 181 176 64
195 277 36 114 224 283 54 159 282 30 17 141 127 186 147 63 76 208 250 189 95 124
8 164 294 297 3 234 176 12 277 25 72 153 195 42 84 86 140 99 184 9 49 107 244 224
127 224 181 75 100 260 200 249 53 119 271 112 275 49 88 110 183 291 28 139 172 274
8 31 41 43 128 162 101 65 117 156 152 86 121 131 124 111 120 27 63 163 235 82 55 90 129 298
92 97 278 36 137 256 54 290 23 0 84 104 238 243 127 221 140 273 25 135 270 42 14
14 45 224 195 55 199 65 150 130 275 229 231 173 108 196 280 52 144 107 126 181 60
57 172 174 175 216 190 250 230 65 187 74 205 53 268 234 239 92 183 228 225 231 177 3 73
246 67 228 62 280 282 271 33 297 13 232 101 192 111 241 77 36 239 7 267 19
47 53 124 201 127 63 26 183 71 191 4 54 197 157 49 264 152 192 98 253 263 265 153
201 271 161 190 200 232 176 139 97 290 105 226 245 166 154 167 94 33 81 155 254
7 35 214 216 20 51 163 46 285 174 118 261 21 49 175 171 166 249 17 238 260 141 113 242
47 81 126 263 282 150 126 162 99 194 256 67 54 12 180 124 89 199 2 248 204 231 294 157
2 111 125 195 279 272 221 4 143 68 74 175 3 79 163 214 80 67 158 2 82 149 172 186 187 127 128 12 185 48 113 151 26 141 56 213 83 215 72 224 164 296 222 264 68 204 145 162 142 201 243 183 41 167 80 4 196 268 253 141 216 31 211 57 252
92 244 65 124 43 161 143 71 156 289 291 28 76 45 214 106 142 166 81 241 299
39 176 288 249 243 131 98 219 57 225 7 229 268 100 208 231 280 140 272 261 133 160 63
103 290 221 104 170 144 70 249 96 262 18 235 107 98 274 123 246 65 268 177 166
157 66 90 35 125 231 197 73 269 180 211 177 257 110 187 249 261 150 176 54 109
34 173 114 238 61 130 58 77 21 218 205 289 262 224 34 274 166 81 220 15 0
194 129 133 236 9 110 134 289 20 46 203 207 47 42 31 66 88 111 17 295 67
217 286 75 66 222 248 233 62 10 257 157 35 2 269 26 138 132 298 245 139 167 130
61 158 273 69 34 64 8 72 61 29 228 189 215 157 256 83 98 165 3 211 110 199 260
214 41 182 264 168 187 64 7 10 206 244 92 283 56 202 52 26 19 29 189 162
31 171 183 230 236 156 235 73 254 157 87 135 46 140 252 287 128 63 177 137 282 167 49 269 144
65 104 210 85 134 126 37 245 295 262 143 211 67 175 257 91 127 256 118 170 194
163 214 220 119 141 210 6 250 133 112 280 208 73 234 32 218 126 118 158 177 40 127 169
128 141 211 240 125 180 260 116 187 145 246 286 257 131 197 292 265 229 121 284 148 153 166 84
125 204 293 58 11 199 216 144 148 9 256 83 285 211 123 108 177 209 39 245 43 13 96
262 271 219 174 96 2 88 205 114 293 102 72 233 84 179 15 221 129 107 31 218 246 111 55 122 38 232 200 241 260 175 97 166 49 112 127 92 254 293 265 155
164 290 206 94 82 260 96 276 101 161 12 169 236 231 2 45 147 216 0 103 255
133 146 156 197 199 0 222 17 146 132 155 7 262 154 59 114 249 125 194 18 218 72 67 145 282 26 96 297 199 161 187 150 292 196 231 227 211 84 219 248 140 51 72 206 35
214 294 222 238 154 36 241 86 176 270 123 76 66 38 160 263 27 12 251 133 290 223
133 203 246 269 64 151 221 60 271 126 5 283 25 32 29 238 86 290 211 125 133 244 95 53
60 95 165 177 265 203 134 67 7 21 255 61 2 94 143 297 230 86 240 102 246 261 212 27
97 183 244 78 181 266 233 85 171 149 65 223 60 261 247 201 80 54 219 91 97 236 24
11 62 64 71 95 118 147 151 16 68 184 185 107 279 105 191 51 107 232 153 166 217 192 132 25 75 203 197 196 63 149 258 66 198 90 40 105 226 45 109 156 291 170 41 16 204 209 296 250 1 211
189 205 55 219 68 87 242 25 238 59 100 180 295 214 85 34 231 95 279 4 60 8
36 66 69 223 115 8 116 64 217 126 248 261 18 143 150 19 103 159 210 272 0 239 121 213
103 193 22 14 208 19 214 165 299 43 48 197 168 103 89 75 20 46 210 57 144 5
43 75 155 258 292 299 293 125 262 145 216 104 219 17 236 6 142 213 269 3 298 229 50 185 84 278
249 284 287 295 126 278 179 118 44 197 248 156 20 50 147 262 166 11 39 177 292 76 71 23
8 175 261 26 21 227 187 220 3 32 30 5 238 279 173 115 78 84 146 152 89
30 96 169 254 43 69 149 180 90 245 6 54 155 234 165 146 57 259 223 265 277 10 263 78
65 148 204 282 216 8 191 58 197 12 284 226 186 49 192 108 4 81 33 65 217 204 159
170 194 291 42 11 203 52 274 219 132 297 200 93 201 61 288 89 282 153 76 202 231 13 69 277 251 256 111 157 45 175 220 288 257 136 167 271 174 233 25 51 194 286
130 244 122 135 8 6 141 121 66 276 24 248 71 297 111 219 280 295 97 190 1 228
193 298 198 72 251 243 149 297 117 199 127 291 167 241 169 254 285 163 209 42 14 64
7 16 51 129 289 63 179 186 240 160 131 270 0 3 298 5 178 50 107 167 44 276 231 156 93
140 233 257 181 29 208 38 37 158 153 188 245 61 226 205 7 133 215 85 139 124 122 202
189 272 290 127 29 252 282 16 141 56 75 236 122 239 245 224 174 189 194 195 134 126 185
60 138 149 153 282 94 64 53 240 52 8 14 239 248 96 113 265 92 118 104 208 65 23 59 256
252 57 96 81 296 14 69 98 164 158 168 187 65 107 181 211 189 227 177 275 180
9 201 176 109 283 145 299 111 142 116 195 261 243 15 182 51 225 26 251 172 289 32
30 253 15 62 58 81 24 125 183 215 115 37 107 35 145 26 229 245 148 197 5 161
49 131 235 294 5 8 75 244 294 112 107 257 65 177 27 167 50 276 271 281 118 148 49 178 124 211 115 56 209 46 48 295 78 100 19 241 261 268 259 114 62 198 256 14
22 177 189 229 21 276 19 60 58 171 212 145 181 255 206 33 208 95 159 91 244 67 11 197
24 57 97 155 271 44 33 62 205 236 180 75 101 85 81 76 182 84 113 64 186 272 152 88
11 54 249 33 251 286 196 54 38 58 228 189 272 30 1 241 179 255 234 51 87 101 296
85 120 273 238 219 244 175 174 52 261 264 224 168 115 122 285 84 133 80 255 192 96 75
49 57 281 268 43 201 173 24 59 262 195 58 38 278 15 89 29 36 72 109 131 117 283
123 231 41 47 73 44 38 119 67 28 81 104 226 205 218 283 126 115 85 212 252 275
196 296 175 149 189 144 252 62 192 103 226 12 132 122 17 9 7 233 270 123 297 59
0 53 10 166 88 13 138 259 12 21 53 154 219 0 59 230 234 25 299 133 80 141
14 48 158 108 273 146 240 234 2 218 209 244 25 52 270 54 167 48 245 78 262 299
87 123 297 152 278 191 0 98 108 210 198 44 261 87 92 240 157 155 163 19 5 212 254
28 68 136 180 263 189 224 203 161 41 281 120 144 122 225 91 24 88 228 43 74 128 176 272 30
122 213 190 7 197 225 178 251 101 180 194 77 192 15 56 81 14 167 286 297 195
197 188 6 125 211 82 170 79 148 174 207 246 86 134 36 242 50 243 15 95 256
55 272 71 57 189 293 192 191 246 181 131 179 118 268 165 102 125 42 1 260 41 51
8 48 179 208 248 133 170 238 125 276 146 180 197 258 174 86 126 206 107 68 190 271 63 111 37
8 78 224 220 157 291 134 148 231 268 265 146 130 103 287 9 298 257 137 83 198 67 20
229 125 101 47 217 81 90 141 111 205 267 133 129 134 94 210 69 297 6 46 5
110 143 151 233 298 82 0 128 251 294 114 207 63 31 227 91 83 188 158 223 103 121 8 241 92
213 248 274 258 41 58 186 197 49 280 159 166 44 202 91 5 109 3 53 182 230 86 229 249 244 169 116 138 260 231 141 44 173 144 14 250 8 112 94 132 34
225 226 116 181 263 146 73 0 172 171 228 130 135 253 28 137 91 184 298 26 59 45
7 61 130 228 235 251 295 247 176 209 254 119 75 146 78 92 64 57 230 264 111 30 89 277 103 85 183
166 199 81 97 222 206 102 286 224 100 99 137 34 235 27 279 36 168 283 26 24
290 199 248 258 298 274 273 140 127 282 295 194 94 68 42 174 111 56 159 38 122
43 82 155 106 291 14 196 150 98 36 105 283 4 3 21 12 263 81 126 47 282 250
3 91 110 31 115 169 238 67 265 0 177 239 56 221 135 131 159 111 214 261 82 223 126
67 80 155 166 254 59 131 284 176 105 35 285 39 293 144 136 297 128 27 238 280 265 268 47 107
43 54 173 294 161 42 60 67 129 156 70 141 107 27 245 206 240 5 239 188 21 186 97 202
35 92 158 102 90 263 116 150 18 85 70 40 285 207 49 31 249 265 241 293 146 44
92 127 138 174 245 204 31 67 240 210 177 256 202 90 145 115 45 268 224 242 38 217 35 161
41 136 176 243 288 44 259 132 79 46 209 239 188 227 273 89 230 187 4 67 235 134 264 260 75
31 103 241 280 290 166 243 267 258 218 112 269 94 93 75 263 292 138 68 96 22 1 89 245 100
130 273 131 107 223 196 196 178 131 223 196 203 195 192 99 46 166 196 234 149 63 132 72 256 142 10 157 70 292 282 121 26 85 166 28 187 53 36 164 242 73 111
190 244 85 24 209 237 28 177 136 108 63 23 298 273 83 68 249 236 90 0 26 267
61 84 147 121 233 171 273 81 296 38 206 61 60 185 119 194 207 276 238 111 77 200
41 196 221 249 94 179 181 152 175 95 110 229 293 180 226 260 250 168 92 82 253 107 280 185
5 215 227 203 213 39 163 43 56 259 6 152 40 193 11 114 108 180 183 86 280 38
53 118 213 293 88 39 215 189 138 97 196 140 90 145 73 34 166 137 108 116 286 158 106 126
20 70 118 181 209 174 174 127 127 272 626 409 86 174 86 134 166 678 253 290 585 244 64 260 143 225 274 206 131 106 165 43 124 13 64 6 285 222 280 0 36 132 98 75
91 121 235 100 5 101 12 111 162 114 224 180 144 173 246 205 225 188 112 43 184 135 227
13 101 251 226 261 14 165 191 55 53 248 231 133 214 82 18 284 251 225 232 255 209 168
228 272 174 110 100 162 53 268 238 83 179 14 246 11 278 49 267 75 237 204 6
173 242 15 86 274 266 162 50 171 223 53 11 97 106 255 263 18 228 31 151 184 19
27 0 49 70 269 59 708 16 339 682 183 389 46 171 176 894 595 109 220 755 222 244 297
34 83 266 214 83 293 178 83 59 251 214 298 98 166 46 89 192 195 153 197 25 163 33 183 102 188 37 277 56 169 226 267 24 155 232 59 131 231 244 126 13
16 124 116 45 232 110 151 4 154 214 88 33 195 112 76 193 235 178 145 59 277 138 44 220 109 231 59 186 264 272 118 209 158 242 69 3 198 269 254 233 283 200
128 205 266 59 214 89 59 266 214 121 266 230 121 59 25 132 63 166 85 99 203 46 77 147 84 92 224 173 43 155 58 81 260 121 222 152 211 297 143 288 217 282
10 122 174 266 113 117 171 160 200 111 290 276 208 111 290 290 276 41 139 83 63 58 75 87 891 708 271 179 35 280 14 19 11 32 17 118 128 96 260 198 230 80 261 79 235 184 34
199 273 39 100 70 143 60 35 130 19 79 242 286 173 164 61 178 241 28 281 282
158 70 109 142 175 294 86 295 298 298 973 646 86 755 178 280 42 248 891 78 707 595 72 86 68 905 196 101 87 236 69 162 130 7 91 274 138 67 275 153 208 216 2 185 72 272
21 33 195 91 277 62 287 265 152 8 39 164 14 141 239 283 53 193 9 77 275
217 272 93 140 180 479 164 697 410 447 779 286 955 410 595 99 272 180 102 206 447 40 247 253
2 30 58 119 755 755 973 8 298 108 755 298 246 42 86 219 280 248 905 227 100 72 279 595
292 288 59 973 646 755 288 373 502 366 54 32 755 68 248 42 219 86 108 239 905
84 371 668 213 435 435 159 80 227 227 210 227 164 55 400 239 945 256 963 81 58
