25 133 232 17 100 223 272 788 464 30 780 834 330 364 538 846 826 491 784 88 842 205 150 879 98 933 807 914
95 363 573 887 288 634 97 75 670 425 341 593 458 553 67 777 947 160 52 10 940 347
31 212 218 274 49 8 49 8 220 8 225 252 227 160 904 157 67 132 194 576 257 155 99 8
234 120 21 164 211 6 162 41 233 241 86 221 85 50 140 81 203 40 147 246 105 34 947 177 109 137 19 203 18 947 947 736 947 789 170 137 161 610 14 259 195
30 152 190 104 126 696 29 47 45 45 208 283 366 52 254 32 671 304 871 54 112 279 2 117 366 603 283 967 356 410 287 251 544 356 967 27 3 97 23 544 50 50 756 277 278 197
20 30 32 82 34 121 258 23 82 136 195 23 227 415 203 877 262 175 46 189 121 288 673 271
50 75 78 215 262 98 179 116 286 5 97 42 249 293 260 251 167 54 158 194 166 224
91 114 208 86 218 118 147 106 105 188 174 256 214 246 280 88 178 289 283 73 224 113
86 115 193 292 694 90 183 128 276 113 133 206 61 161 210 248 23 258 85 247 291 265 232 35 209
32 47 101 148 174 296 257 285 95 166 174 201 93 152 231 47 175 12 270 67 98 261 28 168 192 30
36 112 186 19 149 42 104 185 42 462 42 85 116 279 428 242 73 183 158 79 764 235 149 125 272 110 32 273 273 273 273 96 162 915 150 158 284 297 248 117 282 104 16
3 45 248 106 198 214 16 18 16 173 140 182 81 191 251 61 255 302 262 166 512 250 458
22 44 110 132 208 247 270 271 281 155 252 129 126 222 255 123 140 276 14 37 172 65 271 182 154 256 31 171 205
18 114 174 254 275 297 116 66 157 197 225 63 104 29 220 113 59 27 188 16 53 194 179 251 287 154
82 285 223 183 81 183 289 111 217 62 81 81 181 801 157 124 287 267 264 987 196 795
66 86 139 145 157 166 176 143 143 154 39 154 143 159 108 133 39 20 42 262 267 93 271 160 33 32 10
17 44 65 265 276 299 223 282 227 289 211 29 221 5 18 281 103 70 119 279 42 258 57 232 1
95 145 75 124 34 147 34 216 101 96 203 253 280 23 158 50 197 96 2 828 92 869
0 1 78 104 121 12 260 273 184 158 256 198 140 148 111 36 40 88 96 43 149 282 280 246 254
91 94 274 137 102 111 174 43 41 200 58 142 167 126 98 204 203 60 290 130 206 175 182
123 149 218 242 183 58 48 170 125 207 286 42 188 297 249 210 220 27 84 260 187 117 97 82
111 247 280 186 105 25 254 87 107 151 218 288 215 135 38 57 233 241 189 248 209 56
224 248 283 166 115 54 62 294 124 272 168 171 182 36 14 72 262 111 291 73 258 211
67 171 193 165 138 106 43 204 71 22 116 225 250 47 174 1 52 159 297 254 237 215 16
47 133 157 217 293 94 152 251 66 291 85 247 37 179 92 290 165 128 269 182 261 41 276 162
262 287 72 275 118 77 49 87 273 264 267 16 79 35 166 26 270 113 146 175 235 119
72 131 142 45 183 223 122 45 128 13 45 291 507 249 78 255 48 90 160 67 242 167 10
181 253 112 106 209 139 186 257 141 287 159 219 283 191 145 182 140 277 110 27 237 298
228 284 186 107 122 81 257 77 150 57 228 84 40 38 214 16 247 165 64 188 13
63 101 198 264 37 278 85 16 124 251 194 238 11 58 169 218 19 230 199 94 0 179 36 21
58 100 153 178 88 291 223 65 291 206 33 52 963 280 71 197 203 200 92 828 253 100 50 869
42 236 243 64 93 102 113 222 231 214 206 40 62 190 261 147 98 128 31 290 232
248 36 276 201 178 292 127 241 98 267 99 35 166 216 295 195 134 130 230 132 13
25 196 254 71 71 277 110 13 110 202 250 27 2 251 512 136 283 182 246 116 61 458
18 140 202 270 44 199 239 282 199 105 125 239 104 320 205 150 462 88 64 96 573 29 149 66
184 236 74 189 67 159 230 286 119 170 96 82 266 216 151 144 77 165 270 55 283
12 58 108 139 74 285 33 261 101 36 111 296 257 281 76 160 28 15 114 91 158 237 143
62 72 114 694 212 21 197 122 287 169 204 79 199 92 262 123 163 236 81 164 218 233 147 87
176 180 273 13 59 72 72 28 28 48 28 194 161 69 4 7 610 195 13 107 9 191 274
46 83 90 149 254 208 144 141 215 209 193 160 257 199 126 170 82 212 277 189 275 131 122 128
27 176 180 204 264 40 166 40 82 219 179 243 264 264 286 137 132 282 115 272 86 243 104 93
51 56 78 107 132 157 171 267 286 220 175 160 259 28 209 21 245 283 244 180 26 177 57 59 215 212 239 158 247
4 14 34 47 55 224 297 257 21 258 218 164 277 111 140 136 36 40 29 96 0 121 150 214 62 124 242
98 174 253 64 80 266 87 282 89 107 267 138 219 112 182 220 139 118 44 72 88 57
76 92 220 194 131 18 49 183 295 298 210 163 48 286 187 158 95 22 177 200 72 190
34 38 173 179 242 931 277 122 145 126 157 78 83 52 86 187 269 45 88 166 38 129 54 26 29 271
62 66 69 138 236 103 39 222 179 30 110 279 144 34 290 4 81 139 127 225 116 102
13 41 115 152 185 249 287 255 74 44 102 167 38 240 97 219 17 22 299 291 1 198 139 290 37 49 45
104 189 231 139 32 96 203 106 3 35 168 264 48 6 257 144 245 145 270 84 93 199 185
82 172 173 269 270 79 73 46 86 285 157 144 299 159 217 178 75 124 235 194 222 137 88 173
133 230 157 294 157 828 157 294 869 197 828 197 203 253 963 233 280 104 96 242 23
43 56 165 240 186 263 109 39 54 34 97 171 268 183 90 217 233 73 294 198 288 175 133 138
10 59 85 279 58 6 21 186 11 87 45 36 223 9 212 120 266 257 117 150 173 183 286 16
6 26 231 62 131 155 210 221 298 139 20 274 274 52 161 171 171 52 106 116 116 238 484 117 440 29 126 31 86 79 242 216 134 40 0 147 123 282 190 130 45 131 48 201 254 105 24 96 83
114 190 197 100 8 224 155 141 159 181 242 212 173 175 165 230 112 48 185 268 276 249 231
141 249 30 125 126 97 78 213 124 18 56 221 111 264 84 177 15 59 24 248 51 167
119 153 275 226 154 70 151 65 206 243 217 123 264 48 297 261 44 21 164 22 166 227
44 210 280 139 174 245 214 236 150 67 249 66 255 269 101 231 280 76 77 248 107 181 297
65 205 233 293 238 270 170 12 98 78 184 7 178 214 37 29 208 160 190 71 22 253 35 198
8 10 174 286 694 170 275 61 287 192 179 102 149 281 207 205 41 210 86 234 134 226 147 237 240
58 73 112 132 150 164 47 199 86 183 58 35 288 50 170 116 136 104 188 134 7 25 66 139 175 119
102 280 288 247 179 33 27 5 158 289 54 44 214 144 88 264 221 8 63 131 47
80 261 87 170 21 174 79 174 227 227 81 174 73 419 730 932 33 262 138 419 253 257
15 69 31 50 148 104 6 299 24 213 231 180 4 82 86 59 256 260 139 291 115 83
124 85 89 97 93 217 188 173 260 245 159 252 10 197 258 208 176 0 37 137 24
119 126 113 116 9 100 0 113 112 0 220 220 6 49 4 279 173 713 89 198 650 55
149 155 165 250 135 118 239 239 180 135 288 288 288 248 282 33 132 286 242 117 297 86 137 104
79 149 196 263 240 46 240 179 76 179 137 267 10 242 67 93 90 490 243 255 816 78 249
143 161 1 248 156 144 179 180 1 46 57 97 7 161 191 192 195 13 249 194 610 107
11 43 85 210 224 250 286 165 99 295 158 212 90 251 133 57 80 182 75 156 262 18 118 49 181 235 40
35 74 173 201 204 99 132 221 182 268 134 299 13 292 37 90 62 279 15 286 246 277 234 122 146
84 178 260 262 283 6 6 275 829 259 176 259 46 141 229 275 153 249 490 291 242 243 48 271 103
105 207 68 159 197 180 280 211 134 4 132 177 53 7 277 158 108 109 155 2 62 154 229 54 265 112 152 164 67 116 284 109 44 77 141 49 213 274 100 84 35
85 221 87 204 271 170 192 187 136 260 213 124 121 132 247 278 200 245 89 116 222 272
176 259 185 226 44 135 244 176 233 236 156 94 212 138 3 114 8 196 76 186 28 39
84 134 217 292 159 210 87 136 172 113 156 193 55 11 32 241 233 86 140 168 134 4 36 97
6 87 175 931 59 139 192 233 233 228 52 25 241 190 807 610 242 279 268 230 235 102 428 287
111 226 208 186 73 164 64 66 83 231 153 239 275 129 177 114 138 233 214 286 183 3
59 255 269 111 173 55 107 45 85 129 282 49 31 250 196 272 214 120 278 191 65 139 67
2 94 221 248 278 47 139 86 190 233 104 60 23 249 17 292 101 196 184 250 15 169 126 195
62 178 187 234 270 60 141 137 255 79 253 175 16 112 33 131 214 286 4 139 55 156 121 40 168
13 48 108 136 143 211 277 297 145 269 220 258 288 17 91 59 217 0 224 213 120 185 236 122 295 190 259 167
6 8 135 269 39 191 230 200 227 155 247 218 121 246 219 6 249 167 266 165 166 78 194 205
25 86 248 283 249 200 293 63 287 11 240 33 162 158 137 286 115 272 243 132 16 93 248 86
30 141 215 256 105 124 118 11 7 64 52 123 27 250 256 33 66 145 291 91 126 39 54 172
15 67 206 731 731 731 184 70 231 226 226 265 68 92 78 33 103 160 93 10 271 48 249
77 85 265 229 153 119 167 212 253 237 142 25 273 213 151 62 43 251 271 145 71 194 174
119 52 266 266 15 80 252 224 266 160 80 15 224 280 242 104 92 869 203 233 123
134 186 125 138 295 125 164 125 138 164 259 99 107 194 274 9 192 181 610 122 4 249
33 92 94 120 160 275 273 81 140 232 143 260 234 24 279 261 119 13 73 243 193 162 218 6 97 49
12 46 126 230 248 170 214 228 245 108 217 282 196 81 97 123 296 298 85 79 242 184 65 98 178
68 274 234 234 171 221 104 13 817 221 13 33 117 137 16 104 242 744 286 162 158 248
72 290 89 254 219 26 78 56 71 246 290 182 280 90 175 111 251 53 47 55 240 260 10 23 222 284 50 226 190 137 115 150 128 70 13 52 66 252 189 22 142 140
143 295 114 2 288 41 5 105 291 49 101 19 191 130 149 222 162 233 254 62 217
10 33 59 138 157 180 238 261 272 125 62 118 226 129 148 269 105 120 178 35 30 10 28 102 162 224 188 137
71 113 133 144 196 286 259 259 224 167 224 39 39 104 828 963 138 253 242 280 123 197 233 109
123 163 268 87 100 17 223 87 245 220 223 268 201 83 37 4 108 713 898 89 859 848
44 175 206 233 216 25 291 150 165 177 110 42 262 183 248 212 112 117 43 33 239 48 238 0 33 33 90 74 290 165 137 290 55 77 96 194 69 274 107 14 139 161 4 258
45 219 245 175 138 184 34 34 136 4 184 4 129 249 126 422 181 226 269 85 185 65 212
260 60 45 177 18 284 266 196 97 272 258 24 282 158 96 249 287 74 270 170 13
255 255 98 167 98 234 2 98 133 234 2 98 133 283 136 191 246 182 61 2 162
44 76 237 297 185 122 166 40 256 2 239 79 151 86 9 66 117 202 259 187 51 178 156
60 153 187 219 282 290 113 243 28 41 89 226 95 279 228 128 83 137 298 139 164 240 191 260 142 275
183 262 227 133 94 118 113 86 48 86 65 826 226 249 185 161 59 279 175 181 212 269
155 215 83 278 220 275 156 208 245 162 280 95 222 42 177 9 173 94 241 152 108 22
32 40 237 197 166 43 200 291 233 104 31 213 82 156 227 58 134 150 22 208 115 151 254
105 155 181 216 62 295 130 228 113 16 201 93 35 236 282 158 45 152 202 168 60 101 259 37
6 32 238 133 234 69 69 288 267 133 48 48 197 92 138 100 197 71 104 242 50 109
15 250 284 16 227 177 230 56 5 37 47 91 160 141 243 142 19 135 284 127 124 133 157
52 88 134 70 240 155 92 118 200 257 161 4 256 270 18 172 115 49 88 251 149 281
5 45 111 113 122 169 198 245 65 66 250 14 244 22 235 21 239 177 111 41 257 67 219 205 223 169 104 253
41 859 298 137 82 267 211 73 72 286 205 2 146 156 160 223 113 153 109 246 31 49
226 272 288 93 23 172 237 275 244 163 3 106 18 82 102 145 58 119 161 148 271 160
237 255 126 22 22 208 237 53 208 237 272 86 242 33 115 286 137 162 132 158 195 297
38 158 165 107 121 196 117 35 98 266 184 78 106 236 287 230 252 178 189 172 68 51 71
161 277 48 188 224 219 282 248 48 62 282 62 826 212 85 443 175 422 65 249 185 279
46 124 210 102 166 234 117 140 127 43 233 25 47 171 46 274 18 281 104 168 240 219 185
184 281 69 189 270 151 90 211 18 83 99 86 243 287 21 53 208 23 50 2 165 156
26 30 41 136 32 275 62 26 188 150 59 109 177 107 93 164 147 267 68 170 223 21
50 182 126 156 258 283 275 261 122 5 95 97 163 260 194 294 86 137 10 270 110
21 34 145 234 251 145 255 81 211 3 252 66 291 121 97 17 277 160 245 130 202 298 141 288
41 201 279 252 8 136 226 258 298 278 171 52 175 156 80 109 230 239 144 238 299 83 106
16 147 79 215 247 220 3 67 277 41 246 37 72 64 149 108 154 278 280 143 73 99
176 212 97 1 15 84 13 188 35 32 189 191 195 94 48 292 223 89 21 16 142 98
47 116 109 1 109 38 237 109 71 16 1 102 85 287 70 807 73 230 78 242 116 268
15 187 225 40 36 131 12 270 11 183 217 18 293 236 43 177 233 283 127 254 109 4
28 98 262 97 17 98 17 98 209 209 209 17 262 264 165 154 61 961 127 297 318
18 291 567 274 206 218 280 84 52 175 260 259 93 161 290 0 262 230 85 222 39 217 28
81 97 146 201 262 148 262 200 239 50 45 50 248 45 234 961 297 73 109 272 127 150 77 318
0 84 429 169 429 18 824 59 169 932 419 744 812 535 20 124 273 255 268 898 5 409
170 205 921 22 293 71 176 113 8 14 254 291 185 39 43 127 237 11 259 118 217 132 266
152 187 183 118 12 100 98 2 6 25 194 122 214 223 157 42 16 182 132 85 247
24 144 283 296 5 212 67 67 5 150 178 150 165 212 5 98 159 188 747 135 158 255 187 248
43 267 138 162 111 110 265 214 12 248 24 130 69 284 131 77 72 204 149 185 10
4 115 217 277 181 267 112 24 57 33 35 138 278 282 84 269 297 182 246 189 174 10 215 52
65 136 279 123 262 237 126 73 148 273 209 281 231 66 141 61 81 57 92 20 279 101 178
42 73 169 191 254 290 137 111 216 298 127 246 102 262 159 287 221 214 241 258 145 9 264 273 101 8
29 76 277 154 156 156 18 63 161 63 156 443 185 181 86 175 422 282 116 161 826 279 212
87 222 234 252 126 1 247 154 281 281 154 279 610 73 78 4 287 79 149 70 230 807 242 428
124 157 220 931 209 137 160 144 93 295 202 151 24 277 223 128 54 126 133 171 107 164 125 292
28 121 124 139 242 81 91 296 15 57 118 62 266 273 40 206 48 168 199 127 275 170 224 230 64
75 265 163 269 254 73 108 108 47 95 14 192 69 122 139 610 181 107 191 249 161 274
106 147 155 443 744 169 292 744 159 169 366 78 103 942 267 167 559 98 213 114 96 121 299 272
72 243 39 7 238 299 234 262 144 173 68 256 172 217 187 37 255 46 267 298 105 95
51 76 107 170 171 185 139 183 174 80 73 163 183 183 183 174 73 181 192 4 258 610 7 13 14 191
78 217 544 135 285 222 184 48 41 85 282 142 299 165 270 150 180 145 196 115 111 210 233
40 61 85 268 230 231 104 70 269 236 51 56 67 38 147 261 274 76 8 136 81 282 33
54 76 289 120 264 235 264 120 131 915 68 152 289 15 131 848 713 55 198 108 173 898 836
88 184 508 81 57 294 932 213 258 508 73 157 150 272 318 85 127 2 264 154 109 20
62 110 213 578 241 11 290 33 21 0 220 173 282 66 286 197 43 257 199 131 204 295 229 63
171 267 18 162 233 94 286 91 23 126 174 87 3 69 171 97 260 60 118 173 95 61 28 299 230 0 65 195 223 209 23 253 126 88 176 74 167 35 215 6 241
10 18 122 150 215 107 85 205 69 188 69 205 237 69 205 107 162 248 115 297 33 282 286 243 132
78 109 212 271 285 795 44 290 143 44 294 44 240 336 143 290 877 204 932 703 17 192 140 139 967
146 238 262 534 694 16 116 167 281 97 66 145 78 244 243 130 209 211 233 175 18 21 110 58 123
42 235 244 131 139 26 81 275 171 19 290 106 250 140 55 277 114 133 156 16 49
44 184 135 202 274 209 51 269 115 216 53 268 143 62 228 37 239 5 175 278 235 291
61 62 140 116 175 80 68 186 284 77 5 104 30 43 27 44 45 279 87 223 16 130 15
46 114 259 130 234 283 256 21 232 79 155 118 165 238 113 52 236 59 148 131 126
125 133 273 694 183 138 164 126 241 130 190 90 229 6 276 136 159 125 73 223 244 88 169 140
34 252 290 254 25 209 121 282 276 122 175 250 284 219 218 298 137 286 248 36 114 14
68 215 96 288 46 26 266 231 39 104 296 59 102 209 178 38 144 229 295 132 152 101
8 68 180 248 135 105 9 40 262 203 38 134 258 116 246 164 241 193 231 21 176 256 192
68 194 248 235 6 60 120 223 195 240 199 75 143 282 32 46 148 11 96 228 30 43 158
117 129 264 264 264 125 543 292 148 126 66 66 543 264 14 107 274 139 13 161 195 7
23 258 281 125 126 292 66 74 141 103 196 153 196 7 610 14 69 122 192 181 274 195 139
0 123 177 192 102 292 180 37 57 124 40 23 178 288 111 177 286 66 220 293 265 0 247 136
36 128 210 9 48 28 21 170 57 124 87 128 251 182 116 179 53 140 162 288 283 139 235
178 5 70 282 224 164 184 57 37 92 79 77 101 43 75 30 154 0 3 231 227
160 221 231 258 266 246 123 275 241 271 275 30 241 139 271 284 158 198 201 936 171 37 713 89 108
69 293 145 273 71 14 199 262 151 48 233 131 226 211 238 57 283 264 171 240 221 144
2 68 168 177 694 74 61 264 264 141 141 141 94 610 181 9 249 107 161 258 4 139 191 13 7
993 130 260 559 738 279 81 117 94 188 297 293 4 234 161 111 101 294 211 259 222 121 214 142 113
993 112 235 420 58 263 134 242 239 193 267 210 223 282 89 233 139 194 4 219 152 102 21 172
1 99 154 75 280 59 89 224 81 268 27 196 125 66 218 51 120 283 281 101 210 241 142
942 97 149 518 290 18 172 150 235 265 176 15 16 166 96 25 272 209 273 240 243 285 103 193
96 247 223 38 279 94 298 224 283 41 104 65 222 290 24 151 289 159 84 254 258
39 50 127 284 179 297 20 20 179 96 45 20 0 507 490 48 139 255 267 243 271 645 615 67
50 108 256 268 91 45 25 687 153 91 45 272 291 93 103 10 255 507 243 242 67 33 615 160
24 86 127 133 171 277 265 159 105 286 91 245 30 285 215 182 44 229 153 111 224 198 63 172 79 288
106 182 296 582 96 977 297 320 91 297 364 977 45 153 139 93 48 490 291 243 507 645 160 255
243 255 89 148 31 165 274 76 106 87 164 32 51 275 203 177 162 166 266 155 253 142
26 48 56 81 193 115 159 239 255 87 288 213 275 207 154 224 271 281 183 139 18 222
993 134 173 185 213 219 229 249 167 15 166 146 178 95 115 177 288 69 263 286 37 79 46 245 76 273 81
27 89 191 206 233 139 208 279 31 9 25 172 288 205 193 113 285 255 63 61 17 265 29 272 249
52 160 222 269 208 262 109 236 278 259 272 261 105 139 84 226 248 147 170 241 188 153 12 212
100 193 207 240 286 11 129 239 227 67 69 228 28 169 71 143 15 5 20 224 238 160 205 198 203
234 921 4 921 100 78 81 71 921 191 81 118 264 220 141 269 193 218 135 32 229
125 200 228 863 149 863 97 69 97 97 708 302 856 149 69 82 269 75 139 829 625 945 142
88 93 757 102 211 174 44 10 209 1 170 125 92 297 272 61 33 140 260 283 120 62 41
112 178 189 73 75 128 243 250 9 17 264 217 92 68 105 216 2 91 108 126 100 28 170
