44 54 352 71 477 107 201 387 879 732 802 214 941 725 875 357 684 554 367 596 923 312 126 827 793 800 336
90 117 531 543 9 744 170 992 350 658 192 62 267 826 434 978 555 911 111 941 124 762 1 153 0 269 71 59 172 282 102 4 267 97 45 36 230 199 214 18 138 83
278 299 326 978 119 219 23 793 312 941 336 827 721 23 113 890 539 45 126 177 890 100 177 879 23 100
87 172 224 224 68 431 204 68 29 252 182 581 285 596 229 993 203 666 60 773 229 721
80 227 67 723 64 571 67 166 146 571 146 465 263 67 333 323 524 333 495 67 333 148 23 163 20 244 87 57 263 114 256 14 18 173 45 269 58 86 132 28 149 43
604 44 134 239 286 189 55 30 171 163 220 233 134 292 6 152 94 2 18 295 15 264 271 29 293
84 187 262 247 217 165 103 109 34 271 146 101 197 79 35 54 158 149 179 58 243 116
442 117 263 204 236 224 61 224 187 27 277 224 25 64 756 281 756 187 620 346 75 225 110 277 280
571 105 224 234 276 298 227 216 129 231 42 231 216 290 242 90 100 749 43 171 410 512 31 52 47 394 236 258 46 172 254 227 209 231 175 88 11 199 285 47 143 30 50 194 23 218
128 284 604 18 46 60 88 234 271 268 3 213 3 161 130 47 130 288 148 182 50 76 71 82 5 282 158 294 386 284 50 154 133 41 200 132 75 99 9 25 71 84 90 123 97 155 169 244 224
138 239 285 1 81 210 99 287 163 5 148 19 71 31 73 134 42 62 9 97 34 153 218
6 127 237 208 151 66 9 272 8 57 223 154 283 3 60 131 91 260 242 144 213 38 230
40 209 153 183 212 261 211 181 196 226 253 117 66 152 52 171 48 111 512 735 14 154 110 31 96 93 295 50 25 144 112 262 236 94 211 242 143 27 158 52 296 204 261 98 9 15
89 100 149 298 118 171 258 69 157 256 255 106 86 120 9 40 114 68 217 248 100 131 291 277
94 120 162 218 164 103 249 12 146 298 232 190 158 95 101 133 299 244 294 165 142 5 25 277
11 17 30 254 140 285 234 89 68 84 283 197 65 258 47 284 222 235 206 135 216 83 92 166
157 271 230 297 209 103 28 124 117 101 84 169 290 260 287 221 176 12 38 182 286
1 7 84 134 277 28 125 92 195 248 241 39 73 53 192 137 279 212 261 81 99 297 208 83 109
64 95 165 54 98 217 219 13 202 236 113 28 185 153 253 281 75 116 257 148 166 36 183
192 240 249 61 290 260 127 16 220 72 268 112 67 58 183 75 148 24 43 173 281 45 299
571 9 292 36 215 95 100 154 248 206 271 74 181 180 141 238 117 94 236 173 243 24 286
101 149 266 270 33 224 167 239 95 133 31 287 98 288 16 79 25 154 203 153 47 235 192 169
82 154 175 186 256 50 32 168 153 11 216 299 85 202 210 184 271 251 146 81 14 218 226 190 89
52 70 81 204 130 52 80 199 158 92 206 190 286 63 260 27 243 149 125 251 14 11 221 233
604 104 125 261 235 279 124 227 151 217 282 64 108 23 160 219 197 196 26 24 237 4 2 18
158 161 170 227 275 215 267 127 84 171 298 251 242 153 12 198 139 232 6 273 233 36 270 130 97
122 149 284 154 176 54 102 184 63 250 186 163 209 181 273 19 280 215 42 5 289 170 11 148 138 4 254 185 142 263 223 237 228 183 246 209 137 127 290 141 188 6 16 20 129 99 271 204 130 67 45 94 153 14 27 55 194 23 42 175 101 243 54
177 240 247 67 145 297 32 45 75 50 280 125 122 165 131 237 141 87 175 274 294 203 187
35 126 114 22 234 189 8 73 209 245 214 122 197 147 61 2 294 99 279 271 283 54 130 177 181 297 197 90 255 43 294 139 109 108 75 141 170 243 83 260 233 103
64 198 230 234 190 260 98 61 253 174 128 192 280 136 163 119 178 135 95 292 267 13 148 173
196 78 203 36 39 267 53 266 218 117 91 44 256 148 278 141 165 199 221 140 30 293 210 187 163 267 13 246 43 44 162 216 67 296 161 30 287 250 131 81 258
18 63 76 78 85 88 111 126 188 208 250 260 249 98 47 245 194 156 286 33 6 21 206 162 253 123 183 238 115 185 35
525 934 15 57 131 293 49 19 81 202 226 138 111 216 177 38 197 205 172 243 25 166 278 159 88 105 9 75 31 74 280 78 24 224 211 67 180 257 35 231 240 122 194 125 152
33 52 220 265 13 85 176 44 101 287 8 142 246 278 258 1 21 26 202 112 23 37 46 296
137 156 176 262 291 247 228 96 295 19 197 237 133 227 172 30 151 137 123 229 250 56 125 97 5
443 1 84 163 66 183 33 79 52 104 127 273 89 23 265 12 174 218 205 260 230 255 26 285
54 211 89 199 270 221 242 44 150 140 268 145 196 257 195 117 18 35 193 30 253 72
38 100 104 144 217 231 218 225 112 85 147 103 205 61 214 217 46 91 223 87 84 95 293 11 236 189
133 38 197 181 217 165 220 89 200 196 234 297 11 162 100 41 223 140 44 117 96 79 29 137 295 183 167 160 107 292 133 154 181 254 21 59 243 159 298 168 174
246 97 13 199 236 172 271 285 77 105 295 119 72 281 290 237 155 76 204 25 63
443 135 161 204 27 135 296 144 158 161 138 253 216 198 274 244 264 45 122 285 222 219 284 55
71 211 280 82 266 119 295 192 103 97 298 31 174 36 204 175 49 89 276 53 10 178 196
15 132 191 216 256 98 238 275 285 99 123 218 177 124 215 246 95 158 213 51 166 83 131 126 78
66 175 65 233 105 219 30 47 22 237 104 293 73 230 70 150 31 63 174 262 298
64 127 159 173 180 252 249 162 83 32 251 106 9 141 153 143 165 45 265 136 6 59 15 133 4
231 285 238 31 132 53 272 143 98 18 185 104 191 151 88 255 43 232 112 208 180 48
1 52 152 182 229 257 15 18 170 97 221 168 209 77 8 56 68 193 20 194 59 261 175 199 235 293
9 105 220 238 83 48 241 99 213 230 268 65 130 113 206 100 143 216 36 291 23 92 46 146
87 119 124 163 205 217 223 287 39 212 48 203 86 66 298 128 135 113 26 2 167 270 111 216 133 287 256 193
74 114 78 1 142 252 235 202 101 182 210 42 19 67 184 213 190 34 186 110 212 22
46 118 230 288 85 113 165 136 277 204 272 135 147 27 42 221 291 214 290 90 28 284
25 167 213 288 290 283 165 7 154 260 272 245 70 120 206 140 202 45 133 21 167 264 22 117 271
42 153 158 171 192 233 239 248 239 17 12 268 259 109 30 95 215 195 250 148 96 208 251 44 121 72 288
57 214 285 214 82 256 222 36 160 103 91 220 64 211 251 93 264 97 118 102 246 74 216
217 255 285 105 175 81 187 272 220 193 217 259 39 149 200 288 89 106 10 274 94 271 224
123 201 208 94 47 76 126 95 77 230 215 174 235 97 163 217 32 49 67 130 12 87 17
174 18 261 3 35 262 24 119 287 197 14 286 111 154 87 61 194 71 83 135 160
37 110 173 202 20 293 135 109 194 147 53 242 183 239 9 155 92 138 169 84 207 33 115
231 269 116 79 172 20 239 266 258 235 2 106 123 29 75 157 142 110 246 236 76 224
111 198 285 19 299 51 295 169 48 241 252 153 118 257 116 102 90 192 59 11 206
165 194 26 8 30 129 254 67 237 177 264 189 274 194 258 31 143 184 167 296 93 74
4 22 26 193 82 104 282 90 158 173 268 12 132 136 262 130 121 290 265 52 250 112 229 214
8 56 247 282 23 101 46 289 243 134 11 2 16 41 124 168 164 44 219 236 270 1 106 25
56 66 181 231 15 84 34 9 196 263 270 115 246 299 24 12 22 67 96 132 100 286 39 198
119 175 204 275 226 273 244 157 115 70 228 217 253 4 237 294 224 269 127 259 285 147 141 180
28 122 127 217 153 128 12 159 260 35 8 108 251 60 150 287 266 39 34 281 195 272 183 102
10 93 284 294 142 169 25 49 173 278 9 174 117 293 201 95 239 65 99 298 216 141 177 93 44 241 280 22 249 279 288 190 82 89 234 204 104 106 155 277 113 260 108
78 100 235 296 24 117 290 144 30 169 61 199 89 67 200 122 210 63 124 260 167 168 54 26
28 197 285 75 165 32 20 111 155 259 97 261 202 88 81 122 105 144 113 109 141 229 254
81 133 239 245 32 227 244 191 178 108 148 250 238 186 76 62 179 266 13 188 120 184 209 26
16 186 201 223 51 96 182 16 57 200 72 168 97 74 185 37 214 25 130 112 252 189 64 106 242 12 69 278 102 99 132 160 3 272 234 104 92 38 67 214 105 77 152 261
51 78 217 232 266 150 143 72 0 186 20 25 190 148 281 264 43 164 261 269 100 13 204 207 64
4 61 107 154 264 124 32 7 290 120 136 294 247 107 153 57 256 271 181 139 102 88 80 117
158 173 180 52 33 207 120 184 2 111 218 139 246 46 79 115 259 213 292 51 95 197 263
144 96 25 45 1 228 33 230 257 181 107 95 35 22 197 150 84 49 189 73 237
65 153 218 259 199 91 147 62 188 232 219 256 2 248 48 255 64 127 44 152 25 27 297 204
8 200 3 50 62 260 75 42 131 156 66 178 185 54 204 202 187 159 263 97 104 247
70 245 201 25 271 0 68 87 144 246 256 113 76 275 261 83 231 122 162 239 118
186 114 131 108 64 119 167 122 289 212 56 17 139 259 256 261 279 144 185 150 123
31 200 244 149 81 289 16 25 31 65 220 208 248 184 216 233 200 278 166 33 109 93
35 119 148 148 23 78 110 111 47 64 247 171 278 168 265 229 87 261 156 115 40 118 145
224 231 236 77 62 124 254 21 250 127 243 104 244 50 287 49 5 154 199 230 70 42 276
78 125 168 25 65 195 196 257 293 289 19 116 247 270 90 75 188 219 149 178 105 95 147
256 113 155 7 257 224 101 176 177 167 18 125 297 190 250 135 41 185 132 96 195
262 16 73 263 223 107 211 129 247 161 285 90 36 2 136 3 122 242 296 280 255
934 27 296 255 58 228 196 254 233 72 106 287 276 248 299 127 185 47 204 147 10 17 291
92 138 173 213 254 1 198 94 39 182 268 30 96 145 178 8 197 6 105 0 293 74 76 209 298
75 250 291 299 159 280 102 283 266 146 157 93 245 215 240 241 287 154 281 192 286 195 175 95
95 177 245 270 28 7 239 214 22 90 194 26 44 98 51 247 299 227 36 164 159 65 222 249 272 219 175 36 49 15 262 270 3 169 250 140 213 174 53 125 0 261 104 1
178 201 227 264 105 47 110 164 238 5 99 53 245 34 143 87 25 173 20 207 116 213 216 119
156 292 7 292 153 253 192 161 214 136 122 85 155 245 149 45 39 37 189 227 199 234
100 121 148 178 66 201 91 270 159 87 13 204 48 175 65 177 59 239 102 164 64 16 280
35 166 289 188 62 120 3 200 141 15 294 53 158 149 128 268 214 13 287 145 232 212 194
5 59 98 160 278 81 115 12 182 3 242 225 82 243 11 250 31 194 171 272 219 211 195 25 176
9 182 154 120 277 22 44 35 106 255 166 51 19 54 146 201 207 261 264 83 157 112
360 50 282 59 28 154 184 243 132 105 88 256 85 258 30 124 14 216 229 236 279 99 226
27 75 206 39 275 152 271 12 21 103 176 80 19 86 9 130 14 149 84 107 257 29 166
246 257 67 240 117 277 206 245 233 167 65 249 189 133 135 169 215 266 127 232 75
52 98 121 141 214 135 213 25 129 288 18 127 2 210 70 257 80 20 58 40 126 298 274 22
82 149 173 101 62 275 162 113 261 204 57 4 80 85 190 155 271 119 171 297 177 265 246
934 11 61 155 200 211 216 293 201 70 74 103 59 58 175 191 171 193 195 115 272 57 101 107 290 65 67 7
20 47 98 251 180 129 66 286 19 68 86 239 198 166 77 104 163 235 266 256 111 55 14 226
115 240 165 156 112 199 244 68 47 179 216 256 94 155 258 284 279 201 247 202 134 161 64 20 275 76 108 207 12 143 69 167 154 293 283 288 201 168 139 162 250
36 217 236 101 119 127 72 267 183 134 262 282 211 289 227 290 220 245 118 217 0 144 187
967 116 41 174 85 295 198 199 138 210 51 226 155 38 67 16 9 187 298 110 299 13
967 69 101 91 83 294 47 249 299 243 195 37 127 185 218 197 140 128 210 212 69 228 276
99 101 133 227 264 282 119 78 284 42 272 141 165 154 273 26 210 229 245 296 240 183 181 156 223 73 173 126 50 202 62 277 13 122 34 135 113 189 150 6 130 285
261 269 276 134 134 378 277 378 277 261 147 471 122 182 443 826 167 57 164 111 403 214 279 153 132 255 265 63 40 232 72 39 97 100 233 1 141 200 238 23 67 229 27
32 80 82 8 47 105 173 160 70 86 243 132 136 184 196 186 153 122 55 266 130 211 236 122 204 158 225 121 294 239 164 62 132 226 80 86 53 207 64 284 149 44 36
121 178 245 17 29 284 169 177 78 250 237 201 161 25 77 198 135 240 217 176 238 128 257
34 67 110 243 59 83 18 275 78 146 71 97 205 290 13 241 62 142 36 114 242 286 25
274 187 89 203 284 234 279 7 17 235 238 294 207 297 9 157 278 100 39 14 132
92 111 139 189 56 240 8 254 55 132 130 183 223 270 264 281 222 28 122 74 263 195 64
164 256 59 183 284 274 73 167 255 115 89 39 291 71 67 113 203 85 182 245 29
160 163 210 238 194 76 202 61 33 207 267 217 112 168 51 3 243 114 132 103 57 30 139 121
30 62 224 281 60 40 64 252 231 234 19 111 49 51 15 123 42 54 61 292 198 63 192 274 185 148 104 146 0 230 210 110 218 41 283 177 63 2 126 18 237 192 152
160 242 251 228 126 200 164 134 287 192 85 98 91 65 278 149 112 251 61 226 167 204 30
56 202 284 297 110 107 251 18 25 247 11 277 184 271 98 114 133 116 207 129 202 175 193
82 106 118 200 248 291 97 198 273 62 72 41 205 127 116 119 189 44 11 257 107 289 216 218 190 250 121 68 70 179 107 142 124 24 225 208 88 87 234 258 129 178 143 127 66 229
82 248 243 131 286 40 201 3 241 171 72 160 265 45 51 278 276 18 102 197 298 155
140 81 132 111 58 56 8 295 92 128 115 36 77 284 15 68 282 248 232 211 141
94 107 223 25 138 229 263 126 284 117 294 176 9 256 141 266 174 30 155 177 0
104 263 243 154 217 54 107 64 12 188 13 190 17 80 79 237 87 251 180 158 224 268 189 2 145 249 171 25 20 184 15 49 273 233 67 120 127 69 112 141 6
267 292 281 4 145 1 225 279 164 107 71 126 272 43 88 112 257 208 177 77 185 31
125 174 261 258 144 103 195 77 234 282 0 177 98 83 272 241 291 140 34 186 25 141 236
35 90 151 135 87 25 140 253 204 124 188 39 262 239 281 143 186 136 163 139 54 176 186 245 218 204 89 93 103 28 50 141 55 53 173 135 294 193 180 281 250 7
82 84 115 189 201 288 1 282 292 147 64 276 214 131 208 195 108 176 42 284 291 140 293
38 252 119 292 169 223 115 75 280 160 198 87 224 157 202 186 94 21 269 67 161 49 43 99 52 48 42 259 258 32 58 38 230 36 179 73 80 2 138 21 252 284
54 89 115 74 274 219 208 55 168 120 143 78 151 295 53 132 22 13 279 172 154 94 160
16 162 295 7 61 28 167 242 127 150 270 231 234 120 299 14 141 13 90 209 52
190 36 139 28 269 29 257 117 7 63 80 73 229 57 224 261 94 179 149 192 281
77 91 106 119 288 104 169 215 151 64 138 233 193 245 110 234 0 136 117 227 108 6 146 240 83
133 212 254 284 162 113 12 32 289 69 267 9 73 80 266 10 258 175 30 54 192 276 239 107
8 82 276 254 272 183 212 154 282 194 139 27 258 0 262 274 92 210 219 186 58 18 238
60 76 130 54 25 229 156 247 119 123 252 246 239 227 262 254 120 205 59 160 128
146 190 277 57 165 124 9 42 243 247 76 296 297 96 49 239 288 277 172 267 246 244 143
443 86 211 90 287 167 243 260 195 57 178 289 32 117 106 44 175 258 11 217 279 297
6 225 229 58 50 69 88 7 64 241 43 219 141 61 175 93 2 17 59 167 217 294 170
37 122 296 62 185 157 43 135 158 244 184 147 42 15 134 92 281 270 111 130 26 163 275
168 177 236 95 42 192 203 162 125 245 258 30 180 182 294 221 8 179 126 83 261 73 289 197 11 111 229 244 57 297 208 219 264 217 13 189 286 115 299 25 279
136 190 152 255 209 191 169 259 10 88 108 190 77 59 273 203 244 180 189 133 274 96 296 3 43 82 49 194 120 165 100 15 159 171 173 215 187 220 216 88 28 31
3 128 184 186 242 283 212 219 180 131 78 266 281 119 160 83 63 88 31 208 240 260 274 80 162 133
112 128 257 40 82 0 228 284 61 253 116 264 243 98 170 203 272 163 106 9 222 192
934 45 53 60 151 187 198 228 242 183 72 250 163 149 245 178 74 31 252 240 247 51 104 268 285 27 6 261 108
75 198 210 7 262 61 260 298 230 11 169 99 282 51 130 278 93 215 162 194 280 28 89
13 199 273 4 102 289 39 154 38 167 128 95 100 36 269 33 264 274 298 91 107 170
70 40 234 68 159 126 217 114 129 42 35 192 231 104 222 124 119 208 172 32 239
36 45 120 170 45 81 119 193 23 169 252 212 28 91 237 67 117 219 29 160 280 2 55 216
98 103 224 225 82 251 187 266 250 31 288 195 105 262 235 238 28 164 170 248 38 41 223 176
20 41 183 193 45 142 298 65 119 61 220 291 118 37 19 94 115 40 234 193 239 145 261 278
84 127 234 282 272 277 118 94 163 71 249 173 140 234 99 92 169 156 181 228 89 136 242 1
4 71 84 154 260 11 80 132 106 231 256 266 125 82 137 261 31 32 286 171 3 228 253 164 112
127 273 106 236 19 11 290 186 167 292 146 68 65 207 56 203 38 120 91 222 62
65 73 85 111 269 272 292 279 283 187 30 84 165 271 7 278 291 75 36 185 245 294 128 62 246 217
5 22 52 162 216 233 293 41 61 91 266 152 241 169 295 297 269 47 13 133 235 79 232 55 153 231 281
20 86 143 174 185 293 56 123 46 143 85 226 22 171 132 125 245 190 116 169 204 254 237 227 136 220
967 29 290 217 274 117 78 203 36 240 54 92 25 22 287 297 228 271 143 83 133
255 246 163 35 33 71 96 206 279 87 132 291 112 164 119 50 244 296 109 219 266
9 29 110 247 74 226 199 17 285 174 113 223 287 238 201 136 299 131 50 289 206 294 297
0 19 114 211 47 241 21 229 281 143 146 96 140 90 256 58 156 31 299 191 36 172 74 216
124 134 154 266 112 119 276 284 268 174 45 233 5 194 241 288 21 218 230 182 227 296 120 75
147 12 52 225 234 293 293 781 53 108 781 53 76 164 122 111 443 57 312 570 222 16 9 167 214 261 109 277 129 141 154 183 192 39 262 196 106 104 288 44 95 165 107 50 224
125 231 38 105 33 15 135 34 298 239 280 281 72 214 288 289 35 108 166 71 123 84
786 84 104 193 205 224 80 53 239 110 245 111 112 32 13 146 288 117 138 252 236 203 208 196 273 55
127 147 172 203 570 312 312 967 222 967 104 288 16 207 215 211 160 166 18 99 125 97 102 16
60 121 248 312 9 116 222 64 495 820 917 312 230 172 333 346 234 470 149 892 49 6 242 181 128 29 108 86 107 275 7 256 165 277 253 104 207 97 53 265 171 56 168
150 233 234 241 228 40 261 245 223 85 159 59 23 115 225 227 35 73 270 188 273 147 118 237
443 167 172 201 121 175 158 287 297 90 236 103 235 59 153 73 82 34 249 127 173 193 234
515 41 171 378 683 349 153 378 490 408 683 28 504 4 786 617 3 129 985 105 123 803 54 193 9 131 273 250 194 164 202 14 3 215 26 71 21 61 138 197 295 248 86
97 37 102 132 9 247 36 241 99 28 79 183 85 155 56 233 82 272 88 121 174
