4 37 52 271 85 140 206 265 19 170 21 45 205 148 34 56 3 134 281 47 28 103 147 133 276
7 35 71 123 187 102 404 578 263 839 280 909 347 591 657 486 932 749 53 215 214 117 665 651 551 144 21 220 38 254 248 25 108 123 189 66 0 229 60 227 62 77 53 192 165
593 83 96 265 360 241 33 155 286 168 125 234 121 154 75 294 205 212 46 120 9 142 188 194 275
35 173 275 276 241 40 641 51 284 284 53 284 284 755 977 298 332 168 596 112 269 563 875 53 100 86 221 38 247 4 225 275 279 138 102 107 101 246 233 201 10 109 254 129
68 203 277 45 147 51 134 47 28 276 178 76 93 143 299 206 6 85 104 5 60 33 24
62 69 231 360 14 287 2 177 147 203 268 149 70 13 56 265 118 125 100 244 157 151 173 248
243 268 169 261 252 14 2 69 296 177 229 141 179 241 282 265 119 281 60 184 262 83
59 70 260 25 222 194 69 184 106 173 278 131 9 46 74 49 169 56 116 136 207 107
9 51 247 218 246 58 49 170 133 106 231 278 67 64 174 154 270 16 228 20 53 281 258
799 55 206 233 32 267 74 79 259 268 157 752 750 287 954 959 236 157 105 145 309 207 629 182 33 243 4 249 177 71 100 144 172 265 191 14 187 201 1 87 61 8 277 288
106 181 240 23 260 180 248 90 279 110 246 257 125 155 73 229 203 161 228 83 120 297
101 154 155 296 72 137 172 118 235 175 168 299 267 248 162 228 207 53 103 37 41 214 45 221 194 75 62 34 157 56 296 218 31 122 184 38 117 96 228 48 209 113 182 91
772 29 52 101 210 78 96 88 152 184 36 62 216 274 157 218 208 22 69 74 106 125 135 273 242
167 213 227 123 173 285 129 241 155 206 144 51 83 106 160 122 237 224 124 87 44 154 268
139 189 194 196 72 250 137 222 290 268 141 18 246 266 293 151 262 48 226 286 46 155 280 15
799 14 45 226 276 295 308 224 16 274 85 32 0 253 100 11 139 220 242 206 65 264 4 88 45 12 152
175 228 262 273 217 58 210 24 181 195 288 289 154 82 223 162 227 272 39 115 242 29 27 284
799 29 87 267 24 103 142 44 86 178 205 214 226 143 265 175 4 185 17 38 106 225 147 19
6 12 22 117 237 290 168 59 57 291 280 95 35 42 255 86 113 190 262 281 74 119 221 51 92 264 82 285 181 238 13 171 68 274 192 235 159 234 12 51 185 141 124 116 288 260
57 71 106 162 224 273 184 109 46 201 278 19 76 181 238 275 298 242 35 239 65 149 75 166 36 155
74 106 249 143 203 21 204 229 89 291 267 76 222 114 74 271 91 53 209 226 252 79 94
82 157 172 98 250 188 110 180 18 59 201 269 210 249 260 168 103 133 247 146 92 286 287
13 29 176 5 142 0 145 271 144 181 123 220 52 186 250 27 171 217 168 260 207 251 287
84 192 295 222 11 181 108 70 82 152 224 124 252 26 203 30 254 157 165 272 263 58
64 166 279 226 188 295 154 160 178 287 30 225 101 175 50 36 203 183 21 236 288 52
28 56 133 772 135 53 250 122 125 122 125 250 250 222 122 229 182 629 243 750 710 50 140 309 255 205 88 32 64 163 29 194 166 130 225 165 136 241 2 222 294 67 155 72 92
77 122 138 38 292 125 232 4 33 80 297 106 21 240 227 8 217 44 130 213 98 152 265
26 177 95 163 184 188 231 254 287 229 43 21 89 293 296 102 14 21 222 43 106 140 182 750 114 50 243 145 157
788 34 39 149 189 211 216 77 175 66 145 145 151 175 151 145 145 3 437 191 249 256 313 147 173 43 322 15 270 170 222 218 26 84 112 282 44 131 116 224 66 252 130 143 35 18 261
70 240 294 295 241 77 120 6 298 66 174 94 191 178 257 255 289 201 226 142 61 138 242 144
2 91 0 17 48 275 278 292 158 77 202 77 0 130 162 150 471 223 52 74 110 214 184 210 285 271 105 115 239 168 103 102 53 20 86 88 44 125 92 42 272 163 208 71 214 78 142 62
203 219 205 176 87 226 241 256 203 104 257 25 79 146 115 15 116 188 84 228 185
14 62 141 172 188 209 295 133 36 24 179 272 189 16 294 12 277 34 114 218 149 209 89 1 222 168
747 7 58 1 28 127 141 241 248 297 4 645 142 81 81 268 17 145 121 175 128 69 271 175 43 161 84 41 119 199 210 194 95 69 9 114 237 183 15 201 97 151 86 202 140 226 253 162 78 168
26 110 117 198 70 276 293 188 278 101 231 100 217 167 240 11 3 10 176 274 21 120 183 180
8 16 123 198 74 247 277 99 157 147 297 258 17 127 162 78 145 137 289 115 237 195 57
69 89 179 197 55 32 23 11 56 2 290 75 270 28 195 287 272 12 64 275 299 128
19 29 149 150 241 242 243 244 279 243 171 207 175 125 25 239 80 230 248 74 129 84 133 118 139 55 116 159 157
63 116 145 210 250 267 126 217 63 213 283 15 49 130 136 134 179 172 79 14 106 11 155 101 13
788 7 106 121 97 20 23 197 83 274 124 42 59 213 208 120 293 205 134 281 136 41 21 170
49 68 147 110 74 118 241 195 1 90 202 155 16 279 179 5 154 135 173 23 17 153 59 243 97 225 173 264 146 83 135 229 90 53 107 47 70 28 37 260 255 299 217
48 51 189 49 209 226 39 44 29 283 196 72 286 3 172 227 180 54 149 232 74 278
44 191 198 280 279 263 98 249 16 257 7 17 203 161 240 170 12 117 223 159 68 34 112 97
67 102 191 230 142 139 130 20 51 154 106 19 103 247 255 278 175 214 107 126 43 9 229
61 114 182 208 267 293 298 254 229 195 128 134 23 225 12 118 50 240 31 101 71 34 141 87 173 252
37 150 267 8 80 162 85 213 161 18 264 261 232 16 55 225 157 271 5 258 104 49 263
7 93 201 220 226 297 144 110 195 279 281 275 109 94 273 266 255 156 158 150 259 152 230 136 48 4
98 256 271 292 103 96 248 67 129 18 191 188 49 153 133 91 239 203 187 198 254 138 33
772 115 360 176 47 150 133 286 57 207 10 40 190 271 158 249 273 28 204 17 107 295 235
52 75 119 121 274 20 232 170 266 239 245 23 35 190 165 74 121 102 16 254 215 55 219 159 90
104 172 289 63 233 242 117 132 218 133 14 177 277 145 155 207 257 1 79 52 228 287 61
51 83 89 90 104 308 222 297 108 10 286 221 195 62 216 143 199 246 148 257 65 215 17 247 20 244
64 224 258 267 280 298 195 157 45 291 67 288 47 26 117 176 245 96 13 250 2 148 235 83 164
33 41 52 245 297 74 260 161 299 118 192 244 226 235 273 129 38 156 290 146 6 144 76 199 179
684 72 232 191 150 191 237 237 123 15 274 228 117 275 87 176 273 407 83 217 70 0 31
788 69 83 94 143 183 85 223 183 207 64 68 84 6 115 86 46 233 146 16 118 31 103 200 177 99
170 207 125 251 113 46 152 62 74 86 0 276 148 237 170 190 291 10 90 222 138 6
29 242 128 116 82 54 19 66 276 280 139 105 69 257 113 7 203 236 63 136 286
747 57 68 136 175 272 254 174 111 157 67 297 241 64 255 217 101 48 146 55 97 236 249 298 299 231
124 192 199 287 134 183 267 96 67 188 20 47 112 150 58 264 218 103 212 21 136 19 166 287
20 101 219 252 35 210 155 117 0 239 162 242 160 102 152 268 54 132 266 293 260 97 50 112
204 218 224 257 294 113 146 217 138 211 196 127 266 56 17 149 50 130 86 218 147 9 185 74
9 36 248 90 291 156 42 93 232 173 149 63 251 240 148 208 135 76 10 41 142 138 244
39 140 181 246 10 15 257 4 298 121 226 3 194 6 52 56 11 296 29 124 255 283 7 74
89 167 229 289 131 245 60 91 33 74 29 106 172 263 234 8 90 18 207 148 292 190 184 160
106 239 285 292 9 214 74 285 267 290 298 229 52 261 252 283 288 196 135 63 57 66 114 68
57 103 169 235 269 130 186 134 131 9 36 106 2 160 274 195 6 8 283 171 118 82 39 284
115 263 296 214 276 23 239 230 78 77 259 202 4 10 11 122 123 75 31 3 21 115 218
788 200 225 255 144 119 108 278 236 142 2 238 100 66 116 188 41 183 50 154 295 76 208 157
243 249 57 242 183 268 35 276 222 246 28 184 81 75 20 297 65 83 144 128 10
747 47 295 13 190 84 7 57 280 170 229 257 220 46 189 87 154 212 83 19 86 100
12 162 207 279 27 43 259 42 4 145 233 173 53 194 274 46 33 197 146 246 112 236 75 155
52 123 190 91 79 159 138 197 52 21 151 132 131 139 20 205 281 145 42 296 221 55 234 129 82 293 99 64 112 215 225 278 60 271 36 192 223 237 45 246 137 91 285 202 187 189 32 147 15 196 45 20 236 193 143 272 42 210 165 238 233 127 122
22 38 107 202 0 242 252 152 271 234 86 81 223 258 2 227 30 174 35 146 299 164 87 16
51 266 50 63 254 261 156 145 35 42 9 93 281 153 290 257 101 99 208 69 238 134
257 264 211 273 256 21 159 79 95 99 251 295 25 74 11 33 98 67 113 131 262 26
153 14 124 69 63 113 137 65 78 31 243 80 122 72 157 257 83 26 199 185 155
62 278 40 113 162 187 79 18 254 11 128 178 167 257 119 70 283 20 215 229 35 8
166 246 278 219 106 143 181 271 180 165 124 91 60 239 226 98 190 131 59 170 276 283 270
22 198 274 24 185 46 105 43 12 227 252 15 209 200 147 285 50 144 228 190 141 54 59
8 130 209 282 172 58 196 187 224 55 229 115 228 0 210 94 27 116 95 272 144 96 218 2
788 26 138 179 291 294 151 257 32 4 189 90 292 261 179 60 22 51 43 65 137 7 219 127 258 248
15 267 292 116 227 193 150 81 118 56 107 191 112 102 272 178 154 251 28 209 212
291 54 291 111 150 185 96 72 11 140 58 38 211 143 171 21 130 260 245 95 36
188 232 80 128 96 65 177 239 119 109 84 22 162 206 159 1 32 123 126 6 261 38
136 185 196 172 120 248 170 69 194 90 42 135 155 219 26 292 97 298 214 92 256 156
88 218 251 36 128 286 182 238 44 110 182 84 20 189 110 79 991 293 752 12 228 242 202 53 379 175 97 10 142 13 61 238 31 103 135 209 74 206 219 262 252 35 172 90 224 181
480 243 240 32 49 234 254 57 132 20 179 188 24 167 54 208 73 241 22 279 122 127 299 90 113 1 121 213 168 21 131 246 105 31 142 87 63 226 108 133 202 203 107 83 66 239 253 252 243 201 78 116 293 79 98 93 41 103 165 166 71 100
66 129 161 102 75 265 208 90 247 262 221 152 284 177 35 251 3 156 135 42 36 17
114 292 211 50 293 56 232 228 46 134 291 0 299 182 206 249 158 218 260 242 180
140 222 231 233 222 158 253 100 202 150 5 283 7 177 63 75 263 25 127 29 45 237 16 34
37 107 154 190 251 139 87 134 49 195 18 123 198 265 128 218 227 44 284 214 231 136 281 186 48
788 149 183 296 228 235 96 208 185 74 268 104 10 270 56 32 124 21 54 222 224 233 210 277
79 187 286 72 77 143 31 165 202 242 167 2 30 188 128 172 228 151 102 286 203 35 163
61 76 86 17 52 30 164 167 89 187 196 100 173 41 130 28 162 279 159 275 65 272 226
88 266 267 80 72 217 94 25 119 21 47 11 255 4 227 134 64 116 2 240 234 14
747 6 101 109 174 185 308 271 87 245 40 59 80 148 16 70 85 179 62 33 156 114 293 47 242 225 103
799 94 168 40 207 255 230 127 118 0 21 164 140 270 61 170 168 195 88 122 42 111 274
212 67 77 294 272 105 253 76 281 103 208 190 121 160 57 216 231 16 30 14 48
54 58 75 96 110 246 131 191 76 66 139 290 197 100 169 26 15 98 109 16 166 162 291 222 161 288
176 186 247 176 197 82 170 260 21 132 114 211 167 97 6 294 103 144 174 85 202 222 20
91 17 11 236 62 257 92 147 75 261 166 99 192 10 112 54 205 79 182 249 124
97 105 245 99 232 222 178 61 19 233 208 84 264 121 53 7 174 59 284 36 82 181 47
64 91 144 150 275 202 101 68 211 85 8 95 167 235 220 178 238 106 34 15 59 31 258 286 9
183 225 255 225 272 285 100 26 95 23 221 255 75 289 31 158 142 242 22 72 102 228 80
222 235 168 285 5 20 26 291 31 124 215 180 164 289 94 275 235 292 147 195 221 220
102 190 257 37 175 245 263 288 285 12 285 52 106 231 52 247 36 821 135 258 249 100 494 36 275 281 640 150 241 107 32 184 151 272 239 27 200 72 16 238 123 94 275 202 237 67 226 196
41 51 79 125 229 57 113 125 273 293 135 115 46 254 278 141 226 187 5 120 207 222 262 206 131
240 269 284 308 101 102 848 9 848 207 391 820 157 157 155 233 149 224 683 135 4 876 215 821 50 472 248 10 58 297 91 159 164 200 236 19 148 205 106 261 114 135 29 46 108 252
5 79 188 199 98 169 2 59 97 75 172 130 112 71 226 244 296 20 177 19 219 136 229 104
63 69 244 260 31 262 80 6 288 220 3 106 211 152 72 143 154 215 110 188 142 217 151 20
134 144 220 283 286 153 211 42 56 272 82 49 97 172 238 20 193 34 204 144 265 289 111 60 142
230 298 108 56 213 175 17 259 210 77 200 255 66 67 170 104 94 235 90 34 116
19 207 117 64 209 77 205 16 95 82 107 190 154 243 213 241 63 127 159 225 227 194
82 182 67 59 268 282 139 272 172 261 131 61 170 263 51 191 68 253 49 54 7 196
225 231 281 296 360 156 247 117 124 268 107 213 161 214 204 80 146 287 155 66 275 94 198 132 105
29 48 125 269 282 239 38 148 179 185 274 241 177 3 163 41 275 18 278 118 57 91 260 212 220
117 196 208 280 20 268 276 162 224 140 156 152 213 32 148 187 116 178 8 241 69 179 222 99
267 269 684 168 193 262 636 636 219 193 636 892 193 94 196 71 52 754 222 87 88 24 995 400 225 251 168 248 258 253 52 166 214 217 147 65 256 246 182 229 50 40 264 206
37 49 56 132 257 286 97 93 255 153 247 121 213 61 158 293 200 124 82 226 160 33 56 260 205
799 252 77 67 180 191 115 115 128 132 10 24 248 123 266 88 787 258 51 130 249 0
70 208 217 219 229 269 365 960 960 269 206 365 225 269 232 106 668 19 156 69 123 206 107
684 799 79 174 270 132 27 214 224 270 182 263 212 10 85 287 51 35 234 31 61 283 22 200 275
185 200 57 193 28 93 9 94 238 205 197 136 201 135 22 192 290 129 7 89 4 8 152 100 232 111 259 80 224 75 74 193 294 192 163 96 35 62 220 120 127 150
29 117 201 239 244 246 170 167 290 575 118 290 115 167 29 192 98 163 186 510 615 144 365 361 209
25 42 207 221 85 6 288 281 114 23 44 43 294 229 154 158 1 211 189 173 122 181 262 218
16 202 209 269 186 4 234 289 239 249 290 153 262 233 218 191 78 210 167 267 16 266 180 224
812 812 180 263 26 237 270 128 128 134 616 134 270 474 319 124 68 219 276 663 785 223 136 100 63 264 229 230 287 52 193 167 228 296 127 9 103 101 219 226 4 110 245 259
4 21 96 99 101 208 250 262 10 93 231 616 134 616 270 616 128 270 58 276 408 40 319 468 68 400 223 587 474 21 139 197 117 125 36 59 292 121 280 61 73 231 1 268 153 275 236 146 209 112 257
54 69 150 181 183 74 286 162 245 232 226 215 148 137 173 8 81 36 108 45 109 28 253 110
14 179 186 283 160 23 1 50 92 138 282 194 270 258 197 147 180 297 13 190 157 58 235
68 167 188 799 69 183 217 39 678 152 64 9 678 152 585 678 585 275 36 640 150 278 321 258 150 249 494
67 83 95 120 132 270 78 164 297 909 237 270 85 926 136 587 408 663 223 100 468 276 219 139 282
36 40 100 113 202 206 292 292 90 323 323 249 407 323 407 85 407 474 219 21 319 587 124 926 408 282
172 9 193 469 678 210 469 64 9 100 36 909 22 150 258 959 246 97 640 241 494 911 243 181 121 115 867 17 137 224 209 213 865 47 118 98 393 200 0 68 13
12 112 131 178 230 29 20 246 250 47 16 202 186 211 209 4 42 72 149 287 222 277 168 86 139
38 57 103 298 111 892 146 474 154 892 892 435 134 284 906 95 156 123 260 668 206 668 134 288
46 239 115 60 228 115 247 247 867 247 393 137 285 47 12 200 214 13 238 0 224 209
60 79 21 440 21 118 21 135 130 15 15 135 440 5 994 181 14 287 81 118 86 283
127 238 406 764 272 31 145 195 272 803 253 379 157 242 124 175 178 124 263 224 987 228 150 180 203 110 232 117 4 149 84 86 24 96 283 179 15 46 159 182 6 288
85 110 215 229 146 39 124 157 199 221 8 129 251 196 274 59 204 223 194 176 82 60 245 191
101 117 147 149 215 221 294 4 112 21 513 636 138 116 991 991 646 138 21 88 12 816 105 295 47 645 38 138 646
192 255 274 924 924 73 74 20 61 42 20 66 177 66 20 18 292 34 121 38 34 188 273
561 684 48 55 289 440 215 326 61 571 571 266 440 215 440 613 467 14 420 942 95 502 283 86 5 65 229 215 224 26 179 82 262 293 172 51 292 154 68 192 124 70 19 212 6
22 63 202 291 295 38 71 467 571 297 215 266 4 485 61 613 118 14 86 137 994 5 502 157 601 287 181
223 726 873 106 145 375 726 726 873 145 403 459 230 191 135 694 21 206 169 102 439 260 137 41 204 188 223 8 6 122 222 53 176 164 285 243 143 220 81 33 119
133 202 637 319 397 319 916 359 56 397 397 295 319 903 429 282 21 400 139 100 663 811
245 360 191 32 127 127 175 36 215 32 55 587 648 663 150 468 67 180 3 137 960 162 177 174 292 49 82 176 189 227 273 170 206 16 95 234 212 231 120 104 100 132
223 78 195 137 270 79 261 11 148 271 213 254 255 278 30 140 122 50 285 224 22
102 113 136 204 256 257 161 58 69 114 215 106 82 129 162 38 20 255 268 51 229 150 174 208 206
55 114 148 165 179 180 105 265 170 185 92 242 117 17 84 6 68 137 227 224 136 79 286 112 86 144
114 138 159 199 259 178 298 93 32 195 297 162 170 47 191 20 117 294 216 58 257 282 1 259 49
63 249 281 182 228 178 277 21 262 160 113 296 22 161 61 196 167 148 274 232 250
22 73 84 162 910 91 816 270 71 446 270 446 446 151 71 239 552 33 48 242 24 142 623 267 733 6 106 273 146 73 174 184 251 238 172 295 35 96 183 276 55 237 24 28 281 207
58 181 191 241 273 191 35 251 106 215 98 162 185 100 28 46 153 80 64 204 290 71 225 234 36
190 36 50 218 199 237 64 82 167 219 106 266 220 133 16 131 61 10 179 247 59
180 200 308 317 229 230 252 273 415 415 111 699 75 273 99 415 26 187 659 115 412 16 204 375 88 72 54
102 168 234 712 583 497 591 801 475 36 36 771 497 497 73 263 96 228 178 202 258 987 379 160 216 114 194 0 7 85 151 56 142 174 90 15 264 158 186 44 98 256 49
73 112 229 200 268 6 68 100 28 161 185 137 148 196 222 276 228 271 259 120 31 169 232
630 58 247 58 135 170 27 154 152 48 86 7 44 245 18 105 106 126 46 265 108 163 169
151 218 251 14 56 76 156 226 161 28 177 161 37 579 113 28 870 41 296 28 213 29 97 143 108 178 74 178
1 65 270 278 305 771 801 214 116 131 801 131 753 241 106 135 255 70 162 158 228 104 185 285 255 68 183 161 67 105 256 118 137 254 82 243 96 32 221 211 184 93 193 214 10 169 219 247 122 156 292 296 298 198 279 286 179 44 97 104 248 117 265 159 151
20 152 190 192 212 127 261 286 38 40 40 714 90 259 218 725 407 714 714 283 154 858 203 208 183 305 980 112 247 180 106 289 84 148 134 282 220 156 87 15 99 16 245 104 137 138 103 166
857 223 308 806 305 250 250 55 250 898 250 193 996 179 996 498 55 235 50 982 25 708 171 375 54 173 4 192 251 193 194 79 35 31 56 77 167 103 100 155 63 135 85 293 266
162 201 89 44 224 263 175 131 67 190 29 72 258 234 63 169 174 299 99 61 37 8
11 15 220 7 273 71 209 11 193 219 178 99 119 129 202 260 263 298 90 186 146 221 74
