64 82 268 347 18 55 173 245 182 88 196 180 288 0 250 159 10 107 54 61 202 218 294 298 195 267 25
889 108 672 784 937 187 412 105 35 256 65 151 960 206 205 840 670 878 733 31 629 81
12 17 70 183 210 252 347 251 105 250 274 86 218 112 290 278 190 234 89 96 56 2 174 184 195 180 122
160 126 260 83 151 219 19 111 113 36 204 240 30 135 70 182 186 54 248 79 139
196 206 220 228 118 168 200 204 288 218 562 94 293 77 908 265 132 75 31 680 130 11 107 903 113 244 272 269 562 187 246 72 228 250 24 63 103 142 23 148 110 267 116 186 287 178 104 60 7
50 136 148 203 65 97 109 64 189 189 184 237 189 277 223 278 192 91 237 956 11 229 917 474 98 269 178 115 229 158 156 233 34 216 137 126 8 92 96 198 148 191 42 61 226 199 125
61 252 225 140 231 35 218 87 75 26 230 287 33 181 144 261 4 45 14 234 213 193
57 259 117 148 244 231 2 60 150 246 65 224 208 95 219 172 137 216 93 220 50 134
17 115 180 234 236 259 284 80 28 58 290 82 137 71 116 257 18 227 267 114 162 106 66 138 85 226 253
68 83 75 30 294 210 0 237 268 250 277 207 292 92 113 158 285 145 99 141 197 209
193 199 245 6 128 96 60 266 220 179 85 215 230 291 212 289 64 49 271 186 78 233 210
72 112 192 49 0 297 265 130 39 46 40 139 284 9 213 11 21 205 18 239 209 19
104 118 188 197 193 203 68 110 10 4 103 219 201 282 268 156 29 165 60 164 116 39 63 194
134 153 249 257 207 41 56 156 47 59 291 38 283 271 250 91 150 259 261 219 19 143 104 218
34 132 195 235 245 242 201 31 209 211 174 26 166 135 79 6 142 189 204 203 15 233 176 105 17
251 267 1 107 254 89 72 253 228 144 92 134 44 265 266 99 11 74 169 100 58 275
22 25 72 147 172 183 292 244 185 94 136 5 89 1 153 222 35 12 231 19 260 209 208 289 158 246 128
214 232 295 190 139 199 207 105 26 242 195 254 257 218 173 3 248 147 135 36 256 225 247
20 40 118 129 173 174 197 223 261 254 177 89 149 37 147 290 214 275 138 271 144 67 203 235 54 15 219 187 194
44 77 138 226 230 276 293 275 66 244 280 271 132 92 228 250 256 254 253 97 195 293 222 211 261 215 204
74 109 181 64 112 170 179 137 108 299 92 216 262 65 106 173 109 55 127 1 150 254
50 82 252 231 141 30 221 6 38 64 47 16 112 274 160 199 192 298 264 180 259
81 106 116 239 19 107 34 170 5 25 273 247 203 125 130 222 97 209 190 264 1 292 250 207 31 133 116 220 159 211 175 65 42 102 108 171 239 23 170 293 61 3 192 253
5 88 295 50 295 231 104 242 265 269 290 230 117 162 28 139 252 21 240 3 13 53 149
136 177 196 295 194 231 239 82 141 27 263 286 31 197 7 171 196 99 111 243 53 146 106 5
211 278 206 43 152 286 226 193 18 256 234 238 110 88 95 60 159 66 96 174 22
8 47 74 79 230 112 204 229 169 60 281 234 259 290 105 32 223 235 92 214 218 141 196 215 268
956 131 206 225 193 191 276 44 157 183 105 249 102 9 218 55 131 180 237 282 265 38 283 37
26 38 118 216 114 195 67 284 274 34 259 4 89 85 293 38 243 91 229 250 273 133 152 111 50 186 240 145 265 225 139 163 97 267 147 184 115 83 175 56 269 18 74
272 116 160 128 277 282 279 275 58 136 120 83 217 43 79 23 73 296 33 6 147
90 209 254 75 212 54 177 193 124 129 295 107 122 194 201 181 119 169 110 22 147 164 161
62 205 255 295 215 18 201 152 30 46 160 292 220 68 109 156 49 296 67 233 291 227 196 182
184 192 22 169 26 103 173 46 192 271 73 227 4 258 242 189 202 267 164 78 40 265
50 278 57 47 153 173 238 48 252 55 237 133 222 105 112 92 186 279 259 122 156
13 81 164 299 19 245 104 194 89 259 109 292 130 280 26 163 17 235 92 64 230 28 50 184
6 160 219 267 143 191 10 9 55 67 79 100 90 270 183 69 146 264 49 120 271 154 188 180
121 279 287 234 134 66 75 53 26 105 60 242 43 52 145 283 218 253 237 197 22 299 59
164 42 145 155 244 70 183 221 228 202 116 18 62 73 80 275 287 149 105 165 206
5 13 113 115 252 184 73 121 244 67 256 176 15 158 149 294 66 48 293 185 50 278 40 58 93
50 227 223 34 195 235 190 79 219 86 12 238 122 204 8 136 215 243 43 84 47 44
77 159 253 280 234 236 113 144 35 242 259 77 33 133 247 189 15 11 262 64 97 69 116 47
209 244 67 59 91 136 133 247 131 108 105 75 188 255 198 94 112 183 34 275 48 63
278 293 294 139 45 241 110 293 222 121 239 207 103 111 81 257 82 76 228 50 223 58 64
57 120 161 268 21 40 249 52 184 148 20 258 281 216 227 163 16 59 292 200 236 168 19 211
31 296 54 72 82 212 261 62 200 285 147 242 92 74 214 4 201 190 80 156 76
83 126 9 95 134 169 242 84 280 19 129 39 177 41 271 113 145 61 292 43 14 192
11 173 219 157 95 59 240 103 48 96 178 175 121 56 63 169 150 20 6 166 235 143 299
3 41 90 284 109 260 66 163 235 57 52 271 77 142 268 14 155 218 279 199 86 13 11
223 194 84 142 117 265 99 144 263 152 79 218 220 197 260 58 7 10 107 62 262
10 119 204 275 49 222 11 174 149 275 297 220 93 88 269 19 169 119 178 89 12 106 230 58
246 262 263 272 23 49 291 198 279 39 76 93 25 225 178 136 24 189 159 36 134 197 46 247
104 199 4 49 151 61 284 200 281 251 94 191 121 59 2 115 20 177 260 245 288
18 75 109 140 296 10 124 247 160 24 248 29 109 48 222 238 37 131 105 205 147 98 76 47
82 217 281 299 34 278 10 28 179 213 197 200 127 222 52 27 298 26 92 96 250 24 230 69
55 130 294 63 291 53 100 0 99 115 9 86 89 276 295 103 5 13 245 143 80
59 84 214 293 112 52 25 172 171 109 238 173 280 254 180 0 281 32 103 37 23 216
123 143 147 258 134 205 172 263 241 42 98 281 54 80 158 122 51 151 124 162 202 266 286 102
54 117 134 202 212 229 290 282 222 5 242 283 163 107 223 130 54 17 225 158 126 221 1 284 262 48 108
10 69 138 285 33 179 93 183 225 4 55 106 78 209 141 298 231 86 289 148 139 150 128 180
64 97 142 207 292 178 102 166 74 169 233 56 246 263 266 133 247 279 53 78 218 73 204 4 282
44 139 39 86 257 172 291 15 149 72 60 285 84 162 94 29 292 261 254 5 251 287
14 41 128 142 259 5 248 121 262 291 19 67 71 148 222 268 2 225 24 3 233 217 228 12 273
210 263 5 288 236 21 297 54 47 120 274 130 20 76 237 155 41 188 167 33 276 11 285 243 255 198 239 242 224 179 159 141 47 284 178 140 278 44 29 266 4 219
81 146 190 241 181 223 227 82 133 14 136 226 36 123 128 183 29 260 249 100 69 225 174 297
55 224 233 277 82 139 244 28 19 249 75 47 73 159 15 199 171 59 222 177 154 24 272 164 189 51 222 94 122 118 280 231 251 66 59 112 167 284 174 198 243 247 9 2
60 125 267 295 297 140 168 106 70 188 14 49 52 214 202 88 125 83 89 186 18 5 41 272 293
48 208 274 272 107 214 89 298 32 136 0 44 49 69 1 85 294 174 176 140 103 170
215 292 45 96 65 295 246 49 286 200 133 109 233 105 195 192 15 184 205 189 63 82
57 287 234 36 35 297 105 243 251 121 148 74 16 198 94 235 131 77 249 111 231 161
40 144 138 283 244 269 241 103 88 46 87 288 30 91 21 239 3 110 159 215 39 140
145 226 286 207 56 246 184 73 272 287 80 240 22 156 228 120 298 288 205 18 89 26 109
76 78 93 103 161 244 250 254 287 203 146 103 184 102 28 208 200 62 268 232 251 63 122 257 181 27 74 95 228
104 183 266 36 91 202 275 74 291 181 264 137 162 212 237 130 62 100 8 184 196 77 251
80 248 20 21 142 185 207 58 206 33 120 26 54 154 109 293 110 101 225 165 147 24
150 20 148 192 81 127 9 267 114 296 47 0 161 45 46 18 287 231 95 2 254
23 87 250 25 211 142 5 213 94 123 179 36 282 119 103 130 257 64 17 115 100 177 289
67 15 253 56 275 24 139 161 64 104 13 147 294 124 217 63 106 171 184 84 1
139 152 276 82 161 96 47 39 285 17 149 212 181 165 122 277 91 202 297 245 251 141 289
82 223 274 4 209 143 49 82 256 198 2 90 116 211 127 208 254 232 237 19 40 263
55 176 193 142 243 152 3 195 207 172 276 215 279 204 112 147 126 41 64 252 286 107
35 41 108 267 157 126 298 240 41 35 36 29 4 98 264 81 77 10 26 196 115 186 208
275 106 131 200 21 178 110 78 183 2 233 132 224 116 287 229 203 57 264 201 22
54 192 126 17 278 112 128 103 57 181 190 42 1 182 280 7 46 200 61 157 170
96 210 272 25 284 184 116 270 252 175 56 205 42 180 173 289 47 204 207 99 72 63 16
30 156 173 189 87 246 224 21 60 61 124 72 248 49 48 154 112 69 84 77 52
105 125 148 150 114 276 265 63 45 297 243 269 66 83 277 40 246 187 177 222 36 27 227
114 159 205 21 263 235 212 42 266 26 206 256 51 41 205 76 262 81 281 67 13 162 158
65 134 209 292 177 33 103 123 243 69 235 73 16 256 160 216 244 10 289 290 14 257 153 178
21 80 115 246 294 238 23 52 59 291 99 246 28 94 276 282 40 63 286 153 287 88 173 133
252 252 176 273 264 102 61 181 1 113 71 256 16 51 200 202 296 217 158 136 265 195 52 237 200 39 183 94 213 118 55 278 164 288 263 148 147 166 106 176 67
36 46 151 173 227 5 32 269 195 252 93 267 207 210 92 216 55 170 235 131 50 243 268 159 129
19 105 157 152 39 25 95 252 143 110 296 150 179 97 6 17 289 268 144 81 7 214
956 106 120 189 259 18 178 172 29 88 275 265 176 15 258 46 41 109 250 50 77 248 197 71
9 110 288 91 88 214 256 254 149 206 11 40 199 218 232 46 164 277 142 135 184
43 49 165 156 262 129 229 276 49 282 249 103 235 190 155 269 293 160 274 227 224 72 3
46 69 153 285 82 254 232 52 138 58 129 45 62 222 293 250 88 130 213 139 66 211 3
197 206 282 12 59 260 199 57 261 130 43 259 284 297 263 179 92 144 75 8 63 114 247
34 62 64 196 223 130 81 5 92 282 21 23 25 3 59 103 133 123 162 68 112 203 165 278
25 32 93 140 210 145 204 132 170 201 280 169 165 277 4 92 225 141 209 48 35 161 16 29 263
82 182 255 276 167 146 166 64 86 189 136 207 117 159 217 200 131 92 264 100 43 7 145
102 216 255 71 263 200 281 102 12 11 121 29 46 147 208 110 269 42 219 105 83 25
58 127 68 22 273 130 126 34 165 237 267 102 279 215 114 78 295 54 141 282 257 122
68 93 293 165 167 24 261 212 66 123 122 191 44 166 88 133 159 144 241 1 76 45 196 37 144 256 218 130 14 273 145 149 246 31 193 117 64 161 253 101 75 206 205
38 153 209 276 200 219 271 103 133 129 48 285 282 63 294 22 147 194 17 140 187 110 14 189
87 90 177 200 254 179 242 63 75 65 49 134 25 266 107 257 146 38 202 34 224 149 220 58
47 48 98 119 118 122 225 189 291 229 273 240 137 89 46 222 4 246 253 94 5 88 172 112
37 41 44 62 203 158 126 60 263 116 293 288 28 220 261 143 61 256 1 90 257 85 113 159
15 172 229 245 184 18 30 248 38 273 175 103 211 295 127 297 140 294 229 108 122 6 241 54
20 123 148 169 84 56 118 88 89 246 247 250 244 275 41 251 145 161 181 42 20 292 120 55
20 110 291 289 210 202 39 187 87 137 91 165 155 72 270 145 254 221 35 77 223 113
13 152 160 231 116 175 250 39 196 25 255 10 166 150 178 98 140 125 42 134 173 256 182
82 118 273 282 195 163 123 260 177 1 23 246 162 277 16 76 70 39 66 221 112 145 144
36 88 128 151 68 36 89 65 14 228 71 167 73 171 163 204 138 262 140 291 105 128 55 198
200 236 237 177 183 179 108 258 272 85 199 176 296 51 15 36 14 209 290 195 233
956 136 182 76 280 124 170 235 29 249 99 215 63 75 22 77 25 59 214 120 66 129
159 171 293 299 265 37 48 181 191 95 231 197 226 286 26 149 297 79 147 170 268 18 222 128
158 210 114 203 298 71 271 240 159 8 232 38 109 288 281 103 40 137 231 74 199 166
174 102 144 140 291 292 67 240 262 194 88 87 222 165 148 218 32 101 90 257 181
55 163 203 261 57 186 83 137 94 161 82 76 21 181 246 240 158 176 266 174 118 70 39 56
138 204 282 6 276 9 107 269 14 223 59 165 41 87 110 106 203 16 180 2 281 126 61
9 32 70 71 74 218 292 182 173 17 110 57 190 232 20 255 78 120 176 129 123 51 234 151 277 117 246
218 172 231 214 36 265 90 99 104 189 30 184 161 150 255 277 94 239 37 125 294
144 194 170 171 96 98 16 36 50 167 71 83 245 130 275 5 72 233 119 125 180 131
98 174 215 229 257 285 235 259 136 277 22 121 125 1 147 149 293 258 217 252 104 87 77 237 210 62
88 180 17 86 280 46 15 295 76 189 118 107 51 250 93 260 19 207 230 52 8
165 189 196 109 128 11 227 102 206 299 37 200 13 86 44 262 286 32 78 173 67 234 36
177 193 136 183 123 168 292 146 2 288 101 120 62 199 93 238 239 290 247 86 167 249
83 147 289 136 127 298 74 125 57 29 124 122 90 290 241 64 130 148 267 10 100 199 270
245 280 134 152 278 153 123 267 42 298 46 161 262 89 251 187 17 168 286 104 244 116
74 85 215 233 290 106 65 199 100 293 67 164 20 275 298 63 192 167 144 95 158 263 80 194 156
75 101 268 261 179 61 279 169 105 237 79 143 225 107 174 18 270 235 264 132 4 56 280
4 150 221 281 237 233 276 243 298 193 178 171 128 85 203 288 181 42 13 8 141 41 238 49
39 91 104 144 245 106 95 65 204 286 31 219 103 249 110 263 105 195 128 53 38 46 172 264 157
72 236 243 206 201 226 53 84 43 72 186 231 179 272 168 45 27 229 41 163 266 247 213
8 145 279 225 106 196 42 184 1 162 132 110 157 205 161 234 25 89 147 298 267 96 81
91 99 201 55 8 12 194 250 100 70 234 180 246 19 16 23 168 213 240 72 262 290 95
39 105 107 183 201 220 58 73 11 62 74 278 25 76 152 132 245 54 253 189 85 144 10 15 89 100
127 262 194 264 86 123 73 81 269 217 299 62 31 127 9 82 3 125 16 181 191 96
79 89 269 154 294 33 168 238 192 64 263 137 47 61 27 46 128 200 79 138 164 255 28
258 289 167 86 126 43 198 232 206 184 242 107 278 265 69 223 244 155 236 204 251 55
104 241 213 179 127 74 119 176 139 31 258 217 4 220 59 13 128 9 58 57 189 206
130 152 224 240 9 279 263 289 282 92 128 5 131 114 133 288 93 30 246 71 247 295 145 232
50 144 147 252 203 292 225 33 1 280 84 278 16 35 178 206 100 202 226 182 216 24 37 284
35 254 255 62 41 205 236 214 185 113 18 45 74 54 134 243 292 219 227 176 124 157
4 29 124 222 247 12 47 216 139 293 95 88 2 209 176 140 14 141 39 49 53 143 166 119 275
43 50 38 195 141 236 247 74 289 109 89 60 86 145 43 293 250 19 205 11 242 169
20 187 31 267 118 182 125 135 186 201 104 30 21 269 167 117 165 138 299 214 19 204
111 127 209 255 296 275 113 177 169 63 35 187 257 136 211 214 240 168 189 178 216 1 119 160 230
29 104 132 201 33 280 157 298 35 206 263 94 211 122 237 44 158 230 132 117 173 176 101
196 273 208 156 17 181 141 123 51 283 57 213 10 121 33 275 236 270 139 46 198 233
58 121 251 194 179 246 60 57 143 36 29 152 195 65 173 239 121 160 20 0 269 126 227 9 254 267 52 169 74 158 170 285 183 46 156 244 235 152 149 284 247 192 59
54 67 62 133 171 211 199 36 152 175 2 38 29 168 15 296 182 283 179 290 192 97
70 93 273 65 276 26 199 127 236 64 63 155 85 126 95 105 40 181 24 189 17 172 277
58 122 109 166 24 202 272 113 80 5 65 297 159 90 66 274 287 190 206 94 216 184
79 98 174 225 37 150 231 194 185 128 260 179 234 78 256 87 33 254 172 80 140 195 136 66
30 40 226 162 273 112 226 200 280 64 56 114 6 194 96 93 171 134 98 4 60 123 206
259 32 30 243 91 96 131 2 46 157 190 226 294 130 186 181 191 36 283 299 18
31 118 295 81 248 139 208 29 175 270 2 183 158 196 0 210 40 12 10 207 64 213
142 239 252 110 219 156 130 245 175 81 38 166 47 152 7 19 67 8 3 137 202 20 134
67 83 85 33 9 89 40 265 219 298 163 109 94 280 161 270 69 35 215 255 245 153 127
12 30 153 242 272 146 138 191 261 270 82 8 58 277 250 290 216 287 7 139 158 266 133 35 120
66 219 209 105 151 11 294 258 49 188 181 204 293 287 207 210 184 78 109 286 75 99
120 258 42 179 102 212 161 215 67 295 59 255 230 143 270 9 261 100 154 0 106 262
297 166 92 136 177 217 85 267 207 181 61 155 7 123 105 204 15 228 218 16 165
46 84 156 228 6 25 256 152 95 75 219 31 169 35 52 147 39 154 292 17 74 119 249 102
225 269 270 284 293 46 246 236 27 39 117 92 233 93 14 286 77 279 128 213 41 281 88 102 22
261 262 296 281 215 85 77 26 200 95 50 287 136 237 159 270 274 154 126 119 110 72 187
172 232 22 186 3 135 176 118 209 188 212 50 107 273 130 69 276 128 168 108 178
60 99 130 138 151 217 205 29 207 87 66 93 48 240 196 201 95 99 97 264 164 7 299 89 162 248 6 296 144 175 43 173 62 34 7 26 102 132 265 267 150 118 218 82 247 0
93 186 50 2 183 137 189 62 214 110 90 248 65 254 273 29 234 159 285 135 68 31
35 243 99 166 246 181 235 294 60 142 258 192 177 276 154 285 88 145 55 221 196 298
37 159 221 208 111 12 75 152 269 40 130 50 65 141 191 283 13 279 66 76 260 214 87
7 18 149 225 42 289 49 145 11 224 118 244 13 89 243 137 84 132 206 4 114 294 221 129
14 32 67 231 160 28 183 170 40 97 17 176 54 108 145 273 179 147 259 169 215 23 102 43
4 27 191 242 71 77 137 182 271 202 52 269 235 178 200 247 204 176 35 150 264 97 107 54
4 49 112 192 235 253 256 259 87 70 20 289 129 110 256 193 155 61 203 42 229 137 218 8 59 253 246 111 248 285 92 269 144 279 281 45 21 128 237 298 110 211 5 10 62 181 43 140
14 196 204 126 252 179 172 214 3 45 127 239 225 112 140 52 134 232 99 31 264 207
22 44 99 124 151 165 228 287 225 143 126 78 275 48 191 129 35 288 51 32 114 253 106 45 166 276 238 160
223 74 213 43 198 17 234 251 199 102 243 55 222 99 261 165 77 163 274 266 47 188 227 280 17 124 70 154 128 242 199 80 148 133 113 260 4 142 22 56 127
43 58 75 139 216 296 279 135 286 202 251 55 19 214 264 39 228 67 123 23 45 118 12
184 130 155 146 63 282 12 41 19 244 98 217 75 79 70 24 164 287 272 296 178 68 280 149 18 155 177 238 139 226 133 234 69 171 260 189 150 163 52 205 249
70 179 85 121 264 261 105 116 153 208 180 257 133 289 207 73 250 102 288 127 70 61
197 278 100 129 104 189 73 1 39 239 19 245 216 126 28 260 137 249 2 291 205
121 280 60 136 190 30 11 2 271 252 66 82 81 177 176 204 26 196 126 65 52 262
5 52 62 125 159 217 36 4 123 145 141 277 292 61 89 252 66 67 76 5 91 272 83 16 20
