813 24 46 201 45 217 19 237 156 66 180 115 24 168 200 81 30 244 135 41 8 284 23 229
786 25 67 123 125 201 211 237 291 499 537 117 449 794 271 600 808 40 832 792 932 921 745 226 78 229 909 558 470 755 916 220 161 94 91 60 75 15 63 111 280 79 240 290 53 35 56 176 249 282 202 157
37 139 308 140 70 166 22 213 51 205 111 127 84 268 64 112 135 58 143 262 90 0 133
255 290 87 95 54 172 34 115 113 134 6 247 110 239 141 191 61 92 163 157 89 16
14 62 237 181 179 172 175 78 262 265 8 228 205 123 159 25 215 244 194 97 173
35 227 369 456 275 129 39 121 142 117 47 26 212 153 255 80 190 10 179 235 57 217 181 257
45 62 78 115 186 247 272 114 299 246 75 95 94 111 67 74 122 249 293 64 217 131 43 284 24 60 216
119 203 271 952 952 44 952 221 221 227 36 36 44 472 186 441 508 159 172 298 48 157 81
840 150 167 177 154 206 291 248 50 66 260 97 248 95 245 66 129 465 256 151 183 9 692 597 100 988 398 121 26 51 150 177 65 28 169 68 167 112 225 109 154 220 50 179 129 100 186
209 109 19 22 189 3 32 128 143 292 184 147 173 31 87 120 27 176 229 275 164
18 141 130 287 241 224 288 17 260 229 2 247 52 88 103 92 191 51 286 57 278 236
8 11 100 163 177 45 102 18 154 63 196 112 247 52 73 145 273 292 172 223 198 259 23 147
80 95 250 189 26 168 165 251 223 144 244 254 141 53 62 187 4 97 230 12 202
60 64 111 273 89 253 0 108 69 105 102 22 148 283 13 239 98 256 231 163 92 25 157
1 79 130 170 20 123 237 194 105 185 107 166 141 81 279 201 25 114 71 7 255 78 146
47 19 159 203 216 239 283 97 185 32 206 243 288 420 243 149 206 782 121 233 175 33 9 963 78 252 21 299 47 2 295 38 263 123 49 220 277 214 143 80 209 14 136 21 298 268 88
195 456 15 135 207 157 630 157 72 171 283 124 33 283 963 78 123 151 89 183 175 474 21 692 245 229 165 186 255 45 198 163 91 1 67 93 94 72 104 79 102 2 69 31
85 232 273 266 186 190 95 15 201 70 130 43 136 226 150 245 56 191 217 19 110 123
7 67 104 119 122 205 83 230 241 203 166 199 45 160 22 216 289 84 137 63 238 294 1 105 177 161
220 217 71 202 169 141 129 229 77 82 4 155 200 63 47 101 79 253 245 220 30
183 30 41 44 239 267 170 113 116 80 196 116 95 96 80 21 89 597 252 17 81 283 233 175 692 123 154 256 7 112 223 273 182 81 287 167 293 82 56 155 93 127 130 156 145 133
57 83 104 250 108 10 58 102 181 111 211 20 119 5 149 76 153 32 237 139 268 82 14
56 278 456 44 236 162 14 222 10 241 150 117 75 165 41 198 169 283 47 35 149 19 238
71 168 100 153 157 284 54 63 209 152 142 174 286 15 235 190 139 295 53 249 107
142 196 147 104 139 92 166 211 265 267 24 247 259 109 207 246 179 3 75 199 288
134 153 222 236 274 119 164 203 203 103 203 99 131 203 151 508 82 287 41 51 214 114 213 880 87 246 207 209 156 233 61 238 52 54 173 180 15 34 68 196 287 38 78 56 241 282 47
17 44 125 75 97 16 278 205 198 247 241 67 92 23 5 4 223 1 112 246 58
2 15 135 36 244 9 83 6 150 199 228 229 278 299 87 118 167 2 186 240 55 10 39
19 40 59 94 157 35 27 29 291 79 295 297 214 71 202 258 136 259 229 125 21 193
76 283 263 296 35 297 247 246 41 216 37 97 283 7 8 127 120 214 172 182 113 145
38 151 185 248 101 280 278 281 44 23 232 267 217 54 208 230 58 139 182 93 61 82 198 84
79 107 116 220 133 266 122 180 33 10 259 47 132 3 87 50 290 157 36 214 62 12 20 38
28 173 97 284 112 194 144 166 294 205 214 43 75 133 207 175 0 46 160 272 273 53
46 77 112 156 172 114 152 143 172 46 176 17 155 133 181 23 230 11 283 189 263 73 123 169 137
70 174 190 279 206 160 254 218 254 273 64 0 101 0 273 168 246 129 24 41 508 234 164 87 69 187 139 3 137 247 297 44 86 217 251 106 125 85 32 136 192 7 28 205
11 99 155 158 218 196 167 71 91 99 187 56 216 7 293 269 81 113 53 80 190 95 173 223
136 208 273 64 65 126 148 1 21 283 281 123 102 297 291 164 125 180 98 258 208 175
149 226 26 165 36 152 58 179 192 211 242 294 186 80 134 265 234 17 241 216 12 30
92 198 45 104 267 93 103 68 217 264 131 154 288 9 12 34 96 259 37 262 24
25 27 178 76 110 7 60 251 130 190 114 230 173 258 250 31 228 151 15 232 186 216
80 128 254 268 286 216 132 153 191 78 95 196 240 94 261 80 98 18 157 130 220 79 177 47
31 213 196 124 118 287 239 56 268 83 113 90 94 190 184 185 250 86 282 145 169 201 152 235 162 157 295 148 24 213 288 25 119 294 8 210 126 251 28 16 122 15
81 183 218 233 73 21 280 30 47 51 188 129 66 117 191 74 202 186 228 31 194 1 181 38
195 214 223 254 135 220 203 0 119 126 217 138 76 22 158 163 112 191 71 98 130 57 170 129
97 218 251 3 139 107 113 199 210 175 250 297 50 150 134 126 193 284 48 224 299 160
90 228 247 245 166 150 84 101 88 29 273 270 268 31 200 161 139 42 111 237 143 203
203 239 261 115 247 137 79 89 264 253 106 172 104 100 119 33 296 225 58 212 122 178 198
9 152 171 238 155 236 210 190 220 114 45 261 259 48 143 53 234 256 111 5 126 189 235
840 94 188 236 274 284 116 212 97 197 270 281 269 48 262 19 261 167 134 213 114 246 89 70 14 267
1 31 84 119 279 187 70 157 132 241 134 297 172 84 9 171 128 8 146 162 37 296 281 96 230
44 60 112 173 183 59 283 145 202 73 33 147 191 294 52 72 249 180 35 106 213 127 192 111
10 184 57 250 135 33 259 107 79 129 277 141 45 289 60 206 3 227 152 215 108 201
114 149 165 250 269 151 172 75 256 134 2 223 288 240 22 42 7 130 213 220 35 297 279 148 142
63 171 230 42 190 52 89 256 297 192 31 12 266 138 244 285 67 180 126 30 147 100 267 52 210 128 239 168 49 250 263 175 280 281 125 141 278 129 155 270 289 107 277
14 50 123 299 116 98 230 25 159 197 97 232 287 95 57 55 238 184 103 189 296 37 53
154 155 170 261 176 19 118 47 6 42 82 26 0 250 216 151 297 288 229 63 30 87 75 72
90 190 210 226 30 87 273 45 181 230 28 297 5 203 244 3 168 220 145 271 238 276 58 156
94 99 143 275 265 114 151 284 218 230 134 80 81 195 34 190 23 128 224 8 76 77 246 267
63 86 158 136 16 197 237 294 228 56 38 105 155 172 144 18 115 234 283 220 254 72 295
226 243 175 201 244 143 200 257 7 189 85 230 258 220 231 207 35 234 33 117 60 151
131 141 290 11 217 159 122 193 107 178 118 156 155 53 86 288 3 173 154 48 168 101
47 286 298 227 293 0 27 200 32 147 14 151 41 63 287 90 81 21 272 86 208 254
73 97 100 126 180 183 245 29 147 35 116 10 224 264 14 99 117 258 89 56 181 25 278 109 215 62
19 22 27 53 82 186 224 86 263 121 169 181 272 53 191 50 148 34 142 151 225 275 208 63 40 202 59
181 270 265 143 107 9 278 227 170 240 5 226 57 41 175 37 185 21 134 275 12 238
61 104 220 241 251 292 271 69 241 139 184 273 264 268 214 207 95 168 180 60 299 49 179 46 252
32 149 245 250 275 128 131 237 54 22 86 172 236 149 213 14 75 162 218 96 118 31 21 242 231
3 47 55 67 71 124 182 226 242 203 277 1 293 202 123 172 75 28 57 100 79 21 141 218 249 137 96 233 13
67 72 93 137 271 289 142 195 24 277 68 120 209 19 164 36 210 126 116 35 291 72 296 154 122
52 153 166 208 210 281 120 152 245 170 73 285 110 196 231 242 168 38 286 97 215 180 154 30 239 125
250 285 95 0 251 185 192 283 81 117 248 27 221 259 124 199 107 98 61 158 119 37
33 57 190 194 198 195 290 39 78 259 148 182 46 188 164 84 210 121 91 117 181 7 21 160 248
82 214 283 124 87 222 149 216 125 292 293 144 151 80 272 258 236 6 262 49 30 176 130
116 254 14 200 276 298 90 108 245 235 246 153 127 190 181 211 247 10 4 281 299 288
77 203 6 133 151 172 2 272 294 96 82 128 101 143 85 65 23 254 165 208 267 218
136 259 277 67 54 41 290 91 175 211 106 228 286 182 204 60 264 47 45 135 50 15 99
20 164 215 240 257 103 210 255 88 65 34 176 61 104 207 185 131 53 19 135 10 204
189 208 238 144 111 285 89 34 251 100 172 257 225 220 275 288 286 9 71 263 178 132
31 131 161 162 226 35 144 38 293 204 172 69 132 139 266 177 45 262 120 111 240 47 198 269 250
42 59 146 188 223 36 41 98 150 204 239 721 152 93 181 127 93 296 93 181 271 214 24 880 129 87 213 124 508 41 246 159 138 240 20 232 155 227 85 271 125 29 93 19 55 136 186 286 204 202 72
73 242 183 64 266 12 258 255 105 276 187 133 19 94 294 177 92 21 117 127 1
90 123 129 292 5 73 170 117 117 7 170 73 194 91 73 91 255 26 154 30 665 167 232 229 272 252 204 88 298 188 61 108 151 247 96 18 212 109 297 124 268 79 287 68 253
22 188 200 251 170 273 289 272 35 83 21 124 57 266 53 263 49 102 297 116 79 206 264 0
15 75 131 299 184 267 125 53 124 197 145 216 61 204 108 71 33 42 283 132 240 22 164
123 133 134 208 257 134 53 42 133 270 1 198 203 299 273 271 9 216 108 90 184 43 224 297 126
68 97 186 299 0 82 95 101 89 189 84 167 225 218 163 294 109 121 216 214 26 50 291 105
7 218 129 236 46 238 125 264 165 275 43 90 27 31 225 29 70 60 107 156 113
39 65 148 200 121 57 25 266 18 117 164 93 20 33 134 30 254 176 94 224 1 100 258
121 130 199 208 243 99 197 272 117 130 241 59 135 93 50 122 36 21 129 273 48 274 101 95 294 203 220 25 249 69 287 229 31 146 54 270 289 43 235 72 119 280 109 247 167
30 40 169 271 260 187 270 34 153 203 107 174 215 13 144 29 9 10 197 114 135 57 179 218
125 128 255 253 293 12 225 94 96 49 273 265 54 103 221 1 143 142 271 229 8 134 105
168 236 273 174 63 49 248 56 164 60 3 211 173 128 205 32 130 70 79 186 153 77 15
110 255 271 194 36 244 29 152 136 287 263 165 111 164 254 24 34 283 2 154 131 140 286
181 140 51 119 14 75 189 254 149 71 165 237 233 264 126 224 72 188 225 269 80
54 130 160 144 267 115 256 168 1 30 198 42 211 292 291 239 125 280 54 210 261 273
111 121 161 166 93 51 67 124 130 91 112 169 284 37 208 261 205 182 28 104 42 76 115
0 48 262 234 10 223 51 159 259 8 150 62 57 262 239 64 90 230 66 5 124 131 11
60 107 151 159 196 253 264 296 130 132 72 72 296 72 45 4 296 137 45 665 726 232 98 122 192 154 87 250 272 270 230 206 184 295 249 54 127 253 143 176 247 198 11 151 181 153 159 144 259
163 175 244 202 229 154 11 84 222 150 30 83 161 82 192 296 196 235 284 111 138 54 157
179 251 11 7 81 100 169 116 75 197 272 177 103 127 163 298 173 144 268 29 275
840 10 72 56 108 99 230 122 189 173 298 134 32 140 214 240 153 199 186 38 106 193 152
33 38 54 169 215 226 291 204 297 298 295 46 66 195 264 13 256 124 3 50 248 177 56 64 173
30 63 94 186 175 78 13 202 69 265 210 271 165 294 217 39 235 113 35 143 178 246 252
22 24 39 230 27 34 22 259 114 294 262 281 271 137 143 94 136 40 63 238 131 225 284 10
34 39 208 190 90 276 244 226 220 270 10 298 247 268 67 240 181 171 154 66 239 157 94
26 252 122 9 85 140 86 152 119 298 135 219 97 42 34 250 67 200 132 179 33 268 43 79 46 252 86 28 255 290 164 237 242 29 275 266 70 186 193 191 273
114 167 219 234 286 19 203 31 89 247 259 254 24 233 274 226 295 11 234 0 263 168 84 46 92
135 256 210 165 200 138 229 244 228 268 2 102 73 112 277 81 176 237 69 280 11 143
167 456 165 101 291 94 71 273 223 276 45 239 58 107 60 270 62 158 32 231 84 293
4 64 126 289 13 64 101 18 209 207 150 21 170 138 254 191 6 174 31 169 131 283 145 110
38 57 225 233 285 91 291 200 220 272 210 116 186 176 7 207 222 183 11 104 29 269 77 167
8 201 211 263 85 210 230 140 175 172 284 106 262 182 65 232 271 235 92 117 33 126 226 244
136 212 284 235 57 7 286 121 174 282 233 175 212 55 187 143 251 291 18 86 243 91 172
192 267 274 240 142 196 273 122 195 261 296 177 151 78 212 152 1 113 91 22 210 110 191
31 34 61 62 133 96 25 97 90 43 51 258 23 42 203 98 65 182 296 40 204 24 167 122 1
156 168 241 80 254 190 77 89 158 48 40 249 153 202 49 286 20 47 240 283 174 164 25
246 104 263 161 205 12 41 229 60 197 34 220 299 189 235 291 117 6 93 191 287
73 146 209 262 298 140 69 76 98 216 62 225 262 283 25 281 67 193 277 231 13 149 170 9
92 123 240 79 134 133 78 264 172 140 36 248 280 256 296 282 166 169 283 215 31 210 68
33 55 257 279 17 25 160 143 162 195 168 106 99 185 18 281 293 204 192 77 43 182 138
28 162 249 210 179 123 43 273 88 106 272 251 287 204 290 122 80 197 32 105 201 198
43 251 69 137 173 90 255 182 27 89 205 94 80 25 58 235 147 100 242 138 248 117
221 23 73 142 169 45 210 196 51 187 54 235 25 266 227 217 96 136 193 115 240
41 44 71 211 2 238 69 167 222 142 11 247 189 150 33 79 296 70 168 267 175
252 124 57 20 295 281 64 41 234 31 117 254 19 168 239 280 10 220 250 5 63
142 166 234 232 258 145 81 168 36 110 137 125 25 189 134 31 256 130 122 298 1 20
29 30 58 244 103 67 50 159 280 24 249 72 23 154 242 83 142 208 225 167 128 81 22 37
214 238 253 295 264 0 88 42 78 173 282 103 166 269 52 81 89 122 204 255 17 277 237 138
297 25 28 50 74 190 258 260 237 53 199 138 124 6 208 41 51 214 286 129 82 508 287 114 12 213 880 24 76 44 230 134 196 195 10 113 263 9 178 171 115 73 128 80 278 156 280 1
52 231 20 297 114 7 220 243 268 272 82 63 27 3 260 290 206 261 50 118 196 156
149 220 237 261 239 47 184 206 51 1 33 3 114 129 104 296 55 46 15 265 127 186 54 212
11 54 259 265 20 270 157 255 219 43 233 152 194 271 35 251 50 109 21 131 108 84 16 96
177 205 16 45 249 66 167 95 280 1 235 190 221 242 288 72 47 187 154 32 278 144
28 40 240 289 35 57 268 18 297 261 124 92 129 222 276 132 14 272 172 46 190 32 156 299
10 78 208 202 129 266 220 223 215 297 71 280 113 233 250 246 5 88 21 263 212 53
163 207 78 194 94 120 118 85 80 296 20 200 253 135 4 58 32 1 232 191 27
59 101 247 14 142 151 154 205 7 210 89 162 86 32 133 219 176 90 128 246 132 148 155
278 288 171 124 58 159 236 43 224 249 181 280 93 22 101 18 158 13 76 299 172 191
33 83 153 184 11 291 288 180 182 124 108 130 58 265 114 215 260 128 20 217 244 292 200 184
99 179 237 223 112 207 231 60 38 133 99 71 261 174 42 211 276 22 39 176 138 110 281
46 160 182 276 29 114 79 132 151 12 162 181 285 94 76 18 91 149 117 202 32 166
88 181 215 43 15 177 283 252 290 162 9 46 87 211 132 207 0 13 274 225 116 135
228 246 259 291 4 259 79 296 261 113 20 88 238 72 253 142 192 167 161 22 10 41 183 135
1 139 248 456 188 57 8 208 260 104 121 185 135 77 46 272 76 125 253 97 0 142 117 54
112 121 32 262 114 192 281 236 217 47 225 195 132 115 256 138 287 174 128 53 186
108 177 212 232 241 287 201 282 253 141 175 205 71 277 296 69 7 249 15 293 218 165 287 29 18 200
932 12 27 102 142 180 236 174 234 289 70 231 193 236 16 159 123 267 184 186 127 36 32 120 158 85 276
932 252 67 251 180 290 51 69 212 189 190 222 40 147 284 27 253 98 86 187 227 55
72 111 152 234 118 186 75 274 91 63 285 221 199 200 74 230 78 14 191 3 250 36 92
10 43 234 238 250 271 25 112 270 439 2 242 248 242 175 997 439 175 211 24 286 41 214 51 82 508 234 880 114 169 123 165 119 22 265 173 231 162 189 12 143 134 174 271 103 179 182 117 213
932 32 48 59 155 169 23 67 54 296 200 158 137 125 78 260 27 279 99 138 285 69 101 218 141
33 66 282 554 540 234 169 74 554 51 74 234 51 698 880 208 248 222 994 190 134 146 366
75 89 168 230 241 123 102 133 143 287 191 137 252 89 130 172 86 1 277 116 34 84 162 188 66
31 195 22 49 4 281 247 91 15 60 168 280 87 153 59 268 264 10 198 69 41
69 70 132 210 110 147 248 238 299 210 95 5 128 46 41 23 202 99 190 236 157 172 120 179
1 13 31 269 3 136 259 133 195 375 202 508 375 202 73 14 508 375 375 79 247 61 275 22 684 866 170 98 42 95 14 155 204 77 294 161 19 83 113 273 269 30 171 289 148 44 123
147 171 213 253 892 281 89 77 253 136 201 438 64 172 957 127 267 18 25 11 272 84 254 70 238 124 2 286 261 129 0 8 37 220 116 176 59 114 240 21 169 246 115
57 286 156 400 287 254 254 14 362 465 135 290 79 394 684 72 352 220 274 866 247 61 281 299 96 67 85 171 6 293 207 5 240 0 103 55 264 249 180 260 232 91
102 892 892 892 765 32 32 892 78 765 892 92 192 203 211 51 115 920 233 110 59
103 137 258 241 279 169 34 74 96 169 247 241 241 254 54 251 269 13 915 109 805 55 114 239 132 97 196 96 105 197 55 40 98 292 82 102 147 56 136 286 258 269 32
187 257 153 150 163 147 126 229 241 166 279 14 123 183 137 28 12 271 120 227 230 54
43 133 158 179 214 261 54 6 165 30 70 116 90 199 232 84 58 103 290 263 115 41 204 225 260 76
45 214 225 362 38 24 116 287 62 99 143 92 28 231 135 262 239 160 11 126 141 91 230 40
69 189 208 221 296 119 125 105 14 96 137 189 47 115 194 41 179 42 52 106 159 205 157 62 133
290 80 80 57 986 7 928 930 47 404 986 57 986 176 276 35 133 218 226 404 478
141 226 106 232 225 109 222 229 34 98 35 270 74 14 141 277 2 142 287 223 172 51
50 175 276 280 103 66 38 286 61 289 229 192 112 82 92 69 189 220 180 124 135 104 21 17
24 78 185 214 283 21 605 923 161 923 21 225 225 975 158 216 62 268 470 254 77 92 39 224 233
238 288 263 268 169 81 96 72 204 266 227 240 18 166 292 197 43 295 283 82 2 102
58 79 88 238 236 159 615 345 782 24 449 782 782 931 428 744 2 362 120 933 904 1 127 60
143 253 256 184 155 50 268 168 199 234 108 32 197 198 40 247 141 250 221 282 200
130 184 623 2 20 87 456 808 656 184 152 230 230 151 152 166 230 250 184 403 222 719 40 982 621 201 129 119 260 248 141 249 209 297 243 56 134 24 4 152 142 296 268 109 295 206 9
194 146 210 50 114 261 229 56 265 179 78 213 58 112 134 55 79 222 258 199 84
13 167 182 211 265 278 25 61 5 19 240 30 73 192 175 204 20 208 218 32 216 56 92 13
165 257 211 46 39 135 5 208 259 233 160 216 166 78 86 200 72 6 246 120 245 161
4 42 55 113 69 206 200 280 263 141 33 15 149 234 75 271 140 72 185 109 174 241 196
131 197 202 218 233 152 76 161 184 78 137 195 167 130 226 139 247 44 214 282 294 133 28
