1 39 65 802 62 137 277 278 550 103 109 533 710 445 183 489 135 764 219 179 141 556 428 50 967 127 574 362 114 587 942
46 78 121 244 248 253 280 288 220 408 43 643 511 849 682 894 952 712 779 109 374 525 273 333 834 310 158 738
48 109 268 582 35 582 300 582 407 239 477 300 258 400 342 241 300 43 258 699 43 11 601 191 266 210 289 146 49 165 65 299 278 151 19 78 263 103 275 249 205 202 291
944 75 278 41 180 64 211 65 6 276 138 233 157 176 177 84 58 149 173 193 156 51 32
43 103 112 97 121 282 39 58 237 298 6 267 106 33 207 140 146 288 50 198 190 66 9
752 21 82 245 295 15 56 239 106 293 217 173 291 149 224 127 224 246 498 279 235 37 30 73 149 207 261 271 189 159 29 76 9 14 254 2 135 94 238 31 257 210 280 34 52 256 13
208 276 213 194 266 37 20 243 49 57 74 71 18 206 161 174 82 158 68 216 157 195
3 44 59 98 202 32 67 81 202 211 283 461 130 149 159 289 129 273 62 250 62 30 242 261 207 428 235 268 73 764 149 205
58 94 178 761 153 264 153 790 761 197 75 274 392 993 90 221 949 280 254 949 988 15 255
57 123 219 292 202 202 48 238 165 240 99 39 264 97 474 949 15 221 392 240 97 988 274 254 21 236 111 270 67 14 99 63 184 13 81 183 61 58 182 180 233 144 65 260
129 19 88 179 181 243 273 130 203 130 211 211 62 53 53 199 199 131 130 221 130 476 564 51 806 66 71 238 191 44 284 84 95 55 112 124 4 128 299 104 85 54 131 17 66 73 43
146 152 229 261 45 81 105 84 26 282 93 284 168 117 14 146 243 22 110 5 36 206 7
50 222 239 9 254 273 75 229 17 265 158 63 71 94 210 160 88 21 5 40 99 174 72
10 31 132 145 190 3 83 267 136 254 231 116 141 97 171 10 104 177 131 64 261 282 61 210 111
6 14 107 265 227 243 163 144 250 14 265 77 266 24 158 153 200 17 274 56 299 168 151 202
573 65 112 191 246 258 265 256 132 109 285 88 263 273 3 131 0 28 49 77 67 216 144 174 247 16
189 244 7 12 29 91 278 160 129 241 46 129 160 54 39 250 135 54 54 270 131 261 839 529 54 204 231 238 163 262 4 257 65 36 14 170 113 24 252 45 128 260 296 13 155 18 174
50 106 163 215 220 223 22 30 112 270 75 281 11 57 41 179 161 5 26 253 1 79 240 58 298 44
77 176 204 0 277 241 197 224 192 64 123 62 262 176 42 213 272 106 7 127 27 211 297
553 49 168 188 263 296 7 79 186 34 137 284 0 269 141 178 229 198 156 208 43 116 182 256 62 31
158 190 229 278 286 233 281 197 113 141 216 259 221 55 260 255 19 132 189 18 36 82 11 182 282
139 240 249 292 132 71 216 224 227 260 82 263 81 222 69 93 21 68 49 251 122 0 136 22
183 218 229 102 241 84 198 79 137 76 81 232 215 172 107 18 54 159 199 258 168 222 209
15 16 116 188 52 292 124 111 19 186 171 133 64 106 287 70 204 2 17 80 138 136 112 280
45 19 49 131 258 263 116 260 35 116 47 43 270 131 821 77 206 146 255 252 54 198 142 261 81 179 145 174 57 175 195 56 4 172 220 189 40 207 294 267 269 233 22 35
185 240 265 243 87 17 217 222 294 242 219 126 128 103 180 31 154 53 5 27 171
764 292 96 258 31 262 296 115 236 217 166 204 40 223 207 38 279 110 266 179 241 255
121 256 291 46 164 68 113 231 246 288 12 223 64 60 234 69 190 236 152 109 74
99 112 188 221 296 236 4 53 204 112 58 167 67 268 52 84 46 262 239 293 117 90 118 261 9
119 162 194 159 85 113 47 16 172 155 99 25 202 71 186 298 76 153 170 55 247 98 295
51 86 161 213 234 280 31 254 114 260 279 153 6 73 299 193 206 110 28 179 79 141 280 40 282 70
57 125 137 172 296 183 299 116 204 107 42 154 160 156 260 29 222 205 242 102 212 171 145 100 111
45 101 92 97 170 62 188 22 54 117 266 205 262 103 138 76 90 279 293 106 250 74
150 152 288 88 283 89 82 206 163 160 217 98 71 123 185 192 12 196 237 167 28
142 164 154 160 257 244 120 198 296 98 230 102 148 11 52 259 59 74 299 117 196 263
94 95 121 231 123 222 73 139 281 103 266 42 218 153 242 151 83 128 107 29 296 279 143 19
272 147 165 135 141 179 131 41 214 39 263 106 167 99 259 71 34 102 158 284 80
878 32 103 153 209 188 67 138 34 94 224 290 220 61 28 294 132 52 157 91 27 46 273 19 233
5 129 91 0 12 177 239 2 10 197 209 194 198 147 73 174 45 184 72 216 8 135
70 142 203 260 56 8 128 25 241 80 203 252 103 291 202 161 5 147 237 91 132 231 151 164
764 158 208 281 195 71 149 245 215 192 86 228 70 19 53 109 143 167 200 1 42 211 275
66 68 105 106 122 127 145 162 197 269 101 129 255 23 271 95 285 29 191 7 208 239 269 257 13 290 206 8 42 24
42 52 86 122 290 175 152 160 216 211 278 267 120 291 246 163 78 53 103 106 136 62 265 180 176
7 213 86 110 214 108 57 11 109 78 123 121 79 181 273 21 161 65 39 244 84 120
32 79 266 295 202 174 134 187 94 289 131 281 104 50 4 253 205 141 250 293 199
878 49 110 194 219 24 114 285 249 107 79 161 249 9 147 260 79 206 198 169 270 146 54 205 13 252 529 261 217 215 92 253 97 136 208 34 175 36 234 158 159 174 16 204 160 55 292 164
109 250 294 31 226 28 195 39 125 234 119 156 273 219 104 166 268 173 207 179 286 46 108 187 87 225 151 102 74 36 223 130 201 192 83 238 215 5 85 25 66 180 43
96 187 248 175 267 68 261 32 288 182 235 39 1 15 53 161 287 203 271 16 260
208 243 295 298 57 5 5 196 57 53 90 54 198 142 11 13 146 220 24 270 198 252 231 59 263 63 158 212 229 124 165 29 102 278 68 137 71 142 85 12 87 208 104
47 94 277 88 274 103 189 147 133 286 24 43 227 171 272 295 205 280 106 145 155 85
64 72 87 142 283 272 293 88 57 190 127 46 139 72 237 226 219 289 188 216 271 78 85 231
119 211 261 18 38 88 178 211 96 83 64 125 51 49 157 93 148 132 33 158 200 3 288
81 112 152 153 218 169 3 107 50 227 27 109 96 245 30 131 22 251 41 97 239 39 295 281
188 202 278 293 134 249 46 73 102 191 125 136 158 120 126 108 253 234 297 228 172 256 29 278
33 40 65 228 235 281 299 184 176 120 19 266 193 158 101 276 227 6 11 277 182 273 29
61 148 72 221 242 14 257 248 116 185 104 230 31 191 188 6 286 90 181 277 298 174
269 239 1 252 55 246 163 172 28 68 21 185 2 254 67 85 196 42 184 26 27
10 23 26 38 101 112 240 79 177 183 280 110 275 99 237 60 243 185 193 50 4 155 145 92 151 249 250
764 15 31 229 15 203 74 131 232 200 245 241 250 263 124 123 169 100 273 85 179 257 140 135
603 78 194 200 18 221 230 47 35 101 178 250 231 1 268 205 175 206 273 215 172 28 20
12 35 187 188 277 78 210 209 221 223 294 54 133 84 178 61 27 2 193 44 253 194 113 48 157
72 99 117 170 208 259 40 281 81 45 156 26 16 93 250 202 173 105 85 220 8 199 282 258 197 38
56 83 49 137 168 261 272 614 705 614 14 278 274 73 234 295 234 240 128 241 474 253 265 949 40 133 192 104 294 265 26 96 109 70 102 15 4 243 144 163 230 288 234 57 74 161 136
22 106 297 223 180 44 255 120 17 178 56 244 219 35 213 208 92 32 286 81 171 242
138 250 276 34 53 261 78 41 90 68 141 219 15 105 229 103 279 22 285 142 295
82 171 263 176 292 186 195 200 244 161 51 234 163 61 286 271 155 131 137 28 149 250 153
89 121 125 254 259 206 247 266 17 296 56 120 23 111 121 279 63 184 145 40 128 203 45 60 59
44 163 268 277 48 183 32 39 183 226 39 4 4 71 193 128 288 83 173 40 114 159 163 159 681 212 178 175 189 53 59 245 74 274 205 216 31 3 219 211 96 75 119 282 177
96 281 203 183 42 104 196 169 242 279 15 85 87 185 72 149 157 96 175 53 251 194
0 47 86 204 206 218 291 171 294 248 195 177 162 185 126 61 149 20 147 101 227 188 77 203 222 298
878 11 72 171 270 178 256 136 152 53 64 29 189 26 27 122 115 9 5 141 156 219 296
38 133 173 265 270 2 147 94 269 120 249 67 227 21 129 150 99 262 204 126 23 149 50 173
19 82 163 206 224 77 202 197 220 107 75 148 263 87 216 63 6 280 68 212 127 132 11
23 41 56 111 163 174 241 259 32 97 242 116 21 53 215 298 67 102 27 269 126 46 217 250 52 237 164 229
154 188 165 285 37 214 174 191 62 110 82 93 180 253 122 249 91 10 152 18 170 100
4 161 134 178 89 265 150 211 293 50 104 202 109 5 49 101 35 182 167 209 117
6 12 290 149 211 39 10 272 12 191 100 232 167 91 44 160 171 230 142 87 140 288
51 156 55 128 164 268 75 177 41 218 294 272 90 93 28 298 288 185 265 40 233 7
36 38 206 280 297 192 210 138 113 261 67 109 232 89 11 244 220 248 285 51 44 284 26 82 28
117 134 154 21 59 105 155 61 229 271 171 89 236 281 142 273 227 17 63 2 114 133
553 31 61 124 266 137 14 51 197 196 140 210 193 235 73 86 167 268 204 85 139 262 133 27 41
96 219 252 260 139 45 123 26 252 95 9 153 184 211 166 289 234 267 265 159 295 156 232 20
878 20 40 72 137 266 294 107 78 21 152 59 96 14 69 280 115 134 24 204 62 141 226 31 162 53 7
828 20 121 231 122 99 172 100 154 97 67 20 22 44 80 252 173 113 221 112 147 30 171 242
282 173 269 76 192 144 287 105 174 153 71 95 275 270 96 190 114 145 118 43 88
779 17 27 54 62 236 239 47 256 107 243 275 178 264 230 289 242 74 130 124 82 96 136 169 154
86 140 144 97 138 13 180 161 171 283 173 46 192 293 37 184 234 246 40 188 285 54
9 56 167 203 230 151 100 76 8 193 5 60 156 217 27 154 264 256 67 164 87 104 286 97 228
838 30 160 193 251 271 86 238 93 87 149 187 6 140 158 289 77 163 246 245 55 225 287 42 62
21 31 90 165 194 243 29 163 198 290 215 22 81 47 276 133 208 150 126 109 101 249 250 96 57
838 42 43 232 128 46 201 263 56 141 121 254 116 29 285 258 139 53 239 138 4 65 142 71
121 123 132 105 130 107 101 254 125 177 279 207 78 152 65 44 74 95 40 1 87 203
6 97 154 159 199 292 838 88 101 157 229 266 95 287 176 203 95 121 61 17 17 13 235 142 198 529 821 255 198 270 261 146 228 141 131 194 209 9 226 93 50 72 161 65 51 130 182 206 277 156 292 31
15 130 192 209 83 255 113 25 235 23 101 151 0 8 152 35 271 155 257 87 86 143 69 70
70 91 42 6 81 45 81 63 6 286 150 128 949 155 265 84 241 253 94 210 192 133 120 104 121 197 244 192 153 53 175 107 291 129 126 204 257 263 203 138 209 89
67 202 223 268 287 255 183 148 179 247 225 189 127 294 178 186 43 182 150 38 67 19 78 260
4 50 282 24 20 236 3 247 181 161 282 153 56 152 31 108 30 0 192 95 132 60 84
180 188 202 256 265 276 163 279 0 71 10 149 194 250 28 134 228 110 179 290 151 129 270 160 253 36
18 140 270 224 20 94 14 154 221 134 44 254 170 192 162 276 84 177 13 286 222 264
131 62 210 46 270 166 159 224 78 204 150 199 279 254 112 102 114 108 157 130 238
82 122 224 93 209 1 214 273 107 146 252 22 151 215 156 97 58 187 18 41 96 70 251
50 66 221 192 198 188 13 162 41 67 139 171 90 50 227 207 187 274 175 155 218 213 2
136 176 116 115 155 201 275 156 31 166 143 19 29 51 5 26 227 255 288 132 217 286
86 100 235 10 248 296 43 159 262 140 278 56 81 18 130 88 287 221 135 126 115 98
106 144 204 217 132 158 91 204 237 293 60 28 181 81 126 121 140 251 80 183 59 85 173 214
18 176 243 94 45 241 109 84 177 253 256 201 122 231 199 198 277 54 193 108 242 294 298
66 138 136 15 131 59 32 233 220 258 276 254 286 103 299 110 198 33 121 162 167
878 13 25 84 90 230 264 298 262 284 62 0 227 92 41 119 195 85 10 174 20 125 176 238 229 153 82 210
838 104 73 210 130 200 247 112 158 146 214 136 241 58 92 229 122 252 224 95 81 283
553 22 104 143 222 69 152 186 239 6 77 104 71 3 250 135 166 192 241 244 163 292 58 50 252
102 130 222 261 283 65 167 291 115 195 273 196 40 144 25 276 6 292 202 293 194 122 126 8 37
14 74 151 185 195 125 210 189 285 262 132 107 205 289 16 99 209 220 225 91 41 119 69 82 265
32 91 143 207 71 144 15 22 136 26 14 132 184 161 272 55 78 166 90 214 196 299 258
42 49 126 255 281 113 296 194 195 294 200 135 65 239 21 85 269 148 151 138 98 174 11 130
64 81 120 231 264 163 204 224 157 88 11 250 132 16 58 89 145 148 225 103 242 153 119 113 45
80 139 236 276 205 261 127 268 223 283 94 235 195 81 172 49 285 255 247 224 263 34 242
58 174 178 201 56 135 109 299 131 141 10 107 21 245 167 116 253 287 256 46 161 156 126 170
553 17 110 157 87 171 284 175 229 241 280 47 126 49 233 169 275 155 277 294 197 162
62 195 125 114 134 16 46 259 67 88 217 215 247 89 158 107 75 84 53 292 288 269
192 236 111 268 103 118 51 191 177 211 275 193 281 31 13 67 209 81 180 298 287 246
185 263 58 129 244 18 159 156 159 156 28 237 28 83 205 198 821 24 529 270 13 235 252 169 261 281 72 179 273 280 9 131 249 230 170 11 115 282 145 97 138 243 201 42 219
553 92 263 31 193 284 57 293 7 68 225 194 12 96 168 34 100 127 136 153 111 291
31 81 50 22 222 206 298 90 239 214 179 143 178 201 119 225 85 122 108 182 295
3 208 265 288 113 211 14 94 255 248 218 37 298 194 207 6 78 28 250 133 27 38
626 5 99 113 86 57 96 264 76 39 193 240 112 200 29 92 196 253 14 213 171 280 166 241
33 194 76 283 141 44 222 143 105 33 149 184 9 172 90 259 59 187 228 263 190 292
128 202 106 72 261 145 113 203 160 229 7 276 127 61 48 174 30 230 36 155 186
37 230 297 81 40 247 243 181 216 9 85 217 128 20 38 192 174 90 15 282 225 274 276 15 60 14 200 37 53 172 43 285 164 128 171 142 262 138 227 114 231 260 249
887 177 281 55 178 261 52 228 106 4 14 25 76 278 210 5 66 235 226 3 270 227 282
72 125 177 195 115 201 170 73 117 152 164 210 196 277 18 242 39 110 79 133 200 262 14 240
881 232 119 5 256 292 174 295 187 69 182 135 273 118 239 32 278 180 210 56 211 102
82 92 122 190 278 88 16 150 32 118 281 39 40 227 237 52 96 285 46 146 184 124 26 113 56
150 109 98 236 20 293 15 112 127 48 183 69 258 254 238 151 155 111 10 272 289
2 101 109 218 168 235 178 175 164 164 90 175 320 175 175 88 175 288 0 189 193 94 580 191 955 27 185 172 153 294 11 173 257 22 5 275 219 231 218 174 14 4 233 103 281 58
234 244 110 10 39 146 257 278 203 3 121 200 251 100 99 97 163 151 299 132 183 1
112 202 220 764 203 251 288 111 102 61 102 102 236 15 134 205 54 24 198 252 169 821 529 235 220 261 255 227 125 252 245 4 29 14 266 18 186 137 88 185 60 206 74 136 256 139 263
75 84 218 268 246 114 258 263 26 239 252 124 243 52 281 229 126 174 272 67 249 291 27
90 198 251 278 211 160 299 279 244 214 172 79 65 219 297 21 191 197 46 27 124 161 242
57 135 199 258 16 49 54 264 77 68 238 277 19 190 260 256 107 155 70 189 65 142 291 249
93 242 225 97 44 234 90 91 207 4 87 137 280 177 253 8 24 79 165 47 114 298
16 19 61 267 91 24 199 23 125 292 52 290 206 16 58 9 105 80 152 245 83 169 148 124
95 123 166 102 279 108 21 59 241 234 265 179 84 64 31 204 112 229 132 169 151 5 141
838 7 23 67 115 182 240 26 36 284 113 23 205 130 209 148 224 275 80 118 278 249 271 270 272 11 212
205 232 23 206 85 116 26 25 213 110 196 193 114 27 272 32 277 269 89 123 131
51 135 208 218 237 148 243 71 91 49 220 262 219 267 65 167 1 77 237 228 51 60 142 22 0
783 991 109 159 203 296 281 291 168 278 231 237 298 108 90 227 92 185 55 247 3 296 115 124 101 258
185 48 199 274 231 286 286 230 158 230 230 216 45 298 118 79 183 165 161 253 145 287 10 10 52 46 26 62 229 76 299 71 162 10 126 68 173 37 298 59 266 12 86 137
202 292 159 180 81 206 148 217 256 29 85 122 123 1 177 84 257 68 133 8 169
6 52 133 16 64 218 230 55 20 229 158 24 126 171 104 293 75 128 0 31 194 198 224
88 113 213 262 264 266 63 292 129 197 139 236 285 41 289 21 30 184 276 46 125 72 146 244
1 172 210 297 160 11 124 107 251 137 221 74 9 10 86 148 70 296 122 287 172 0 98 15
17 20 82 162 218 220 57 258 86 98 9 295 207 0 55 231 168 29 100 270 121 4 84 69 118 191
109 265 112 240 40 120 76 98 221 164 109 145 193 84 257 165 187 1 298 203 199 202
105 251 295 114 172 156 151 137 100 256 265 139 41 153 260 101 35 276 197 269 176 191 36
744 764 20 39 207 284 157 278 74 21 31 68 15 18 105 9 67 99 53 291 71 51 238 149 220 268
744 8 34 39 49 63 271 255 162 153 260 51 258 32 61 279 289 284 268 154 44 215 217 71 238 33 193
185 210 28 208 192 124 36 29 152 103 33 198 248 110 189 155 51 160 127 140 38 7
29 44 208 38 106 164 163 137 71 216 14 184 275 103 234 59 40 261 152 140 110 241
828 126 189 263 96 295 166 195 128 248 14 266 222 163 36 12 250 259 279 33 232 106 98 13
198 208 284 60 11 193 260 27 217 164 21 201 112 229 246 247 173 209 266 242 108 106 252
2 86 212 275 277 192 204 22 232 76 175 126 34 284 236 249 261 29 107 135 269 87 28 227 275
52 163 6 77 120 92 238 30 260 150 218 257 136 168 128 71 166 189 232 261 124
194 271 279 2 10 228 479 294 932 931 294 101 931 101 38 101 276 96 288 213 145 114 559 942 78 649 121 214 139 10 31 148 62 147 161 228 144 172 286 42 257 297 185 199 216 281
117 167 181 190 75 50 89 247 109 18 229 160 84 256 176 29 36 62 12 249 99 40 152 170
33 67 117 132 192 243 273 397 197 259 310 738 58 4 993 58 89 936 4 241 859 269 780 35 56 257 173 636 280 320 559 167 272 199 121 190 18 251 106 215 131 214 277 100 278 168 229 102 23 153 35
472 85 97 282 71 236 204 111 90 26 293 131 14 206 33 78 126 228 27 269 16 59 195 149
12 34 189 263 138 254 135 260 141 72 154 49 77 151 193 44 187 39 295 268 226 80 214 188
9 12 70 248 158 28 219 269 152 158 152 28 158 269 158 28 280 92 253 197 71 104 963 50 228 275 185 284 212 140 198 242 134 293 17 244 169 224 121 125 257 189 208 156
44 171 11 102 200 247 167 213 997 138 997 881 34 138 871 270 11 198 13 365 142 146 255 261 24 252 161 16 243 202 21 118 83 35 139 274 18 136 289 38 156 98 76 50 120 146
838 110 171 272 291 155 139 58 320 165 507 58 582 573 28 173 82 288 35 859 280 269 320 807 826 146 157 121 93 258 271 51 15 23 169 25 247 84 20 111 166 189 224 126 29
39 76 237 132 298 162 18 77 134 105 245 45 202 183 157 125 130 253 109 15 238
82 178 200 213 244 285 299 55 83 762 786 521 521 913 753 521 10 190 992 779 462 838 228 290 28 817 122 3 103 283 197 99 252 155 193 21 12 189 220 117 217 238 49 29 148 46 47 294 293
13 118 67 121 188 199 257 624 977 624 624 624 478 324 948 793 240 240 98 103 10 267 33 507 645 615 243 170 245 58 194 0 77 240 93 160 251 64 299 59 191 38 161 243 153 31 148
