22 27 126 168 290 297 981 47 54 255 278 286 296 80 44 204 216 239 214 294 153 129 279 92 33 299 262 227 171 30 240 90 108
294 180 107 123 138 242 116 94 250 213 251 55 198 73 299 184 289 54 162 156 97
69 254 297 591 144 9 75 165 269 211 113 29 32 191 250 152 84 290 114 179 258 54 141 137
9 115 207 227 248 221 94 75 97 185 5 161 83 198 56 131 245 50 51 268 149 298 76 250
36 215 202 293 238 107 114 46 289 184 279 277 217 54 103 179 274 294 222 263 5 88
164 185 189 272 129 219 1 92 235 62 200 130 250 234 93 268 21 73 172 12 14 49 292
35 228 189 110 107 167 127 282 104 123 156 244 70 171 248 89 158 161 125 120 183
59 180 37 28 96 0 88 248 57 270 85 146 1 189 126 218 247 14 35 289 166 10
7 26 95 113 203 129 83 29 117 222 280 219 193 124 1 206 150 73 235 55 104 149 95 207
100 214 263 135 207 227 230 280 175 782 280 82 756 782 92 75 220 219 291 953 380 26 39 164 337 82 802 65 97 171 25 185 1 129 68 296 165 166 227 254 60 162 196 245 96 85 116
41 69 191 290 294 231 125 136 38 271 23 210 177 87 219 107 5 120 239 194 148 262 17 57 67
12 27 131 246 62 163 150 231 6 110 12 181 167 169 65 270 0 144 75 171 5 151 116 159
200 591 139 85 297 136 111 156 245 262 112 52 57 22 226 128 168 70 82 255 241 261
9 70 84 139 230 251 629 248 114 210 205 29 78 91 276 93 256 115 63 97 33 3 251 24 267 189 165
62 135 150 268 173 262 281 69 43 294 225 178 217 246 215 235 22 1 29 145 44
73 137 211 284 89 122 106 41 147 133 43 210 190 246 191 244 213 16 220 100 219 143 228 111
741 0 2 45 164 179 133 296 211 27 84 121 140 90 161 97 77 234 225 236 33 262 55 113 276 258
46 142 237 108 6 66 43 74 228 84 206 235 277 218 134 104 177 149 124 227 294 298 27
117 131 160 194 233 18 213 21 226 142 174 200 77 223 208 29 268 191 83 105 284 234 261 169 259
73 128 150 28 232 126 191 17 202 173 246 56 206 128 87 123 215 169 132 216 110 185 0
3 11 134 196 61 125 34 257 103 134 220 59 162 80 243 200 150 207 189 193 178 145 56
220 244 254 284 191 190 223 33 254 250 93 130 49 0 14 104 43 234 89 244 67 22 91 102
4 42 223 223 263 113 226 210 199 132 73 272 245 130 0 60 49 40 110 77 76 37 13
31 50 95 145 56 110 85 231 53 201 0 34 223 230 170 71 275 90 182 209 256 126 210
144 157 200 222 15 186 242 54 46 98 31 240 259 151 49 285 237 147 113 255 58 57 171
21 129 20 276 67 250 53 176 98 69 245 24 83 9 199 204 68 163 46 88 128 180
95 221 153 157 160 241 199 299 5 169 220 177 143 293 208 194 133 193 247 27 114 35
193 214 222 240 257 134 88 203 201 192 129 175 102 83 10 254 279 173 131 181 107 15 212 296
30 46 73 197 296 222 34 196 228 108 6 0 83 112 15 191 259 52 160 44 283 138 246 201
180 196 265 275 235 79 141 292 247 209 128 107 218 259 118 243 230 233 196 295 223 254 263 260
22 118 122 194 295 591 253 134 60 99 278 179 93 281 205 191 35 84 34 297 241 212 1 153 239 274 133 103 251 232 267 91 53 276 155 844 732 123 107 177 12 45 77 140 221 211
83 106 150 154 193 216 234 193 97 221 82 95 92 37 100 183 207 206 8 178 110 68 44 278 36 118 181
81 265 732 70 196 156 266 24 126 190 44 127 100 242 73 101 80 208 91 55 269 239 249
58 69 90 93 141 280 732 278 732 732 150 140 140 178 216 295 100 83 94 45 14 8 62 263 3 196
223 232 296 283 21 75 164 213 195 149 121 174 78 19 281 137 6 33 266 264 226 208 32
20 97 161 244 238 6 81 182 128 187 83 32 200 226 89 163 49 150 283 5 157 224 65
174 204 161 108 268 171 186 240 40 230 253 255 243 288 25 136 138 169 183 31 75 223
10 191 209 272 135 85 122 5 294 239 216 88 230 228 160 116 283 49 43 29 176 243 263 100
60 158 140 9 241 30 294 290 259 96 45 131 11 221 23 201 187 286 164 299 190 163
59 287 142 217 150 125 283 149 175 288 17 104 203 220 95 68 97 71 225 13 89 291
38 253 192 297 244 151 167 267 160 45 108 88 253 224 170 242 169 178 41 149 194 17
51 81 214 272 173 282 10 0 31 274 125 28 239 46 147 1 26 142 75 218 186 278
77 85 179 100 247 37 74 200 195 131 166 8 213 161 23 144 223 49 171 284 242
57 103 189 292 155 207 86 213 168 1 294 141 59 180 262 280 220 103 175 105 17 9 121 58
75 113 100 159 133 184 62 198 208 19 206 162 150 217 56 220 38 7 294 11 58 284
6 243 297 261 251 205 30 155 97 260 202 142 141 237 5 73 216 0 139 44 78 50 278
16 53 189 215 196 258 242 161 79 29 285 266 286 221 2 212 143 167 52 27 189 74 193 243
4 84 184 238 88 100 53 250 269 190 79 70 199 125 73 129 46 270 205 27 134 288 119 126
24 51 114 680 173 278 153 252 49 27 4 129 90 233 197 167 224 126 48 196 146 151 86 273
68 147 99 2 99 279 151 2 19 19 125 205 781 16 245 319 38 82 39 380 765 236 102 123 66 48 117 6 230 108 206 63 187 79 50 73 259 287 268 38 0 30
238 215 262 187 234 167 9 266 83 18 174 100 225 111 25 299 198 240 256 53 221
252 271 288 197 136 125 175 227 209 283 116 26 15 168 106 23 57 41 30 109 62 151
21 67 205 156 298 29 55 29 29 118 99 55 90 13 119 559 781 39 62 116 725 233 38 319 52 220 280 154 21 13 282 10 117 207 109 216 122 259 46 210 145 247 106 17 162
6 150 255 292 282 218 73 269 180 24 286 294 203 16 253 45 231 30 31 50 108 34 23 94
161 234 230 167 293 228 14 91 29 42 154 132 92 2 146 192 118 294 269 160 69
43 179 183 58 62 204 21 226 93 246 255 40 283 111 274 35 243 234 139 176 27 39 295
62 249 290 2 196 53 12 163 156 200 60 219 20 101 4 272 154 257 140 48 50 88 236
161 222 89 19 23 40 135 280 223 114 91 256 218 245 15 201 180 195 58 158 187 295
209 265 15 149 203 215 205 152 205 239 261 825 246 825 825 825 38 725 198 319 16 245 559 233 119 82 9 289 276 194 36 238 107 204 23 230 151 215 149 247 240 260 182 54 285 163
2 28 35 82 255 119 8 78 192 297 121 115 67 14 164 179 71 52 80 92 7 292 241 74
68 270 61 23 254 116 75 191 129 264 233 146 262 68 277 244 171 76 200 42 204 157
23 41 56 175 260 262 284 55 33 263 111 143 0 26 88 139 180 260 136 2 63 215 81 252 108 227 233
5 130 125 292 19 113 255 234 143 137 128 62 167 46 83 86 54 174 201 294 31
945 164 234 146 78 252 284 46 123 223 169 211 298 175 3 104 30 164 290 12 83 273 57
37 259 289 292 261 113 120 253 211 98 11 169 221 220 61 292 37 298 94 100 110 285 67 259
96 152 136 59 264 47 276 249 154 43 135 89 94 41 14 104 151 87 65 199 201
93 154 198 215 239 176 203 591 25 88 136 227 227 260 71 136 205 245 319 62 764 559 765 125 16 380 198 236 299 234 186 285 267 228 63 145 62 2 153 8 37 190 113 28 219 178 167 282
147 151 191 254 38 265 170 76 188 30 194 199 205 47 164 150 111 177 148 26 231 270 59 152
114 176 276 285 189 162 111 14 69 69 162 475 69 201 244 154 221 43 285 211 77 732 12 93
73 11 249 192 151 93 172 195 98 62 69 1 64 184 295 108 26 73 297 87 179
110 69 175 258 189 170 9 40 118 21 114 67 84 183 120 6 185 128 11 274 4
36 222 287 11 275 196 283 74 17 29 279 176 159 93 87 121 170 81 157 41 82 180 237
0 15 226 269 11 124 109 27 35 250 156 43 266 52 243 34 200 123 220 117 62 163 254 19
86 225 173 238 283 98 98 144 161 159 159 137 161 559 319 125 765 82 39 380 245 198 236 16 233 216 230 6 127 273 224 289 286 182 69 176 65 270 17 196 100 162 149 233 279
48 73 125 280 272 150 8 20 213 40 63 192 228 115 187 148 21 251 293 39 121 92 277 142
5 33 56 83 102 185 261 208 205 9 6 221 78 198 215 3 56 140 21 257 279 255 42 88 106 204 242
3 54 139 139 185 76 283 85 246 253 116 238 14 236 252 19 257 205 72 7 239 122 241
49 144 273 72 15 187 199 259 207 125 61 18 258 94 279 140 7 58 197 189 93 30 126
44 210 242 591 176 5 264 1 210 31 122 202 61 118 60 292 233 170 91 80 121 204 63 261
252 286 591 248 31 52 53 160 243 57 152 14 205 59 209 115 238 56 235 256 233 168 290
4 82 103 106 157 35 44 283 105 120 206 208 116 285 254 98 224 140 110 83 128 67 229 290 155
20 74 183 254 67 188 242 285 126 292 130 219 286 235 293 62 200 36 250 146 56 156 241
45 110 225 13 134 93 281 193 161 196 211 34 226 24 140 257 131 71 186 64 124 31 269
151 47 247 291 188 110 258 5 102 283 105 6 80 8 11 285 136 196 195 242 299
75 108 17 82 166 48 236 188 6 40 276 195 198 275 142 108 63 250 278 99 145 190
197 215 114 256 5 215 174 42 55 142 82 185 294 41 275 102 200 32 125 206 280 286
203 276 36 165 148 178 226 282 18 171 8 91 251 58 10 73 268 245 121 46 181 84
61 154 157 269 173 97 121 165 241 164 22 284 122 181 184 75 172 52 167 53 214 20 155 226
179 289 73 30 185 18 113 68 243 273 147 148 48 60 29 255 170 125 89 286 58 270
29 59 149 264 196 95 113 30 57 45 153 68 264 84 17 29 3 261 231 90 58 65 208 23
79 211 69 19 73 210 200 200 140 161 161 285 93 140 255 123 45 177 732 844 77 276
79 229 290 145 111 159 258 91 170 150 147 61 49 218 273 25 126 89 246 97 30 230 231
120 236 237 72 51 32 21 144 158 60 79 61 259 122 133 136 214 293 134 190 241
23 34 62 210 54 225 287 25 110 245 146 37 194 189 232 199 77 15 63 192 84 195 70 126
0 6 39 45 71 130 210 219 219 1 252 66 102 152 197 154 176 227 232 57 19 109 195 42 192 223 266 95
31 155 249 263 94 215 124 172 14 201 53 43 248 76 257 63 225 175 274 258 93 186 190
197 293 145 10 72 186 293 154 48 220 277 215 1 107 285 111 108 94 123 175 164 62
162 251 251 251 233 188 188 99 287 170 251 114 107 140 123 4 844 221 177 285 77
17 120 299 47 245 172 267 188 288 203 135 271 277 75 287 72 6 210 263 44 298 184 214
46 86 124 244 289 294 285 291 231 223 32 69 188 127 119 287 166 20 152 50 7 269 104 61 84
23 155 157 214 117 161 225 5 836 110 483 21 57 949 21 135 21 198 725 764 16 52 205 233 493 125 765 6 78 174 281 101 117 150 143 283 147 51 116 232 254 268 207 47 249 142 34
57 82 159 242 156 125 76 11 246 15 173 288 187 126 208 44 297 210 87 281 252 262 295
48 252 239 55 90 138 194 35 220 295 149 184 256 51 203 100 228 299 38 150 93 160
125 152 31 47 240 192 106 264 251 238 255 65 81 119 16 75 243 200 168 183 124 215
271 81 90 116 189 250 244 124 41 152 58 91 247 129 111 86 20 26 282 69 156
63 93 131 76 193 52 54 275 280 142 298 99 1 154 235 97 77 257 289 87 8 11 188
20 244 219 299 79 30 221 29 72 240 28 262 165 223 101 247 228 178 31 198 22
31 102 183 217 241 591 380 656 192 5 5 133 200 125 656 260 149 164 28 276 685 246 210 497 31 147
79 121 149 166 226 239 277 179 198 36 96 251 37 19 84 175 10 292 11 232 64 44 168 177 187
4 73 279 254 134 43 229 117 174 118 102 287 196 208 61 217 136 74 245 257 35
292 926 926 169 207 239 165 104 80 503 61 58 116 169 16 120 35 167 378 46 201
247 41 166 6 15 272 186 65 46 251 254 47 229 164 144 79 63 203 239 111 9
44 48 103 114 211 233 221 108 45 41 95 257 32 9 37 173 49 54 73 264 97 118 276 162 28
133 135 163 229 223 15 156 79 116 111 258 144 186 69 179 72 112 75 64 52 221 277 168 145
156 233 294 294 826 261 193 265 66 200 265 40 200 826 164 24 739 36 70 273 22 37
14 159 79 169 139 131 251 133 276 264 266 0 156 67 15 120 296 270 243 146 141
197 217 248 263 269 193 269 161 248 295 297 5 41 238 25 62 154 49 140 89 71 145 240 264 137
90 173 38 9 204 101 96 49 136 266 243 178 85 282 124 133 260 16 200 209 32
23 71 92 153 5 28 23 248 145 259 184 97 208 199 40 210 219 177 274 288 152 163 63
24 52 70 215 272 274 193 47 127 14 101 113 37 38 86 68 5 29 287 4 186 171 124 226 115 74
96 185 106 278 88 226 282 5 3 288 274 255 70 125 284 241 269 186 107 95 25 131
48 53 91 135 220 292 154 247 53 16 192 147 280 145 21 188 149 70 184 283 254 74 150 106 204
48 205 17 260 166 81 114 247 65 63 227 62 156 126 209 92 184 93 263 150 221 102
26 260 2 68 60 75 115 120 30 188 66 231 204 128 81 91 165 250 163 59 135 65
190 30 266 121 273 257 37 108 47 223 157 111 268 205 203 238 292 192 11 83 260
1 108 137 159 290 252 296 30 24 272 173 56 66 280 243 114 34 154 245 232 15 103 209 81 169
5 34 77 82 176 107 201 280 40 158 106 233 47 273 62 86 142 247 171 217 264 44 266 53 92
151 201 278 299 137 167 268 166 229 243 171 256 40 292 215 244 277 189 60 31 129 273 5
14 163 208 276 591 92 43 191 146 174 69 122 273 208 207 161 64 73 251 96 205 167 103 216 147
157 257 268 14 78 201 79 61 170 205 231 132 120 225 219 60 21 113 81 174 131 175 114
27 112 149 228 266 24 134 203 274 9 189 214 79 5 109 76 207 209 246 158 295 50 111 104
826 0 125 145 210 498 103 132 298 103 132 17 17 43 732 211 12 31 276 140 844 285 77 335 45
143 155 185 21 128 149 116 264 229 278 86 100 150 3 176 34 270 222 98 48 252 56 182 275 194 26 119 297 236 265 279 87 81 259 96 64 278 159 142 233 99 150
23 186 187 132 268 213 184 23 217 246 52 209 18 154 72 296 162 176 205 265 29 159
96 174 285 27 221 231 183 110 69 106 284 270 256 82 208 252 285 132 114 225 287 17 150
30 143 186 232 278 187 289 219 204 83 116 26 295 236 28 182 85 285 263 172 52 67 206 57
591 41 253 200 242 174 256 5 140 136 290 159 258 55 272 67 127 190 36 113 168
211 246 53 26 419 53 198 198 198 190 248 493 559 38 764 765 236 198 16 39 119 52 72 208 172 191 287 276 118 48 74 180 130 214 11 280 139 198 35 2 281 156 42 88 61 133 274 107 105 34 172 272 249 153 135 50 67 267 41 224 126 142
37 54 189 244 26 268 130 184 258 134 119 32 63 151 226 247 126 29 88 11 144 60 79 262
187 202 256 265 274 298 183 75 262 138 106 42 257 196 221 269 35 71 26 1 24 105 44 233 281
93 202 3 3 3 150 295 3 80 3 295 211 732 4 335 844 276 45 140 177 93 285
51 113 183 201 211 118 154 193 269 152 213 29 236 38 170 290 18 124 187 85 4 197 155 119 17
51 69 86 294 121 186 71 186 186 190 727 186 762 268 268 231 268 62 38 233 198 119 52 125 39 163 109 51 194 252 114 88 258 103 215 2 24 266 5 263 40 49 72 172 286
40 49 142 153 211 247 69 2 131 105 108 142 298 251 210 147 180 18 16 158 13 25 276 159 203 66
98 215 87 165 10 3 274 20 201 51 299 230 163 261 271 102 290 190 78 241 272 59
219 168 250 49 143 270 181 88 284 287 249 272 251 294 138 183 67 71 254 194 123
23 43 66 90 183 189 251 143 22 144 239 32 255 93 59 110 225 65 204 159 80 5 287 241 264 60 178
84 152 269 85 30 180 114 200 48 267 214 55 273 138 74 65 80 100 287 283 49 223 39
92 230 51 237 208 219 201 43 96 98 296 63 112 129 213 57 17 27 22 9 164 134
71 119 121 257 266 95 168 68 22 281 278 135 176 90 36 215 255 231 42 247 117 41 8 141 226
57 242 280 74 104 126 291 287 217 51 271 54 296 285 119 108 137 157 205 169 26
5 28 207 119 279 113 70 239 85 216 112 164 60 39 270 97 178 173 16 289 89 288 217
97 168 170 192 247 72 127 245 102 74 294 10 119 258 215 192 181 251 150 106 185 219 103 269 49
201 92 24 287 0 37 284 147 59 261 110 4 232 106 74 192 18 116 126 21 73
62 170 179 233 20 67 127 97 270 128 54 220 278 28 49 119 283 34 60 241 235 245 199 255
77 167 174 234 258 294 17 77 151 284 179 109 195 140 249 272 231 269 253 210 275 289 245 74 148 208
92 128 154 247 255 67 89 111 120 146 50 10 81 121 117 246 99 182 34 252 254 207 25 149 279
149 162 269 146 260 299 170 6 173 213 108 28 13 222 160 240 181 191 4 82 210 229 104
24 58 138 229 235 64 142 200 263 284 378 828 141 176 142 141 176 260 236 125 765 245 764 198 119 205 559 62 319 781 204 160 158 276 33 98 244 17 205 169 83 60 164 271 80 138 246 79 63 192
162 200 296 161 46 166 188 32 258 287 294 275 163 169 255 232 281 274 296 142 205 170 210
34 210 99 43 62 21 182 141 180 202 218 272 284 65 263 153 81 146 292 149 201 223
98 241 222 41 147 231 115 75 293 47 153 78 287 17 285 164 176 274 50 246 223 270
205 206 16 29 231 15 125 224 27 111 290 247 219 67 253 127 270 20 48 68 103
42 165 9 129 81 178 205 9 229 159 335 177 140 844 285 151 389 155 43 191 4 93
112 197 207 261 263 44 225 286 144 103 257 12 66 239 241 188 97 108 57 163 26 259 140 244 23
82 82 251 144 68 292 206 113 188 24 71 110 41 88 20 149 60 73 126 266 123
69 224 299 155 299 380 543 22 543 224 380 198 154 140 96 6 157 266 145 575 7 293
166 160 186 191 2 155 105 282 47 138 165 103 100 61 9 58 223 198 173 17 43
157 20 240 25 171 205 14 219 231 173 187 120 102 210 215 233 40 85 272 146 133
56 80 112 254 288 220 113 163 136 201 78 25 283 95 65 22 7 162 289 79 191 40 264
39 248 251 297 228 591 59 199 36 171 243 66 186 66 59 66 59 205 39 233 125 725 380 378 62 781 132 33 183 202 194 257 136 8 208 295 170 150 121 199 154 280 186 233 72 107
90 143 275 22 25 173 168 28 149 45 242 0 195 208 29 204 43 244 97 117 233 294 128 191 269 79 99 113 273 260 121 262 268 206 226 83 142 52 126 45 47 163
162 222 268 265 103 43 185 264 195 21 35 86 171 172 140 63 156 141 151 67 18 275 174
146 153 229 130 176 136 227 204 211 241 109 175 62 29 63 197 21 3 119 19 243 283 90
51 128 197 244 162 106 28 253 217 255 161 29 226 83 182 34 273 202 147 50 33 180 11 164
24 59 20 169 27 113 225 38 249 15 177 160 21 141 119 233 191 254 172 103 174 238
212 234 16 255 198 27 245 76 242 173 294 240 297 22 119 35 153 29 276 126 214 284
945 75 80 246 249 261 230 271 50 273 297 208 262 141 81 43 58 195 259 244 285 16 53 138 180 92
27 236 172 182 27 200 220 120 141 198 70 271 240 178 160 46 266 187 103 166 67 265
210 265 334 289 76 129 79 38 71 257 12 228 237 178 65 144 286 80 182 265 104 120 1
39 236 243 280 447 294 98 169 44 71 226 124 37 69 158 68 0 36 89 269 127 239 58 299 29
33 96 215 224 61 28 32 77 235 79 154 244 247 200 123 122 6 182 137 292 191 90 268 163
11 58 279 295 76 208 196 51 151 21 58 136 214 34 285 271 287 182 273 79 66 161 68
