182 271 282 9 169 218 299 49 288 231 253 0 23 79 73 98 208 134 36 156 138 188 232 296 125 261
142 207 208 264 349 747 219 158 150 150 606 258 246 265 12 258 867 785 583 747 946 232 445 265 232
14 15 64 103 108 114 212 184 120 216 73 221 134 37 297 108 194 181 95 42 94 189 217 67 162 87
15 50 51 159 177 235 890 87 176 52 254 85 202 110 89 222 15 158 292 293 187 101 298 195 267 123 112
4 75 97 175 197 208 214 9 242 286 267 32 295 279 293 23 154 164 66 24 70 98 11 127 46 146 59
118 275 277 51 73 108 92 135 220 137 124 120 273 58 111 48 103 268 94 237 127 156 144
109 201 66 2 178 279 81 228 43 142 120 4 159 242 18 63 239 64 270 96 116 188
11 103 151 155 158 175 249 253 83 191 226 262 152 38 167 63 283 179 93 113 87 297 279 221 288 232 231 14
60 72 123 199 232 179 228 99 14 196 227 255 294 115 181 82 54 218 56 100 279 191 7 223 136
97 191 267 278 220 56 34 218 122 145 15 199 173 71 63 113 266 93 35 255 185 174 242 11
3 805 111 288 147 96 248 116 63 143 123 275 133 158 198 161 87 166 253 4 271 7
19 62 243 29 299 157 29 71 49 149 294 72 251 217 106 53 216 255 255 97 43 179 285
179 188 198 199 86 276 267 27 14 22 238 156 256 116 272 288 297 102 193 265 77 94 35 152
69 48 64 297 136 250 140 195 67 294 26 95 60 113 83 199 221 12 123 262 102
285 298 12 112 111 174 194 118 277 213 97 32 64 121 227 255 28 16 7 216 82 207
54 102 805 231 18 273 131 48 90 20 167 123 55 78 277 222 91 264 229 298 299 38 114
86 269 219 273 160 233 0 2 284 299 122 56 237 77 36 214 149 8 217 11 187 61
132 235 239 204 285 216 209 281 133 42 7 187 90 91 244 13 271 207 202 77 54 225 83
80 284 270 67 55 152 206 154 138 99 105 122 26 9 120 133 292 232 225 281 166 231
71 130 277 294 113 136 187 259 144 108 81 54 204 142 184 80 32 63 50 19 214 205 237 263
37 193 544 805 29 237 223 204 226 193 202 19 152 297 168 217 270 228 194 269 55 73 11 63
34 118 151 86 221 243 175 50 263 88 252 22 56 203 129 259 44 65 256 60 136 37 297
62 121 153 220 267 226 195 257 120 113 200 290 132 20 27 47 102 191 103 285 54 119 0 133 273
22 32 173 180 291 243 79 140 58 108 200 149 104 11 175 138 59 180 68 241 8 225 201 259 166
14 134 211 216 266 255 201 246 32 137 214 184 100 88 12 58 169 16 162 213 175 155 119 37 293
87 57 161 46 246 7 113 159 22 200 96 66 183 274 115 297 136 134 213 254 194
166 267 91 163 170 176 36 173 165 260 121 15 168 287 96 35 128 149 248 111 29
42 264 275 162 17 260 153 10 164 177 188 43 59 264 60 117 136 243 46 97 281 48 232
15 22 95 167 100 290 208 210 235 117 88 247 61 84 6 104 243 161 128 113 107 99 292 79
152 40 174 33 188 86 283 191 113 26 171 194 175 214 260 115 226 172 11 190 96
85 176 227 246 83 264 278 41 97 287 223 246 56 191 126 45 291 88 271 267 165 52 190 231
8 197 229 239 263 133 176 265 14 52 144 73 260 71 112 262 80 31 109 149 139 159 127 136 164
194 295 116 84 87 251 198 40 108 219 289 29 62 188 170 55 189 208 231 202 218
118 201 281 190 246 288 55 58 276 235 216 32 196 183 56 221 199 152 136 208 231 266
26 240 236 93 222 280 187 13 178 89 53 168 203 100 150 250 225 210 56 274 282 296
48 66 116 257 264 274 24 117 74 39 193 67 175 232 89 274 159 59 130 242 61 210 239 4 69 93
90 131 287 253 271 254 210 33 217 292 5 142 65 252 108 143 299 181 216 199 140 278 61
29 47 71 81 135 213 281 295 144 200 6 70 232 258 265 261 127 46 104 252 294 205 146 176 132 202 180 55
187 97 282 226 95 225 50 113 286 4 14 143 61 180 191 202 255 222 171 49 65
102 156 190 214 220 102 93 281 132 295 51 179 109 223 8 202 184 76 91 11 227 71 136
90 278 258 292 24 99 268 231 190 47 208 197 164 187 239 216 4 57 36 261 148 19 65 23 272 55 198 136 235 227 218 226 276 162 49 193 238 172 3 2 189
99 251 96 259 123 219 271 182 6 268 47 222 15 199 94 28 19 144 276 88 236 298
41 217 220 201 269 272 164 249 130 55 61 203 276 50 233 149 90 191 231 13 274 297
79 111 177 228 79 27 1 295 174 263 214 279 134 213 69 144 28 89 97 260 93 74 13 172
34 37 72 150 291 51 78 104 216 236 273 91 54 165 227 149 81 195 86 297 215 116 53 114
69 78 63 284 120 17 20 11 113 296 278 227 43 99 103 224 146 10 212 261 190 197
31 54 74 228 246 237 294 239 296 153 276 112 164 90 171 32 209 75 27 286 159 41 178 179
6 183 292 263 299 73 133 181 52 197 243 44 156 151 89 117 135 204 149 246 148 72 292
22 31 72 108 134 230 294 242 145 56 191 213 269 223 46 1 284 69 121 292 94 296 225 279 51 82
25 107 121 249 255 263 248 169 188 115 71 40 5 43 101 65 258 67 54 202 203 83 198 105 3
16 137 292 108 270 285 165 262 25 154 260 95 22 175 240 116 226 298 58 233 55 178
90 96 294 215 42 176 103 154 69 217 228 1 156 27 83 211 219 51 195 10 203 282 84
75 102 110 129 146 157 165 268 284 119 152 169 151 127 5 147 195 270 109 140 252 171 137 292 272 70 278 271 177
233 236 285 269 129 129 141 608 246 269 141 78 269 141 269 255 228 108 180 255 217 43 53
23 90 166 248 281 146 217 290 225 0 149 156 288 182 205 42 111 129 228 136 255 242 105 116 64 56 13 103 231 208 2 166 97 3 197 148 7 248 249 239 173 130 246 279 152
51 59 141 183 289 97 228 120 139 266 286 122 126 121 45 53 252 298 40 88 150 49 156 21 246
75 137 142 216 254 117 147 11 37 3 267 46 293 9 233 136 207 62 68 227 4 21 89 249 242
35 186 141 215 284 5 219 108 81 246 170 134 126 65 245 243 233 24 196 127 277 8
25 188 162 128 252 2 250 157 97 161 208 269 48 53 139 254 101 170 164 72 285 73
285 169 242 234 159 101 70 149 232 38 79 213 2 138 27 248 16 146 269 165 44
5 61 84 97 218 92 221 65 6 118 10 251 146 273 38 30 133 180 238 144 179 24 59 191 210
113 119 117 24 285 146 250 188 12 196 297 50 147 145 11 179 206 32 263 163 140 26
272 187 148 20 124 205 3 193 280 109 195 132 206 75 137 101 161 36 77 165 0
45 48 131 176 208 282 71 205 76 145 287 266 292 252 2 218 39 28 259 258 38 48 245 188 227 128
22 26 70 97 143 212 230 92 28 294 292 149 57 166 128 180 196 22 102 36 152 286 260 255 141 133 242
110 116 255 184 12 146 246 68 19 170 268 108 49 154 110 127 230 161 114 22 1 32 62
152 177 278 77 94 127 111 196 105 217 296 212 124 231 45 195 54 254 131 280 148 266
123 157 286 279 270 125 134 240 288 143 159 80 79 176 246 222 88 18 247 98 123 282
56 57 122 127 134 131 8 165 127 274 41 232 180 295 278 264 210 100 141 118 281 187 221 72 178
224 349 86 268 190 248 178 206 148 15 30 127 103 84 245 151 26 79 168 43 27 70
1 124 206 198 10 143 4 7 254 293 242 252 155 226 152 13 189 251 279 122 118 253
52 135 163 294 70 151 81 46 25 138 248 234 137 80 20 204 291 63 75 280 181 185 4 228 91 76 118 51 59 248 138 184 288 29 185 34 104 230 235 210 58 84
111 93 2 112 116 99 265 214 261 132 80 65 20 122 198 266 46 205 283 58 95
125 244 279 12 249 199 3 149 203 80 97 105 116 165 40 286 138 117 204 273 61 100 194
10 40 269 118 7 197 188 117 65 44 233 0 61 83 267 205 100 69 252 140 246 149
115 259 102 1 85 69 133 14 45 25 164 8 250 176 151 297 35 7 298 234 109 55
49 59 68 163 805 102 9 189 247 228 269 76 3 57 47 211 184 177 202 204 251 136 280 73 220
151 218 349 222 163 142 196 199 226 44 88 112 191 15 201 237 109 129 124 97 141 187 110
112 265 349 238 208 223 278 288 162 249 149 198 160 164 146 174 181 18 143 89 131 58 60
85 819 171 149 280 98 58 132 68 206 74 243 62 252 136 39 48 194 59 267 167 247
234 260 154 264 94 89 0 164 214 91 131 62 118 33 160 266 46 203 73 280 292 290
85 275 48 195 18 165 168 58 179 99 120 281 252 279 96 50 284 84 256 101 293
67 86 114 244 708 9 35 634 71 9 634 544 634 106 12 634 11 154 60 158 200 506 248 68
73 262 251 11 253 245 58 50 286 295 232 138 224 297 27 128 41 273 123 134 67
130 133 200 54 18 70 208 292 196 115 105 289 12 39 201 227 138 59 148 181 102 125
124 296 91 80 222 36 216 234 43 228 151 162 201 170 98 147 159 20 255 176 229 54
94 97 201 264 216 115 43 100 79 290 34 46 249 117 77 92 76 101 244 138 248 238 88 235
10 87 211 222 270 112 266 277 164 84 222 58 21 179 281 23 187 267 79 109 252 94 170 194 173
23 52 290 131 153 17 257 201 88 271 50 158 214 212 220 202 83 213 24 104 296 175 72
41 131 175 94 73 87 236 290 186 294 129 74 24 104 196 222 273 100 213 173 185 139
3 192 67 269 248 17 278 15 29 142 40 120 106 114 105 289 224 268 160 201 84 279
10 191 47 248 95 293 187 158 172 126 150 142 125 245 66 203 198 249 232 123 162 113
86 225 192 118 143 66 106 155 267 277 264 227 147 210 123 266 28 85 200 162 87 151 163 255 95 162 82 251 53 225 94 23 118 257 122 158 258 169 287 219 58
153 213 232 205 169 293 161 292 179 234 172 270 220 37 155 111 225 137 129 64 192 231 28
74 89 218 204 2 14 147 179 105 110 46 42 101 20 51 259 252 152 24 83 33
68 114 182 188 276 126 230 242 102 175 273 192 114 250 238 155 211 12 68 152 217 97 236 103 215
129 205 261 240 262 31 250 22 244 14 143 261 38 266 64 106 42 216 75 135 245 293 44
276 162 5 205 111 97 157 228 38 90 146 186 232 76 83 105 108 116 139 113 224
122 210 129 177 119 252 67 132 23 155 219 213 144 248 186 62 25 189 292 68 27
17 83 100 211 241 250 349 15 288 178 97 146 75 125 101 156 111 294 245 145 188 158 262 168 119 79 2
29 35 73 299 269 147 296 171 187 125 149 74 17 215 180 240 224 290 136 71 126 198 85
31 141 1 79 12 150 165 128 273 200 2 46 0 53 144 135 272 131 90 169 155 264
32 118 104 120 263 101 122 284 125 71 135 247 85 14 257 127 25 272 238 168 147 17 278 193 118 187 177 149 203 226 256 299 223 8 12 36 9 119 232 20 139 117
1 72 124 183 274 129 81 172 259 298 233 69 170 1 213 286 103 56 112 55 214 162 121 139 8
181 262 264 37 220 182 279 35 180 184 36 33 175 258 8 21 143 185 114 127 275 248 39
105 38 228 207 151 110 206 184 220 83 145 205 94 261 98 46 299 271 171 104 8
0 92 100 134 269 278 1 144 213 103 20 35 195 263 29 78 260 50 36 52 196 186 146 194 157
179 194 231 292 40 88 203 159 65 87 221 266 94 143 249 291 56 100 277 193 21 247
115 214 224 283 121 149 146 262 232 60 64 224 65 19 14 67 264 278 81 197 293 187 32
162 201 258 261 138 115 291 210 141 65 294 39 2 136 287 285 161 236 56 90 140 47 93 246
76 187 30 282 112 123 229 19 200 130 20 198 104 195 13 254 51 162 22 42 125 207
6 82 150 41 162 131 213 245 217 34 142 37 266 151 207 149 222 274 247 124 232 257
113 143 190 205 220 287 181 259 79 211 15 6 138 2 151 208 7 188 11 159 167 194 274 122 161 120
22 42 69 195 205 90 116 291 230 285 222 106 276 192 270 135 281 217 111 2 31
124 222 148 200 295 12 65 28 187 244 105 75 296 249 80 135 92 47 234 71 166 63
26 218 266 163 26 14 259 62 297 56 186 68 294 100 223 230 269 106 246 73 50 60 125
4 9 202 226 228 233 280 16 92 58 284 33 163 204 282 198 106 126 263 141 264 66 234 276 193 20 138
38 27 45 172 112 223 101 54 165 106 130 298 35 135 285 24 47 58 94 208 116
13 154 166 292 197 85 263 145 86 74 251 297 231 292 186 40 283 27 203 131 156 56 226 282
117 128 156 274 183 105 272 162 288 96 129 78 174 287 177 289 155 207 11 126 142 109 173 245 219 156 242 260 272 2 27 21 299 216 81 35 43 130 25 278 133 207 6 247
14 198 257 805 109 112 296 162 129 98 283 203 292 159 10 132 262 123 121 101 268 284 239 47
36 91 131 165 222 56 164 264 269 127 136 109 208 73 289 133 76 94 202 70 156 101 219 38 277
90 192 231 107 173 204 89 283 37 102 93 161 197 1 215 138 253 296 19 24 199
2 87 139 246 123 69 241 224 286 161 80 101 266 59 280 76 14 194 177 149 81 106 190
207 231 260 193 248 252 211 139 71 152 210 98 120 288 188 16 89 103 65 25 192 12 90
236 290 295 183 142 4 10 260 225 299 93 170 137 199 15 19 58 190 211 44 165 253 101
150 265 292 277 182 178 28 245 48 208 262 290 281 167 99 168 147 180 251 146 226 92 219
76 100 113 145 175 261 280 295 7 70 130 223 0 59 149 2 43 126 279 204 157 101 82 107 116 91 255 286
132 208 237 78 75 160 285 21 238 128 130 136 106 156 93 90 229 240 31 257 146 27 143
23 28 31 164 189 145 56 218 156 15 286 283 184 272 139 278 64 220 265 295 130 167 136 294 185
46 134 163 194 234 242 259 277 211 180 69 163 6 176 219 113 181 10 101 17 59 8 159 5 21 231 33 276
121 151 186 217 122 244 217 176 128 35 116 246 170 146 87 242 272 263 42 56 269 193 143 161
274 283 109 247 284 125 105 285 23 90 252 58 249 111 263 35 65 147 1 272 214 220
158 198 142 21 253 226 124 79 156 221 15 45 206 101 54 265 224 240 20 172 29 208
35 282 24 256 102 183 122 177 294 8 247 89 273 263 257 228 33 63 52 210 1 38
109 276 114 172 166 205 104 96 67 212 288 204 144 269 214 181 87 277 297 41 281 89
288 805 81 156 22 176 148 129 230 173 154 3 102 50 228 210 107 45 272 282 283 88
35 134 160 226 258 132 142 181 213 146 153 256 207 109 145 69 273 156 221 41 75 211 236
14 126 96 144 184 6 228 259 167 121 36 245 2 103 250 126 114 88 170 38 276 271
35 101 268 186 94 66 106 117 239 241 206 233 21 129 261 170 291 11 216 63 280 130 138
26 295 239 261 215 31 103 181 25 66 95 142 217 15 129 277 213 143 160 116 27
20 144 210 236 277 290 98 184 98 175 223 223 223 268 255 92 228 255 293 133 158 235 285 106 255 43
195 805 272 200 232 181 41 194 177 221 264 109 10 16 167 257 229 250 166 55 256 255 62 252 106 297 65 79 282 179 263 265 209 59 91 146 278 207 54 110 279 166
188 78 60 95 293 299 269 179 8 187 94 3 284 286 84 189 133 206 294 197 52
45 162 179 241 283 7 294 240 112 12 85 264 232 291 103 158 29 153 154 24 105 198 42 96 206
65 117 260 246 27 86 87 108 276 74 113 285 62 154 24 4 93 290 142 25 45 238 296
72 83 157 227 239 206 257 79 190 215 226 57 191 293 198 224 74 139 62 52 40 153 82
9 45 167 272 179 77 295 145 5 34 162 49 226 61 172 122 250 84 164 217 215 263 188
22 29 234 75 75 56 167 111 92 152 119 611 969 237 132 266 215 485 329 915 47 658 393
198 248 252 67 219 5 191 194 105 14 222 296 163 263 206 239 281 203 50 286 190 59 181
17 186 191 20 159 20 282 282 138 197 482 114 28 54 274 269 38 643 75 248 117 163 988
99 131 219 50 278 299 44 21 267 234 91 151 167 290 240 82 222 143 45 120 54 39 231
100 175 299 25 58 44 234 189 288 245 140 130 296 137 66 110 188 141 262 92 173 178 83
117 110 212 297 196 254 199 113 152 47 276 249 150 23 259 109 138 274 296 198 97
101 50 74 148 12 162 108 296 212 290 166 69 210 68 281 128 171 177 139 259 251
83 102 284 82 91 153 17 86 57 269 5 188 195 1 289 140 254 22 187 243 182 144 163
1 174 270 163 148 59 172 56 183 54 197 61 103 208 86 99 234 273 142 185 221 253 51
180 222 988 152 251 205 229 263 159 16 93 120 295 162 24 34 2 45 68 254 40 197 69
247 219 56 157 152 94 226 199 224 257 63 175 216 113 163 144 180 139 259 177 181
87 164 298 32 91 112 255 6 69 26 43 53 140 190 113 198 203 263 126 143 41 265 1
31 70 179 246 172 189 128 165 241 255 152 173 227 292 177 188 58 3 220 161 184 85 129 215
162 171 281 104 181 0 66 14 297 130 36 54 34 6 135 194 247 13 103 274 216 22
60 16 49 734 412 177 16 16 50 734 16 159 969 658 16 28 329 148 161 215 35
46 129 284 238 136 201 102 160 298 21 7 156 125 270 44 98 167 204 144 74 299 78 191
42 51 179 47 261 216 127 115 147 142 71 168 107 143 18 203 4 53 157 113 150 148 234
40 196 212 75 166 281 261 59 88 223 150 56 216 165 198 135 113 288 60 218 226 136
105 212 254 48 215 221 37 8 276 6 246 208 279 251 247 133 218 110 156 33 171 230
128 132 203 225 283 44 67 112 206 271 3 40 8 156 179 234 99 9 52 119 151 89 18 247 147
20 115 139 208 240 261 34 140 1 295 284 290 207 225 297 80 23 150 116 182 187 124 226 111 160 239
252 259 80 219 169 294 20 279 181 106 56 134 7 81 287 66 159 108 223 22 55 244
72 96 173 210 298 27 26 104 138 173 135 284 74 281 288 198 122 38 2 117 108 72 258 106 164
14 62 104 115 193 155 28 79 122 234 46 281 250 278 143 169 258 91 90 31 288 120 93 27
198 203 226 268 289 140 152 69 145 101 210 19 54 14 148 89 208 261 121 122 154 260 268 40 127
145 185 212 232 244 176 183 284 108 181 153 131 286 275 243 32 239 98 224 148 84 13 173 33 253
189 215 238 272 154 244 38 24 291 216 228 114 266 165 129 151 204 111 158 72 43 252 11 134
170 186 231 283 228 182 84 297 43 193 56 195 92 173 101 209 65 263 77 238 248 298 117 216
177 189 186 153 112 126 102 57 177 215 290 40 41 230 12 48 0 232 64 251 216
223 89 132 70 42 266 200 270 229 278 126 214 191 151 28 99 188 41 68 152 122
165 167 281 125 138 216 202 221 84 226 31 103 180 113 80 8 231 120 13 209 205 134
118 146 171 262 243 9 265 134 8 4 231 97 187 296 223 101 204 180 175 198 32 174 252 150
43 71 161 230 113 196 53 290 258 249 148 142 213 149 0 77 269 23 14 134 158 103 116 133
42 131 164 189 208 34 191 15 91 259 112 192 156 78 16 95 251 239 82 146 217 185 222 49 47
35 80 256 278 290 490 274 13 59 146 279 78 242 42 283 111 240 74 70 168 137 169 86 251 209 21
25 167 174 287 76 20 70 98 295 168 91 55 204 241 145 158 239 256 177 191 227 275 50 196
156 234 274 284 297 707 292 24 66 49 298 293 41 4 295 36 122 53 269 202 141 156 165 45 83 15
170 152 289 198 241 39 269 211 273 259 2 113 151 140 98 46 221 244 223 271 70
32 36 271 309 90 126 121 658 741 126 90 166 401 280 481 705 436 123 346 922 540 81 452
239 248 54 91 246 180 85 132 99 259 166 192 291 148 203 5 47 184 120 285 245 66
20 42 233 248 270 124 115 35 124 35 713 124 35 76 243 221 137 485 47 159 498 6 213 128 233
199 490 707 953 214 624 286 286 290 713 72 72 669 713 35 6 221 47 76 397 233 94 213 485
139 145 249 267 55 212 118 219 82 26 108 252 246 43 69 110 223 161 152 130 102 260 32 255
