119 194 209 33 80 261 707 179 56 209 98 278 1 12 110 62 67 227 281 65 105 183 125 102 202 68 79
28 89 89 77 87 177 263 188 193 251 128 119 170 62 245 261 221 21 299 48 186 7
51 74 127 169 259 156 170 111 38 104 202 253 261 225 64 28 236 87 39 13 12 227 45 280
48 87 158 175 178 190 225 257 232 293 99 88 236 171 141 129 235 17 150 13 100 113 203 48 228 18 155 44
74 244 136 100 48 91 118 176 252 57 228 289 37 131 134 288 81 273 20 39 253 210
67 171 267 222 186 272 41 32 153 177 223 240 110 198 159 92 175 30 131 260 113 169 106
27 257 238 245 254 142 203 6 26 214 263 183 90 76 153 199 243 34 87 2 57 37
198 299 391 62 6 288 30 39 131 156 276 125 96 202 220 295 257 53 277 256 114 26 226 213 292 229 9 294 207 70 66 175 74 173 247 249 107 96 12 168 69 244 273
130 175 188 189 207 230 289 286 226 233 29 7 280 213 16 132 160 152 253 113 99 129 123 62 158 275 211
62 82 157 298 17 69 173 184 71 158 130 119 25 229 299 210 231 214 93 128 50 18 33 10
67 103 190 192 143 34 139 55 46 175 254 148 131 166 173 3 236 221 128 86 15 95 270 9
190 17 35 47 211 112 284 101 103 124 260 237 244 116 272 155 274 16 86 39 118
11 67 74 145 197 78 259 139 233 197 269 135 71 123 199 142 1 158 129 248 23 298 178 253 85
22 76 269 270 180 15 153 144 92 185 35 252 103 239 238 68 99 13 281 120 57 118 207 130
21 193 218 219 258 293 7 192 198 57 248 30 150 75 55 124 112 149 202 129 68 92 13 117 31 136
165 299 74 239 237 164 215 133 15 129 33 200 68 280 269 46 115 283 10 50 176 170
94 185 141 146 226 277 104 172 167 165 39 4 95 168 285 73 5 148 245 173 111 207
55 117 224 650 43 10 178 282 279 153 73 140 202 286 256 125 219 206 168 93 95 289 196 28
18 243 272 45 122 98 46 25 218 192 41 253 4 266 149 27 128 223 73 187 207 125 270 244 296 73 64 255 170 285 166 273 212 209 83 274 157 268 59 241 245 99 145
119 2 199 286 184 16 122 192 112 29 40 123 229 117 93 23 270 225 165 26 34
99 123 231 290 75 255 145 58 138 27 139 8 227 4 70 130 1 213 173 217 18 101 72 29
8 204 272 276 135 133 124 31 293 165 44 53 272 9 130 245 166 288 132 50 41 52 282 43
33 113 161 144 122 202 80 60 43 98 47 260 217 242 130 3 279 213 204 190 9 102
115 128 164 261 294 152 8 177 130 284 51 293 103 245 26 260 119 145 229 294 116 191 111 278 67
137 285 33 25 29 104 20 124 292 244 32 13 83 232 162 116 155 172 10 211 56 72
78 129 185 267 123 257 2 180 284 114 26 43 12 96 249 239 225 22 159 15 21 19 89
56 185 129 290 35 218 181 273 57 73 3 8 226 255 79 260 124 222 20 221 65 78
26 197 675 74 268 254 265 38 158 157 9 34 221 122 267 179 85 51 138 187 193 36 170
169 1 143 267 263 120 79 35 130 289 190 241 238 76 290 70 280 161 20 176 100
146 174 133 17 130 291 185 46 215 19 101 618 10 32 51 0 787 482 204 24 258 36
10 250 201 26 139 226 18 204 10 97 269 101 58 230 148 94 153 218 219 187 222 233
71 105 128 168 199 17 146 262 142 134 12 80 285 82 52 284 175 155 8 180 133 234 195
143 161 181 200 228 6 168 34 239 140 212 1 197 79 100 216 178 223 78 138 158 188 273 233 238
45 48 86 98 201 764 73 208 266 53 97 259 63 175 98 39 222 298 241 115 59 230 279 289 288 15
67 200 203 245 278 650 249 286 163 138 274 295 162 218 243 296 222 35 152 47 30 159 242 150 66 174
1 154 174 277 370 23 221 117 189 17 19 110 40 102 176 229 280 268 198 256 104 193 251 43 47
99 194 240 255 179 91 164 250 128 127 298 31 107 203 279 11 141 235 225 112 44 118 210
7 12 92 137 9 105 139 156 260 176 80 20 108 57 224 107 126 131 35 274 22 19 211 12
148 152 284 68 137 188 264 64 121 228 263 30 96 297 159 161 178 26 19 280 164 35
135 161 391 161 138 151 23 281 220 240 214 273 217 99 51 160 215 265 295 86 293 25 263
44 99 140 148 280 175 284 220 280 179 245 267 123 266 173 246 44 248 263 137 99 295 114 24 167
64 233 295 212 132 37 163 18 30 262 79 42 198 191 49 120 176 15 218 278 252 287 61 203 94 8 8 108 96 94 147 96 157 64 87 90 281 19 687 605 106 589 157
50 155 199 289 58 125 100 89 298 239 256 257 189 117 199 134 251 49 26 21 7 113 246
8 10 197 289 45 20 282 236 30 127 213 240 155 94 39 132 171 34 88 271 61 7 58 202
48 180 198 181 181 116 128 32 128 40 116 50 282 157 106 247 589 605 93 668 90 19 281
135 247 79 291 124 215 93 270 293 147 125 290 241 53 166 280 68 15 156 237 292 160
121 180 182 243 205 71 75 108 237 41 270 31 52 176 195 250 20 39 33 109 82 113 148 295
17 32 45 298 167 40 102 51 2 219 89 101 268 165 171 252 96 293 250 151 286 76 63 33
161 195 234 256 683 224 20 37 28 169 98 88 170 204 68 160 239 142 105 54 104 299 240 153 13
69 73 80 52 116 64 189 295 272 265 236 183 223 275 74 11 144 146 69 135 154 47
234 280 252 129 235 256 15 119 246 250 222 45 56 62 151 245 47 117 5 80 186
149 276 291 683 138 213 114 206 13 28 232 173 165 185 88 260 234 52 104 266 166 267 139 56
51 96 230 258 764 42 251 275 47 272 94 228 40 81 210 136 112 195 10 183 1 170 5 29 36
35 245 256 137 0 171 83 154 621 193 261 142 282 247 90 233 687 106 87 157 605 281 133
19 40 135 244 683 232 45 299 55 202 260 101 164 37 285 26 114 286 213 221 284 100 65 194 294 93 30 100 76 282 117 197 11 237 8 58 176 68 166 261 97 4 280 157 92
9 13 277 280 212 274 154 120 196 188 114 253 129 238 48 87 262 92 296 61 56 14 113 115
124 204 226 67 65 93 279 234 51 52 142 25 182 9 228 159 112 22 138 260 119 45 212
902 35 219 12 78 166 298 284 195 42 131 216 40 18 35 238 208 286 159 48 23 211 207
272 278 22 224 27 222 48 134 44 202 66 133 296 39 47 67 264 186 144 18 130 282
262 92 170 239 41 132 213 211 224 271 208 272 171 109 223 200 285 28 46 85 179
138 224 275 289 299 3 9 115 184 110 253 22 37 17 47 144 140 53 209 166 224 111 176 231 4
36 115 162 170 175 126 276 173 292 207 54 130 51 59 270 152 163 113 20 85 17 205 15 112 108
37 88 10 270 116 260 89 28 52 13 139 168 82 75 68 102 78 223 58 291 84 94
15 24 224 295 298 185 26 111 55 292 232 124 91 130 62 13 299 202 228 122 221 120 266 226
902 9 22 113 143 187 196 228 232 221 1 216 236 219 264 125 60 157 89 151 99 129 20 111 73 94 177
1 198 113 286 272 146 21 54 77 251 222 40 59 73 270 134 225 239 172 119 279 275
7 35 166 199 81 142 23 180 112 74 201 218 144 139 129 267 244 45 92 241 187 67 207 242
99 134 166 219 239 169 171 251 234 44 92 132 223 275 139 124 173 105 185 206 278 27 246 81 120
197 288 108 212 284 45 210 272 96 9 81 37 268 292 104 158 109 227 156 98 117 14
41 120 196 212 203 0 127 9 207 212 174 153 9 0 205 618 51 36 0 258 88 123 248
99 135 288 50 89 283 222 265 165 8 220 177 179 112 219 49 248 194 264 147 135 276 292
4 82 222 5 200 73 293 195 173 98 265 280 175 54 122 214 57 84 46 197 66
41 117 125 243 140 142 152 44 219 232 117 80 139 289 46 88 2 106 226 290 127 258 114 118
42 104 248 285 191 236 240 149 229 55 16 218 29 81 200 204 291 221 233 243 18 296 170 134
295 29 224 15 263 286 240 232 272 20 153 295 268 296 225 75 165 25 244 249 58
30 185 297 265 176 144 207 95 289 60 180 238 110 246 59 117 11 98 266 112 172 13 252
64 231 240 764 74 177 66 47 270 108 169 293 228 256 146 71 179 164 110 116 85 53 75 138
136 203 228 257 272 33 265 245 192 26 96 276 120 95 280 253 157 31 201 82 138 112 252 49
194 205 261 275 118 75 97 213 10 130 79 165 229 122 253 166 8 108 91 72 180 203 168 256
3 155 194 214 252 198 17 41 35 184 263 85 4 197 172 0 199 196 207 274 33 238 5 297 174
48 108 131 195 200 683 232 224 256 262 134 236 120 192 147 135 284 193 45 260 2 166 157 25 63 160
18 36 101 175 184 227 56 24 126 40 254 159 9 48 79 128 252 259 196 166 170 97 52 118 37 98
69 245 19 122 234 46 236 122 24 236 63 46 169 391 618 24 0 88 123 258 266 248
128 156 127 45 248 211 44 28 145 296 25 168 155 140 97 239 16 134 84 210 215
114 196 288 59 98 15 61 225 249 78 118 53 189 272 165 18 100 128 256 89 169 201
79 117 650 683 32 249 21 178 53 110 84 239 273 175 181 276 130 203 297 72 23 115 145 153
162 85 146 130 76 162 174 117 21 219 90 226 210 155 17 46 286 273 61 203 288
57 104 113 187 143 20 131 57 80 156 82 250 206 208 166 162 169 234 56 107 203 17 81 299
55 252 202 70 229 218 139 88 241 206 231 219 189 85 266 74 208 126 93 221 292
142 129 156 26 254 118 147 17 175 149 218 28 120 106 268 66 284 63 226 22 190
47 178 198 199 276 133 204 272 287 89 293 168 156 231 75 270 78 259 146 142 129 113 277 87 199
29 182 224 270 274 299 292 141 29 32 269 138 219 151 125 259 184 19 133 96 232 94 277 116 42 252
72 141 197 202 227 249 16 63 124 151 224 241 190 72 33 200 188 253 143 157 237 45 67 18 61 298
123 172 219 264 79 71 191 66 55 154 35 86 101 43 281 42 33 267 25 286 92 110 231 294
156 234 89 244 41 75 121 130 248 180 74 28 178 83 209 50 33 80 228 4 45 69
62 102 197 164 203 274 263 59 86 290 239 91 130 111 89 256 75 204 143 12 189 56 192
154 107 208 265 272 207 291 199 71 82 144 126 56 27 290 223 139 51 233 255 2
87 267 186 250 167 47 61 186 104 114 61 167 236 106 19 93 90 87 605 142 133 50
284 88 116 198 204 273 283 196 272 175 244 280 64 258 36 176 6 246 232 137 291
27 94 123 150 225 214 239 16 237 255 248 229 156 211 135 27 215 284 102 98 292 160 272 127 183
68 150 75 226 23 171 53 31 283 35 153 133 27 221 158 28 152 39 297 13 157
128 213 95 96 9 56 57 64 153 231 286 163 229 232 205 104 5 162 221 65 8
58 98 194 250 47 78 271 179 9 41 63 138 141 222 165 243 88 186 107 153 55 275
211 265 57 181 82 290 91 147 105 276 227 84 156 232 136 66 171 104 45 21 79 1
9 94 106 120 255 781 78 9 237 237 187 237 246 78 223 187 252 246 10 0 482 88 204 243 51 205
99 165 218 243 212 179 273 4 84 171 253 29 232 0 139 72 51 99 15 70 204 168 110
32 46 71 176 26 290 170 36 231 93 226 54 119 19 120 86 296 30 104 206 89 71 4 266
210 298 100 188 11 43 251 257 200 123 57 249 234 141 21 258 160 293 217 169 26 187
9 21 54 82 111 143 152 168 729 30 31 203 142 12 211 291 246 181 123 280 286 7 117 153 194 184 172 192 244
217 227 235 151 210 101 141 48 174 253 113 232 18 2 240 66 180 103 230 298 35 62 56
32 98 269 131 299 168 120 65 59 29 145 160 241 81 93 289 269 46 2 259 281 209 233 224 33 113 283 267 254 131 288 51 117 218 296 61 174 197 86 118 121 211 166
71 149 171 83 157 179 207 44 217 94 259 129 57 213 173 14 121 153 130 64 189 195 90
902 81 683 7 229 162 38 87 165 214 42 92 207 41 1 245 248 171 209 59 93 254 244
104 155 186 764 238 33 32 268 137 235 114 281 245 80 72 255 21 227 108 163 202 171 67 292
267 14 155 135 135 120 208 155 208 142 93 605 236 668 687 87 157 50 19 64 282
2 22 101 194 198 114 131 221 263 86 63 184 208 54 96 104 74 51 122 225 293 36 201 246
62 179 281 178 263 153 268 240 82 16 180 139 57 110 175 88 31 146 181 28 121 21
181 290 252 107 164 176 92 97 295 288 131 179 124 281 183 20 130 262 58 168 205 257
165 243 683 59 78 188 225 18 46 23 105 182 110 41 235 256 286 7 61 208 141 202 125
124 131 218 292 118 45 171 235 107 28 105 24 187 156 166 96 232 194 7 84 155 265 149 145
16 89 134 187 207 234 74 10 214 291 140 11 93 73 78 117 109 37 94 242 150 220 240 152 293 212
172 224 279 391 194 232 35 138 31 52 224 85 87 225 168 165 74 75 255 125 73 296 60 95
298 1 69 137 125 75 5 276 101 261 201 141 224 175 205 193 55 211 2 291 24
106 280 73 58 43 299 98 277 297 59 115 105 96 236 14 205 15 72 16 129 290
7 204 267 444 73 32 22 182 32 121 121 136 182 247 133 605 50 142 605 90 157 106 233
94 148 270 149 250 245 68 36 5 283 284 160 111 45 42 75 119 40 44 39 48 128 82
63 252 288 650 240 177 206 57 191 168 82 158 226 196 3 20 84 275 43 247 171 235 143 170
51 134 169 289 253 287 135 145 142 280 124 16 109 190 296 183 8 299 214 66 108 243 141 172
143 298 189 67 130 206 274 171 163 73 12 93 272 32 53 6 63 158 41 179 11 48
8 33 164 248 66 88 265 73 38 280 41 246 141 180 49 268 194 259 29 143 62 19 179 242
64 88 177 286 248 4 10 240 140 258 46 183 260 151 24 290 12 68 214 233 263 75 31 156
79 159 238 60 247 108 125 135 180 133 22 153 131 269 4 35 160 295 176 78 170 3 210
13 61 160 241 93 6 61 201 206 148 143 157 210 138 281 140 135 115 202 25 44 99 241 190
10 34 176 274 299 260 47 90 111 66 242 108 206 135 277 268 257 285 197 182 0 163 92 263
214 135 80 179 177 159 173 224 166 267 124 241 79 58 260 186 116 67 195 266 15
15 75 99 111 179 26 112 197 17 205 244 286 10 145 262 241 151 142 249 259 255 157 173 250 141
54 96 185 199 142 150 136 201 73 56 153 215 275 263 149 287 239 195 69 74 247 107 194 151
0 8 103 249 251 226 200 259 286 249 39 252 185 137 78 289 227 119 208 290 125 149 105 109 166
85 156 192 182 245 32 278 6 71 65 135 227 168 199 125 122 176 128 263 17 29 281
106 116 194 210 764 47 83 148 217 175 277 40 82 202 163 88 206 170 91 224 112 5 281 205 218
111 231 157 284 66 258 232 164 281 167 43 213 31 183 225 13 290 162 124 140 110 46
100 158 263 650 200 163 4 176 166 129 116 133 289 37 66 145 120 258 0 296 143 139 72 224
130 134 160 164 279 35 241 236 187 248 15 87 52 290 107 58 179 215 108 177 110 66 226 121 222
86 114 149 276 277 265 200 201 126 159 69 179 285 157 262 158 60 98 63 256 18 101 211 153 174
48 49 192 221 37 83 29 75 154 63 170 233 3 294 0 12 183 190 130 211 272 103 30 24
7 101 182 234 240 244 267 278 186 228 159 213 253 277 296 147 102 244 32 27 26 171 5 144 33 44 6
18 119 131 153 191 243 295 169 173 294 95 240 254 297 184 287 88 136 222 77 68 111 256 31 188 281
124 318 250 34 230 192 87 136 6 290 76 224 200 295 99 93 159 182 179 147 14 247
31 175 212 217 226 169 62 46 153 3 229 284 88 73 119 278 131 214 165 76 132 123 274 294 178
152 114 207 228 255 255 207 228 13 638 186 88 252 253 484 378 70 76 71 460 285
251 124 198 105 162 136 163 29 24 12 294 116 129 86 235 20 71 50 158 57 145
49 173 208 241 84 279 9 55 172 21 149 243 63 284 169 89 297 252 119 139 71 226
179 204 212 244 265 280 18 286 60 6 298 117 82 265 279 224 22 15 229 91 146 255 277 247 266
52 86 100 27 181 117 268 25 176 144 200 192 247 178 22 248 249 145 162 258 36 193 128
78 95 383 197 383 255 207 383 12 70 638 71 285 186 231 241 668 460 606 145 26
11 285 395 52 133 124 292 185 102 198 79 33 95 145 177 135 2 275 173 100 108 27 212
189 195 193 178 89 86 287 271 257 283 115 225 239 132 159 161 7 264 228 95 133 26 62 22 292 199 8 51 250 149 262 115 214 43 35 246 63 95 196 17 198 82
812 22 82 124 134 127 66 214 24 291 169 26 259 226 92 293 197 243 112 31 264 296 209 93 272
118 154 185 273 425 36 275 15 295 82 299 233 73 196 27 111 7 286 125 251 60 86 150 288 139
75 268 256 25 265 276 261 94 279 162 52 145 238 135 285 199 121 105 80 290 42 427 242 196 279 221 279 14 23 224 924 164 74 41 117 100 64 78 255 955 212
155 220 829 124 13 977 829 289 485 605 605 403 133 247 668 90 19 193 233 282 281
876 128 173 178 223 275 53 149 196 44 15 258 90 98 244 50 143 219 103 287 118 270 120 203 178 164
28 100 259 553 149 148 275 162 28 285 124 194 88 53 38 187 193 299 261 266 2 4 151 168
5 34 47 114 258 281 27 155 29 242 278 43 49 205 86 69 120 184 222 179 77 295 282 34 294 231
910 163 177 293 104 103 256 13 146 41 192 239 231 68 179 283 220 204 196 87 211 242 249 28
19 291 121 427 194 427 118 252 246 195 416 255 23 164 924 265 955 74 224 78 31 64
803 139 275 126 136 278 259 99 150 286 240 185 84 221 111 141 169 281 3 142 93 118
243 261 650 764 282 157 201 274 107 153 6 190 259 196 187 240 203 207 237 186 133 124 167 47
92 212 205 114 283 215 57 253 43 141 149 151 32 260 295 48 165 100 209 182 10
17 107 252 94 234 56 148 288 31 280 147 151 182 210 38 114 200 49 240 86 281 298 296
107 185 273 293 431 2 153 174 421 348 120 230 421 49 2 82 157 315 211 186 157 201 926 268 0
61 122 288 431 683 173 44 44 238 542 383 178 140 173 140 173 171 18 383 51 967 7 278 881 542
100 157 195 8 953 69 8 69 246 246 553 74 255 180 265 64 212 100 31 238 78 924 94 446 145 145 145 229 94 94 446 882 808 182 488 250 239 126 184 119 983 149
117 129 218 240 260 284 985 240 184 184 672 240 522 985 751 157 90 233 950 282 236 193 50 133 93 403
854 240 181 216 108 230 267 60 230 60 237 19 574 697 20 21 197 749 77 285 186 876
62 187 249 264 246 81 7 206 200 286 125 161 80 210 89 192 88 297 191 280 154 256 105 138
49 134 632 108 738 672 645 603 435 23 435 889 183 672 31 195 291 142 415 149 303 51
15 29 201 249 259 224 202 162 209 189 111 136 77 21 100 98 68 103 134 191 275 281 230 155
70 74 83 150 211 216 281 286 184 145 103 115 61 129 27 71 208 170 194 37 185 86 38 63 205 296 259 288
7 38 113 166 215 683 172 77 19 182 54 40 98 270 41 107 52 296 42 49 251 246 22 250 28 44
148 150 222 248 29 185 225 17 17 260 17 229 26 113 95 421 285 275 281 98 395 75 5 285 273 82 34 137 826 193 173 193 19 787 220 686 44 570 826 106 383 18 542 27 174 984 89
52 53 126 165 55 33 119 193 235 152 27 8 15 65 134 192 156 167 16 78 144
120 289 135 675 961 29 675 29 675 35 193 142 90 87 668 687 923 236 233 282 605 247
95 115 136 164 255 274 450 707 738 52 533 385 52 264 52 533 711 45 114 32 218 257 8 248 843 18 17 117 248 858 724 724 858 283 117 858 91 705 347 222 268 65 87 749 245 720 228
72 283 151 255 213 285 858 59 255 285 255 224 720 143 87 347 65 214 188 749 705
16 17 66 132 147 204 259 425 688 763 688 449 911 688 603 603 688 296 393 135 5 765 277 818 47 658 193
212 284 629 191 75 59 52 108 24 243 60 68 0 139 122 80 153 298 296 61 270 225 228
83 135 143 203 232 254 268 178 195 177 47 122 279 143 102 205 153 191 64 224 296 60 82 169 51 62
