29 62 63 140 435 744 21 25 90 116 123 143 288 409 187 54 75 216 48 4 266 148 125 258 2 62 181 289 165 200 39 151 25 74
28 62 84 139 282 223 414 230 16 148 418 106 124 707 597 637 707 304 512 793 386 418 304 99 209
56 25 158 18 49 48 226 246 267 57 61 155 186 243 182 189 209 234 105 220 194
20 61 111 268 755 11 148 11 941 45 89 480 148 347 480 250 249 256 705 182 885 685 117 631 245
128 135 0 12 235 299 164 91 73 247 199 108 127 238 284 79 161 227 201 158 193
142 164 188 191 203 115 119 808 252 252 210 115 848 122 584 76 170 379 247 525 108 837 91 68 37
43 198 250 267 978 268 80 17 188 143 168 5 27 94 95 142 95 18 241 12 94 12 480 169
16 101 127 218 292 194 6 71 286 114 104 136 252 80 67 90 219 268 221 22 169 84 33 149 46
7 85 90 152 190 234 114 111 60 107 251 53 217 39 236 38 127 245 270 105 239 130 292 222 146 41
58 175 187 25 234 65 170 82 258 241 47 195 73 248 75 277 98 144 53 107 177 224
114 270 22 22 22 283 283 232 622 36 40 95 95 283 19 30 636 114 166 165 131 31
968 53 107 235 251 294 279 207 271 253 117 259 102 252 180 63 224 123 152 143 49 13 168 251 229 200
58 66 227 93 262 60 71 50 118 35 207 17 173 244 144 288 89 33 105 58 178 29
1 13 117 145 245 257 267 139 276 82 225 252 282 129 96 237 112 39 269 271 86 10 55 176 182 180
144 208 210 216 44 112 29 142 218 202 137 32 160 214 24 120 162 9 94 73 141 17 176
168 242 787 154 246 29 194 100 95 44 282 283 299 24 6 230 135 10 79 111 273 94 112
968 97 140 160 755 209 227 50 208 6 273 16 19 246 98 187 86 297 232 184 198 178 81 192 211
150 276 218 81 199 14 265 142 181 54 3 169 110 229 35 253 264 112 224 1 293 139 127 183 119 172 74 248 38 185 19 176 178 141 247 193 112 143 78 84 269 282
29 43 136 196 230 15 3 233 110 293 265 210 168 277 285 120 51 38 56 46 118 159 20 150
71 100 185 212 252 181 246 61 250 97 23 57 101 233 170 253 27 111 241 275 258
47 145 163 173 250 283 41 262 3 233 227 1 191 66 12 248 197 116 126 46 167 80 112
63 200 42 26 275 265 217 72 187 152 140 246 117 196 137 101 219 200 205 212 23 148
43 80 105 194 222 249 269 260 90 148 181 46 103 185 112 20 215 120 33 294 162 153 292 166 170 270 64
230 265 250 99 169 288 23 235 24 44 11 78 279 57 65 66 85 131 298 86 193 108 149 222 6 99 249 254 168 154 250 109 213 192 98 189 34 69 89 1 251
236 231 83 42 219 209 298 86 28 119 141 59 185 274 235 121 232 257 56 126 91
19 36 49 241 71 20 233 146 141 42 111 145 1 249 212 83 239 297 208 45 129 144 130 40
284 226 229 227 173 49 219 177 184 224 253 45 235 94 18 165 185 255 277 143 50
23 68 113 217 245 265 7 109 107 65 271 43 193 184 170 211 162 164 207 218 217 67 196 12 243 148
57 267 189 106 96 161 192 88 246 71 38 231 204 170 23 11 197 131 173 46 164 229
30 119 131 279 7 131 60 78 223 257 23 118 113 124 162 233 48 190 202 178 30 260 236 31
14 97 339 82 237 282 28 109 113 205 241 22 38 33 26 286 83 79 198 216 210 154 43
164 175 211 236 205 76 15 104 108 292 258 101 43 29 209 156 138 278 141 113 131 271 167 41
94 222 179 75 64 107 253 92 24 87 275 245 181 296 38 81 165 116 103 72 47 280
17 51 93 111 230 232 207 26 63 95 207 175 269 95 95 126 26 119 144 87 41 451 271 247 75 63
177 213 248 178 299 167 122 110 298 294 101 12 176 193 214 225 295 273 190 269 148 143 235
104 158 173 284 82 274 200 134 23 175 56 96 196 102 267 288 130 212 39 273 51 136 189 28 5 135 62 209 231 43 81 136 58 262 222 275 42 154 124 13 69 68 267 185
183 212 242 68 151 126 248 122 140 191 60 41 0 99 187 100 241 55 7 76 295 121 173
104 168 11 102 143 87 61 217 139 37 90 28 172 46 186 119 134 7 109 63 232
10 59 82 116 182 255 215 93 298 14 69 248 214 121 192 152 159 281 277 112 284 105 275 294 218 199
968 117 122 131 165 291 194 118 104 60 56 205 63 292 209 105 4 193 153 293 11 87 177 145 129 81
29 57 145 66 151 267 279 34 160 210 192 36 108 254 83 65 13 86 73 2 266 238 268
83 162 219 339 126 184 257 217 3 35 197 229 74 79 142 195 28 57 194 42 213 136 211 268
108 232 249 222 93 56 96 297 103 241 145 66 22 168 87 202 46 232 178 95 97 85 243
97 157 163 170 260 210 186 9 280 85 175 171 113 143 190 266 211 93 222 176 228 71 188 258 6
5 51 53 82 113 176 755 93 148 83 92 293 299 277 119 136 111 110 140 65 89 256 175 0 100 262 157
172 157 214 254 21 207 247 259 290 262 101 180 98 12 234 115 22 19 168 95 110
28 54 93 137 96 273 244 217 141 92 166 43 185 90 243 211 40 146 33 150 148 265 206 292
46 231 28 20 297 5 211 52 214 220 267 70 135 78 265 11 279 89 296 17 203
99 110 158 251 235 21 31 183 196 115 3 287 253 61 237 142 97 227 27 151 226 286 219
236 239 54 299 84 54 58 23 150 28 299 94 436 86 12 241 95 223 84 169 27 94
93 158 339 110 288 212 156 270 223 21 271 273 188 8 295 245 124 97 53 152 241 125 92
210 213 224 285 26 72 288 199 15 269 21 68 89 86 103 104 297 167 202 255 2 284 227
7 104 263 294 246 176 217 293 79 81 71 128 273 94 112 80 241 98 101 259 56 140 297 178
53 57 202 233 84 258 129 143 30 45 252 36 76 123 111 293 168 180 157 264 40 75 50 64
54 199 218 246 17 11 29 274 40 195 62 5 264 285 152 122 141 194 206 148 12 247 51
12 51 57 80 92 282 187 240 53 141 18 226 202 262 230 125 91 78 279 183 266 260 190 256 174 100
20 149 232 111 183 122 111 144 289 122 946 63 49 882 189 199 187 260 6 95 105 24 170
1 68 128 129 131 152 197 279 11 160 15 97 25 62 298 154 113 119 109 137 268 39 265 66 283 36 19 108
69 47 181 16 271 209 60 212 27 141 134 219 233 191 176 77 123 4 69 287 121
17 82 136 154 181 213 288 176 292 93 287 36 252 143 162 291 275 127 185 156 158 43 110 157 80 131 13
227 162 120 225 124 36 181 150 158 34 155 143 161 275 159 91 87 140 113 187 207
148 183 278 109 80 63 190 43 61 283 191 101 204 91 182 298 112 62 214 186 138 13 227
6 69 91 296 112 214 173 94 197 42 58 166 223 128 19 201 49 135 169 86 140 183 286 176 260 106 182 33 167 7 136 189 273 290 178 227 25 130 187 194 109 179 111
20 59 91 98 236 261 221 173 234 88 120 149 17 256 101 146 83 261 219 274 255 175 39 1 45 182
185 202 134 137 155 125 140 292 256 269 228 29 111 165 79 131 247 44 153 179 293
56 144 238 172 108 139 50 132 177 26 58 112 22 76 259 253 48 233 54 175 43 123 228
134 191 202 130 148 142 6 219 83 179 113 38 237 274 175 65 213 299 193 103 68 226
7 196 197 220 243 260 262 755 66 51 78 224 93 264 202 64 189 3 180 285 70 235 269 158 156 26 193 92
27 168 242 284 260 108 124 224 209 257 2 249 65 217 174 230 193 261 93 169 88 1 179 266
241 298 214 13 212 90 223 274 29 63 280 103 67 191 123 186 188 142 149 73 141 106
55 123 126 131 160 122 277 254 189 283 146 267 274 114 242 258 228 130 168 204 4 38
190 212 217 279 160 294 37 154 208 243 124 35 64 231 213 121 46 112 91 247 17 40 296 2
12 64 92 260 261 136 178 238 146 114 262 38 105 217 69 44 210 93 213 126 216 215 290 30 59
126 339 26 46 136 275 13 114 224 158 167 284 3 122 96 110 34 260 11 103 268 94
6 20 102 171 184 198 280 81 99 199 70 106 230 100 143 232 249 26 209 138 19 147 278 116 187 206 253
71 181 256 200 0 53 207 235 166 229 287 22 126 298 179 97 206 277 113 48 112 193 5
114 201 277 278 53 87 143 230 188 19 183 234 217 252 298 249 75 147 264 248 32 166 158
132 252 210 282 27 135 108 183 97 270 218 239 54 106 17 168 68 268 201 50 169 182
968 125 176 232 10 246 278 129 111 230 206 285 163 11 192 153 89 23 273 184 9 274 100 245
27 28 112 119 183 79 161 129 259 163 235 78 234 271 50 254 131 96 45 256 228 36 141 201 55
11 37 130 41 295 238 55 190 193 242 105 123 259 89 239 244 289 156 86 288 64
70 214 254 280 70 127 31 193 75 269 238 0 102 245 156 195 242 201 10 205 166 220 15
129 105 281 32 22 41 163 281 20 214 163 22 281 145 142 94 84 95 255 121 12
18 121 229 230 279 227 41 284 253 296 292 38 16 13 269 2 34 166 258 293 54 160 55 156
150 157 158 174 265 130 177 148 277 8 123 129 291 292 117 268 281 237 50 12 58 191 48 234 120 206 182 235 176 290 240 143 152 130 29 281 221 36 252 107 178 174 61 234 73 272 69 50 17 14 16 94 45 229 186 103 198 7 245 88 199 9 80 64 172 228 277 186 263 184 278 87 255 253 170 206 12 103 267 220 168 211 230 226
133 176 177 263 8 142 242 145 59 84 78 198 116 44 277 80 14 85 53 98 91 205 79
133 793 79 193 261 149 188 96 49 245 53 157 17 32 185 161 121 292 40 76 67 16
37 73 115 207 264 289 4 230 74 128 42 2 58 242 231 247 286 154 95 96 140 155 246 20 152 59
87 167 169 249 67 291 140 13 21 145 264 104 136 30 153 216 45 91 79 204 20 272
244 279 293 277 26 218 164 277 266 277 218 207 84 241 255 259 27 95 169 94 142 297
13 238 277 237 238 30 246 92 255 17 275 249 289 207 179 169 164 91 77 295 48 44 190
50 66 70 76 207 339 107 104 34 46 293 298 65 181 185 17 50 238 105 211 282 58 147 64 31 72
42 129 26 192 258 81 159 291 208 191 76 123 178 155 139 39 41 166 138 281 50 42
13 111 243 275 793 127 243 216 140 277 135 202 251 139 292 278 27 185 158 230 210 141 103 121 35
73 94 275 751 22 122 92 46 181 129 112 170 65 273 45 214 294 184 260 17 107 194 267 42
95 130 273 138 105 139 285 88 82 14 234 198 97 52 116 220 35 283 126 8 185 173 76
5 57 78 257 189 120 12 211 285 256 28 137 22 144 202 127 101 9 0 52 27 16 174 125
33 230 101 256 277 271 296 297 73 238 297 891 206 142 100 94 259 255 145 121 169 27
9 77 82 113 131 153 236 891 68 133 141 95 196 118 177 242 236 167 146 153 150 152 189 168 275 109 76 58
5 81 112 160 295 18 269 244 104 178 244 269 157 247 730 101 711 74 200 93 595 102 23 124
148 289 245 92 199 206 88 292 217 148 94 103 234 191 112 235 177 208 173 287 40 255
192 215 17 296 59 269 289 175 244 117 23 106 180 184 48 258 181 67 227 280 145 226
74 279 154 163 153 79 197 59 99 260 47 198 144 174 255 172 135 257 131 7 209 115
44 273 287 103 255 113 94 286 23 123 196 275 282 233 206 132 88 92 129 218 25 35 228
8 231 296 281 241 250 71 104 21 40 59 260 7 293 252 187 211 116 268 206 51 36 171
7 156 182 298 299 77 103 195 19 212 128 230 279 47 293 53 46 167 274 256 222 11 24 237
26 108 149 102 47 297 201 286 86 42 296 11 250 242 60 174 143 72 64 78 208
24 25 79 142 258 70 269 298 93 199 62 76 159 24 121 222 54 249 81 223 14 156 262 40 61
133 237 275 128 207 123 177 41 263 19 44 160 109 68 15 234 28 170 103 221 24 151 99
19 117 198 287 161 130 200 176 218 176 104 187 218 161 218 287 193 166 162 13 256 63 114 75
33 124 290 25 119 201 95 83 249 264 18 107 122 69 216 89 30 99 187 64 35 27 118
98 110 226 146 154 132 258 271 265 4 36 129 183 167 18 174 294 241 61 246 203 53
169 36 850 850 850 260 144 137 121 315 144 78 243 199 227 952 992 899 105 205 260
5 89 172 244 258 283 230 262 274 43 83 263 61 6 137 210 130 40 57 97 129 156 198 85 169 58
58 145 144 273 137 121 78 144 82 95 260 952 227 199 243 72 170 899 252 6 152 205
92 280 115 263 208 47 251 271 258 182 83 108 204 241 294 214 256 190 87 172 210 109
50 144 190 227 264 295 249 281 122 111 273 277 148 116 244 259 69 193 207 272 131 261 52 93 139 107
9 69 173 207 240 221 192 285 61 158 213 112 99 246 258 55 235 288 51 284 239 197 206 154 257
64 891 152 219 137 4 193 203 235 56 116 213 206 177 261 181 150 271 207 76 10 222
181 174 11 275 192 224 222 90 22 269 281 194 291 263 214 19 176 279 124 262 210
172 196 207 755 33 9 120 244 85 96 155 229 173 93 264 46 196 102 34 214 8 36 259 89
3 38 44 79 84 120 100 138 240 200 16 111 240 265 101 12 157 23 200 247 174 926 730 124 595 755
49 205 234 46 75 191 297 199 246 104 225 23 293 221 183 261 45 83 62 101 106 267 223
55 157 184 284 409 409 744 14 23 14 116 12 170 105 260 243 199 24 227 205 992 72 6 899
91 251 294 159 125 17 9 26 284 93 241 206 292 47 185 110 288 264 291 244 142
24 31 124 241 281 33 9 257 7 260 224 242 132 266 158 80 111 49 119 209 135 195 4 169
155 243 273 273 60 239 17 282 99 195 239 22 164 17 246 633 291 446 235 93 101 25
106 186 220 258 129 18 244 170 85 18 156 84 228 15 255 142 297 121 241 94 95 169 145 12 26 159 238 281 144 168 167 133 171 298 274 260 124 123 292 155 120 40 201 242 194 155 179 147 77 226 138 147 155 151 227 882 199 243 992 6 952 24 929 95
96 101 160 174 39 110 46 110 39 198 90 46 99 446 152 545 247 291 222 246 93 101 149 25
175 203 212 224 793 61 29 291 174 62 176 118 135 65 256 130 47 81 100 50 99 166 0 167 86
32 107 114 241 95 115 172 170 126 184 193 154 204 133 236 179 230 36 213 102 63 268 75 58
27 58 100 262 117 137 78 214 269 291 283 166 149 131 190 235 178 125 101 248 110 256 199 175
14 56 129 225 297 269 130 79 283 59 297 112 116 159 257 24 255 70 241 77 244 280 292 263 284
6 50 136 182 249 65 10 88 107 123 196 206 177 122 220 25 80 133 167 195 97 221 145 19 13
67 78 129 161 241 139 22 18 202 261 181 129 51 126 264 288 173 227 56 52 164 205 269
162 256 793 138 184 127 148 233 156 111 114 63 173 297 83 204 157 13 238 74 146 36 29
4 199 12 58 58 245 268 245 12 12 156 156 224 12 708 180 299 414 193 246 195 240
136 170 185 241 286 238 32 109 59 148 26 63 195 226 183 0 18 225 36 287 19 159 4 9 276
61 98 153 191 273 170 106 173 42 297 122 290 87 55 178 88 244 208 120 86 190 31 265 229 294
173 71 130 39 156 275 170 172 33 26 276 12 14 111 34 294 201 270 22 112 104
14 75 84 175 123 18 18 180 18 25 50 175 67 726 20 54 30 270 41 92 252 163 62
968 244 4 414 414 414 4 276 446 208 216 793 124 52 207 120 51 267 414 146 891 15
59 120 241 258 618 106 808 507 218 826 115 292 808 455 253 618 103 879 80 240 109 197 100 236
968 154 223 85 38 255 289 117 213 250 196 103 188 23 162 105 299 36 208 192 158 48 71
291 137 242 242 154 16 224 224 154 68 196 165 280 176 36 177 165 552 67 54 113
22 112 190 281 288 58 89 106 58 132 197 196 89 175 71 171 110 112 220 27 271 74 297 192
755 14 64 80 160 33 38 92 52 179 178 106 133 215 244 236 297 234 49 103 191
259 265 292 339 245 227 141 97 230 174 284 4 161 243 163 255 200 186 231 285 287 73 97 200
73 176 618 152 199 107 70 17 32 196 162 27 239 7 266 86 5 212 164 269 141 155 95
618 140 223 283 26 67 249 6 28 182 158 117 142 258 212 154 131 266 115 247 16
44 129 133 186 228 339 279 87 13 214 9 218 101 290 189 270 64 50 263 249 238 8 212 125 53 222
35 146 209 219 618 28 169 133 539 539 45 99 133 99 58 130 305 814 22 446 215 156 698 682 85
18 37 80 224 149 68 257 114 45 155 11 150 238 154 190 296 25 115 92 185 267 211 206 272
12 247 22 231 281 294 142 298 121 290 102 98 19 224 170 162 225 168 42 27 146 232
9 39 46 69 217 281 182 151 20 238 30 26 293 118 256 45 163 247 49 193 58 13 278 154 23 188
134 153 286 636 2 54 50 267 189 118 168 205 291 277 211 222 158 52 127 152 201 21 252 244
140 211 240 236 187 86 94 85 229 188 165 58 16 72 296 136 65 254 174 168 223 18 152
190 793 94 164 164 2 237 2 141 141 164 182 470 797 442 81 246 808 250 166 27 13
117 175 219 245 126 105 145 22 17 37 11 56 15 117 224 162 124 221 284 160 131 299 60
145 234 238 786 793 15 256 38 218 130 179 153 273 56 2 131 176 247 73 124 297 174 299 193 114
108 169 234 242 284 297 636 193 10 103 104 94 171 186 209 259 198 202 176 112 189 38 54 286 92 125 293
15 16 37 114 128 167 101 67 113 207 99 37 181 222 236 105 269 46 186 81 76 173 187 58 104 167
125 141 173 176 54 66 269 292 292 146 270 54 166 146 270 259 228 255 297 121 891 100 241 84
22 136 144 170 193 153 173 65 147 264 262 237 219 205 66 20 48 61 161 225 231 241 112 178 242
112 182 187 217 262 279 279 112 189 238 278 297 189 37 4 287 231 200 200 186 73 285 97 165 289
189 192 204 206 214 244 282 286 644 144 287 286 644 189 332 246 99 109 545 222 152 428 55 25 235 419 633
76 227 4 108 175 169 65 61 48 186 75 126 26 241 40 243 118 134 56 84 191 153
118 299 168 197 267 122 85 83 277 183 208 149 223 103 256 222 116 219 181 264 5 151
200 63 232 116 84 140 237 153 99 41 107 34 119 126 75 174 191 152 21 143 76
111 156 238 265 103 6 106 106 65 891 198 142 94 169 891 86 12 95 27 259 297 100 255
339 29 83 13 287 3 53 200 97 106 271 50 111 160 70 293 195 86 103 168 126
44 86 89 123 109 13 207 19 127 224 53 151 34 138 275 16 0 6 40 58 181 243 251 73
66 81 122 125 177 285 71 172 80 293 139 196 212 153 289 219 261 128 159 38 74 286 299 180 280 142
152 214 248 293 298 134 17 119 93 280 98 166 75 231 180 177 60 43 121 70 74 125 14 259 18
196 230 185 245 125 223 113 50 66 167 119 233 76 94 205 131 18 299 259 196 146 64
6 26 53 124 34 34 34 215 485 298 161 90 72 72 119 7 10 168 106 694 21 185 48 404
107 115 793 209 97 41 42 105 263 53 257 284 179 81 134 135 223 144 109 121 85 151 233
12 89 363 290 270 695 30 695 350 163 643 663 28 54 284 225 988 728 117 75 204 269
22 88 188 103 808 891 899 129 179 179 179 129 179 103 27 15 12 241 142 86 94 228 95
116 891 917 187 64 917 917 187 312 115 54 159 917 149 333 172 859 191 6 234 254 892
193 89 298 266 558 476 87 176 798 476 89 798 266 184 96 24 169 77 51 66 255
1 22 107 146 229 263 339 109 46 297 50 14 269 91 83 120 249 180 21 85 130 221 175 65 4 187 68
46 214 242 957 44 922 44 44 44 248 52 200 297 23 200 755 54 74 12 124 595 247 926
49 220 137 111 177 99 237 64 101 2 144 159 152 165 13 240 211 160 58 197 133 37
29 57 142 180 243 277 870 579 891 922 76 922 891 73 297 125 20 109 152 825 127 77 264 165 961 272
71 127 859 178 246 198 145 148 53 267 44 268 248 231 80 58 152 193 292 172 244 185 195
61 98 174 203 235 272 793 217 180 262 108 159 149 54 142 178 158 235 2 206 197 205 220 242 24 147 22
111 136 170 125 86 289 296 35 15 245 113 133 291 299 80 83 95 244 218 153 264 189 4
129 73 122 206 226 17 237 75 210 103 95 138 294 16 39 77 228 163 157 287 137
