1 2 69 99 109 397 741 789 84 831 24 155 171 197 205 296 852 556 654 823 919 859 43 619 508 523 330 400 813 193 415 676 465 563 164 741 206 82 296 114 156 239 54 216 41 46 228 292 191 24 153 162 205 270 229 43
828 189 220 226 709 47 379 297 499 7 375 58 816 594 721 50 1 888 218 980 510 36 936 812 262 328
57 128 145 168 329 319 216 319 244 282 948 319 104 947 776 805 329 216 317 776 900 104 28 265 226 158 109 194 75 31 210 288 101 258 92 10 285 9 199 193 61 216 26 67
18 44 60 198 216 218 79 97 170 84 129 146 185 60 130 185 69 138 99 141 195 147 656 645 645 109 1 376 91 65 291 136 78 297 260 258 177 29 162 270 50 97 110 163 191 71 215 137 108
356 19 191 217 242 278 169 65 79 198 133 45 248 119 106 97 227 19 120 182 36 294 51 39 48
356 837 87 185 8 289 116 28 191 147 174 82 188 127 139 36 195 135 12 153 225 296 248 224
376 6 77 104 113 273 194 62 104 50 290 253 1 54 159 236 94 167 125 295 8 100 185 144
46 74 103 134 166 87 266 278 144 177 284 26 98 164 204 26 196 20 252 99 180 29 650 65 97 295 40 157 253 291 63 1 82 211 32 108 288 172 216 262 104 58 62 188 247 202 182
203 79 258 162 197 152 34 129 281 53 112 251 208 126 89 106 284 132 140 243 66
140 193 265 136 165 172 199 289 105 150 257 217 142 93 147 242 80 175 21 41 62 161 137
89 130 202 267 208 26 194 97 293 255 284 73 45 55 108 14 123 124 204 87 80 289 258 3
828 1 95 98 276 166 72 299 46 204 255 26 244 224 10 103 154 238 217 31 37 159 99 245 233
36 57 74 121 295 125 135 23 235 288 121 149 147 273 9 234 14 152 71 170 22 90 21 200 79
118 122 123 180 219 150 23 39 283 252 215 136 100 9 154 235 266 204 18 77 87 129 255 32 193
52 96 169 196 200 262 190 176 252 135 160 70 179 132 26 95 247 203 133 149 21 40 18 30 127 35
17 18 91 141 175 69 201 234 24 176 205 125 33 243 249 37 197 44 268 56 164 50 57 80 199
23 43 75 129 192 203 125 159 36 39 201 68 16 77 201 266 201 66 27 290 575 694 169 150 231 6 65 259 83 88 109 49 64 87 262 263 150 168 159 53 289 72 260 14 160 223 206 248
805 46 268 183 49 214 9 124 128 272 92 105 50 138 263 130 294 269 19 61 195 249 10
397 68 294 55 207 13 178 181 283 36 95 48 167 154 63 134 256 91 182 173 188 69 1
28 105 216 228 75 17 268 164 0 44 281 96 85 246 231 223 97 150 180 125 107 104 291 214
828 19 51 229 261 828 6 102 227 283 64 283 2 251 64 61 105 251 104 236 289 66 575 164 70 92 6 169 62 226 120 77 186 296 228 254 240 187 165 171 104 13 136 249 143 58 27 204 41
102 27 148 10 37 87 188 165 49 180 267 299 40 31 64 172 72 152 14 79 166
21 38 268 288 202 28 139 226 84 242 21 125 34 71 135 10 101 228 236 261 222 238 275 257
29 142 199 280 131 15 110 243 97 154 269 180 172 183 201 3 4 195 103 244 153 78 80 41
176 212 258 213 102 74 220 128 200 244 142 253 115 36 169 37 150 87 182 32 185
72 126 132 282 286 68 1 31 225 1 127 68 68 66 197 229 269 299 15 136 21 6 767 963 962 239 232 245 10 43 91 206 207 51 95 178 179 136 132 205 183 161 257 108 120
151 213 284 217 226 270 279 106 203 102 171 140 190 296 282 16 165 207 202 112 23 55 212
16 96 180 233 90 120 151 236 209 245 36 245 65 209 133 19 36 86 238 102 31 297 50 630 117 502 29 1 94 213 264 163 88 136 188 141 275 236 121 28 218 118 197 283 36 222 9 208
31 88 267 134 19 140 60 91 57 262 81 3 69 184 224 65 97 143 286 111 99 117 82
5 22 137 196 77 243 221 28 249 82 129 36 200 174 100 187 282 270 180 245 18 281 65
28 185 127 149 105 106 169 145 256 6 283 156 107 151 108 193 130 206 171 71 225 40
256 273 81 249 130 11 8 198 178 136 39 76 185 61 109 268 207 84 28 247 294 64
6 54 53 66 194 122 220 129 294 220 214 203 203 214 421 281 63 923 197 749 137 146 31 787 115 122 70 38 165 64 292 141 19 8 278 39 225 15 85 117 250 211 135 256 280
60 187 196 228 61 174 153 186 216 101 17 262 63 156 242 110 292 246 261 66 263 230 58
932 36 45 56 104 140 204 126 26 233 165 19 177 92 24 222 194 110 231 16 244 232 290 100 88 75 187
23 218 287 223 175 272 197 81 63 195 297 232 181 255 157 13 228 283 160 296 238 115
141 212 230 149 142 256 87 29 180 193 244 255 52 228 107 259 290 83 104 266 202 25
86 289 162 123 38 10 25 239 154 198 297 194 278 22 275 117 135 40 146 74 13
39 100 164 209 239 254 167 239 41 105 28 24 265 271 148 206 244 267 169 236 172 161 283 14 21
53 171 293 138 86 230 32 27 208 222 112 42 93 200 14 270 6 12 89 149 194 237 15
181 265 14 163 144 56 95 218 285 34 209 66 106 134 93 53 17 158 281 109 171 238
299 78 167 241 270 266 145 259 9 190 9 281 421 181 137 344 63 7 923 223 115 749 380 77 74 227 189 0 71 187 92 231 175 1 28 288 86 276 22 89 266 44 224 293
19 244 206 153 264 51 235 140 24 257 197 189 64 271 220 294 237 227 70 276 103 117
21 27 144 201 204 19 275 261 53 189 46 183 169 30 217 145 100 188 2 77 221 27 157 186 13
13 78 86 155 50 63 107 264 28 60 282 90 37 133 239 249 84 197 104 141 137 173 214 136 159 191 57 18 40 297 131 103 267 278 87 39 148 113 77 137 19 34 271 21
18 44 87 193 259 246 94 71 286 92 228 141 156 80 36 249 271 201 238 229 221 138 280 287 110
33 104 144 276 222 291 211 88 77 162 62 8 238 263 24 26 127 216 252 75 103 60 227 134
16 38 230 262 77 154 103 170 46 263 97 139 74 272 127 58 2 172 184 94 30 26 124 78
18 34 91 200 200 245 39 102 56 238 281 220 4 88 58 170 60 148 0 74 272 263 107 67
44 110 147 205 144 192 278 252 87 202 24 117 40 183 17 126 152 179 48 217 190 61 165 15
35 24 156 167 187 144 31 185 297 135 126 84 186 127 137 69 79 220 13 281 204
57 181 249 257 299 127 279 239 102 52 147 14 286 63 172 94 274 110 211 231 67 180 18 237 116 9 70 108 195 147 261 62 224 285 26 184 246 282 212 113 18 145 235 171
397 77 185 216 32 86 297 200 53 236 209 230 159 139 276 246 203 176 8 112 142 69 143 29
154 257 263 232 127 38 21 166 5 7 206 19 113 71 188 59 297 116 178 124 140 288
9 181 247 222 128 47 10 229 19 85 238 274 147 99 14 201 241 237 240 0 100 4 290 256 197 62 31 64 274 131 275 18 193 238 100 153 176 86 211 189 231 130 177
378 713 118 248 94 149 22 278 75 169 180 257 157 280 134 145 29 56 268 255 24 164 294 26
4 33 45 47 151 222 245 154 172 1 166 3 22 130 96 77 108 168 80 184 140 16 128 47 273 8 78
10 236 15 230 31 99 24 5 156 257 72 282 280 203 243 202 247 223 105 102 61
134 150 178 236 257 161 268 275 836 238 184 46 836 50 117 787 238 344 63 137 115 223 749 7 281 292 240 184 168 185 137 82 182 282 204 167 136 107 246 297 274 77 33 140 231
21 56 74 91 9 291 121 194 252 245 218 212 244 180 203 89 122 73 246 94 204 0 214 139
21 397 15 178 175 650 9 898 175 298 69 650 298 75 220 236 191 238 2 199 91 575 46 7 207 66 101 6 19 16 248 268 236 57 229 44 210 267 208 12 144 227 14 79
87 243 252 84 236 265 51 212 127 51 51 74 161 291 212 34 180 255 142 203 227 46 261 62 415 57
406 279 125 110 138 88 112 138 125 43 671 88 112 184 962 63 120 117 663 287 12 239
72 211 75 75 189 75 224 61 296 224 29 767 16 136 28 15 255 269 963 962 259 271 204 290 107 254 77 218 213 39 18 52 147 61 277 30 48 285 256 219 239 224 128 284 201 222 193 244 167 221 289 295 20 242 299 11 108 36 252 154 43 214
34 59 253 291 168 129 114 290 157 134 155 27 61 234 280 269 7 1 138 266 253 142 82
81 139 222 239 263 208 19 4 264 94 294 47 273 42 70 256 20 49 99 95 240 78 14 97 161
50 140 200 190 153 2 97 154 38 265 239 6 108 98 192 283 262 275 242 16 240 201 110
33 64 167 219 10 52 155 159 279 250 136 152 85 141 14 257 230 4 222 87 260
16 25 114 171 260 215 213 93 197 73 272 52 72 2 277 165 161 185 82 178 116 241 23 200 43
268 121 80 178 85 116 284 93 200 190 150 86 127 44 273 238 291 109 36 261 55
62 83 98 183 290 270 12 89 37 201 24 237 277 283 112 57 84 199 138 209 202 45 161 62
116 119 66 31 105 271 58 254 57 127 1 205 110 231 276 22 262 211 292 42 249 184
38 144 166 172 216 223 299 71 117 83 95 235 224 148 69 296 172 183 46 21 127 60 227 238 250
243 8 45 111 211 242 209 257 255 255 257 249 204 138 663 235 212 63 236 20 239 287 117 744 281 848 294 161 142 24 227 260 152 110 96 275 261 98 57 144 267 210 143 156 299 250
113 118 159 177 225 119 165 212 127 143 47 3 260 98 252 263 209 251 66 21 82 214 122
1 17 259 168 163 273 75 265 135 249 197 261 180 148 41 259 137 202 89 73 97 28 174
35 123 141 183 197 27 131 255 145 125 258 70 159 179 150 208 195 153 286 246 289 174 213 267 194
16 49 205 275 163 261 117 206 20 35 68 137 94 42 243 27 111 34 220 44 31 196 73
37 76 173 61 93 94 120 159 250 262 630 263 101 24 630 202 202 202 242 24 576 259 289 290 694 70 69 728 150 184 167 132 189 86 85 33 283 225 153 52 88 47 191 113 107 242 297 82 148 129
20 33 77 159 201 223 191 215 238 63 44 54 67 263 298 254 149 107 230 297 189 271 147 225 76 292
100 290 246 49 204 283 211 254 123 87 177 36 150 34 59 196 272 120 113 114 182 52
138 223 245 271 3 256 146 88 247 99 144 19 230 174 85 163 202 200 79 145 75 210
17 87 108 268 4 51 281 44 117 63 196 7 129 65 40 97 156 269 235 0 90 247 271 227
105 111 147 198 120 235 296 276 213 158 223 206 119 116 124 290 297 0 115 59 33 48 177 51
406 114 217 91 242 7 36 33 279 211 297 156 113 262 122 55 53 171 110 35 274 172
932 31 48 115 6 208 76 47 262 203 85 50 197 146 30 111 172 138 169 90 101 144 54 25
11 32 68 125 137 148 95 159 241 228 82 280 36 210 146 180 9 55 209 212 2 291 151 229 187 105
18 82 118 174 200 212 94 94 94 587 45 469 45 320 81 245 107 147 155 980 893 100 529 364 192 159 181 28 112 286 12 119 296 176 34 189 277 217 5 186 11 258 133 225 2 185
257 277 285 211 258 70 83 23 184 56 108 167 172 74 99 141 80 250 84 182 237 114 1
68 107 253 211 115 49 294 96 77 100 143 106 286 257 255 35 289 75 44 168 122 202 126
83 170 184 251 271 290 7 115 100 239 38 128 24 134 145 95 27 237 49 177 209 110 249 235 266 37
82 0 101 169 250 135 590 226 55 121 55 183 238 158 183 121 238 193 86 299 15 263 74 44 206 91 30 286 277 288 96 28 92 148 49 290 220 136 50 27 248 217 98 195 169
10 83 133 181 278 133 141 50 54 178 290 270 117 254 271 263 143 163 101 79 80 145 276 106 208
21 212 234 218 124 97 57 170 177 259 31 154 33 169 134 299 223 295 137 250 245
224 239 287 85 43 143 93 129 251 67 18 210 151 47 261 252 144 171 159 114 21 183 180
65 73 148 204 205 263 201 183 111 69 283 216 262 260 107 296 84 144 82 22 180 17 176 273 281
51 156 287 277 33 193 245 172 184 217 69 55 293 170 116 177 156 48 204 218 198 77
81 104 109 210 23 180 245 2 68 65 209 83 254 10 1 265 202 150 36 160 220 3 201 296 43 107 51 239 21 8 79 74 38 200 147 234 154 16 85 274 134 30 82 204
17 277 209 272 2 68 172 84 129 274 43 294 263 193 122 148 155 131 5 268 56 94
16 122 264 134 172 274 48 575 45 81 45 240 81 48 290 120 260 124 694 27 69 289 164 231 82 575 264 213 86 292 69 218 278 126 57 279 153 58 189 258 18 297 226 93 203 273
44 138 103 243 117 44 260 232 121 29 65 48 240 64 272 83 231 109 11 107 40 209
15 297 229 95 143 567 249 274 95 138 143 276 22 108 129 219 266 190 53 71 193 175 45 281 235 137 238 161 13 187 209 77 38 63 91 247 21 197 101 272 141 176
26 111 182 230 2 37 297 132 262 273 277 166 103 196 46 94 203 191 182 241 214 199 84 251
223 124 276 292 16 7 1 86 69 194 17 192 41 121 198 279 115 37 219 46 24
270 58 92 18 219 41 59 274 102 80 50 250 75 147 38 166 93 237 152 43 265
406 129 242 213 223 39 71 29 76 14 199 16 24 107 51 1 228 90 104 28 248 48 270
227 272 197 202 267 269 195 35 216 266 195 169 266 248 248 671 221 68 107 129 295 121 297 228 180 182 102 259 151 253 222 165 80 269 32 120 218 231 225 100 73 284 182 221 28 68
29 57 97 128 221 235 273 97 130 204 297 269 181 208 262 10 125 59 149 223 24 138 156 263 226 94 279
64 97 135 208 41 223 30 30 30 111 665 290 223 665 144 289 232 66 70 69 694 92 150 164
828 270 192 820 271 720 150 271 247 91 91 255 6 271 256 259 15 197 11 28 229 93 292 126 59 226 54 159 53 102 158 278 289 131 12 205 117 138 149 252 99 76
103 233 291 122 170 264 143 103 143 107 397 288 152 243 179 103 107 798 20 287 212 780 0 219 828 962 90 152 183 48 20 68 44 84 141 275 17 289 245 189 92 124 221 97 290 127
74 151 88 155 200 116 87 186 36 104 280 292 58 177 208 170 229 92 122 73 57
181 182 276 85 173 208 268 271 191 154 112 72 279 250 184 259 84 7 194 41 236 185 280
21 98 285 260 188 282 193 27 229 113 97 34 94 203 70 51 16 162 191 294 230 256 25 38 199 5 182 203 172 126 238 245 299 8 28 116 84 293 274 21 292
828 176 238 290 59 241 232 227 34 102 250 173 81 97 72 49 221 262 45 85 152
887 43 123 378 211 99 798 247 27 402 798 962 0 236 281 235 780 674 239 219 663 117 300 127 186 144 218 87 75 68 205 266 276 180 274 256 252 45 120 290 79 53 176
28 33 55 114 291 296 133 164 283 255 102 8 289 162 68 36 267 101 285 154 115 253 139 72 3 234
196 252 100 93 277 110 132 34 71 188 280 4 193 296 178 158 214 209 68 101 192 220
406 226 261 265 53 174 133 210 247 96 209 87 228 206 196 177 181 237 94 222 33 90 150 263
44 73 104 159 132 218 180 200 182 49 224 39 64 209 55 183 289 170 267 296 249 169 122
238 187 190 150 159 11 197 158 186 126 293 254 43 48 10 212 189 154 91 1 140
428 88 126 41 134 178 202 97 120 128 212 288 286 37 299 99 227 73 264 168 104 78 218
915 67 154 207 291 98 150 253 273 15 15 15 152 152 252 253 140 131 92 728 70 290 164 694 232 82 65 231 187 199 144 222 61 190 172 14 151 72 147 186 234 120 166 138 184 114 59 127
428 9 106 3 286 277 245 74 46 104 60 96 243 298 164 255 34 27 102 220 214 231 131 114 19 279 153 209 89 145 60 92 226 51 70 107 254 37 174 73 91 27 13
21 274 82 45 216 36 121 246 243 75 220 120 51 112 130 116 158 34 30 252 31 221
14 129 158 167 187 6 95 76 122 112 126 149 118 130 172 116 0 81 18 264 90 71 230 214 258
462 136 61 64 22 288 167 74 130 112 118 293 241 80 115 200 32 26 196 176 93 104 290 91 18 128 282 207 299 1 261 180 157 155 268 118 162 29 79 121 48 59
397 175 203 92 225 294 142 271 79 58 262 106 26 236 234 233 104 260 120 38 143 250 102
60 112 218 200 291 255 159 62 275 143 102 57 34 271 12 4 155 185 113 54 190 63
51 184 259 235 149 179 75 120 274 21 226 299 275 56 192 50 26 112 96 278 55 213 0
79 181 238 187 11 226 95 106 230 270 53 80 191 286 274 183 262 15 275 239 222 35 255
69 108 172 208 174 47 140 148 92 89 253 175 261 176 226 221 73 58 24 124 129 291 1 83
1 76 78 127 193 260 254 285 155 255 159 21 240 178 220 218 194 185 20 37 82 182 89 298 100 8
32 83 46 146 86 167 282 173 242 129 15 163 295 228 98 147 175 283 152 5 10 246
474 77 132 266 295 91 147 255 97 292 122 190 285 215 265 136 51 46 66 202 152 53 293
932 1 162 168 215 248 263 118 233 171 156 187 279 180 246 171 259 194 28 256 269 299 767 608 271 229 16 197 963 269 46 213 65 133 74 31 168 195 212 100 290 185 53 249 20 141 68 37 63
50 81 155 16 273 83 42 62 41 9 241 59 147 272 23 63 38 271 225 132 8
3 29 182 200 40 236 120 266 5 161 4 127 128 103 284 86 148 48 252 114 198 159 74 178
7 138 74 30 257 219 239 159 93 292 77 123 171 60 17 265 82 72 59 286 232 47
127 263 148 286 206 297 21 239 245 223 81 238 222 6 14 250 161 255 30 215 177 281
54 119 122 233 237 275 84 146 51 6 274 96 67 199 139 277 204 240 121 160 50 7 123 40 235
40 104 183 207 31 78 134 239 139 139 189 139 127 16 139 189 139 63 279 101 74 263 293 158 40 297 193 15 125 66 16 171 105 221 251 110 189 206 138 191 8 40 53 153 252 267 282 73
32 141 274 238 270 58 102 64 11 273 196 93 7 231 89 186 228 256 192 189 75 63 184
932 7 48 134 255 141 282 163 160 114 188 106 239 13 91 224 200 294 90 230 297 79 215 81 258
42 52 224 226 176 16 208 173 76 35 255 185 156 287 163 20 102 56 213 247 47 172 270
397 38 54 55 86 149 204 261 286 225 260 108 182 61 78 139 158 124 243 46 198 170 264 117 165 241 127 195 227
14 87 92 291 46 111 174 272 179 264 179 179 71 221 264 241 179 694 4 826 731 257 82 807 859 28 573 173 224 239 235 134 187 88 82 109 70 101 254 233 30 257 282 27 61 169 150 16
1 35 196 84 273 33 127 108 207 62 173 140 55 27 248 272 77 125 267 102 126 209 281
23 81 171 192 290 181 224 170 263 102 102 170 227 170 117 848 120 0 219 12 401 235 780 236 212 20 287 114 240 66 297 206 186 271 117 235 245 270 210 104 12 124 164 39 7 224 175
11 21 94 263 169 127 76 175 17 291 53 219 256 105 63 159 248 143 140 253 21 244 125 85
113 297 297 91 45 25 687 153 91 45 272 291 93 103 10 255 507 243 242 67 33 615 160
143 46 265 21 106 30 30 246 727 106 89 106 704 194 962 963 11 136 16 255 15
0 42 93 173 104 193 179 244 233 30 193 213 179 233 985 397 294 47 137 193 94 485 76 40
20 120 180 186 120 124 163 175 175 261 77 175 281 482 236 120 20 219 12 239 744 674 212 235 207 14 84 206 262 20 216 245 30 140 96 286 179 127 103 64 122 139 90 253
75 241 267 35 35 876 683 963 578 807 963 393 683 578 440 27 150 290 231 66 543 289 728
34 298 115 75 197 124 197 287 51 287 898 789 295 71 190 175 266 173 959 219 66 76
397 471 675 110 114 254 260 30 104 30 391 137 63 13 391 107 624 233 141 233 985 221 76 498 243 294 159
37 56 123 166 14 257 54 247 856 26 113 247 193 44 40 15 63 35 74 256 263 158 159 101 176 281 288 187 172 186 143 56 145 15 273 36 31 232 94 130 203 170 133 6
645 23 93 77 131 200 212 265 271 287 603 873 603 952 603 873 873 221 261 126 176 267 783 114 712 296 252 867 105 31
