290 917 932 69 176 270 291 667 105 857 9 601 739 65 808 692 302 443 668 276 164 537 474 364 790 766
219 229 66 706 123 248 851 61 526 607 100 319 364 585 3 884 642 193 575 263 477 957 121
94 125 131 159 247 13 163 85 794 134 112 661 178 178 987 313 647 987 557 557 987 912 788 112 788 384 47 532 813 430 619 42 430 666 48 232 48 418 44 170 212 87 248 832 588
264 174 103 38 156 289 104 288 129 179 171 118 15 27 247 229 39 254 243 134 58
84 121 122 178 229 189 245 9 291 262 16 59 275 21 204 185 111 180 149 22 283 108
86 153 98 0 156 175 218 208 265 243 201 216 20 236 197 19 164 246 112 294 183 83
86 105 280 288 293 46 259 163 77 84 217 181 228 30 61 278 134 544 50 265 240 3 616 847 59
101 131 228 64 198 252 271 7 152 246 221 220 273 282 275 35 194 84 166 180 39 99 172
14 22 246 87 214 45 193 73 204 32 20 283 242 67 56 299 260 222 51 289 0 65 77
211 191 138 135 235 207 98 199 13 105 79 39 70 179 53 274 166 141 40 80 155
869 179 247 7 141 130 65 86 211 91 69 8 5 198 38 119 37 52 50 231 296 232 75
20 289 100 261 8 123 28 290 166 111 168 92 181 240 288 4 189 246 113 223 188 137
113 137 262 168 156 27 247 57 221 102 74 263 244 98 100 208 12 121 131 193 141 290
14 45 154 198 281 173 232 176 7 238 85 103 174 149 213 268 219 211 289 40 16 67 266 109 197
104 277 138 118 243 195 248 168 48 69 269 240 190 132 99 234 16 278 160 111 103 66
159 193 275 10 96 149 192 217 299 45 49 50 152 158 137 80 62 142 240 184 159 135 193
81 91 244 223 93 97 209 100 169 156 51 231 95 131 87 263 121 266 84 108 150 113 16
166 288 57 89 140 177 200 114 210 114 62 86 114 86 284 146 142 289 251 973 80 558 263 424 998 221 973 15 19 73 103 274 37 206 89 8 153 40 91 97 43 275 261 92 205 111 75
224 239 248 5 123 201 128 106 176 143 50 72 17 104 175 276 286 145 264 70 14 152
52 80 91 158 180 186 213 277 143 210 64 266 43 96 257 286 209 111 170 259 109 131 289 57 234 140 76
998 58 113 250 226 134 164 144 11 238 224 123 153 23 103 208 77 132 230 196 288 14 97 27
289 248 240 89 58 61 125 97 253 13 294 182 20 171 193 37 83 66 12 255 67
59 127 193 254 276 261 0 136 291 43 294 223 139 234 142 227 149 177 65 63 269 1 79 52
53 87 158 177 259 290 54 74 219 74 74 231 142 209 184 139 847 134 293 532 172 500 57 196 10 616
131 164 171 264 296 159 30 265 214 165 41 44 35 157 22 128 225 294 82 237 227 204 74 87
118 154 63 220 288 184 152 145 125 140 293 261 197 107 3 236 222 111 47 55 258 58
81 173 202 285 138 74 217 201 138 142 201 95 21 138 198 69 137 360 170 57 50 184 199 10
112 138 214 249 0 21 251 23 130 126 51 118 73 195 27 139 69 201 9 22 30 74 222
44 104 133 211 89 138 287 43 298 264 150 299 145 192 155 96 220 194 57 143 188 245 42 32
45 191 209 133 15 234 38 105 274 121 159 239 224 180 254 178 13 127 235 112 14 232 102
134 156 278 287 255 75 27 42 198 59 176 205 40 10 299 105 22 242 210 21 101 72 296
26 126 135 232 188 271 183 149 69 297 134 109 155 269 199 295 43 106 250 291 16 163 142 253
66 133 223 285 234 92 133 23 148 65 149 202 87 145 55 288 212 21 38 51 104 141 85 77
44 5 6 281 15 214 213 126 238 71 205 241 248 8 243 150 293 60 75 68 100
51 48 231 105 224 178 242 0 217 68 166 141 123 98 124 74 91 11 42 222 156
47 69 178 281 279 217 7 192 179 147 265 123 243 248 163 242 110 285 204 270 97 112 29 145
15 67 168 125 288 0 90 185 290 226 218 7 182 71 268 24 44 133 220 199 161 137 18
234 0 285 253 252 103 290 67 81 166 255 1 132 281 23 212 226 246 162 293 256
106 281 199 289 1 144 203 131 14 65 43 172 190 193 130 71 30 74 84 188 290 292
26 80 151 152 273 241 255 189 20 17 128 77 272 154 38 43 288 87 141 126 55 35 280
168 219 41 79 73 167 77 50 210 46 235 98 268 93 223 205 131 256 42 188 18 293
73 146 212 241 276 20 101 297 96 51 183 123 188 259 179 165 15 159 13 19 229 112 74 116 279
130 185 271 79 14 74 10 231 282 298 120 281 285 56 150 6 43 155 262 186 263
661 51 197 224 291 135 98 85 44 233 293 75 252 106 257 265 223 70 298 37 112 177 39
136 222 254 36 100 94 160 6 190 199 138 258 188 174 83 206 226 21 208 84 191
194 208 285 167 171 285 144 21 294 249 187 152 199 56 255 34 206 176 65 155 22 118 239
104 209 152 262 195 273 140 76 129 276 23 226 90 8 133 47 170 128 197 139 157
61 227 249 119 50 175 38 149 264 251 179 297 25 198 13 191 2 60 159 293 47 9 37
28 197 215 225 104 261 12 197 204 45 70 266 147 109 298 76 240 292 153 243 4 159
9 71 119 167 74 56 32 86 53 143 242 136 195 224 255 31 188 71 138 193 3 237
3 46 72 242 251 163 290 47 185 254 189 111 211 245 298 291 213 150 257 270 4 156 84 29 180
3 201 110 250 207 115 131 233 19 68 223 17 244 52 208 280 192 25 112 97 106 15
715 67 118 126 161 217 269 206 118 285 37 179 182 81 256 5 68 24 21 57 252 286 126 192 18
43 119 140 167 191 86 34 124 6 34 34 109 109 268 283 14 37 84 157 264 247 90 70 303 138
29 110 130 5 38 207 297 69 118 35 208 148 48 119 81 242 143 178 199 66 188 91 125
13 74 108 238 15 168 154 282 30 278 279 280 97 69 174 207 288 236 142 198 231 250
78 265 271 12 279 140 61 190 13 4 27 99 265 285 268 100 54 80 132 201 212 104 22
49 128 25 71 117 49 26 237 82 37 133 113 163 176 121 253 150 45 19 20 116 241
201 93 156 168 236 17 14 71 37 104 180 268 165 66 41 121 221 68 293 2 108
51 103 191 246 41 157 243 180 231 18 57 241 6 228 90 60 54 281 220 42 237 92
55 138 165 234 294 92 2 124 207 135 55 272 60 298 282 97 48 120 159 154 66 228 62 196 276
280 101 2 37 221 272 91 227 175 59 78 176 113 290 249 157 140 299 67 6 25
40 113 130 205 286 53 151 276 117 103 32 238 62 126 131 231 203 213 247 233 3 180 226 81
3 17 228 223 283 127 221 114 229 20 73 247 119 206 64 11 80 59 43 278 75
0 51 91 219 190 265 86 130 290 288 164 181 31 137 103 66 23 210 81 195 241 192
45 147 162 183 228 35 88 234 109 181 266 23 51 225 253 277 19 111 150 127 214 296 112 286
83 134 137 160 169 195 241 286 297 42 214 57 215 103 107 10 219 227 157 131 9 135 122 189 132 286 194 247 295
66 81 122 226 270 66 65 121 220 36 85 75 58 87 89 277 238 14 76 96 54 6 62 109 195
715 67 116 234 236 155 188 87 9 269 116 208 34 101 219 267 54 192 12 175 197 100 248 119 183
22 62 157 192 214 254 175 64 130 23 74 273 33 0 234 158 169 8 93 280 126 110 100 212 107
22 209 249 296 178 155 61 70 45 227 205 263 119 248 194 48 232 7 210 270 151 21 246 297
869 0 18 148 185 211 225 255 234 208 231 113 66 48 185 112 178 279 213 40 256 47 128 158 271 199 257
12 13 22 93 89 183 17 19 211 34 137 127 239 214 91 72 166 94 51 143 244 73 234 220
81 100 264 70 253 54 276 114 232 119 10 229 249 115 94 282 288 251 68 209 91 177 281
96 220 199 186 176 231 80 280 259 65 208 270 31 16 123 229 25 11 50 41 251
715 13 119 58 267 95 6 208 47 297 110 133 195 285 166 148 260 81 113 83 168 280 194
34 134 170 188 108 53 41 123 140 129 292 200 182 256 58 31 218 197 120 82 254 207 44 147
36 13 58 262 69 106 15 244 171 257 149 33 144 21 226 249 6 294 211 107 295
102 209 162 174 7 231 171 259 87 64 97 254 106 249 93 49 143 21 250 279 297 253
6 12 94 247 207 268 71 242 28 109 0 219 239 257 200 192 232 31 79 102 279 6 259 130
917 140 174 176 299 129 274 43 169 262 6 93 106 62 203 112 296 265 220 139 1 40 283 289 260
160 10 202 175 237 227 261 27 178 278 71 104 39 240 203 183 272 296 238 218 292
25 69 80 147 180 266 74 244 237 202 119 91 95 221 109 281 144 137 292 63 115 142 188 233 89 243 239 112 23 180 50 200 196 1 118 144 105 87 238 289 298 282 147
117 256 129 162 217 296 129 114 169 114 162 129 0 998 973 238 263 289 189 24 558 242 171 30 67 134 210 58 257 33 101 167 135 44 23 112 231 233 211 69 223 110
124 256 203 19 25 34 0 201 176 206 173 72 290 211 191 158 165 183 42 204 92
65 158 259 260 119 170 286 137 299 238 176 82 97 103 16 262 50 168 69 152 136 123 167 127
116 180 283 295 366 259 194 182 270 221 22 285 296 59 190 271 258 70 13 144 66 254 208 65 119
47 290 81 129 14 104 89 187 22 130 137 166 292 68 162 202 92 173 155 272 195
92 226 296 186 226 258 260 229 291 278 249 197 285 235 27 279 149 68 228 276 223 178 23
100 119 48 251 122 19 96 209 257 15 13 71 154 144 281 199 252 128 295 44 62
18 36 15 129 31 233 154 114 29 272 56 177 38 220 78 4 52 142 74 194 71 87
82 228 268 34 276 174 282 154 8 69 198 252 189 230 193 45 237 86 55 60 212 7 20
1 6 5 236 157 76 100 141 11 4 82 44 83 197 227 175 192 137 172 53 85 243
98 117 214 245 283 231 165 252 131 246 5 147 211 268 156 230 205 113 166 153 249 242 112 186
35 43 65 181 13 161 182 121 24 295 203 139 217 55 294 134 222 65 167 239 280 227 273 257
4 44 79 236 157 240 12 160 151 290 278 247 159 83 197 84 110 154 234 121 89 175 24 286
71 91 107 141 174 245 151 129 96 31 61 196 148 81 155 229 102 294 241 182 8 205 113 54 14 217
164 174 183 11 224 219 94 86 225 295 78 32 122 3 283 101 267 145 259 116 150 51
7 152 217 257 269 278 284 94 110 222 12 219 152 808 344 219 219 12 219 280 152 152 175 107 137 96 79 174 871 44 299 292 221 278 38 164 299 164 38 303 264 768 87 116 70 283 705 247 180 268
45 62 80 138 264 290 166 126 166 174 298 258 202 136 259 156 174 242 0 221 998 24 189 236 973 26 224 242 167 15 280 198 45 267 106 244 65 109 171 256 79 253 245 83 17 269
10 105 149 182 127 247 166 135 168 41 42 69 201 152 298 238 295 153 139 3 280 4 184
30 94 140 298 160 229 176 100 52 193 59 233 298 198 20 288 185 108 199 40 81 34 227 36
41 123 202 57 235 266 150 164 282 273 279 32 143 182 233 298 167 47 55 112 184 51 29 56 144 226 275 136 282 88 93 33 5 183 265 187 189 185 286 132 54 60
68 210 287 293 404 271 155 121 293 276 178 224 62 79 129 10 176 238 87 277 118 33 242 177 279
136 289 139 195 225 895 297 297 13 297 254 254 44 843 93 206 575 590 266 137 271 166 336 32 846 166 31 123 103 233 93 251 15 48 68 99 7 281 168 56 295 124 52 183 189
21 68 141 74 283 263 93 103 82 267 85 199 131 132 185 249 105 52 271 270 242 281 284
6 44 88 91 196 251 120 143 233 267 206 206 101 208 44 203 147 82 279 44 661 170 131 230 275 532 141 197 66 63
23 27 51 298 273 56 66 124 204 159 273 124 204 66 221 236 220 221 296 80 0 238 242 2 28 109 180 135 137 182 282 0 176 290 192 44 155 245 8 211 43 27 246 36
58 91 116 257 285 296 213 282 271 144 59 84 98 20 16 204 181 154 284 260 62 191 141 70 160 153
106 135 168 228 258 277 196 156 279 243 294 178 212 285 111 79 139 120 293 28 232 280 15 281 172 254
225 119 259 46 72 102 160 43 123 176 286 224 163 79 297 213 53 236 295 39 229
89 98 3 29 238 56 122 177 0 13 132 175 36 7 39 269 194 275 252 63 273 271 139 147 275 206 277 254 19 111 291 156 39 195 219 4 280 20 262 265 48 193
145 31 152 278 254 237 40 230 235 95 249 83 32 113 104 283 269 179 22 3 121
182 257 136 176 266 38 107 66 55 204 92 297 258 74 124 280 260 180 263 177 189
869 71 155 288 251 139 172 114 46 28 273 189 203 276 61 165 11 232 213 184 182 279
20 213 274 102 115 51 279 35 78 205 130 12 72 236 11 270 0 44 228 239 39 174 182
4 23 175 257 160 287 288 118 32 247 282 12 216 154 145 221 50 296 76 34 190 215 186 43
3 79 3 203 115 162 174 96 151 158 208 75 95 246 268 197 160 4 71 116 117 28
243 227 28 28 112 112 273 251 875 64 273 875 149 31 744 154 846 135 94 114 71 124 20 289 113 254 187 218 291 49 201 21 209 6 12 151 293 150 32 154 36 134
18 113 96 102 33 81 220 57 167 213 100 238 138 141 249 297 192 55 145 267 268 292
187 238 297 203 188 104 213 268 86 106 138 211 223 126 184 56 168 14 70 52 191 115 92
56 124 294 149 210 264 122 231 253 109 88 297 113 49 48 223 249 107 120 202 81 23 152
177 200 252 270 256 204 100 165 68 283 114 190 11 1 27 166 128 58 155 184 85 146 52 177
97 148 238 169 173 143 57 257 15 80 25 296 279 259 53 150 145 271 23 104 142 270
137 175 188 54 299 214 107 58 236 119 178 272 101 233 42 97 187 270 151 132 184 46 211
13 255 26 73 182 270 236 126 236 268 126 102 298 126 268 227 47 102 286 162 744 282 158 297 117 115 227 87 223 66 231 204 152 57 103 62 178 240 230 37 177 134 39 5 20 276
167 254 265 181 125 47 112 286 141 123 215 296 195 197 113 285 55 127 194 103 223 204
40 298 196 37 199 239 298 200 192 4 151 268 63 294 95 57 256 201 120 20 193 102
41 290 27 285 228 52 274 95 40 219 42 186 169 187 289 271 24 56 84 296 218 128
55 110 182 184 288 297 74 147 44 17 84 91 217 158 40 120 58 148 14 69 110 47 78 200 114
107 268 269 19 237 17 153 218 191 18 286 231 143 233 284 45 232 100 187 293 298
105 211 286 104 57 65 116 119 17 110 59 149 249 268 243 200 63 163 252 102 203 46 212
42 54 89 123 126 218 218 268 158 662 218 114 749 87 268 170 264 116 90 850 247 37 87 180 803
265 293 87 186 298 41 82 19 237 218 132 261 212 92 14 2 102 116 204 194 65 10
206 216 43 139 55 63 255 249 129 283 277 164 178 19 214 275 206 156 118 9 144 31
33 123 166 170 178 136 273 212 299 206 271 103 257 254 101 76 210 25 4 151 237 283 158 27
869 89 145 270 62 94 235 232 176 216 121 284 169 181 48 202 19 6 44 165 90 190 101 223
43 191 249 549 43 153 162 62 62 983 477 116 194 62 725 139 59 233 187 294 160 476 237 180 165 113 67 58 295 114 61 12 239 128 2 36 131 244 17 98 96 162 187 70 176 14 21
25 75 230 18 44 284 83 46 280 294 214 92 166 148 266 193 235 106 66 195 186 153
122 172 186 42 245 192 132 97 48 92 11 299 58 74 277 143 54 147 278 33 29 108 68
54 189 215 222 14 272 120 16 16 543 16 79 846 137 325 206 271 93 96 575 175 266 174 174 171 185 79 33 178 280 183 98 296 241 57 99 106 1 254 157 209 44 121
749 37 87 155 182 273 298 97 71 217 135 123 250 256 115 12 278 140 138 118 267 210 88 60 5 187 3 19 289 67 178 128 283 172 1 41 154 24 61 203 174 59 73 74 94
14 201 228 235 239 139 175 35 159 96 212 262 111 269 0 30 117 39 170 71 286 142 214 123 295
195 237 242 248 79 298 177 264 18 30 256 247 110 76 31 40 242 170 229 95 57 17 223 11 127 147 198 47 185 83 226 161 265 271 65 15 54 56 24 17 166 274 58 158
61 98 113 226 86 167 20 272 94 278 154 171 55 245 243 97 76 279 51 39 260 240 179 2
31 145 173 188 265 504 117 504 289 205 205 251 172 159 171 159 73 59 112 284 121 44 121 87 271 243 158 255 249 263 238 95 58 57 217 10 114 187 178 126 29 30 271 253 268
917 33 68 196 549 23 544 281 205 867 123 135 159 281 225 867 636 112 294 59 69 121 254 121 627 574 204 266 38 15 26 223 160 236 12 263 185 151 96 127 115 177 112 172 213 270
59 91 102 165 207 22 35 210 106 170 39 73 15 46 120 231 81 149 109 100 32 264 265
38 133 223 42 216 47 109 217 283 171 119 231 262 213 45 134 120 227 293 214 15 165
12 18 88 108 138 218 161 99 54 150 151 180 282 6 114 262 219 278 134 220 112 133 1 221
253 289 247 64 41 117 202 253 49 187 268 218 0 20 86 29 160 102 6 128 212
72 230 238 280 163 50 337 288 27 515 325 253 238 80 189 289 2 220 946 998 973 221 236 973 708 207 181 225 92 267 161 120 109 134 98 172 289 146 104 0 87 230 291 37 229
25 156 175 299 30 242 175 140 67 249 51 14 49 273 232 124 159 132 21 6 279 161 18 183
14 147 239 288 209 20 5 291 156 214 139 266 65 154 126 190 6 183 208 212 204 90 84 56
52 159 181 191 279 48 298 42 37 140 155 150 35 187 67 263 44 181 86 16 115 269 66 141
25 39 186 99 219 130 260 288 249 47 222 40 67 112 131 107 93 48 139 60 71 164 284
869 98 141 178 1 61 202 214 178 694 178 25 180 68 180 180 104 178 807 780 559 731 320 269 826 257 636 573 11 236 160 262 217 264 155 1 61 55 215 78 239 2 102 94 157 49 17 273
66 121 195 261 8 215 236 278 171 6 158 281 176 193 179 223 270 208 244 267 32 80 214
55 184 70 282 105 256 35 50 6 234 86 3 49 127 172 205 230 28 133 122 261
84 97 277 95 191 208 299 202 152 222 249 110 188 250 0 210 135 291 116 255 159 244 166 54 232 265 137 8 247 192 14 60 85 273 77 61 220 46 136 217 261
151 141 275 34 267 22 38 47 227 279 102 1 277 257 125 258 210 289 64 55 150
29 223 225 268 783 946 543 933 265 710 598 656 129 94 114 915 71 592 409 846 993 135 31 124 229 86 254 195 19 273 157 178 136 174 253 50 182 44 281 203 173 114 172 279
56 151 227 968 968 374 933 173 317 834 414 162 317 674 413 126 45 674 207 411 203 155 526
270 110 207 78 276 129 79 49 42 150 179 58 6 177 228 265 289 32 71 132 282
9 108 122 185 210 293 479 12 121 150 150 53 137 610 250 250 479 250 170 37 87 116 808 70 0 138
890 37 139 256 299 299 256 133 116 753 753 753 296 30 134 63 29 28 906 298 882 92 234
126 159 76 67 134 173 280 8 225 289 91 271 172 232 185 118 256 103 227 158 65 186
271 44 161 173 121 186 294 272 299 135 187 169 16 2 218 189 132 203 297 76 156
17 201 258 265 614 126 204 220 253 1 210 210 253 272 266 20 203 59 261 111 12 584 72 9 661 229 239
113 167 195 210 61 129 269 100 78 282 61 99 129 727 340 132 429 246 361 26 914 150 274 437 192 180 152 85 120 116 278 170 34 174 62 283 95 183 119 60 201 246 137 0
0 215 72 181 151 174 61 273 64 141 99 204 124 269 13 51 65 259 260 58 108 128
107 117 144 211 213 295 163 220 51 22 213 123 127 101 139 153 223 175 152 20 274 171 247 231 199 8
882 14 68 121 223 249 252 263 106 263 209 39 107 234 285 119 239 185 16 174 247 85 190 229 186 100 29 222
3 22 44 100 124 160 249 73 890 124 73 890 257 268 75 226 239 239 149 70 705 768 264 283 808 157 116
504 118 4 24 285 267 28 205 243 223 123 120 121 284 262 200 99 131 236 175 281
