38 79 87 194 235 260 280 23 120 143 145 215 234 236 6 258 87 611 971 721 368 21 784 15 825 581 662 706 609 411 743 639 723 192 358 849 855 302 790 45 75 790 568 14 246 450 659 206 779 206 23 27 512 496 611 236
124 500 855 302 790 45 75 790 568 14 246 450 659 206 779 206 23 27 512 496 611 236
7 61 143 214 239 261 65 61 111 91 206 236 9 20 16 2 241 97 18 60 271 58 249 235 124
56 73 219 268 8 9 64 117 169 130 183 183 155 52 25 52 183 149 57 164 6 61 269 190 21 204 536 295 193 160 234 210 151 97 233 19 227 267 191 103 67 177 204 253 6 264 123 49 96
46 65 89 120 153 190 77 87 216 268 199 175 107 14 94 56 156 240 80 97 173 92 284 74 186
3 57 59 181 286 123 5 257 277 125 92 66 82 30 213 139 299 71 32 106 57 58 60 284 194
6 243 272 298 169 182 70 52 112 64 15 262 85 63 6 77 215 65 178 10 276 147
496 182 246 19 274 166 295 183 28 164 115 277 86 75 178 173 270 194 140 67 45
37 283 154 56 69 240 272 112 55 260 111 237 139 81 276 145 79 187 211 178 254 49
21 258 229 245 119 235 55 253 61 0 30 51 45 211 299 269 240 104 147 120 214 221
40 41 52 121 145 164 76 272 247 73 170 47 23 112 292 268 58 127 238 188 43 262 53 248 288 286
19 141 141 275 196 212 279 257 241 86 181 30 83 230 48 256 242 41 270 252 249 10
42 159 239 50 276 63 4 33 171 16 217 209 198 86 7 258 137 93 25 159 251 174 207
71 157 105 104 130 56 222 278 102 57 13 223 163 167 244 7 53 64 39 255 188 122
5 10 77 104 19 73 96 119 81 55 55 26 284 26 191 296 251 191 134 208 57 106 83 196 101 119 296 231 274 82 277 136 104 90 223 13 106 63 187 151 165 68 118 51 182 71 115 69
265 184 163 151 202 55 243 63 164 92 26 283 66 115 279 263 285 62 128 108 183
36 128 138 279 64 144 68 79 136 120 149 286 278 214 242 157 275 106 60 114 272 158 180
75 118 0 262 529 0 178 79 52 529 46 114 91 136 294 294 280 164 111 211 34 693
65 110 63 38 41 46 172 138 275 241 220 201 99 264 47 266 24 176 98 245 91 235
23 156 230 130 153 29 286 95 269 105 173 88 199 253 141 116 81 231 93 66 23 201
136 146 216 64 30 282 229 225 150 191 298 44 78 113 8 116 247 90 295 99 234 186 197
29 44 50 106 109 37 15 111 48 150 139 88 266 102 62 279 81 121 163 206 256 292 167 55 210
79 83 115 171 192 245 266 108 214 82 209 76 146 237 257 123 45 39 141 220 275 166 50 40 70 47 55
77 136 149 225 273 121 266 162 30 134 178 274 29 64 57 2 116 267 140 6 290 60 71 176
54 121 251 77 187 26 126 258 162 96 219 178 252 228 247 272 149 88 114 296 110 270 38
10 112 193 238 243 170 79 264 249 52 137 254 219 100 49 21 87 16 131 177 107 89 242 160
213 258 92 5 137 148 138 21 216 266 126 132 129 70 152 186 183 65 283 175 281
79 108 22 243 196 33 69 227 120 178 203 103 84 223 57 162 32 107 205 189 93
6 31 65 216 21 94 64 193 218 205 282 103 91 66 124 118 6 298 184 203 220 140 165 71
11 17 86 21 288 41 71 46 263 158 9 156 206 96 83 203 262 239 119 91 118 68
142 168 169 218 167 146 138 73 53 47 54 190 205 245 236 273 185 120 263 269 275 243 64
16 104 194 205 235 157 63 109 247 290 202 213 94 156 72 147 75 228 52 92 12 20 5 175
110 122 298 178 184 131 124 84 267 255 109 260 95 248 62 113 114 85 153 20 142 57 138
19 60 141 196 209 261 236 22 113 12 43 250 298 177 19 61 65 74 294 235 59 221 194 129 152 267
59 231 15 21 59 180 235 293 78 296 177 128 204 99 146 144 249 212 114 92 23 247
153 247 115 92 183 141 22 134 123 257 160 9 170 222 54 30 299 192 282 229 38 71
109 231 273 148 224 64 251 29 40 255 67 271 17 97 134 130 186 22 239 93 182 125 112
5 75 62 25 131 275 58 69 202 233 76 230 157 129 93 2 214 44 190 223 171
98 186 232 282 77 112 172 281 124 154 201 158 229 272 249 248 27 297 0 169 123 96 72 296
13 31 157 185 189 281 61 221 15 233 187 67 164 106 30 259 72 254 276 162 214 113 45 289 96 149
157 193 264 154 41 150 200 149 127 108 135 206 220 68 24 70 282 262 155 185 212 54 9
98 100 148 284 7 206 256 105 26 231 139 58 211 45 125 235 142 35 210 11 85 220 287 296
130 259 234 8 48 272 128 58 117 76 155 180 86 110 220 219 101 159 53 17 95 125
146 164 188 215 220 278 30 25 106 162 292 299 147 10 277 110 107 269 124 20 285 37 227
1 133 160 241 167 37 278 184 253 268 222 136 76 189 150 215 83 289 298 241 225 297 60 92
2 76 104 129 194 266 93 276 199 68 273 10 55 163 243 63 271 220 166 216 2 275 228 31 124 189
35 119 184 220 44 12 3 49 86 297 213 29 45 240 23 246 283 224 113 37 19 233 68 250
167 75 37 250 221 182 9 162 8 154 92 181 58 152 17 167 168 271 274 242 1 174 58 166 221 138 81 205 31 225 5 82 277 276 14 53 247 113 142 54 133
141 183 187 190 227 145 165 57 192 196 116 255 97 155 213 166 268 49 67 127 7 188 137 36 128
171 277 292 50 57 147 105 228 133 190 249 120 20 65 136 222 1 81 185 217 16 132 168
33 114 264 193 117 22 224 30 25 279 285 194 103 295 135 110 171 199 122 241 165 145 91
201 238 168 174 22 208 278 194 265 0 271 88 167 213 104 253 109 196 10 44 266 68
115 292 237 170 255 20 280 240 239 68 190 66 148 180 293 54 294 98 78 189 42 33
36 101 103 108 127 55 284 127 54 238 105 52 89 247 155 190 10 166 146 76 121 204 223 141 45
31 71 81 104 173 204 272 122 176 140 43 292 280 76 67 116 215 298 285 291 196 62 282 207 73 250 281
25 27 212 283 280 8 279 40 179 272 124 187 231 212 257 156 177 242 37 197 1 255 96
78 114 163 176 507 16 55 210 16 49 16 210 507 136 502 111 588 245 114 12 211 141 156 185 102 273 267 236 240 206 168 123 266 238 276 222 20 247 24 106 280 82 250
265 267 79 70 296 286 111 259 282 229 182 60 251 2 236 211 98 34 165 263 257 36
282 163 249 55 146 73 133 90 99 166 79 190 156 68 48 253 182 285 208 248 21
17 184 227 125 127 31 152 12 188 221 102 88 27 98 7 208 169 94 244 115 250 235
68 236 18 74 126 93 55 26 59 35 146 140 2 247 159 223 287 4 145 148 298
26 126 137 26 284 124 17 220 290 60 117 35 10 94 267 128 217 203 158 49 146 273 106
769 49 274 148 90 214 13 83 12 174 44 96 32 269 149 58 202 14 26 290 131 156 127 284 187 38 101 231 153 11 146 208 122 100 70 140 48 1 186 72 227 293
176 151 81 12 203 164 178 6 33 21 80 36 115 37 66 189 161 75 46 73 155
14 164 168 203 211 246 97 268 169 120 16 161 214 260 199 168 71 76 229 283 53 285 276 146
28 94 208 228 276 65 112 135 72 32 165 173 27 156 230 134 170 57 164 101 193 143 180 98
0 209 297 162 227 279 122 235 195 213 237 150 290 155 184 297 169 214 88 230 158 174 58
110 240 21 92 209 160 285 113 64 253 280 84 179 165 199 175 226 200 221 198 178 33
64 160 43 42 137 207 64 222 232 91 299 106 88 81 255 4 96 89 260 33 148
114 116 68 214 215 289 26 0 297 180 196 135 244 267 67 256 261 102 82 75 176 235
61 147 268 276 129 142 259 218 56 156 167 139 127 239 211 266 54 234 110 22 153 192 240 206
769 90 121 105 134 29 189 140 285 136 120 235 18 283 80 170 164 209 213 26 66 21 227
159 163 164 176 213 237 17 14 12 236 272 166 163 42 158 118 265 216 256 208 83 247 5 52 110 59
138 195 196 62 8 188 135 277 53 38 141 109 93 243 206 18 70 159 168 154 209 205 181
45 62 77 85 148 257 282 18 137 117 65 254 143 147 155 293 189 64 78 281 270 105 193 217
59 97 252 268 178 213 118 281 298 88 260 200 129 289 196 160 39 188 5 112 239 211 18
53 276 200 158 122 9 84 268 62 227 106 196 3 95 146 67 82 46 299 225 34 283
293 153 221 76 119 40 58 109 136 160 53 115 111 4 147 177 223 14 148 196 185
91 182 291 298 66 124 4 224 44 167 179 292 277 90 119 3 19 174 161 81 108 115
5 242 291 292 191 125 8 177 49 269 141 224 210 93 33 284 24 132 25 154 110 298 139
104 126 156 224 239 265 293 121 138 268 202 17 41 193 31 73 228 69 61 240 62 199 174 233 46 133 166
20 25 168 201 41 212 267 290 0 83 207 211 197 187 160 151 246 269 101 17 119 179
78 98 189 222 152 9 243 54 94 118 225 191 293 107 120 267 55 253 174 154 208 142 139 292
1 18 59 163 198 167 6 129 95 242 10 74 279 52 18 229 155 212 49 187 137 132 90 185 276
160 184 210 104 157 284 130 282 92 102 180 147 154 177 29 74 263 233 215 170 110
140 210 80 121 213 296 140 116 120 261 118 30 211 32 149 290 173 20 49 218 117
107 132 217 255 44 25 164 12 211 234 85 258 101 224 208 174 139 52 177 33 285 136
62 98 111 182 184 275 291 15 200 72 161 17 264 132 109 133 12 2 232 255 273 299 280 28 112 248 252
20 119 174 70 119 48 233 259 176 234 42 263 211 250 271 88 292 12 122 248 62 86 19
191 199 212 242 120 83 19 225 261 192 136 198 137 26 98 149 254 127 222 22 78 90 271
204 212 58 225 255 4 89 72 92 247 115 280 279 63 52 43 203 202 46 289 0 261
7 64 203 262 89 170 190 242 5 9 159 98 299 281 46 116 38 181 133 206 139 223 75 184
769 123 172 207 225 260 141 138 102 227 285 42 165 48 240 7 3 269 92 198 66 217 260 81 75 208
116 161 215 246 289 293 263 184 3 221 284 85 16 49 102 235 201 215 229 62 298 95 34 151 286 150
132 228 244 31 22 84 270 250 24 235 26 295 291 35 238 89 13 5 194 203 288 219 129
149 151 190 195 229 129 146 282 168 103 126 204 288 270 71 96 26 255 68 85 23 105 175 27 195
67 219 113 29 144 177 88 296 263 272 53 234 282 151 116 221 110 99 81 168 63 83
101 259 9 230 281 20 166 100 277 271 57 71 106 181 270 251 89 164 211 73 12 94
42 71 118 254 272 64 257 0 93 160 44 89 152 266 111 91 208 19 156 56 20 211 45 169 239
769 50 108 146 153 207 41 55 158 197 275 294 207 101 170 271 132 26 242 120 194 281 83 285 78 278
26 189 221 244 238 48 242 87 30 236 98 83 62 269 50 42 216 299 5 15 58 46 68
158 239 138 247 55 262 136 193 260 110 190 221 252 73 220 25 15 273 241 49 104 164
61 229 264 265 243 288 291 4 3 106 187 143 270 271 66 193 130 29 152 68 10 218 83 197
61 169 271 121 195 278 220 234 223 150 149 289 166 157 37 294 281 118 132 28 279 180 125
174 229 143 95 294 172 163 43 245 295 51 280 181 244 210 267 25 152 147 209 194 89
51 83 86 92 220 162 200 246 46 24 43 217 156 17 297 272 153 296 70 128 5 226 197 251 269
22 79 111 297 268 212 98 99 8 207 80 266 57 250 229 206 12 166 125 121 86 169 232 15
118 138 81 65 196 148 48 9 253 118 280 219 137 66 218 46 75 187 188 255 208 162
80 106 120 139 222 257 33 222 157 2 97 17 273 48 54 9 185 70 34 5 220 232 221 92 79 183
29 65 140 214 265 24 288 278 244 227 73 37 243 280 15 282 131 76 170 164 31 232 264 259
72 164 174 181 298 287 250 40 192 284 175 205 15 69 148 209 68 29 253 190 24 91 113
1 47 65 72 163 91 278 73 13 125 122 58 281 112 285 46 207 178 222 22 38 297 53 211 15
93 146 288 87 108 104 75 163 175 220 130 179 225 222 232 40 51 177 92 95 114 245 248
152 171 190 198 211 124 167 252 48 152 117 19 110 125 21 265 201 116 232 52 113 288 58 246
97 156 174 257 48 164 224 106 108 69 44 267 23 38 187 193 37 229 115 13 255 72 247
29 65 112 155 258 263 151 121 299 223 8 177 218 152 293 246 254 277 81 102 204 47 193 135 244 195
27 77 180 183 199 158 175 102 223 298 214 269 61 13 273 91 33 279 240 79 125 104 187 136 133
4 15 56 108 193 274 49 255 141 289 197 0 229 113 123 148 224 105 169 119 233 168 192 260 139 53
111 130 241 284 188 22 261 166 152 185 110 223 243 154 222 282 12 183 251 28 9 86 257
14 255 32 198 67 36 133 99 129 241 118 267 182 69 0 64 174 219 74 70 294 178
109 283 250 256 185 42 203 198 266 148 144 259 271 6 97 61 204 194 252 282 163 11
9 53 67 274 284 286 17 60 180 31 40 86 64 75 127 97 288 107 271 142 222 58 291 53
42 106 158 160 19 155 221 266 299 129 142 89 259 90 297 264 186 217 232 171 115 133 280 207
99 133 196 201 264 38 276 266 194 138 128 244 172 281 97 107 101 117 221 181 76 275 118 122 226 195 268 219 121 119 131 0 192 149 289 189 72 157 173 14 55 4 171 102 61
102 131 162 69 174 251 219 299 287 141 214 6 68 123 31 56 26 192 109 61 30 7 38
33 66 99 108 166 255 218 138 124 244 165 173 195 299 175 237 181 197 7 231 271 55 26 258
60 230 217 153 146 223 55 183 254 156 105 243 250 97 235 186 201 32 290 60 66
162 208 272 158 60 190 191 198 194 64 46 273 97 160 214 232 1 94 104 174 282 53
91 93 200 253 165 149 230 95 79 29 272 77 221 110 2 167 27 286 263 215 68 200 49
157 159 251 204 163 78 244 228 285 179 289 7 142 273 23 238 106 14 131 16 146 243 81
80 106 123 156 72 129 42 254 201 62 224 0 117 4 248 116 2 290 296 255 90 221 29 41
68 179 249 111 153 224 59 196 77 47 168 234 116 29 120 201 9 85 31 209 127 96
158 263 44 16 91 103 280 247 31 129 32 269 151 67 85 130 135 171 231 289 36
50 128 182 256 13 220 78 137 196 70 285 188 197 77 65 158 98 140 255 11 14 136 214
769 53 275 235 117 178 70 2 283 195 104 21 227 170 79 226 251 85 147 103 74 115 172
23 285 24 87 41 297 257 196 292 230 267 160 106 286 178 73 211 90 15 165 118 279
50 91 101 186 205 90 153 223 32 198 0 13 122 128 206 34 35 181 39 254 202 19 289 284 180
4 22 32 65 251 287 60 31 297 67 249 180 238 118 157 247 177 142 196 257 112 2 172 229 160 214
68 125 295 11 250 262 133 98 123 116 79 27 179 231 261 148 8 41 183 166 23 50 86
50 52 258 213 116 40 279 1 260 115 19 178 75 95 53 8 139 252 270 142 92 38 32
35 68 255 285 256 190 29 241 184 187 205 54 99 26 126 120 118 199 185 71 234 220
53 78 133 51 161 15 102 246 286 251 167 285 47 299 84 242 45 203 101 249 290
34 84 212 68 180 32 150 122 7 229 58 281 251 50 265 162 138 185 268 109 178 287 278
183 185 231 145 15 25 0 197 221 178 111 236 48 202 259 106 35 285 199 98 165 297
53 54 197 175 7 110 242 271 12 202 249 70 56 38 69 167 274 55 285 196 264 53 132 16 126 259 241 279 234 166 12 122 209 151 227 264 172 295 195 284 226 120
24 220 172 159 167 274 161 162 246 237 289 211 260 13 100 152 103 24 39 193 71
66 111 178 181 20 124 104 123 52 94 239 235 33 177 88 287 271 89 133 275 255 152 27 58
87 162 213 234 193 114 87 12 90 149 40 42 253 201 263 21 35 195 247 133 156 274 165 291
58 59 146 266 270 278 279 257 47 285 146 23 147 122 120 281 277 115 184 102 69 135 94 218 128 96 126
16 124 227 70 296 28 50 290 17 92 135 30 108 80 212 225 240 67 285 284 193 220 229
151 158 179 274 231 128 170 41 266 99 206 62 92 251 130 158 147 220 226 164 165 94 175 235
769 246 77 80 123 137 299 174 47 116 177 226 287 221 245 0 170 228 217 131 198 155
2 15 66 213 109 165 141 213 95 134 298 101 254 276 107 41 167 275 78 281 174 289 80 288
28 184 191 133 141 199 111 128 134 161 90 215 21 17 291 3 137 185 23 165 126 97 43
111 181 140 176 181 54 264 29 200 148 46 198 217 207 167 248 7 285 111 139 168 293
60 72 210 265 224 190 105 161 153 58 240 134 33 49 115 125 211 170 128 163 151 91 290 75
163 232 258 68 177 141 257 290 240 44 196 286 282 279 27 54 243 150 73 105 118 143 100 34 62 17 29 217 262 35 216 193 130 15 297 296 246 272 167 204 100 57 67
62 106 212 210 221 15 242 141 178 22 35 26 20 193 290 60 139 105 167 63 200 166
1 68 279 98 176 187 276 226 245 281 103 131 147 126 104 251 63 224 243 249 50 195
44 153 13 24 259 116 191 77 261 164 71 137 205 141 136 233 2 63 238 267 111 241
13 104 111 118 160 213 130 128 209 188 252 217 123 136 121 161 292 187 241 91 183 88 274 197 83 281
0 76 65 267 92 293 132 13 223 153 64 55 159 87 198 112 172 237 102 263 100 78
7 53 299 293 258 271 282 245 247 5 263 156 295 71 224 189 79 28 144 18 155 162
112 290 259 288 217 46 56 111 20 133 241 9 74 124 160 260 261 265 281 222 196 51
67 76 94 155 20 229 121 186 56 44 147 52 230 141 290 39 215 227 169 113 16 175 193 223
201 242 262 60 229 76 218 204 209 202 9 64 95 211 1 54 167 62 236 15 163 27
39 188 31 160 37 237 255 7 49 236 70 168 102 81 238 123 6 259 79 98 276 186 239 63 161 238 21 97 200 215 294 73 91 177 175 153 129 80 204 36 61
0 128 292 215 227 266 145 208 204 19 288 107 199 40 116 12 273 291 198 78 121 65 21
187 194 210 211 227 279 100 17 280 34 298 152 237 92 202 123 182 173 205 234 168 154 85 259 172
103 124 156 279 213 36 17 85 86 65 243 168 105 178 152 235 230 94 89 206 76 159 252 121
123 249 277 186 169 80 4 8 151 91 68 21 39 235 160 142 207 105 182 150 109 33 135
294 157 65 285 50 272 84 168 68 40 296 85 26 87 187 71 6 291 242 293 178 276 105 68 4 277 125 166 50 5 243 69 120 159 74 3 204 57 30 102 199
197 238 133 46 209 150 20 59 115 212 83 249 105 177 170 222 193 167 288 153 86 9
278 198 240 83 116 2 57 81 46 222 88 253 1 216 13 44 265 56 154 272 115
0 55 118 34 52 275 62 82 148 131 239 231 290 233 184 221 291 207 58 295 153 286 246
32 63 123 252 285 108 150 43 166 141 34 145 182 89 103 243 17 215 105 97 258 80 211 237 148
64 145 178 199 269 16 234 10 215 84 13 227 222 93 190 182 238 32 86 55 111 20 7 218
88 99 197 12 178 166 177 10 192 203 217 51 251 67 52 249 191 19 89 282 272 47 151
54 177 283 108 266 224 53 7 13 154 127 100 142 75 21 90 65 246 220 51 41 195 38
100 272 276 109 102 242 132 77 49 280 161 139 261 208 271 265 278 52 206 56 187 138 118
123 130 194 202 270 190 113 231 151 285 235 44 291 36 90 40 188 211 105 129 167 143 232 35
260 296 272 18 155 280 17 232 108 221 206 173 119 101 50 97 143 70 80 265 235 66
161 231 125 240 87 175 29 67 113 298 27 153 186 222 259 60 127 274 3 53 156
20 73 153 156 236 200 229 248 91 295 84 51 82 69 207 55 72 178 210 23 296 285 197
31 103 10 223 210 119 231 256 272 176 258 232 228 217 172 95 192 71 92 33 150
15 28 107 269 49 116 179 90 202 123 131 270 234 180 171 84 28 45 154 98 181 166 81 245
121 159 708 449 818 70 375 375 982 949 111 787 693 141 788 618 211 520 170 803 588 662
