122 162 201 220 232 27 86 166 189 276 292 259 223 129 189 71 100 149 143 236 263 241 121 28 19 126 18 245 105 89 277
57 181 218 263 147 810 848 983 428 105 259 820 783 838 348 588 230 585 285 487 328 967 289 263
956 25 26 82 246 277 295 167 115 206 144 266 299 33 130 21 190 118 153 160 185 275 178 182 279 63
17 18 207 161 17 199 63 121 185 21 228 26 174 208 4 48 291 187 191 299 74 111 292
5 161 185 266 8 5 277 89 223 241 18 213 14 6 131 218 195 41 262 191 121 199 71 156
63 153 90 159 4 246 71 175 217 173 222 172 83 73 262 219 207 254 227 212 291 252
138 226 204 127 123 196 105 281 113 279 56 158 161 162 266 77 5 119 167 16 225
68 146 161 223 238 146 279 78 107 248 122 162 297 51 256 163 148 27 266 258 191 274 211 249 141
13 66 295 47 93 265 282 134 186 187 29 123 158 213 274 245 280 149 65 19 194 168 263
768 237 250 77 250 83 257 292 298 176 247 291 216 5 213 108 68 244 153 281 163 12 48
45 57 65 252 122 131 223 151 58 20 115 35 28 208 127 118 16 3 88 106 104 18
9 116 125 140 186 19 60 28 100 14 213 190 269 104 82 120 132 161 206 180 141 71 204 238 224
41 222 232 240 271 138 199 132 223 205 149 246 180 6 2 16 228 15 254 259 150 152 231 54 277
260 205 58 98 46 69 65 165 219 86 92 131 196 38 188 127 208 43 156 138 149
172 253 106 157 252 131 283 87 78 63 223 296 65 151 243 266 129 177 32 168 292 282
7 206 63 148 101 103 101 197 158 71 23 15 197 11 178 236 391 284 170 729 13 232 891 213 210 43 298 74 58 108 287 81 8 78 176 54 299 62 263 56 123 189 178
95 197 175 78 158 161 169 168 126 96 47 143 53 279 116 72 120 66 97 166 108 55
24 68 147 149 172 288 68 283 121 89 138 162 4 178 239 80 29 148 106 266 143 8 115 43 254
3 6 85 39 265 203 26 37 264 258 199 206 6 299 98 47 20 243 44 114 112 100 226
11 207 210 231 232 285 166 177 27 277 110 106 295 251 36 167 38 70 156 214 63 153 44 149 48 204
32 38 46 58 102 226 68 115 116 148 284 206 236 208 42 98 198 138 168 53 97 50 25 274 182 77
28 41 73 103 112 192 240 208 119 291 80 83 39 15 2 8 148 74 276 159 184 258 102 165 70
20 184 286 200 83 33 124 246 11 166 126 228 37 64 53 229 218 12 130 269 13 59 180
70 167 177 206 205 130 165 5 264 213 168 298 109 150 170 171 31 187 124 216 293 3 134 185
69 78 94 132 223 3 67 77 7 21 196 249 288 35 261 187 110 186 29 82 75 43 42 289 72
42 115 250 263 204 235 289 210 175 53 101 135 277 81 243 168 285 85 1 179 5 282 162 237
55 227 289 156 291 134 88 42 252 119 168 204 92 154 66 276 138 231 226 135 246 165 236
42 158 209 243 63 165 47 274 184 216 17 114 214 113 80 273 133 162 186 26 276 23 288 232
27 262 182 149 107 189 163 192 73 244 184 102 62 83 111 18 23 36 267 257 42
78 90 156 184 191 222 420 150 96 144 189 127 51 227 138 233 32 141 2 107 229 243 248 232 145 45 98
164 287 420 58 34 41 233 133 86 73 207 28 250 175 156 188 26 262 103 54 245 55 140
45 61 176 225 86 49 55 113 231 235 246 8 135 257 241 243 102 41 146 250 174 157 77 149
90 191 269 292 299 185 159 146 228 248 18 256 117 123 157 12 169 109 122 97 90 63 276 279 269
74 106 198 15 203 161 129 195 254 258 10 36 51 243 132 248 0 130 161 24 787 618
768 145 176 267 45 164 218 111 108 186 146 14 143 113 136 11 36 28 189 22 153 75 190 106
31 161 222 77 173 84 270 57 31 27 146 66 245 278 204 43 17 159 184 172 211 162 194
145 205 420 110 228 147 175 153 158 254 31 67 51 66 221 270 197 242 187 281 48 250 32
91 246 63 184 32 116 189 135 293 29 299 208 286 85 211 7 78 271 46 48 22 177
33 248 295 39 243 21 32 69 123 267 80 221 61 77 252 195 121 255 166 33 273 299 114
56 64 69 156 191 226 241 49 17 159 59 240 81 153 172 281 32 29 187 31 96 284 259 75 271 41
52 91 98 145 135 173 266 44 174 207 30 195 119 59 264 67 64 200 291 276 271 176 10
57 69 107 78 139 13 144 267 186 75 283 171 84 221 191 176 43 132 203 231 150 36
13 258 259 150 222 68 142 277 162 115 33 230 12 22 59 27 264 293 202 55 254 104 258
40 45 177 251 178 69 235 295 232 250 98 267 51 131 188 201 97 281 268 177 154 199 200 26
89 119 217 257 259 267 49 227 16 214 58 257 195 213 221 233 33 251 73 63 2 247 56 188 97 277
43 148 231 234 99 74 204 68 244 227 146 3 73 4 157 276 268 50 151 38 225 30 21 97
21 39 188 294 67 270 100 100 65 6 49 65 100 618 132 258 787 123 249 130 482 266 0 204
265 109 43 219 237 130 201 253 85 296 155 122 95 269 217 194 144 65 254 148 268
119 136 420 123 289 212 163 123 163 54 88 209 108 212 241 66 85 15 211 242 853 140 931
71 194 220 130 191 58 265 269 135 23 126 143 50 11 64 206 262 281 159 230 105 234
16 26 96 131 158 215 251 297 17 162 113 106 246 27 145 82 170 57 285 48 242 275 263 182 228 151 69 171 85 151 148 80 120 31 164 170 23 243 271 45 28 107 39 237 228 192 180 9
3 70 78 172 207 250 153 65 167 91 33 102 101 177 180 245 298 224 290 197 19 47 119 237 189
70 201 232 297 277 222 247 189 96 193 191 78 51 92 155 175 242 238 267 286 48 211 254 172
44 156 162 213 257 264 147 294 47 15 200 97 58 227 190 137 160 222 212 184 2 20 185 183 21 230
158 166 208 244 187 199 70 99 170 287 8 270 142 151 97 153 145 161 255 147 65 210 163
101 213 255 275 246 232 79 87 6 147 138 49 259 243 291 124 139 19 110 149 257 100 4 203
94 108 240 50 247 40 37 253 99 238 55 169 14 203 240 212 283 36 71 57 41 188 107
134 224 297 9 20 139 0 280 28 158 96 106 224 104 58 149 8 164 141 55 19 293 236
96 104 156 16 143 71 0 115 239 227 120 43 44 224 109 191 151 14 192 215 80 99 242 69 151 99 251 149 77 102 238 259 128 12 224 117 95 274 146 37 49 190 231
31 106 280 65 64 81 38 248 230 290 136 82 197 87 170 166 171 123 78 231 18 260
14 101 249 5 153 68 197 84 260 31 46 284 142 239 252 158 244 97 149 299 201 255 128
120 174 194 255 294 57 274 97 73 190 22 18 262 31 100 76 280 162 288 143 187 144 200 120 50
113 268 191 251 87 257 175 68 23 106 236 5 217 14 195 274 287 97 136 115 171 286
14 99 185 286 6 108 42 183 228 82 39 184 11 96 274 296 227 23 120 98 209 187 217 211
34 109 175 14 197 184 282 278 194 110 107 245 213 260 236 275 130 103 150 271 151 48 56 48 53 129 192 107 64 121 234 93 7 88 264 247 242 214 279 267 140 113
87 143 193 215 220 186 186 159 107 207 132 167 167 281 294 258 787 88 249 10 204 243 205 482
10 150 217 241 128 210 74 196 279 122 239 139 82 106 175 193 77 0 185 113 161 173 271
132 243 161 290 191 184 157 211 140 205 254 19 27 115 98 220 230 168 94 30 182
236 291 283 282 188 285 58 260 217 66 255 226 254 40 41 238 84 222 83 233 190 213
67 207 246 212 203 0 127 9 207 212 174 153 9 0 205 618 51 36 0 258 88 123 248
240 6 234 238 289 10 31 271 59 284 235 116 23 43 97 135 275 106 104 33 78
7 14 34 57 39 21 174 188 61 261 147 185 164 240 102 152 173 96 213 194 7 68 296
80 106 210 287 55 91 295 251 88 218 261 161 226 65 151 220 171 197 263 19 249
191 298 65 90 227 22 26 115 195 272 102 236 229 79 12 61 116 141 104 31 200 159
876 137 138 197 221 255 91 83 54 155 202 8 3 87 158 122 13 237 172 137 21 267 243 235 232 142
768 10 190 196 52 71 112 116 124 261 19 256 234 234 49 287 287 160 138 39 107 34 138 166 260 297 671 228 575 221 43 42 284 198 290 287 57 161 140 262 36 205 261 278 171 172 34 206 165 181
24 209 191 166 118 284 29 32 155 57 296 63 206 66 27 219 124 241 9 239 233 174
72 205 248 100 55 30 241 129 81 19 53 192 236 183 281 155 223 280 268 162 150 27 278
64 154 210 281 240 96 295 252 141 162 239 122 258 169 100 124 255 223 241 183 211 60 144 174
79 129 38 206 149 265 224 99 148 294 63 78 266 4 177 159 238 121 56 210 66
99 122 64 62 92 253 105 175 257 74 262 80 122 12 247 121 243 220 33 71 288 144
14 27 112 201 289 46 202 255 166 290 93 184 258 282 290 290 297 575 671 107 166 228 121 180 138 166 39 224 60 34 95 293 191 200 60 200 212 276 15 192 241 211 135 85 285 265 140 853
184 207 120 198 181 215 140 197 103 166 167 7 69 152 170 50 34 28 102 196 180 14
173 216 170 120 113 77 26 87 99 192 97 292 278 94 110 241 237 36 47 258 265 154
61 221 290 282 286 156 122 140 248 140 122 140 126 158 11 233 287 207 170 236 196 149 274 72 177 71 71 225 119 27 251 27 48 67 137 543 22 6 858 34 590 37 42 294 238
94 135 184 202 259 73 88 404 118 930 149 265 404 404 194 288 138 107 671 575 180 54 228 166 166 129 39 40 196 241 161 139 137 213 205 250 24 178 156 208 266 29 147 168 78 1 133
787 127 139 144 165 259 244 274 124 59 293 118 192 201 158 78 34 82 0 176 103 24 160 250 131 81
21 111 114 190 67 201 136 140 167 199 100 222 36 84 162 271 152 235 259 241 293 64 30 166
83 175 16 298 12 221 15 176 163 141 206 201 160 7 80 99 75 35 143 146 48
266 268 203 96 136 37 52 104 116 110 269 150 176 62 256 175 154 88 240 144 70 206
231 129 225 164 124 79 28 99 296 174 2 0 53 172 131 66 77 74 3 293 284
145 220 240 69 155 198 273 16 97 20 40 31 176 235 221 24 26 34 288 118 125 276
19 165 228 229 232 235 262 234 275 213 183 179 260 212 115 210 127 273 219 227 277 67 25 250 116 47 203
17 68 135 241 133 141 292 55 31 294 8 248 46 115 129 41 282 69 227 277 167 26 291 175
246 82 133 108 133 82 87 248 82 287 82 265 81 828 50 140 285 103 85 192 276
101 268 271 68 32 156 161 67 38 241 107 115 202 114 169 106 221 120 212 90 14 240 144
81 215 289 298 249 158 165 117 53 183 216 179 112 29 260 235 223 97 240 154 14 236 127 298
165 280 130 278 62 265 53 81 200 32 29 222 30 268 110 275 258 266 139 33 148
90 258 59 115 2 193 194 237 272 244 64 217 287 50 178 285 168 157 70 79 225
882 11 71 84 194 291 223 140 104 259 120 153 276 67 245 146 59 173 131 275 34 78 5 297 161 61
55 179 2 294 6 275 16 278 26 71 15 262 74 297 202 122 205 127 141 60 64 116
92 165 196 280 50 128 176 88 88 88 30 585 15 30 39 575 182 221 34 54 138 121 228 260 107 68 129
69 85 118 171 30 273 57 171 211 255 255 15 273 221 224 182 121 575 39 107 671 138 166 223 228 282 95 252 282 124 142 252 276 228 282 51 88 482 258 36 0 787 123
3 293 267 114 206 72 203 220 279 202 52 81 15 148 197 93 218 26 79 13 85 289 286 81 123 69 122 38 68 233 161 10 256 185 186 71 246 82 36 130 144 72
109 161 221 278 156 31 110 80 83 1 176 9 34 224 201 203 240 283 78 228 113 242 39
11 65 270 275 201 8 127 15 35 95 2 131 31 209 245 280 36 276 281 74 232 6 63 291
876 26 117 127 99 181 58 204 4 52 48 262 0 193 233 212 131 157 26 282 6 169 279
768 8 137 168 98 45 236 155 272 144 0 175 35 220 99 50 164 268 57 281 180 279 24 72
18 157 207 94 172 28 54 43 77 207 185 211 45 267 119 24 47 295 67 93 291 100 186
51 74 81 547 265 64 95 119 79 224 177 51 204 132 24 243 248 0 130 618 36 258 161 482
34 184 246 216 270 161 265 61 154 253 224 147 62 85 29 0 100 180 25 193 264
19 112 150 172 222 253 150 222 252 222 239 252 923 421 787 158 853 828 81 276 50 265 140 285
23 165 176 83 101 152 168 256 105 144 110 236 87 37 14 99 295 82 173 287 167 231 130
768 876 76 104 211 258 265 160 253 289 153 135 281 12 93 153 282 36 165 149 207 236 391 274 287 170 279 25 72 196
12 96 180 228 44 295 162 122 120 44 295 575 224 166 68 260 138 121 54 166 39 297 228 107 191 206 41 296 299 258 243 29 98 193 110 280 126 27 291 188 210 1 100 252
19 107 224 268 60 291 81 251 114 209 255 27 179 24 245 42 174 131 167 153 117 202 61
997 88 144 197 235 281 234 4 154 195 20 297 112 6 151 106 278 59 160 183 64 194 131 1 162 175
30 75 49 251 174 153 77 253 0 36 232 160 88 246 22 20 188 66 293 230 141
768 212 223 248 242 281 60 137 244 244 61 274 232 25 729 62 287 72 170 207 233 165 158 236 108 46 289 108 45 108 990 46 139 289 176 665 15 221 31 76 252 114 105 296
215 226 252 141 9 235 220 148 288 241 133 152 58 197 297 4 240 269 265 172 159 31
18 176 182 228 266 158 271 207 235 215 15 201 106 210 10 37 256 56 298 20 203 41 124 94
220 843 10 107 154 233 245 680 9 9 287 46 216 287 274 266 274 195 68 221 180 228 129 260 224 166 39 182 37 34 260 89 272 278 191 14 149 146 95 245 117 163 287 224 101 87 208 290
0 68 165 23 148 217 270 204 56 43 61 296 48 74 236 18 253 45 170 88 22 76 50
220 116 10 72 173 77 42 297 216 186 147 95 145 157 48 39 97 98 277 269 133
10 29 81 106 126 182 25 226 259 50 71 191 154 118 20 53 257 149 133 170 222 54 124 279 139 233
261 293 297 518 157 235 71 134 193 47 104 102 192 29 46 156 244 41 33 94 141 211 132 237
876 10 69 91 181 244 4 81 128 292 211 203 291 286 79 62 186 269 55 130 70 255 261 136 123 263
843 19 277 125 39 267 274 262 158 182 213 67 153 75 105 285 85 284 161 298 77 146
19 69 71 228 266 287 5 69 287 529 287 821 149 149 821 683 50 295 162 33 208 420 274 821 33
109 179 160 153 147 144 88 71 130 92 58 254 62 95 30 213 108 222 214 57 184 188
984 188 50 124 137 202 175 155 277 244 120 75 147 56 142 223 290 90 168 1 88
22 133 121 226 227 217 158 220 198 167 125 233 82 52 80 260 16 14 35 134 98
984 84 178 267 195 195 237 80 86 71 116 292 292 292 195 575 31 267 31 126 211 867 296 114
233 43 106 99 218 223 208 185 30 194 142 215 47 151 285 283 240 38 67 161 217
119 132 155 221 250 1 225 23 276 164 67 171 23 132 204 205 123 161 243 130 51 618 787 248 249
420 221 640 275 275 275 122 254 11 254 166 76 266 96 695 5 188 491 2 241 866 39 112 120 75 145 221 71 212 116 280 59 207 123 91 32 264 272 290 53 40 170 175
69 206 238 172 291 52 273 262 183 246 258 63 283 166 143 216 233 208 184 38 299 116 32
914 184 204 206 162 22 237 54 165 51 257 101 31 109 285 240 146 128 27 57 32 255 223 100
20 27 128 180 250 253 107 207 195 221 230 47 146 185 147 184 188 74 286 49 81 291 87 295 179 122
16 26 113 220 230 253 287 88 88 21 103 21 213 239 122 4 224 233 279 5 50 529 821 472
98 196 155 200 16 63 150 14 252 80 33 21 211 181 100 279 153 261 50 239 255 46
872 55 265 170 85 125 202 182 233 257 128 21 157 3 225 151 218 215 255 75 58 118 273
13 39 66 97 98 210 232 275 90 1 295 124 264 247 78 219 86 223 13 69 0 117 214 242 52
13 51 104 152 190 296 1 182 201 188 186 246 181 155 48 195 268 19 239 163 47 139 70 107 224 148
153 186 219 49 49 124 116 420 897 124 149 263 116 166 31 176 211 252 222 221 231 126 296
87 137 194 247 285 944 704 420 295 295 892 704 586 156 169 323 20 109 170 186 290 169 237 47 120
21 34 224 44 279 216 283 212 143 199 17 178 105 23 275 226 61 242 263 205 161 268 137
10 59 178 230 105 24 158 61 103 116 163 27 203 222 294 45 148 260 177 235 286 81
768 40 225 280 171 174 131 153 952 30 153 253 30 296 123 243 204 0 618 130 51 249 88 10
83 112 202 3 17 1 102 221 186 136 117 104 12 172 276 31 85 77 234 218 116 225 11
2 114 235 248 64 112 260 189 97 18 250 213 207 2 241 60 202 62 187 110 135
60 99 254 414 176 131 48 171 153 134 414 266 482 51 0 205 161 204 248 787 132 36 243
226 146 595 84 27 576 468 680 200 133 96 951 440 284 166 211 24 213 616 150 173
106 234 285 292 62 123 171 323 139 118 224 788 910 224 482 118 138 166 113 193 37 261 557 300 171 319 147 913
35 174 206 230 249 26 257 139 65 257 38 191 88 88 65 211 64 16 447 59 131 323 581 265 137
33 124 234 273 191 6 257 265 191 1 257 581 64 663 96 894 211 265 85 128 323 59 206 447 232 77 105 240 262 91 237 6 1 27 52 249 150 85 17 140 246 86 135 157
128 167 178 495 194 266 88 270 276 183 149 86 90 279 168 227 130 22 12 268 250 232 147 6
693 910 17 63 230 283 924 485 315 868 76 526 446 315 946 155 107 109 973 354 274 157 593 233 77 492
0 277 287 292 425 42 184 273 221 231 118 132 290 102 37 276 76 100 246 52 190 123 224 114 294
114 152 175 201 255 282 292 74 185 175 2 249 180 79 58 224 87 5 15 288 95 267 62 61 257 125 276
49 182 206 495 208 641 178 100 892 143 485 408 495 208 180 828 320 265 809 381 650 140 828
78 297 243 14 223 265 213 250 53 24 195 179 137 129 123 288 297 255 241 10 98 145
10 188 58 112 13 16 42 216 269 10 7 9 284 280 129 34 291 126 103 255 293 106
593 182 298 204 92 76 173 94 152 78 107 60 49 217 195 127 266 292 105 132 123
7 10 112 153 172 228 640 104 68 23 11 267 281 232 253 32 180 245 167 88 189 241 144 183 234 119 48
0 224 545 215 241 270 123 270 241 271 271 397 6 271 241 6 252 201 859 713 198 893 898
135 107 28 27 211 125 156 292 94 129 239 76 38 296 293 122 143 259 282 151 15
35 111 258 293 213 281 115 116 94 90 32 11 219 230 68 240 225 167 67 128 199 142 262 114
52 107 237 287 289 322 518 31 183 293 164 33 152 58 85 210 284 78 258 37 144 221 63 276 259 185 9
284 269 304 280 269 280 9 304 425 148 9 923 70 211 77 63 31 421 787 319 344
149 322 147 109 162 278 99 147 42 209 227 4 244 102 196 82 140 105 218 158 21 94
876 79 286 322 420 58 89 824 924 641 495 999 782 58 289 931 180 81 828 828 246 381 140 809 285
876 168 153 217 221 222 372 10 222 241 10 78 78 57 287 68 166 295 586 381 54 34 228 138 575 33 109 137 240 221 44 68 39 131 230 166 74 246 291 29 151 219 226 293 274
84 173 86 22 229 189 41 57 33 225 34 280 199 252 198 20 216 167 2 214 111 286
152 171 268 195 133 64 85 218 55 92 118 23 82 240 196 152 230 146 169 5 11 261 162
20 28 139 157 203 47 197 826 931 931 942 973 973 826 826 973 152 345 212 267 161 645 280 448 473 568 58 145 149 183 11 3 199 254 211 189 261 202 46 13 34 190 58 87 16 133 249
147 218 229 44 224 923 222 65 685 685 534 960 575 297 166 166 180 138 68 295 54 121 228 224 283 21 181 84 280 239 92 90 108 293 39 224 276 74 53 216 141 235 31 219
730 33 93 255 201 210 214 270 977 425 252 153 252 252 793 291 645 48 615 267 160 93 490 271 243 78 103
28 43 141 596 222 471 150 372 596 364 224 166 297 180 54 68 295 221 182 121 401 129 586
