170 179 457 48 94 148 207 234 275 332 756 439 394 249 519 445 438 917 233 480 337 978 441 250 347 375 600 110 684 56
10 229 259 266 294 281 67 271 102 135 48 253 7 161 263 0 80 53 237 232 219 176 14 36
18 28 151 179 680 745 80 102 261 24 261 102 286 261 0 92 258 210 978 82 258 375 14 600 337 756
46 288 860 823 353 250 823 745 793 636 687 636 63 329 754 30 454 41 30 754 225 225
12 53 90 215 450 191 217 133 229 54 45 99 218 43 124 202 168 125 81 2 236 239 294 96 117
219 253 267 498 646 13 76 142 270 258 290 183 259 42 185 257 63 146 289 41 239 274 84 74 227
28 119 168 197 194 110 100 222 121 34 80 97 25 39 183 289 32 285 119 160 22 232 136
2 281 168 289 110 291 142 170 22 170 22 716 387 107 879 966 468 941 229 683 177 983 67 105 213 143 297 34 279 138 92 245 232 83 100 7 175 51 230 124 70 95
9 15 16 166 185 233 58 254 238 4 77 163 237 19 236 170 119 260 52 0 201 130 194 84 249 136
150 12 285 252 84 147 223 211 228 209 107 86 24 288 274 146 121 202 62 124 19
169 363 177 28 163 72 84 92 41 219 211 236 182 128 98 127 251 243 250 103 235 179
214 236 498 274 58 38 147 129 228 136 178 205 131 85 59 252 71 164 211 17 78 226 296
12 114 274 133 19 17 185 49 260 267 134 203 50 66 298 136 201 242 42 196 79 274 35
21 146 290 121 224 72 168 221 139 27 12 100 10 142 164 197 174 241 146 254 299 56 206
59 153 172 211 328 145 43 6 245 54 2 14 25 153 232 9 242 214 265 117 97 228 26 39 31
42 275 332 44 185 15 81 214 239 188 111 87 170 225 34 224 159 256 108 23 264 230 40
24 216 225 258 276 416 27 154 281 244 117 13 209 205 176 216 251 97 191 111 144 152 145 58 91 139
95 223 241 249 83 77 176 278 280 164 296 113 272 287 180 168 230 94 18 15 143 93 211 40
134 212 246 491 105 173 154 259 26 143 85 89 221 216 36 246 175 7 289 47 220 222 97 67
14 100 115 145 207 240 252 95 155 190 280 167 80 125 262 84 22 125 264 234 204 331 128 134 24 473 276 159 331 101 290 238 149 265 238 150 280 133 213 474 744 88 228 78 206 72 255 689 90 54 72
84 229 273 96 140 185 39 104 280 200 228 37 171 25 258 254 8 205 249 147 241 88 175
53 238 237 259 299 106 77 140 91 70 81 38 144 4 17 89 15 214 46 249 274
96 150 169 114 257 123 276 139 106 39 57 16 62 74 65 286 248 90 279 70 173 63
135 158 416 81 107 271 108 257 295 44 44 978 285 66 54 257 168 4 166 197 136 229 134 269 941 683 248 32 27 130 292 11 255 10 280 1 251 208 145 68 220 75 203 253 210 238
80 141 244 287 171 277 298 156 102 215 211 102 14 262 230 208 57 331 473 273 54 102 166 66 134 927 276 227 20 101 249 187 55 267 131 28 54 191 43 160 215 298 281 197 274 170 216
236 51 175 149 294 101 97 275 139 218 235 176 10 108 170 11 13 231 34 26 94
130 170 188 221 255 221 268 47 158 148 57 197 126 225 11 55 20 160 121 34 15 198 136 109 232
45 165 201 230 21 202 171 294 228 47 292 90 299 104 140 194 230 98 77 153 155 210 169 167
169 14 171 20 57 278 231 171 110 68 110 214 159 331 473 101 331 66 134 54 927 234 252 231 42 128 194 64 221 90 140 178 7 258 253 208 159 158 123 89 41 36
105 133 237 258 177 15 23 130 217 264 108 225 221 87 25 272 1 288 129 90 239 292 201 202
222 275 286 32 63 48 59 41 227 104 100 107 79 38 117 44 123 173 188 16 49 179 51
124 132 211 298 156 31 135 105 190 57 208 110 164 239 194 88 95 226 155 235 214 153 265
91 92 102 123 140 272 298 66 143 6 231 164 216 54 126 261 36 179 251 175 271 173 193 203
80 266 288 66 257 252 107 51 13 249 32 24 95 162 96 144 231 151 55 146 239 208 247
39 102 243 292 281 34 79 205 256 97 38 227 85 276 52 112 15 175 254 197 154 123 25
9 44 100 110 117 163 14 101 223 86 292 234 113 160 142 190 7 102 230 235 99 268 111 241 219 33
123 241 254 299 76 8 203 168 229 146 114 171 289 72 184 17 160 161 262 12 189 29 170
83 141 38 166 86 109 31 152 291 89 126 293 237 214 221 14 70 254 129 233 212 118
145 266 207 5 109 26 262 132 69 138 239 39 143 283 210 254 244 172 197 76 264 241
67 163 230 254 277 285 158 285 10 81 266 65 270 41 163 141 200 191 66 274 39 19 194 107 262 218
15 64 85 290 416 44 35 133 224 25 137 138 287 189 175 174 253 244 78 278 147 50 181 202 31
1 21 175 69 209 166 191 67 106 171 50 14 141 112 173 237 286 68 289 2 82 243 139
213 94 35 253 200 277 10 140 275 237 149 188 171 143 266 256 190 57 265 114 272
23 73 157 34 101 138 187 284 127 137 99 236 164 13 283 25 52 51 269 162 30 221 31
18 100 141 213 294 145 3 220 214 185 235 246 260 159 213 239 135 54 122 69 205 211 253 127
14 134 196 213 239 114 65 130 115 277 200 191 190 122 158 226 209 278 175 62 156 217 47 104 87
9 12 31 125 235 34 105 33 157 231 173 169 211 111 202 251 166 298 261 23 145 97 212 8 233
104 193 270 40 239 28 173 82 181 152 257 213 147 182 156 115 128 229 145 188 138 112 298
3 92 131 225 253 54 286 149 191 158 134 74 92 186 96 103 237 11 189 66 265 278 217 6 174
148 269 241 199 169 115 203 223 75 50 264 193 181 254 167 58 124 114 226 268 233 89
33 195 226 244 262 10 296 96 78 47 92 261 243 107 254 19 60 231 95 184 236 202 80 113 53
30 211 159 187 100 163 68 293 234 299 164 278 188 183 87 51 1 225 10 284 136 252
93 150 157 295 404 40 281 135 138 222 65 71 138 250 138 546 289 744 291 78 206 244 689 744 238
16 47 82 100 286 291 178 272 200 80 226 88 205 82 100 13 125 49 157 21 93 239 254 173 265 253 150 190 150 9 150 11 178 290 81 931 92 53 142 43 142 148 299 40 275 106
17 212 75 99 27 52 118 190 46 133 0 231 196 192 85 1 107 158 187 257 11
38 59 235 65 18 278 282 195 236 198 273 203 52 136 74 156 294 16 12 265 53 285 61
43 210 211 215 223 247 249 404 6 298 267 34 290 34 8 253 233 134 97 102 159 166 276 473 899 224 101 273 331 214 298 167 32 125 133 95 21 26 44 253 122 82 214 69 48 72 290 168 188 16
4 95 96 98 113 137 162 172 294 208 192 75 227 271 157 247 73 70 48 95 30 228 209 144 196 119 197 54 32
136 200 71 87 177 152 289 35 200 78 114 248 108 6 214 39 257 144 48 170 76 195
283 280 63 128 34 9 180 230 143 173 242 257 83 283 155 171 261 181 40 175 161
11 14 46 141 240 277 198 102 262 7 123 6 289 22 163 99 13 137 15 162 205 126 62 292 251
74 328 166 188 108 155 188 166 108 106 744 689 206 72 175 72 546 88 289 213 255 244
32 46 188 107 212 89 114 131 234 148 107 131 234 331 159 899 214 166 473 97 331 224 276 226 156 116 156 172 113 79 156 113 172 98 96 288 299 267 78 942 167 163 121
250 251 294 84 115 5 296 20 45 171 11 103 92 44 49 158 260 55 54 205 266 68 178
99 189 225 219 265 170 38 22 295 41 236 136 288 147 221 239 201 60 222 95 141 235 281
850 234 16 64 266 59 137 254 110 191 157 19 190 226 115 5 34 271 239 30 168
235 328 81 256 213 27 189 82 146 149 3 113 276 170 182 199 177 62 88 283 200 202
841 106 155 221 251 278 65 210 127 230 143 96 63 173 165 24 158 249 221 55 31 76 262 36 77
13 57 89 208 261 235 236 105 268 289 189 31 81 151 55 231 113 290 296 112 299 284 74 30 262
120 240 260 270 241 185 206 33 198 62 225 279 70 171 287 76 59 271 240 212 160 276 298 192
64 114 204 10 107 277 0 114 63 115 26 29 237 3 35 210 131 158 213 259 199 42 225
109 162 287 294 21 92 47 157 171 142 231 232 108 178 12 270 229 285 147 225 194 39 75 170
76 127 135 141 404 217 232 185 129 10 280 119 277 67 80 81 141 27 7 255 98 224 117 104 259 277 24 72 74 243 189 284 101 280 190 201 40 249 292 43 273 37 295 36 75
1 82 104 192 212 209 19 766 19 165 90 197 19 276 255 78 228 206 244 88 744 238 217 175 873
133 161 45 99 188 221 182 285 286 178 248 295 171 118 265 137 206 276 215 2 158
85 100 265 1 26 185 189 3 766 217 29 3 88 29 13 175 132 251 57 468 162 188 82 198 133 4 201 253 143 158 202 10 230 3 159 238 88 138 172 62 194 14 220
10 94 247 291 76 197 104 258 211 213 163 18 27 7 122 52 260 240 46 171 169 147 249
74 232 97 123 299 48 270 27 121 202 4 246 17 172 93 38 264 128 291 182 174
2 18 103 152 219 246 254 88 115 189 104 46 216 47 290 288 130 101 16 255 198 192 111 55 176 86
240 251 10 289 93 23 278 108 254 90 85 281 95 214 271 119 56 130 163 259 62 249
50 76 273 45 197 189 230 37 216 78 255 62 70 209 208 225 83 140 146 284 72 111
126 153 295 71 101 32 204 123 85 280 182 206 33 269 224 285 296 288 151 198 154 122 70
164 0 153 157 181 264 192 17 242 40 67 98 36 129 259 210 100 6 289 164 234
70 84 165 265 19 206 17 126 235 165 62 241 142 188 15 34 73 171 136 121 214 217 124
75 146 181 246 84 84 58 246 58 182 182 14 744 289 213 72 88 78 291 72 238 873 206
160 237 17 232 234 68 240 145 257 150 222 131 275 213 44 46 298 59 64 67 163 112
193 263 115 56 83 215 134 70 183 34 40 203 18 177 96 213 267 293 279 272 266 94
24 51 90 114 256 277 95 2 124 35 45 217 79 283 150 143 279 109 254 196 259 158 37 122 91 8
48 142 153 174 181 76 32 272 190 144 40 137 192 116 279 25 146 142 72 223 107 159 231 34
54 141 197 259 189 151 188 92 6 294 192 243 64 233 146 80 200 37 96 137 18 3 12 149
61 230 244 96 289 142 225 266 181 206 28 56 172 222 238 36 267 145 95 137 270 29 261
169 186 251 120 121 161 3 154 209 95 56 115 148 220 47 287 237 196 26 149 146 128 183
11 71 88 154 261 80 6 23 242 219 257 62 236 193 103 238 136 38 149 66 189 154 223 250 190
60 174 149 120 279 43 61 167 199 187 98 103 190 74 253 166 6 25 269 111 109
62 154 224 29 198 264 272 222 30 262 184 64 17 290 285 205 132 266 287 283 158 263 57
61 154 159 115 261 287 35 20 253 217 191 161 289 9 81 45 117 163 124 3 211 107 139
45 203 263 268 122 200 74 169 119 66 2 142 64 258 5 9 89 240 295 267 225 213 57
43 134 148 179 186 404 113 171 0 73 147 178 124 151 228 241 242 75 119 104 137 285 134 31 269 82
87 124 290 8 223 240 173 29 142 172 2 88 40 265 147 134 65 70 50 93 25 247
43 203 75 221 76 58 290 290 203 203 9 286 1 50 544 679 238 293 223 297 771
125 135 184 273 243 209 43 235 209 180 78 72 213 206 291 7 88 217 72 175 238 255 289 228
34 257 274 262 219 193 240 143 129 116 172 102 114 205 266 150 11 226 203 93 3 92 241
62 98 135 248 297 78 93 142 199 142 78 235 228 206 474 873 744 289 72 238 72 244 291 255 88
55 73 115 178 272 294 315 328 56 134 281 317 154 51 154 154 51 296 771 115 236 235 217 50 234 54 230 5 113 70 409 285 231 27 86 132 88 170 291 3 102 161 297 233 87 93 264 294 91 67 181
121 243 17 41 50 54 155 162 6 28 155 296 6 115 18 33 50 94 548 116 54 409 217 70 114 235 156 98 208 114 117 170 89 259 6 261 217 169 137 9 153 178 237 0 75 211
150 293 8 110 214 170 269 193 40 182 138 59 259 255 225 257 272 298 173 1 285 275
26 260 25 36 254 34 208 97 256 172 251 8 190 192 26 295 209 170 290 294 188
98 299 488 80 292 82 268 23 30 98 109 97 134 256 234 159 162 62 184 112 58 103 120
230 286 234 297 46 133 171 295 65 60 2 240 291 20 184 128 170 132 154 146 204
37 136 249 11 191 267 190 94 60 86 279 104 274 20 146 65 186 125 264 123 164 268 245
95 51 52 146 144 24 39 92 221 133 247 269 192 77 263 230 29 204 239 13 123
147 165 176 231 281 58 193 45 26 205 208 179 165 163 265 17 113 97 279 227 289 209 298 187 101
222 234 131 135 62 18 39 187 11 174 245 31 190 151 104 29 21 199 229 248 235 115 243 24 16 69 208 10 249 168 292 229 117 173 144 237 242 74 86 225 247 5
67 139 202 210 107 224 97 23 72 86 69 76 236 71 151 147 136 35 235 205 196 148 232 217
76 106 148 285 103 184 195 258 57 120 76 80 248 8 139 152 31 126 200 266 279 108 176 299
124 267 80 29 17 97 280 0 99 37 279 173 165 32 115 8 128 218 183 265 162 52
22 203 4 231 36 277 38 272 46 14 1 108 86 296 124 17 56 78 216 128 160 259
84 88 114 198 291 156 52 12 114 274 195 25 48 28 22 241 213 73 268 262 33 293 23 107
37 64 109 188 51 154 177 161 13 47 8 233 83 104 225 178 142 37 113 94 166 22 42
99 134 136 81 21 194 260 215 4 98 244 272 257 6 251 170 296 120 90 88 28 165
8 72 80 137 183 211 224 247 257 109 18 286 276 237 266 108 129 231 274 130 40 116 131 54 87 183 269 281
34 165 193 293 98 95 200 230 20 71 74 137 53 296 111 99 193 243 184 26 115 85 130 187
139 222 108 137 237 175 148 252 73 130 284 182 77 70 143 43 157 242 17 69 210 42
243 256 498 292 62 100 224 263 249 231 261 145 282 19 184 157 235 104 130 164 200 150 113
129 193 251 27 127 188 173 161 261 140 168 193 122 178 139 108 199 7 136 144 111 262 104
276 17 277 73 199 132 272 133 2 211 105 225 93 162 11 156 153 241 0 98 187
8 18 214 23 112 141 24 62 40 16 101 221 123 137 15 218 152 187 4 86 99 277
46 171 165 293 122 281 138 89 239 217 77 84 137 94 292 27 214 8 155 23 72 59
59 156 184 89 281 274 164 188 196 93 235 205 143 31 246 62 68 21 254 289 136 153 60
144 212 164 162 246 36 95 181 196 189 281 272 242 91 165 191 238 74 159 42 121
0 48 72 119 254 211 176 5 278 35 49 7 295 133 63 69 238 237 96 10 163 288 263 90
17 55 75 92 218 271 297 98 135 188 280 256 243 257 131 224 78 157 123 29 178 62 191 93 40 63 194
6 66 90 170 292 71 146 0 290 235 219 109 15 281 100 9 274 245 266 134 260 215 295 77 14
194 252 498 158 127 149 13 93 267 290 277 16 165 284 134 68 111 251 211 225 228 201 247
193 283 293 0 48 162 247 118 156 202 26 255 150 8 15 292 110 235 214 224 267 262
87 292 183 91 295 287 83 33 42 269 188 121 22 96 45 41 192 71 198 283 77 247
31 63 173 247 498 267 101 48 194 66 274 125 246 106 59 298 145 12 226 82 60 237 296 88 230
279 169 139 110 265 80 265 80 785 265 110 265 785 72 206 175 213 744 291 289 744
279 43 245 262 74 297 116 119 213 279 195 230 134 14 83 77 124 93 165 149 161
36 171 404 19 66 212 250 183 295 39 261 261 39 163 899 224 234 214 273 204 54 159 102 166 7 196 263 103 18 163 261 256 106 266 295 259 69 240 110 212 62 239 43 227 105 252
233 258 135 289 253 2 232 220 82 262 77 236 200 132 173 255 47 298 63 174 53 103
30 95 158 179 237 152 141 118 25 91 14 226 2 94 189 293 232 90 286 173 193 186 227 185
38 32 162 126 55 25 170 108 66 42 121 12 230 9 50 291 106 288 128 275 136
69 245 13 151 246 169 232 148 118 174 132 85 5 210 209 147 170 157 295 25 171 36
78 103 292 98 250 51 28 23 227 58 240 137 270 190 11 230 16 138 156 202 8
235 404 256 161 169 231 292 126 216 260 177 228 273 225 49 157 238 78 202 281 119 243
211 252 3 183 223 282 122 78 15 81 25 279 66 296 232 19 187 247 257 238 177
81 296 269 120 54 113 188 68 140 279 247 255 230 274 180 256 297 185 28 261 86
80 149 163 164 51 169 68 288 22 211 165 187 23 114 127 54 281 21 45 138 236 203
45 83 246 107 75 76 164 124 186 78 219 221 255 281 169 265 284 29 232 198 56 127 97
38 67 164 44 258 112 25 197 182 292 181 18 235 172 169 271 66 123 180 11 58 264 40
102 208 298 364 60 240 764 209 245 16 240 16 27 98 288 145 163 942 96 121 559 213 167
106 107 269 272 5 143 216 136 64 55 1 21 76 50 206 103 69 128 255 269 117 195 40 241
127 133 243 297 153 28 265 139 206 284 297 13 270 248 269 230 84 72 293 100 295 122 22 278
47 150 281 162 162 257 257 40 98 606 199 257 182 218 32 141 49 97 220 260 167 135 229
25 225 281 294 140 274 246 234 256 114 48 213 7 222 126 17 189 229 260 254 297 214 296 55 47 157 106 11 156 224 20 179 164 34 5 150 105 190 283 249 76 170 127
5 58 69 85 18 120 218 33 164 173 221 24 261 81 110 202 64 267 50 100 85 210 66 102
50 140 202 33 64 174 125 214 86 232 31 78 159 223 292 192 257 48 98 138 275 263 231
56 198 11 67 223 88 31 46 44 105 180 247 218 171 244 76 106 216 297 199 21 193
96 498 258 91 160 138 99 276 194 209 141 152 116 69 133 128 251 70 18 240 56 222
100 89 206 18 2 106 270 96 178 132 250 152 65 268 174 151 275 272 12 267 253
16 60 66 117 122 248 51 87 41 176 140 31 250 210 9 296 231 145 16 187 120 89 272 142 139 103
57 85 113 137 150 404 137 64 283 212 174 293 290 176 257 149 78 124 135 183 190 158 240 232 58 91
141 167 190 194 266 262 54 99 34 164 32 87 142 53 217 33 4 192 235 256 282 292 91 249 196
119 144 157 211 75 166 271 144 109 198 263 36 178 186 45 127 56 261 81 90 270 252 213 102
217 103 248 188 127 211 201 28 153 138 192 94 156 92 33 115 218 182 7 102 113
211 249 282 70 240 177 180 160 26 7 8 1 50 5 179 124 259 197 217 290 283 9
153 162 292 227 287 40 230 18 207 234 48 55 284 235 269 203 212 210 8 131 109 263 94
135 187 328 166 107 172 268 261 294 150 82 267 272 239 207 6 80 70 13 196 88 153 64
280 9 6 60 225 38 89 272 18 83 288 47 85 208 261 206 224 273 299 23 62
6 62 89 117 225 245 315 225 192 253 49 246 38 0 70 184 134 51 124 159 36 206 294 137 80 132 226
203 206 255 109 290 100 75 228 232 286 220 134 23 82 192 199 191 72 274 132 223 84 231
108 152 207 433 168 132 196 55 31 82 169 56 22 17 236 76 147 117 33 116 209 129 111 252
0 185 273 122 271 212 115 43 61 75 205 246 146 60 187 71 47 32 64 158 72 16
9 144 174 196 207 280 328 138 97 134 214 38 253 135 190 59 291 195 26 191 236 54 172 49 169 243 31
0 242 91 30 129 253 240 133 191 181 260 1 60 263 295 249 78 8 98 45 108 248
12 39 194 202 24 84 274 178 126 26 21 242 268 187 198 42 13 180 131 251 101 194 87 207
63 204 208 217 298 109 135 139 20 239 272 22 23 173 182 4 226 121 70 231 153
189 255 69 177 195 170 290 175 263 165 48 28 120 68 292 225 32 223 157 266 271 274
17 125 138 164 134 130 70 156 168 181 270 253 275 225 105 115 127 84 229 237 222 200 193 171
1 29 52 57 287 205 210 104 30 8 37 119 190 152 43 285 145 284 177 17 26 217
0 52 146 192 76 222 94 205 92 54 174 29 42 269 122 27 78 131 13 230 265 132 93 177
202 220 268 272 66 261 61 177 164 103 32 35 24 88 235 149 49 184 47 277 70 251 265 90
