108 255 87 382 427 450 884 36 803 978 288 227 770 963 115 228 875 828 29 670 626 95 872 936 953 422 747 189
245 790 470 893 187 586 260 745 26 914 230 856 507 699 523 743 624 982 429 940 612 1 8 147 245 267 95 180 71 238 64 219 110 258 102 266 14 41 61 240 106
863 4 187 4 236 204 119 19 234 207 260 249 25 290 192 511 602 19 93 594 10
170 200 248 256 119 43 43 245 245 229 84 120 172 207 767 175 963 175 212 962 163 277 289 75 503 31 208 677 176 251 163 208 323 944 892 821 892 204 240 363 734 105 379 769
158 182 208 263 281 354 108 117 149 155 229 269 106 857 118 654 245 56 857 276 131 88 115 955 207 175 767 962 292 99 963 212 275 131 95 166 217 294 50 291 292 89 203 92 77 248 71 75 21 69 83 113
60 159 171 280 218 243 157 139 134 51 225 41 248 275 112 171 184 78 194 44 207 19 42 1
151 252 179 254 180 133 139 124 273 151 249 220 140 116 231 79 210 284 40 122 27 172
91 185 294 255 17 201 134 213 183 119 84 129 88 290 159 167 263 270 113 46 37 241
254 299 257 125 13 2 196 245 163 44 238 26 246 14 289 88 222 243 203 40 115
234 255 187 222 76 141 257 53 110 165 268 252 224 299 151 251 137 20 163 96 31 27
27 153 192 202 242 117 6 282 287 197 11 94 26 23 254 250 207 167 116 146 246 68 285 158 58
144 197 27 48 247 214 212 163 290 110 117 220 101 11 169 239 268 144 175 261 174
46 112 232 145 29 249 213 694 694 694 805 12 696 942 321 3 147 134 217 126 143 91
56 214 215 222 220 174 232 232 232 222 199 20 839 414 54 171 185 246 294 238 85 240 209
98 134 204 151 137 0 100 183 202 197 108 161 209 8 293 71 130 189 191 68 87 170 165
40 82 226 248 86 248 22 204 204 120 215 611 676 329 658 35 119 393 39 132 36 225
175 229 238 185 89 293 42 192 148 110 165 10 52 213 286 161 45 125 216 194 196 163 176
9 111 154 227 111 227 83 168 265 213 276 164 49 158 99 20 44 80 157 233 287 152 6 127
166 222 236 31 290 15 135 85 151 17 166 28 142 94 187 224 176 75 3 78 281 129
18 118 286 249 44 206 170 109 58 249 276 279 165 126 33 237 3 91 112 180 805 557 696
126 258 143 217 143 169 230 73 142 143 46 219 83 127 23 266 11 233 260 284 988 220
99 127 218 236 128 150 255 0 184 101 115 77 210 21 163 57 94 153 117 66 78 266 202
115 157 145 19 184 245 244 198 285 56 81 281 164 252 70 44 7 150 47 60 12 267
94 169 135 217 240 24 168 155 120 236 81 127 44 43 176 216 103 8 196 118 186 18
111 158 164 200 112 24 20 193 77 134 253 39 237 229 299 136 69 85 226 201 27 174 210
55 106 295 160 94 251 246 146 43 63 134 136 4 242 237 249 239 72 11 96 265 83 114
62 86 124 135 107 279 86 281 205 125 121 95 11 203 127 186 83 277 66 218 118 157 67
20 148 276 222 154 69 274 84 35 275 129 113 223 214 241 259 199 1 22 57 216 33 233
21 67 136 254 114 251 44 145 176 150 237 133 118 100 183 171 229 255 99 142 201 243 267 90
52 64 104 253 227 286 105 114 128 184 231 63 2 26 5 186 142 252 119 122 276 132 24 64
49 285 290 121 269 165 243 35 240 93 22 80 194 129 7 96 285 98 167 17 40 197 252
232 40 14 285 22 156 94 217 11 83 132 44 291 21 58 71 264 181 239 53 67
13 138 237 56 246 260 220 290 214 130 61 230 219 21 196 289 68 137 211 265 85 140 217
211 220 231 248 25 196 280 24 160 124 156 266 43 254 9 226 193 6 166 295 7 228 269 241
42 72 218 42 202 172 262 173 268 82 77 140 130 70 244 89 168 203 139 250 98 34 8
122 249 263 268 56 27 267 245 118 166 75 52 93 57 260 182 283 121 47 48 293 71
79 87 274 84 146 157 267 158 172 286 196 262 274 86 230 252 239 238 299 241 207 108 73 4 265 192 281 149 114 103 183 263 151 54 199 7 227 91 208 77 232 18 236
0 262 108 244 297 107 242 253 191 221 169 254 9 282 54 116 187 223 157 59 239 166
36 131 131 268 102 235 224 295 6 25 80 40 173 232 156 191 258 138 93 174 144 95
7 40 81 230 170 4 125 122 15 7 74 12 28 212 175 91 106 98 48 0 114 259
12 249 94 27 298 43 288 266 70 81 57 140 44 85 177 49 139 204 13 51 263 248
34 159 237 298 275 59 213 115 299 45 141 12 243 293 257 232 36 22 67 164 128 174 229
38 214 159 263 83 196 62 184 264 10 230 275 4 78 102 235 176 101 111 270 273
72 109 122 193 249 133 25 156 130 226 189 163 12 107 127 38 43 33 237 202 63 42 53 251 219
69 104 155 251 126 144 100 241 140 247 34 80 67 1 71 258 194 155 216 278 128 3 221
2 88 160 177 233 229 43 88 39 84 67 223 148 104 138 171 143 60 103 46 219 120 80 135 38
97 109 191 77 295 65 26 211 12 106 291 72 272 228 159 117 171 39 269 246 135 284 54
49 129 248 134 286 134 57 203 290 194 127 224 266 35 221 284 988 23 234 233 40 183
22 74 3 20 12 84 166 120 101 254 34 129 275 130 245 0 285 215 279 240 222
183 186 248 256 162 247 3 80 174 21 175 0 55 235 138 286 64 157 227 297 22 75 34 40
988 43 56 250 163 279 261 288 286 96 290 240 130 192 219 226 204 53 21 35 30 186 175 64
134 168 40 249 14 162 228 186 74 141 18 19 267 170 24 294 169 281 235 61 127 85
119 239 289 149 96 83 149 110 21 96 161 191 209 166 960 81 105 41 401 705 595 94 149 294 188 267 287 196 151 88 7 164 29 208 194 47 205 281 177 283 150 20 54
186 249 14 75 37 115 216 185 196 42 55 124 104 105 78 220 125 21 217 15 156 154
67 70 175 236 242 74 264 230 18 54 44 32 46 10 236 122 219 197 109 67 132 233 271 138 101
130 160 176 242 253 105 46 1 247 116 152 44 250 127 243 280 206 230 156 167 41 270 36 146 69
28 54 102 124 180 282 293 208 123 139 192 255 133 259 59 79 34 179 12 92 50 106 243 143 148 223 2
54 125 158 222 295 173 290 282 285 132 289 206 5 285 285 2 285 11 51 220 234 60 23 165 233
63 84 117 141 69 292 272 51 205 217 216 218 30 242 75 45 13 6 123 290 284 36 25 153 95 115 212 298 77 84 104 176 163 166 64 26 188 134 289 114 71 42 258 226
24 75 37 143 33 54 109 253 38 160 44 170 229 6 49 214 63 117 19 195 5 250 236 296 252 279 93 200 267 22 297 44 145 235 24 243 176 16 232 164 268 167
20 28 44 115 160 202 85 18 260 177 184 234 71 101 16 213 297 58 76 42 19 205 79 247 128
121 290 219 297 106 291 163 13 109 36 236 255 20 86 147 173 22 55 274 187 261
105 218 234 280 220 219 113 28 247 107 290 130 64 26 298 52 76 91 44 75 292 206 111 237 57 75 79 67 93 276 284 275 195 91 245 185 37 128 80 213 268 99 229 192
106 209 80 85 158 191 229 166 81 270 56 57 221 239 186 97 286 61 263 25 62 216
24 128 237 291 257 96 123 13 90 15 268 39 0 174 163 178 164 148 25 265 4 209 66 81
62 258 108 135 205 291 290 128 267 127 149 31 89 207 41 167 226 179 50 134 286 57
37 247 251 275 579 45 172 290 53 298 256 36 33 229 175 295 100 40 155 185 156 112 98 239 125
17 39 292 19 158 64 63 163 79 27 228 216 211 279 131 207 114 235 182 247 5 7 245
33 74 115 148 227 277 165 272 175 14 36 226 44 105 62 12 53 34 168 266 199 9 10 282 215
27 201 248 265 199 59 23 219 136 123 204 262 126 237 215 78 97 83 4 46 161 234 232
123 162 171 79 229 64 123 287 59 42 37 28 212 111 265 83 129 250 269 139 225 207 228
24 133 148 255 259 88 94 26 170 215 70 112 27 132 288 42 138 176 110 270 50 196 187 283 205 282 93 81 297 153 62 96 31 127 221 199 122 287 201 275 76
58 134 141 172 46 128 287 236 2 265 205 10 297 72 150 3 20 34 296 177 146 83
71 156 194 151 290 80 132 27 227 232 215 5 255 160 279 140 270 28 59 128 133 21 124
126 205 234 261 10 21 188 243 119 53 113 65 8 223 1 226 0 86 74 185 294 57 111 240
81 203 295 237 217 110 231 170 150 118 42 113 255 243 121 274 244 195 256 142 12 154 88
131 248 644 151 183 218 91 12 46 228 191 199 234 45 40 263 162 235 121 135 57 16 224
0 296 191 26 105 265 183 284 164 151 202 229 111 45 49 11 223 276 212 70 290 233
250 159 172 279 222 239 101 169 98 209 228 13 193 255 249 81 198 145 289 292 68
84 292 870 55 273 153 91 101 261 67 82 198 87 220 225 178 59 190 226 200 129 202 207
80 170 870 117 102 61 277 134 265 277 165 260 183 988 234 11 220 51 221 35 157 60 165
36 70 161 178 202 236 277 579 187 256 25 66 245 51 68 238 240 180 268 214 63 134 126 295 42 281 86 192
52 69 181 230 180 184 50 56 278 260 262 210 36 133 40 283 28 257 82 242 65 124 197 264
13 131 165 273 285 214 170 193 53 89 93 31 204 145 117 219 121 99 208 14 18 10 181 210
20 262 241 108 137 226 176 209 218 173 158 3 145 277 190 131 143 234 192 242 22 20
88 98 170 390 164 40 16 55 70 12 19 80 236 107 182 168 229 64 112 191 24 114 212 187
988 182 181 140 107 243 20 110 244 279 195 215 151 45 212 131 91 219 1 137 170
49 54 100 128 174 176 289 53 195 72 210 31 89 48 107 5 37 224 180 143 193 208 215 158 244 144 226
152 180 279 282 94 201 62 6 175 238 180 149 108 58 70 38 272 48 204 153 182 237 47 230
60 274 85 68 137 230 165 286 120 181 217 295 61 250 15 193 246 34 297 141 267 271
1 55 119 204 269 184 267 229 203 6 60 200 76 29 108 296 99 235 249 265 280 218 117 264 231
69 97 188 204 103 271 271 237 220 268 103 220 237 25 265 645 274 290 927 22 257 282 100 131
988 52 132 294 137 160 15 278 215 146 112 50 96 204 118 151 14 289 127 140 123 121 113 41 115 223 262 284 263 279 184 221 56 189 268 20 216 232 122 34 54 62 48 217
136 181 47 274 0 263 192 62 109 240 258 212 92 257 102 199 217 243 290 105 291 285
104 157 214 62 35 189 95 266 69 0 34 188 131 71 14 183 164 86 201 294 37 29 9
26 136 166 240 5 189 173 121 256 294 279 250 152 213 283 77 166 178 157 102 291 97 92 143
102 122 139 255 44 246 94 93 299 171 231 250 248 141 42 298 273 230 160 12 146 40 77 107
127 220 246 436 244 268 236 116 114 92 47 132 88 204 251 11 138 79 166 77 94 259 72 287
242 288 216 157 22 90 246 17 23 78 268 160 277 38 230 162 142 95 100 152 197 215
113 232 247 63 281 161 89 129 154 294 1 47 212 252 125 15 36 246 182 280 223 178 213
55 154 159 77 128 264 53 69 198 6 45 119 191 259 292 122 234 278 143 196 181 258 0
36 93 255 155 192 272 183 21 29 110 107 96 268 85 68 196 22 108 142 220 158 52 23
151 222 284 390 133 7 106 106 128 247 251 142 257 187 285 78 927 253 158 64 228 185 86 271
163 209 235 242 287 31 233 239 201 63 83 73 15 107 7 117 293 93 19 138 62 183 227 146
870 5 295 24 231 193 59 253 285 115 182 266 4 69 76 92 143 201 263 22 43
58 150 261 297 870 243 90 25 187 298 31 155 23 176 40 256 93 234 60 270 188 34 87 273 208
195 204 205 90 234 36 153 131 205 32 182 71 215 87 191 21 250 30 88 204 243 265 156
50 53 126 137 142 224 195 112 195 268 207 112 16 105 139 195 156 112 290 173 22 153 249 354 80 180
62 127 157 183 275 579 32 151 73 279 260 47 3 172 225 143 136 150 80 89 62 93 287 157 170 203
46 151 244 40 141 221 138 23 22 1 267 11 153 217 255 123 62 152 193 201 154 101
28 197 49 69 40 108 152 269 123 99 48 81 7 255 271 272 226 3 211 8 250 52
12 256 268 485 125 193 273 242 166 127 99 34 216 80 9 118 167 100 103 8 20 237 143 61
38 125 13 121 231 228 138 73 52 88 297 192 62 68 207 257 267 289 81 28 171 37
92 160 168 205 273 654 53 148 112 265 25 263 1 42 86 34 163 50 255 129 56 229 61 63 217 170
988 68 120 133 129 173 212 250 245 124 169 239 226 92 297 179 177 65 153 248 126 186 7 293
44 100 109 175 249 295 643 922 118 86 218 922 221 156 647 192 224 106 283 139 155 40 485 74 213 264
18 90 164 166 198 579 128 95 240 284 167 26 88 163 277 41 55 131 14 278 57 247 4 146 256 116
0 23 77 214 234 251 205 73 239 293 272 108 255 204 76 168 261 284 285 122 6 245 156 231 154 48
30 44 186 266 280 643 248 654 647 34 922 922 221 46 46 485 654 238 200 611 579 116 22 225 34
9 72 176 195 129 131 51 253 175 286 167 241 12 59 63 133 45 76 227 157 270 268 96 172
44 86 163 231 198 205 96 250 47 199 94 213 131 248 272 16 162 91 54 161 80 271 221 64
65 84 118 169 192 233 277 112 162 135 78 61 295 112 199 452 663 91 117 220 286 167 6 858 416 292 167
298 654 107 13 107 49 171 196 123 293 196 13 696 237 557 165 210 137 126 134 805 32
188 229 273 485 643 86 224 29 4 86 222 185 86 224 185 29 33 192 485 647 266 217 106 139 264
34 43 169 117 299 169 299 169 43 83 299 237 247 202 294 54 76 171 245 85 414
26 35 51 94 120 190 169 114 268 166 59 255 223 1 186 90 74 192 124 189 17 133 34 73 240 247
242 297 125 166 202 218 123 74 30 91 290 296 217 204 234 4 193 39 201 268 102
151 200 223 270 155 15 115 278 139 141 235 161 159 41 135 136 165 40 102 55 200 163 83 150
125 870 165 24 95 195 83 252 219 59 281 123 201 135 62 259 216 223 77 31 242 14
64 113 90 24 161 90 116 161 182 545 90 113 419 101 99 55 149 633 446 222 545
159 225 172 235 60 288 43 125 282 168 95 42 201 240 129 296 231 82 192 4 20 281
13 168 232 297 299 74 165 192 34 204 63 224 87 20 61 100 146 16 91 67 160 239 270
94 163 234 9 49 174 282 160 124 229 122 4 16 100 149 289 271 239 257 3 98 136 79
141 172 611 134 238 250 209 215 14 88 223 106 232 3 242 105 16 18 255 280 25 38 120
111 170 216 218 228 178 94 101 283 33 236 292 255 90 11 58 247 93 282 225 122 268 252 7 197
113 235 75 413 258 636 32 32 364 929 808 545 808 258 103 117 295 117 236 110 198 97
66 95 24 59 9 72 4 268 191 139 156 125 296 149 299 250 63 123 167 138 199 237
47 136 60 15 188 35 108 40 211 20 49 230 45 223 131 246 239 175 170 286 217 191 11 78 192 187 221 267 49 61 204 277 57 206 188 85 29 169 278 76 86
11 21 216 241 16 113 296 40 167 273 136 3 107 126 39 120 227 127 141 59 279 163 139
19 89 226 247 257 265 361 215 248 89 104 153 288 126 204 155 298 149 193 125 113 75 132 3 11 295 140
196 175 712 175 927 712 195 188 195 55 142 271 13 155 206 654 64 253 152 870 185
68 185 219 14 152 6 58 116 178 165 25 83 5 135 283 76 205 279 228 260 13 78 231
191 263 115 233 159 17 115 115 696 876 696 224 158 0 200 118 47 543 213 865 285 12
134 176 224 270 299 197 235 18 156 123 182 293 222 195 263 29 85 111 118 154 63 159 239 65 5
101 148 206 269 218 100 295 272 92 144 201 76 181 64 279 96 198 82 152 44 165 118
82 190 192 241 256 733 237 68 68 283 68 237 168 199 138 165 126 696 56 805 128 33 210 143 266 14
27 90 109 182 206 51 51 159 114 867 115 867 121 51 60 51 238 12 543 0 158 285 68 865 213
116 175 279 287 260 253 236 7 163 55 222 275 139 50 108 148 42 198 64 215 257 237 224 208
102 210 216 889 142 65 55 142 55 47 105 39 39 361 72 47 290 173 282 180 165 354 927 278
68 82 285 115 60 228 115 247 247 867 247 393 137 285 47 12 200 214 13 238 0 224 209
24 155 62 118 197 71 247 103 146 74 56 123 138 175 156 27 108 201 46 267 280 195
5 9 72 83 294 61 48 253 151 29 115 196 195 214 162 35 109 193 269 33 188 128 88 9 62
15 61 101 109 268 284 12 105 105 55 174 141 152 55 12 105 131 282 245 257 100 22 833 354 274 56
46 72 158 171 244 259 265 10 64 183 147 58 68 34 223 110 287 89 247 19 217 62 118 218 208 28 55
241 260 782 294 326 296 867 440 286 468 99 485 914 189 132 118 72 326 923 877 160 140 914
41 183 294 326 296 867 440 286 468 99 485 914 189 132 118 72 326 923 877 160 140 914
77 298 59 172 130 199 57 127 130 127 291 238 474 436 689 873 206 78 213 744 228 88
8 34 208 16 58 134 194 196 16 134 283 545 203 77 32 295 42 155 545 288 922 161 227 77 164 44 167 65 9 152 163 7 279 206 106 32 21 255 95 36 289 30
189 239 364 17 132 694 132 870 870 870 177 132 694 545 332 54 419 89 243 85 209 76 247
23 89 298 41 85 244 280 232 289 108 241 292 128 204 129 146 23 150 63 49 285
227 228 297 183 183 62 776 196 196 183 595 243 816 195 297 247 47 86 645 187 90 128 41
5 22 139 208 240 124 268 628 179 196 196 179 283 32 44 552 37 545 19 155 42 288 77 295 922
32 87 93 284 274 153 120 170 161 138 286 37 88 227 104 77 299 225 62 205 143 236 187 48
57 173 263 106 946 182 776 783 524 106 53 648 141 5 663 96 162 131 279 960 81 55 137
89 113 116 154 167 201 259 9 104 175 93 49 174 156 140 226 163 31 142 129 264 176 195 238 236 21 80
136 187 215 29 243 188 240 61 30 244 64 80 116 102 44 141 107 186 108 124 31 133
154 170 230 251 450 949 697 805 147 697 697 697 649 147 951 147 649 33 72 294 35 11 214 972 196
170 194 873 329 67 76 428 76 946 76 873 329 960 957 390 129 169 284 283 187 226 172
47 116 149 405 988 24 130 166 77 163 666 77 771 744 725 744 341 348 77 744 3 215 208 280 143 5 112 418 102 215 293 17 144 206 56 107 298 75 242 247 204 269 95 74 197 129 267 51
91 116 95 29 103 162 184 292 132 216 92 276 259 146 0 40 260 249 77 206 294 42
806 256 217 244 228 192 261 80 22 126 108 34 281 188 216 45 227 31 151 215 239
78 148 262 870 28 178 208 210 95 120 197 213 207 297 206 39 33 286 222 112 239 126 15 3
96 284 298 751 276 65 272 85 16 120 134 251 267 30 219 201 199 33 165 175 139 160 0 57
4 24 83 96 697 867 870 205 10 205 10 35 263 54 228 35 165 46 183 53 696 73 112 46 412 47
961 115 157 207 72 14 207 100 25 253 237 26 227 165 49 50 220 234 265 272 103 181 134 276
961 988 229 1 239 114 47 260 127 59 113 61 107 32 222 101 149 4 267 111 204 236 135 185 271 117 134 92 276 153 66 203 179 154 216 47 296 260 86 75 226 150
61 143 284 810 118 150 212 186 949 753 949 753 753 753 349 79 596 629 189 418 112 156 475 5 400 65 208 290 867 263 867 272 285 290 263 10 7 46 696 47 73 412 53 200 870 188 266
48 76 103 134 298 251 43 285 56 216 256 246 283 231 211 298 166 67 61 245 267 293 265 274 156
93 109 278 82 107 218 281 59 171 10 235 204 130 202 16 98 228 167 272 229 265 109
84 85 116 348 898 49 48 218 221 120 7 220 118 121 149 191 173 197 131 31 236 169 153 87 139
41 87 213 216 129 80 6 56 88 239 15 111 140 17 79 108 157 234 75 127 166 198 250 87
137 23 189 256 89 16 240 234 229 144 183 108 235 239 258 44 288 18 163 162 98
46 78 125 169 285 177 10 173 87 223 58 111 158 297 188 120 119 245 174 156 167 41 49 267 252
