128 216 145 189 395 188 241 200 21 95 153 3 284 224 15 235 139 262 268 209 41 158 165 293 102
8 160 245 223 382 426 37 90 426 984 426 997 426 997 51 316 889 90 720 269 54 754 269
944 239 155 182 136 64 235 55 194 264 228 233 173 267 61 127 141 257 99 144 10 153
74 176 616 2 7 264 110 12 100 203 259 114 196 148 10 29 197 200 92 274 152 1 67
194 208 275 280 91 275 123 45 283 5 24 197 198 55 212 107 38 122 132 13 276 75 15 202
236 287 0 206 172 112 246 165 5 75 239 295 235 81 68 41 38 46 268 211 232 137
73 195 202 36 201 225 10 26 109 288 85 278 48 60 76 126 232 92 183 191 242 62
134 233 295 10 23 110 224 179 242 298 29 87 199 170 269 145 201 111 228 127 194
36 232 238 93 141 127 222 215 2 177 38 133 121 188 272 214 257 46 152 155 197 237 19
23 31 237 245 290 340 165 92 285 114 234 32 54 18 293 153 47 167 183 97 276 177 193 204 287 13
46 209 270 565 156 191 22 258 254 1 92 105 37 82 272 128 95 299 133 76 94 210 260 58
68 82 287 204 36 197 59 161 53 113 286 8 289 282 187 267 1 3 215 230 271 131 117
12 21 154 56 24 112 198 75 188 83 125 59 291 238 145 141 216 35 22 74 50 89 168
13 77 204 275 55 183 10 258 143 91 106 210 26 130 241 257 283 208 245 237 222
14 96 140 172 223 292 119 42 101 70 107 162 23 280 37 83 102 31 240 2 77 179 155 242 67 289
170 203 219 223 26 150 121 286 189 216 159 131 206 269 7 231 119 145 180 29 114 200 144 246
43 146 2 256 292 139 11 295 111 164 218 81 69 277 200 161 65 147 153 281 151 185
132 168 185 273 9 150 243 103 149 98 105 23 270 63 194 231 37 24 127 205 59 14 139 183
60 62 227 256 103 274 19 189 72 257 189 189 274 87 831 429 279 727 26 211 290 274 325 253 161 185 231 136 264 18 260 104 210 290 270 115 203 9 130 288 215 70 266 164
30 106 144 178 168 182 117 137 240 146 116 295 91 297 122 34 134 286 154 2 157 165 12 147
171 68 143 247 51 277 123 283 172 12 175 296 111 103 156 285 63 206 148 161 126
29 39 96 124 131 209 285 171 254 137 156 107 117 96 269 267 194 172 207 242 271 145 147 275 191 132
62 63 88 157 292 163 68 223 88 108 196 178 187 54 228 117 291 267 259 114 11 131 90 94
129 140 66 94 69 276 152 188 262 78 27 109 36 281 170 216 6 10 290 293 145 284
148 152 187 33 261 1 102 67 42 46 113 36 100 94 277 3 143 166 190 93 186 283 70 53 107 166 137 51 15 187 223 150 78 115 242 283 7 186 54 151 146 176
123 246 271 102 101 280 80 271 79 131 266 62 51 287 56 45 127 297 228 22 60 208 168
129 196 285 282 101 36 67 279 237 153 294 175 42 149 230 257 178 173 276 28 165 169
138 140 189 134 207 249 241 196 295 199 226 238 288 6 147 209 86 53 184 265 168 117
159 280 118 52 249 163 120 211 203 133 207 92 188 64 267 28 234 286 281 31 12
31 81 163 172 208 98 226 55 130 159 147 273 37 290 187 8 289 177 57 188 164 73 52 114 185
56 62 104 186 47 143 26 234 208 7 74 98 218 121 46 210 177 252 182 183 272 133 280
254 88 244 8 145 297 204 66 178 51 47 61 91 59 258 33 161 211 249 34 158
116 117 155 189 253 297 65 12 281 107 76 71 7 45 62 211 174 72 82 170 233 287 265 276 212 149
16 35 102 109 164 276 382 216 231 87 45 13 220 283 275 79 111 188 149 271 260 42 178 171 73 82 72
2 146 259 269 296 382 159 207 0 189 259 81 100 139 74 249 130 63 51 269 205 30 200 58 120 78
1 104 295 65 4 3 243 168 274 51 272 71 178 232 36 61 238 34 180 158 86 235
28 46 45 3 38 228 54 175 129 18 69 215 202 241 163 2 201 180 76 67 96 232
64 159 238 22 92 184 63 66 292 57 163 58 289 216 128 123 41 60 89 231 72 213 254
4 22 243 250 269 285 212 205 28 108 41 246 117 17 164 270 179 38 256 153 5 126 71 76 287 87
93 264 241 169 144 4 111 101 292 158 12 172 117 26 44 143 49 265 230 105 256
85 228 272 98 79 194 266 287 177 201 183 262 89 120 275 150 35 60 124 47 193 276 87
136 172 225 382 256 81 201 76 169 69 58 141 113 100 237 122 293 233 203 49 228 263 269 28
157 271 275 34 153 135 132 81 65 151 199 241 42 206 28 158 134 103 201 182 196 212 275
91 243 112 100 268 145 285 283 296 87 234 129 224 170 228 230 8 102 165 187 52 275
33 178 43 104 118 267 174 48 228 4 63 42 135 288 82 87 125 229 11 13 235
38 46 88 221 150 116 165 228 130 148 12 43 7 48 166 169 200 184 153 73 160 30 132 262
43 109 199 288 179 8 188 217 49 263 124 110 121 62 191 154 203 259 72 44 23 282 214 281
29 99 177 207 229 245 240 74 241 2 123 5 203 17 93 122 226 198 204 77 194 245 30 294 117 60
276 297 74 290 188 256 34 121 21 85 173 44 25 11 275 98 125 61 197 126 212 169
107 141 204 221 175 252 164 109 139 135 148 181 168 115 31 20 244 116 72 35 292
75 152 134 75 93 277 79 84 95 163 17 233 289 169 243 40 175 151 226 260 105 49
54 126 285 162 0 182 138 11 8 170 184 167 120 59 2 137 68 109 91 189 257 252 256
248 297 298 213 76 285 286 273 259 100 122 182 254 30 4 80 104 299 149 181 85
78 157 294 103 296 8 92 97 151 242 248 288 45 192 237 289 270 150 140 30 117
1 70 235 185 16 37 109 7 82 24 120 93 124 231 194 30 48 95 63 240 284 85 44
55 64 94 142 185 201 177 35 167 17 219 247 136 90 278 239 258 205 297 111 166 286 226 107 207 144
45 261 38 8 120 162 30 99 166 164 70 269 185 200 146 229 258 168 273 291 220 105
167 17 47 277 281 42 130 157 186 135 252 126 168 145 75 290 15 215 286 127 171
2 149 213 210 145 70 171 281 56 75 260 294 227 166 22 226 265 220 267 0 47 50 23
25 128 191 268 130 37 95 228 128 209 8 230 241 190 124 274 64 55 170 191 112 138 229 41
30 32 174 211 58 181 101 140 163 35 174 98 64 110 261 56 22 57 240 187 33 87 270 3
55 230 233 34 264 206 281 1 105 223 77 42 83 259 253 117 94 162 170 186 180 248 14
41 163 104 39 132 81 225 136 100 242 255 246 198 125 247 190 176 3 84 259 144 131 185 96 79 25 177 249 222 27 73 64 16 268 119 151 224 256 8 281 26 138
117 139 227 230 284 86 58 62 53 220 43 262 44 73 280 124 67 193 89 8 184 98 180 158
89 25 86 81 65 136 89 27 255 174 282 171 36 4 130 156 190 96 178 99 274
211 237 208 140 5 119 61 89 252 225 186 94 131 286 78 156 173 12 205 280 169 160
2 52 89 240 76 119 12 87 198 236 122 152 148 100 202 186 71 23 259 189 230 80 143 120
81 256 289 297 214 212 293 239 109 58 201 122 210 166 5 67 53 20 216 225 101 64 203 247
33 160 294 276 200 239 212 91 252 194 279 6 205 93 250 277 1 284 101 106 11 143
32 33 72 101 210 242 188 231 169 170 110 20 153 150 26 232 42 257 138 142 230 184 269 236 111 36
4 90 151 223 54 13 191 61 180 55 184 154 231 175 207 152 49 255 89 65 174 246 76 22
38 53 174 216 249 243 242 156 222 157 42 223 246 8 113 68 136 207 268 95 123 70 92 143 79
37 61 96 153 232 278 282 189 250 226 164 80 193 281 205 129 34 236 93 96 63 161 174 67 254 165 172
33 39 140 168 284 262 213 110 10 266 125 216 230 26 185 196 181 160 119 17 291 265 99 41 146 32 38 76 266 249 178 85 176 46 220 198 152 183 123 238 169 161 143 92 155
62 162 292 282 214 242 270 177 200 106 52 262 233 244 246 149 47 190 238 87 4 2 21
107 114 263 187 227 178 92 15 166 124 189 210 28 125 12 176 35 184 91 39 61 138 190
98 183 214 56 292 62 173 82 50 229 89 252 196 65 234 232 263 160 74 96 66 187 40
51 225 254 217 220 238 53 87 86 17 212 123 210 169 221 272 240 15 286 113 46 150 133
22 49 226 107 76 113 47 145 120 292 127 166 181 260 94 209 114 81 157 234 174
60 220 219 160 38 295 201 161 83 208 3 296 203 135 270 157 251 137 152 292 205 298
41 103 175 92 107 191 225 52 164 188 29 15 196 27 142 204 273 120 235 124 248 216 59
77 265 52 117 211 38 246 200 37 126 20 57 56 167 185 243 278 163 212 183 77 93 21 278 236 38 58 143 132 286 293 208 154 86 107 74 80 264 2 11 133 172
128 155 163 229 174 124 150 130 237 38 13 258 49 195 76 276 278 37 110 222 293 120 91
97 188 286 142 289 299 184 283 222 207 149 32 293 5 245 278 193 61 103 161 65 55 49
225 248 10 15 213 115 214 132 23 116 265 126 66 77 57 130 34 235 49 230 256 8
72 196 256 270 287 290 4 237 234 60 295 263 150 215 261 191 19 43 218 113 116 44 211
162 166 212 130 295 88 224 235 23 292 101 208 256 9 4 250 150 78 263 169 159 264 109
268 96 6 162 228 156 214 58 219 221 175 224 258 17 85 111 83 34 277 298 273
101 215 253 287 36 235 193 229 173 231 41 6 133 244 221 104 59 73 212 106 2 257 209 39
132 154 238 241 488 12 123 26 172 271 288 51 260 79 96 32 66 52 167 284 170 239 72 68 292
40 145 185 226 235 126 191 21 111 208 32 11 283 96 150 190 134 33 175 154 2 52 25 4
69 290 191 28 168 33 242 175 105 64 11 169 154 288 183 235 76 193 262 153 119 94
69 114 135 246 259 254 233 280 269 215 249 184 38 124 219 191 59 144 134 99 140 81 82 62 116
22 32 34 226 100 61 150 83 80 129 253 290 255 10 122 137 236 196 239 37 18 266 183 146
16 69 71 100 171 190 225 256 15 71 257 223 277 18 297 149 44 234 171 125 153 111 216 156 95 181 210 262
46 182 10 28 18 293 19 235 112 258 245 57 101 102 257 170 55 187 279 108 66 141
130 265 175 178 168 153 258 253 133 200 74 143 78 158 97 269 294 117 263 59 135 130
198 265 151 124 103 155 158 272 229 198 259 4 211 37 143 209 294 233 5 13 83 73
79 56 88 140 29 167 274 236 97 150 102 183 136 224 276 112 4 181 155 13 126
2 20 22 144 264 288 140 299 81 20 251 99 245 265 13 244 149 271 83 255 242 268 88 108 11
26 134 61 143 231 224 278 48 282 130 183 298 175 119 216 294 174 49 227 204 252 213
99 149 121 61 49 152 162 166 299 237 6 40 135 297 245 184 289 77 46 190 258
55 207 109 3 88 129 117 126 64 219 294 155 221 281 261 279 22 289 28 164 277
169 178 279 266 83 148 151 91 102 22 269 286 168 233 165 205 162 87 63 45 271 190 125
205 38 154 52 70 282 55 32 273 53 252 293 214 122 190 34 0 289 33 186 85
191 200 251 285 235 61 168 142 195 4 65 203 260 62 147 107 198 117 280 118 227 281 112
1 124 183 224 74 68 194 244 44 110 250 163 201 257 95 271 65 208 210 32 282 290 7
186 198 281 210 59 231 15 205 38 112 48 291 147 21 192 194 66 55 54 88 248 265 295
9 52 223 228 243 274 54 223 285 291 229 138 232 250 34 294 106 268 74 254 277 224 47 252 239
137 143 114 209 294 207 23 207 243 66 416 863 237 207 215 592 237 47 279 361 914 727 429 274 290 7 197 65 293 186 232 130 110 193 55 279 14 282 101 164 258 231 192 281 78
1 26 41 99 162 167 254 1 106 120 208 154 13 75 61 46 150 113 235 239 142 197 148 86 260 143 41
5 13 57 155 246 205 7 9 22 37 11 44 241 28 122 267 13 223 63 10 125 66 224 34 24
24 164 173 218 80 216 121 148 25 145 35 47 185 100 279 123 270 173 155 29 251 69 45
211 228 113 249 78 194 22 136 280 253 188 172 115 34 81 4 37 89 27 52 12 93
44 106 145 196 228 228 230 281 21 228 281 201 341 268 257 157 211 315 82 186 220 95 18
194 83 127 27 58 114 103 281 47 6 203 122 53 41 259 230 210 199 119 195 62
6 48 106 19 37 231 40 60 234 131 172 26 212 25 125 56 61 168 5 191 117 12 227
80 89 290 192 252 126 223 209 19 121 263 234 207 144 142 265 240 294 275 116 173 186
25 172 112 276 179 100 239 259 8 99 137 33 211 60 31 274 113 71 240 204 177 5
7 88 122 215 264 55 131 282 223 183 7 217 57 163 165 266 119 222 121 220 106 112 16 74 225
291 184 132 178 218 274 179 59 253 73 210 40 63 110 202 263 235 75 139 231 162
93 168 32 36 271 149 270 259 77 0 279 156 168 194 286 195 277 210 230 95 165 257
18 93 208 269 244 10 165 67 66 251 268 179 272 51 174 242 75 13 200 273 76 147 155
10 11 63 113 82 261 267 139 80 286 4 35 277 30 13 9 187 23 112 49 249 164 150 41
10 224 163 129 174 259 228 20 130 125 67 45 139 189 277 82 167 92 105 255 262
103 104 109 121 175 269 69 116 230 161 169 29 187 147 105 37 162 50 163 156 273 200 278 265
8 68 178 234 268 178 290 218 14 222 264 298 146 147 215 209 219 66 6 297 188 77 161 137
49 71 171 252 192 36 114 70 228 146 275 41 214 152 136 77 78 168 150 283 108 22 46 176
246 289 382 171 29 215 48 160 70 229 134 23 104 211 162 256 180 110 294 78 234 82 247
125 176 280 340 109 165 77 29 43 132 293 231 92 41 113 299 5 125 108 4 196 259 215 99
18 50 51 77 101 185 257 105 238 266 202 6 129 138 217 38 104 233 230 13 155 231 134 69 80 77 190 20 159 130 127 257 73 200 140 6 298 122 90 17 240 46 109 11 221 247
69 107 179 126 197 31 203 253 240 183 166 158 289 50 275 223 124 62 15 119 82 11 104
5 76 109 216 284 209 12 32 239 64 157 181 121 170 148 84 90 179 200 230 153 112
88 120 140 171 88 265 1 56 271 14 146 50 148 130 2 272 91 68 33 67 51 16 78 147
985 11 47 94 595 45 160 189 155 149 81 179 262 247 241 298 183 77 297 133 296 117 26 206 130
16 113 1 290 190 140 149 92 65 183 188 88 284 123 59 141 24 132 215 113 212 144
155 327 179 67 176 87 251 51 86 170 229 65 93 210 105 164 197 172 80 293 25 107
71 92 172 182 153 93 173 165 289 246 208 3 269 62 167 278 240 285 101 180 23 222 243 184
123 125 251 282 247 3 93 232 133 30 80 277 22 200 282 108 19 278 64 53 177 146 159 164
20 176 213 201 72 113 249 238 48 157 135 289 194 168 293 24 63 206 179 174 82 91 114
139 238 276 282 146 237 66 81 0 79 256 160 140 228 285 131 159 255 193 144 102 124 18 263
49 173 299 39 86 236 165 44 249 30 117 192 253 11 146 220 167 244 191 198 135 210
276 252 127 292 183 265 83 167 110 9 7 101 60 55 116 38 195 226 160 125 229
27 55 67 276 382 259 173 57 210 97 82 201 282 78 150 224 130 155 37 81 291 63 190 123 207
170 214 99 97 128 102 219 72 37 281 212 69 85 214 181 51 75 209 299 89 94 56
59 170 291 202 57 147 130 154 98 19 20 55 109 23 191 236 246 53 299 175 220 41 240
28 176 239 251 105 13 54 0 256 228 121 198 122 156 157 137 44 26 262 190 168 100 149 107
10 63 200 29 271 163 241 238 248 65 27 117 12 203 155 236 182 170 138 90 228 202 285
19 138 171 212 223 255 258 177 290 39 22 46 211 100 275 8 134 288 29 34 4 66 114 140 74 81 106
53 156 177 211 146 237 236 239 251 198 288 165 48 55 101 249 32 222 72 228 94 139 133 93
128 161 80 264 177 204 289 248 254 129 89 4 74 235 50 249 293 79 165 40 58 263
76 133 156 43 107 171 60 124 50 14 119 231 155 55 15 261 232 275 123 147 142 285
17 134 189 224 268 188 94 256 198 30 24 193 96 117 204 237 185 108 103 166 71 178 160 202 272
172 138 159 6 104 15 90 170 200 230 212 94 78 262 29 59 122 61 182 132 18
122 161 177 183 217 281 174 298 98 72 192 227 214 176 257 148 108 262 234 244 49 226 89 95 67
60 147 52 235 218 272 91 226 251 56 138 143 196 224 245 191 83 270 126 93 30 7
69 96 69 43 118 287 125 291 298 179 163 106 275 90 0 105 276 62 121 259 284 4
58 232 273 266 254 29 174 134 223 167 191 159 158 115 121 20 207 178 275 288 107 64
218 242 287 291 298 109 139 96 30 124 127 226 237 178 185 223 114 52 248 238 40 187 95 231 4
87 327 55 246 269 5 276 272 81 49 128 96 182 110 23 69 195 198 216 13 196 15
213 267 247 277 268 72 216 57 144 118 223 114 174 121 98 150 119 9 158 68 187 238
117 187 203 116 99 191 221 247 131 163 50 124 65 248 198 20 66 155 94 130 241 187 208
23 281 184 105 277 213 154 278 201 0 95 264 167 143 260 193 232 165 84 122 227
51 118 185 222 32 141 32 60 141 154 141 104 141 32 242 715 723 0 43 162 23 234 126 402
194 199 224 298 169 209 165 269 274 179 67 23 126 70 96 219 106 140 192 228 129 98 130 103
26 34 183 277 265 264 215 206 44 179 128 252 129 20 152 287 49 168 268 119 221 105 110 43
75 189 214 232 105 60 79 125 38 41 69 14 174 266 115 169 282 290 68 218 67 179 95 248
327 160 274 200 269 86 20 217 28 83 209 27 179 115 141 96 228 248 162 16 90
11 148 151 266 184 276 288 8 181 59 159 142 43 298 116 162 266 213 206 169 87 282 250 21
197 265 327 18 267 84 129 56 283 161 122 225 92 86 228 229 223 271 36 249 174 111 279
5 65 179 291 74 245 80 176 237 221 8 39 229 175 2 14 4 161 38 204 235 6 273 29
54 79 146 214 273 103 206 222 43 29 110 275 236 299 270 93 188 271 292 219 6 146 285
140 152 247 281 17 128 31 238 273 78 52 174 293 93 176 184 24 16 205 76 109 156 47 43
149 250 55 90 21 194 68 163 99 253 20 212 169 265 228 298 218 11 111 105 258
109 195 198 299 94 230 79 73 232 217 132 68 285 25 95 72 106 111 39 92 165 116 52 248 34 142 206 164 177 207 241 235 95 56 230 166 258 254 69 208 218 253 80 109
203 249 12 296 296 80 267 77 296 135 80 37 715 917 242 223 881 139 211 73 206 56
8 13 297 327 289 32 258 242 143 153 254 113 94 223 46 2 38 126 72 270 162 48 103 149
84 299 112 233 127 31 159 131 232 161 199 279 226 292 217 281 222 94 135 151 117 136
87 143 254 85 82 272 298 249 225 176 40 111 133 158 284 90 227 141 29 214 268 6 183
18 66 93 204 228 181 697 530 547 745 47 636 547 547 512 391 58 859 169 504 189 544 485 786 182 138 268 258 274 63 151 201 188 118 143 23 50 221 273 169 264 87 3 235 197 127
165 188 281 299 10 279 122 109 88 43 9 59 81 267 219 220 188 42 197 84 62 202 248 71
119 165 215 257 212 137 94 279 127 173 127 212 127 194 240 132 32 269 124 220 757 240 48 17
36 217 176 108 60 69 141 280 3 275 200 284 44 137 209 94 245 297 67 293 29 218
4 10 131 284 289 30 35 992 227 992 170 992 992 250 427 470 166 2 458 808 162 246 182 138 116
279 127 41 70 94 140 46 266 260 148 31 254 185 289 98 73 294 121 117 235 138
95 154 160 285 113 58 59 241 70 180 159 118 92 280 278 20 171 142 65 253 170 83 34
111 213 204 37 241 234 27 123 59 8 249 82 298 96 13 186 292 255 291 53 54 254
120 169 224 46 175 3 200 56 232 149 193 128 174 115 263 142 21 188 209 86 248 257
198 203 231 241 208 91 245 211 5 212 258 237 285 193 60 51 292 216 66 10 248
