17 127 271 49 171 217 59 284 153 116 141 240 266 83 230 79 117 24 228 298 265 241
129 135 420 130 185 65 422 250 535 666 645 361 264 855 123 484 783 367 602 752 96 546 222 6 28 278 11 293 246 207 192 20 195 205 50 253 215 280 51 181 279 184 214 104 105 228 56 3 5 175 51 132 151 67 253 82 227 237 11 294 246 258
31 68 218 255 273 213 223 285 291 1 472 1 256 570 4 207 99 284 43 284 254 920 136 7 128 957 945 4 43 106 160 3 108 144 202 215 58 253 4 240 85 235 271 258 134 277 120 241 256
15 187 208 169 173 19 132 31 171 137 247 79 237 253 163 289 268 279 21 263 144 104 125
813 8 58 79 140 168 299 227 181 286 69 29 255 251 28 110 119 198 200 176 192 64 166 191 204
7 70 177 134 52 215 140 68 108 126 153 150 280 83 123 251 173 36 188 216 135 229 71
813 57 170 193 76 119 41 212 222 171 185 100 90 96 7 209 203 17 72 261 9 3 248 199
89 136 247 162 148 235 139 87 265 271 85 114 109 37 77 145 20 168 283 93 188 241 292
142 178 223 280 150 215 76 276 243 253 238 36 211 189 16 102 28 69 288 80 40 214 130 229
29 105 118 128 218 258 285 203 167 226 283 63 151 39 129 182 69 31 282 268 32 95 112 181 21
100 187 214 61 184 133 299 292 221 62 181 218 10 87 152 204 49 99 63 173 234 134 29
1 263 290 280 279 141 93 19 207 267 129 229 182 145 35 155 142 211 69 89 273 225
210 235 295 17 102 263 84 179 1 111 212 141 86 146 233 269 114 226 62 188 220 255 52
191 280 224 156 65 80 96 167 83 133 113 272 277 125 2 146 135 103 295 81 40 207 43 272 71 273 237 205 158 275 60 225 91 209 66 144 296 1 253 17 233 40
4 48 172 280 297 136 281 236 24 259 134 45 56 222 161 23 284 195 286 279 75 197 245 181 249
47 77 263 71 197 178 260 245 14 114 79 208 168 119 100 175 182 174 27 137 266 106
34 294 270 235 133 67 202 13 283 299 232 87 93 4 230 21 238 1 16 295 200 32
813 85 112 199 209 259 140 162 17 118 211 142 131 145 292 256 124 60 79 178 105 31 85 12 71 121
19 178 201 100 16 211 167 273 29 13 179 238 223 121 129 222 214 200 276 255 225 237
46 116 167 265 246 136 263 105 230 186 237 82 167 195 106 20 32 56 267 292 118 116 206 73
71 39 190 292 116 212 155 181 55 178 148 280 86 196 72 112 12 186 164 295 245
150 199 234 291 221 26 248 122 24 65 143 281 290 255 261 9 69 298 229 276 0 144 110 130
5 149 32 165 29 216 30 404 216 85 123 29 404 31 705 236 235 113 5 487 217 234 258 70 195 129 77 112 110 11 146 140 131 3 296 15 221 96 86 87 68 126 16 257
82 206 180 29 151 267 224 294 172 132 73 276 23 199 259 129 1 125 246 11 108 59
813 11 264 163 119 140 33 21 65 21 87 110 199 209 166 38 227 84 127 64 214 438 267 25 132 238 35 157 24 45 164 190 127 18 125 43 20 222 228 206 295 287 191 34
16 42 64 284 86 190 154 21 297 83 225 217 89 122 99 263 135 145 273 102 62 6
31 74 109 180 253 118 83 126 220 113 32 181 159 202 77 219 187 183 295 57 142 212 211 269 201
30 175 176 259 271 177 111 45 38 117 275 25 284 286 242 93 222 255 159 32 39 188 290 142 37
65 234 16 204 219 2 5 103 150 192 139 168 133 238 29 25 164 166 142 102 36 37
93 105 126 153 174 263 265 143 215 78 129 174 3 44 201 11 117 47 14 71 60 290 39 32 261 137 213
282 145 35 90 273 159 265 18 272 86 120 123 11 138 274 298 121 181 178 136 195
19 98 282 280 215 134 122 163 268 181 278 214 96 103 133 102 12 48 27 84 239 22 220
52 107 296 209 226 29 200 46 104 158 173 264 243 64 59 164 49 177 187 229 32 15
17 18 210 16 174 242 145 38 234 94 4 161 117 192 284 61 115 30 231 80 168 236 144
141 150 263 196 277 97 36 67 290 187 231 22 149 230 160 269 161 78 195 220 111 268 126
31 45 223 237 290 241 119 252 88 32 12 125 295 149 126 122 4 148 237 63 251 70 217 58
190 200 227 109 235 244 232 196 141 63 252 257 173 254 223 126 167 262 268 62 284 97 15
83 96 245 256 267 248 129 156 284 144 82 81 116 97 290 272 238 297 196 39 194 124 212 57 98
3 63 179 240 261 114 85 165 217 229 113 175 285 225 93 266 99 160 260 205 272 279 13 88 25
111 271 227 213 107 296 191 83 223 210 24 252 68 53 236 123 105 130 78 284 237 5 121 80 12 238 276 132 55 3 87 58 235 28 161 108 122 297 214 118 140 281
14 88 226 286 209 107 75 166 76 262 253 28 144 175 134 189 291 271 141 138 21 194 14
22 50 79 81 250 288 124 221 38 188 207 164 107 226 218 59 118 83 103 159 235 270 296 285 6 100
92 113 171 159 80 37 222 294 154 170 47 129 220 32 59 254 245 263 244 181 83 184 180
5 47 86 134 117 256 286 283 95 131 270 137 98 59 133 154 130 166 165 298 97 84 240 159
40 50 176 278 151 74 254 36 55 116 181 17 156 290 3 277 283 23 185 24 247 83 271
771 80 85 101 131 150 184 290 263 78 92 70 126 135 293 240 154 131 147 114 278 129 19 182 202 168 200
28 93 245 122 185 124 187 45 98 268 113 258 168 100 264 118 99 283 7 202 276 115
38 135 230 146 206 138 236 37 230 169 111 148 240 8 84 262 220 225 123 159 288 296 287
233 174 29 253 197 37 3 283 276 62 185 291 109 34 28 139 235 194 248 292 76
114 199 145 207 123 71 169 44 190 155 252 286 94 227 92 235 100 180 77 278 256 233
122 159 188 234 153 232 281 237 10 165 14 294 255 272 191 39 167 73 282 34 58 203 95
149 165 204 255 43 251 127 34 272 144 160 266 222 8 48 95 23 261 297 259 223 145 168 58
65 81 86 137 158 234 263 8 76 295 170 262 250 180 15 256 165 79 291 112 22 263 119 279 275 151 37
41 73 105 54 4 254 190 17 96 193 192 109 131 267 102 142 178 57 110 143 299 189 145
1 43 180 284 186 216 33 38 182 143 124 28 206 129 171 192 197 176 94 244 188 65 56
72 260 241 247 207 288 135 178 34 109 49 266 65 107 136 215 35 258 299 239 173 95
116 283 9 164 187 117 215 181 228 57 137 231 208 109 138 272 42 115 226 10 234 185
32 72 76 79 286 30 189 25 180 182 193 122 12 69 205 40 45 199 248 214 130 112 120
60 102 62 124 204 64 179 155 12 257 46 79 278 34 52 242 265 75 35 163 267
119 163 211 139 134 43 116 141 76 31 140 151 205 119 255 82 56 261 5 61 274 195 132
54 151 293 294 118 98 114 293 177 143 126 220 190 191 266 224 38 139 109 47 65 276 60
117 191 197 278 104 64 210 38 124 249 217 274 120 37 237 28 109 19 286 220 107 278 173 111
296 86 72 241 6 144 98 52 47 187 100 239 43 147 271 34 90 140 88 25 101
117 119 184 254 284 213 216 196 61 163 75 117 71 287 258 147 296 177 209 25 233
141 205 74 280 217 251 58 53 65 269 39 190 122 148 232 50 72 84 135 111 182
174 229 78 11 240 277 217 291 93 85 276 0 162 258 146 176 254 116 139 294 94 182
18 114 188 258 119 85 99 146 157 166 150 47 90 53 63 204 192 138 97 222 293 216 228 155
42 142 4 208 271 90 209 51 278 163 179 23 227 91 280 189 246 100 96 247 68 118
49 171 185 134 230 241 219 30 116 269 228 235 98 27 171 268 156 162 77 120 291 195 80
16 88 90 283 154 52 104 32 287 115 166 283 241 178 26 204 200 198 190 42 45 180 171 65
171 234 80 122 201 113 186 104 149 280 110 70 49 123 77 92 128 143 211 242 277 93
18 76 104 122 128 279 294 208 8 115 108 241 116 120 37 243 67 72 14 297 73 290 27 64 135 112 122
111 118 193 248 278 24 118 229 238 70 9 227 258 765 70 483 697 70 77 267 272 172 25 84 34 67 212 18 127 180 138 161 152 65 5 76 228 240 54 131 40 239 91 194 4 183 166 192 106
155 236 115 240 271 243 49 197 178 244 96 191 183 152 198 11 155 268 253 294 43 129
107 218 226 147 3 58 207 166 121 162 279 24 34 227 222 161 208 196 203 216 277 247 262
70 156 157 160 185 245 289 249 110 244 233 135 224 68 121 186 34 268 283 35 219 206 83 184 213 100 108
130 162 240 78 133 50 146 279 136 8 12 192 184 288 183 178 18 36 60 101 276 265 137
813 166 230 289 190 257 88 130 36 94 201 152 45 220 262 103 288 53 295 224 242 181 145 92
71 188 289 230 143 104 215 24 135 280 232 228 37 273 198 77 231 73 168 109 28 244
8 45 57 201 150 136 287 55 77 182 262 177 169 216 286 205 180 220 168 6 64 14 147 278
25 135 137 177 252 284 15 160 208 208 56 283 56 239 255 64 56 26 156 157 150 195 183 237 264 158 50 29 9 99 188 74 146 287 276 229 73 176 192 136 277 155 25 242 143 137
5 121 54 206 123 71 151 259 201 290 132 251 68 55 265 7 221 248 106 110 49
21 243 294 212 184 223 273 131 232 17 267 126 117 153 71 133 94 37 138 3 285 174
129 286 181 32 244 68 141 232 37 76 297 215 279 120 108 292 261 241 251 39 12
168 203 214 241 25 9 199 24 218 250 84 216 287 3 255 67 108 53 72 247 266 45 169 281
123 80 279 171 193 245 169 12 262 32 267 62 114 69 108 153 293 17 266 204 283
4 26 119 242 251 22 11 104 144 230 47 281 54 244 203 250 276 50 193 127 208 295
117 298 30 43 187 245 118 123 49 146 151 92 40 957 64 127 67 38 18 84 267 272 254 34 212 953 198 66 77 76 172 74 258 12 299 291 35 296 3 29 207 70 196 143 96 157
5 140 219 297 35 112 136 30 111 58 106 190 2 185 274 135 99 126 248 187 38 138 256
154 216 235 281 297 292 254 63 125 164 261 0 53 16 283 242 224 203 26 207 17 54 150 121 119
31 74 194 217 273 208 40 208 208 168 155 258 98 292 258 102 183 195 64 26 56 183 132 106 127 293 36 23 173 233 152 11 160 183 141 12 250 90 4 30 238 9 58 1 3
953 21 64 78 165 176 215 262 150 229 243 265 234 463 234 463 107 463 282 291 115 220 184 265 601 297 276 39 28 216 43
11 178 198 279 107 77 334 82 126 16 126 334 440 265 291 216 198 39 28 35 297 418 57 184
953 235 77 59 282 265 41 334 23 126 126 276 418 291 216 184 57 28 138 601 440 121 78 135 31 179 281 270 73 159 218 131 242 202 248 109 142 56 124 65 127 230
52 153 209 32 146 54 13 67 34 236 101 25 167 90 284 22 15 8 219 81 200 136 64
1 173 288 16 57 92 88 155 119 287 257 171 14 275 151 36 241 262 126 211 132 94 196
18 51 57 79 154 197 237 155 193 42 101 110 24 265 192 132 232 260 58 43 125 19 213 157 30 160 81
220 224 32 139 67 3 136 236 166 197 216 116 279 44 295 217 142 269 77 276 141 76
290 41 255 265 88 207 239 177 266 49 261 294 6 248 51 203 101 97 283 151 104
72 116 88 219 239 59 239 127 260 59 9 809 87 50 155 103 212 173 156 248 348 192
39 47 213 257 294 140 199 205 132 125 6 125 57 197 155 231 132 125 246 264 195 64 106 183 255 106 182 56 130 230 147 52 157 248 36 149 9 31 141 165 196 5 82 240 125 85 261 110
8 271 187 74 46 296 59 140 82 264 76 39 47 115 189 107 30 19 206 213 50 89
232 200 192 83 286 278 211 216 22 125 157 221 279 181 67 261 114 132 59 91 19
155 182 252 280 137 292 54 54 6 253 253 246 181 262 13 255 156 158 183 64 239 264 127 195 182 157 133 73 298 156 56 255 208 261 180 76 172 101 221 278 119 227 277 215 152 98
47 151 279 272 61 25 197 87 2 248 8 236 217 254 24 41 277 201 77 128 68 257
5 34 50 195 214 223 797 227 797 199 98 227 199 71 155 244 11 264 280 701 276 701 109 178 176 297
19 142 227 34 140 263 16 203 162 82 194 124 60 11 17 205 40 71 291 266 77 131 298
31 167 190 268 106 252 110 108 191 146 205 195 104 246 162 168 27 29 62 89 21 200 242
100 127 279 29 34 93 98 145 262 180 226 126 226 230 18 126 255 157 182 237 239 26 183 150 132 106 102 183 156 101 139 149 266 105 284 192 182 15 276 245 181 244 233 232 82 199 270 265
228 274 282 250 109 30 75 105 229 124 120 92 173 95 223 53 104 147 48 207 116 193
741 23 214 218 78 27 274 111 261 116 207 209 34 124 212 199 178 75 40 67 123 211 162
73 177 239 130 19 62 148 152 199 103 164 176 17 170 47 135 197 136 210 271 127 7 168
5 126 183 260 109 210 105 66 282 236 243 120 97 254 77 156 59 163 283 248 185
701 28 146 149 157 168 208 82 144 61 270 91 50 78 257 289 169 25 283 149 179 117 207 295 69 100 86
75 171 208 220 68 68 178 62 5 246 246 246 5 68 95 718 135 9 124 813 160 262 336 150 250 143 42 115 271 46 291 284 47 277 247 217 256 144 214 129 287 138 102 199
34 105 207 246 252 264 95 66 234 23 13 210 165 70 49 60 41 62 152 97 35 226 172 290
273 259 260 10 80 152 224 53 66 143 12 202 58 49 96 132 161 38 284 1 210
35 55 89 92 4 137 196 169 269 270 173 41 143 135 88 248 17 16 40 211 183 254 102 216
140 251 260 283 199 98 507 250 507 3 250 3 152 120 86 235 507 127 64 214 18 254 438 172 953
106 166 191 202 98 156 200 188 235 178 507 178 11 438 127 34 227 38 172 67 212 214 18 64
32 67 103 141 148 235 178 178 156 200 3 200 200 178 188 66 507 200 25 127 272 214 953 249 172 254 608 734 247 187 511 816 323 734 666 50 247 645 605 52 682 85 698 234 215 126 106 228 72 261 27 184 91 188 185 279 202 165 67 232 230 273 280 153 182 47
41 146 193 219 228 813 60 96 105 244 54 23 23 137 137 137 261 151 163 13 163 705 113 50 234 70 230 54 548 8 77 129 207 204 66 150 256 145 296 48 83 213 102 211 22 92 33 187 222
718 129 288 27 119 204 98 205 10 74 219 123 298 173 110 116 159 38 143 233 295 286 39
298 214 118 17 33 137 87 236 261 40 267 5 19 63 163 1 171 275 115 122 76
104 111 244 103 171 260 65 54 106 34 226 157 39 239 16 58 121 194 145 90 172 252 36
167 266 15 32 64 165 96 212 58 212 101 96 212 145 58 100 140 1 191 782 165 118 13 215 195 65
120 79 262 126 49 80 285 126 126 85 284 80 210 223 74 166 230 98 285 42 115 147 161 199 14 221 64 118 218 33 95 1 13 185 267 25 280 99 36 23 96
176 297 216 261 199 229 183 8 73 15 294 108 107 171 232 272 104 32 75 288 5 113
18 94 116 157 275 39 62 249 281 167 246 491 231 245 246 245 194 194 246 122 212 161 58 52 195 267 345 156 448
21 136 292 293 292 33 293 292 295 293 525 915 932 292 104 210 548 70 113 217 5 705 264 192 114 270 226 206 63 263 16 164 79 219 94 267 137 145 163 60 23 54
32 151 156 160 206 206 13 148 3 287 290 11 32 217 20 95 98 112 225 138 1 274 12 161 199
129 130 155 159 160 163 171 256 107 212 98 227 201 190 218 206 124 72 35 211 254 53 158 228 138 30 258 196
106 225 290 39 107 18 222 194 188 104 130 28 27 276 242 173 153 2 177 137 15 59
26 53 65 130 39 19 5 241 57 4 250 156 18 85 109 61 269 59 263 244 100 101 242 88
60 65 94 230 102 33 222 223 219 143 158 195 107 205 72 226 97 258 130 188 235 41 99 78
77 94 234 254 49 162 258 94 95 136 30 102 257 76 67 64 156 215 272 125 226 39 205 86
114 141 293 137 55 264 188 65 180 255 275 117 229 185 251 80 237 233 147 3 220 12 144
2 73 87 134 176 181 186 194 282 269 268 177 225 251 138 246 91 8 200 162 70 81 101 185 86 94 57 102 271
110 193 220 224 163 146 286 143 245 153 38 3 246 93 261 33 194 73 137 42 181 39 18 96
44 201 235 237 242 143 26 144 230 294 66 103 107 129 16 131 288 3 92 68 219 36 148 268
110 112 188 271 281 188 145 56 97 207 48 61 91 173 119 149 198 179 210 187 105 134 195 200 208
121 274 283 22 206 176 21 116 98 5 160 236 148 168 253 113 199 34 243 38 106 226
47 62 65 104 108 233 186 75 59 246 249 218 42 95 76 13 85 138 82 7 262 96
121 236 122 258 229 232 254 69 292 29 248 277 208 80 116 61 126 228 99 121 58 40
19 122 123 19 92 60 220 181 75 140 280 268 81 168 193 97 257 235 158 203 239 242
46 97 253 128 177 136 77 188 24 27 172 79 29 250 30 223 134 3 67 20 102 217 167
81 210 6 197 121 290 219 145 49 101 212 72 256 200 9 88 247 249 187 201 260 217
43 233 73 277 275 190 66 267 65 271 269 45 131 174 186 149 105 54 123 48 285 109
18 229 268 294 113 76 102 4 239 261 279 158 275 165 8 23 238 71 140 185 22 57 91 0
0 103 257 28 110 111 214 226 611 35 254 286 799 257 254 799 611 570 96 95 158 206 200 960 288 694 125 159
83 176 200 380 17 45 606 17 144 161 232 548 705 235 68 113 380 487 104 614 94 234 54 127 7 165 37 36 225 208 15 218 24 229 260 276 170 264 201 256 190 188 82
68 77 94 99 239 62 94 284 68 7 135 196 7 135 7 277 778 107 639 283 94 36 327 402 280 583 227 72 16 135 219 82 195 138 269 235 215 213 141 120 85 109 175 68 248 206 52 148
127 218 258 6 175 26 7 298 278 299 121 100 67 241 22 152 213 234 180 227 33 71 160
84 120 9 195 263 85 208 120 201 178 208 69 29 159 34 83 143 163 38 139 159 771 173 890 197 180 184 99 9 103 194 240 64 31 133 221 299 255 205 217 289 267 279 258 218
245 253 259 298 249 157 140 237 98 231 168 276 230 183 22 236 119 265 233 186 38 86 158 209
5 33 168 279 125 177 236 79 54 183 54 991 991 296 293 257 43 103 180 293 104 217 255 285 185 106 133
58 125 228 493 725 305 725 763 626 839 52 869 79 915 95 200 96 288 443 125 55 400 694
16 90 218 19 904 904 122 227 122 122 166 122 904 953 212 64 957 11 18 67 84 34 267
202 253 7 174 256 169 24 7 882 174 107 148 203 36 778 402 184 327 283 147 72 280 210 113 242 117 48 185 168 251 6 187 114 62 4 87 125 90 150 292 288 226
45 61 116 228 233 241 254 298 19 48 150 631 113 437 216 63 437 78 629 400 171 945 133 200 160 19 161 37 705
76 119 189 250 137 846 22 846 325 965 460 111 590 325 111 14 619 895 277 661 235 882 216 9
52 143 611 231 102 238 231 611 818 122 126 25 18 957 438 34 84 254 249 11 64 123 216 266 198 45 124 47 245 298 195 265 2 113 25 157 101 89 201 149 248
152 41 70 109 170 74 926 256 288 56 56 156 104 104 732 119 765 378 205 725 764 236 16 62 198
77 119 170 28 202 358 88 261 261 243 744 115 272 297 86 93 195 286 248 117 33 158 134 250 139 89 23 291 235 60 74 127 175 194 228 94 133 124 219 31 118 19
43 757 11 92 164 221 110 283 9 198 198 9 95 89 64 119 321 275 28 22 113 150 295 114 177
16 139 182 303 136 974 472 219 136 974 303 681 148 97 105 150 204 245 94 615 725 771 90 271 270 77 3 151 0 47 68 57 197 119 238 157 30 221 222 188 53 236 167
92 97 166 248 78 833 463 459 321 833 771 463 321 242 133 49 225 92 69 268 460 911 439 47
47 53 724 707 303 974 629 629 436 2 749 44 707 2 50 82 71 228 49 686 249 204 87 204 220 47 98 188 292 44 88 30 49 286 36 262 10 194 253 208 269 14
