15 178 179 245 256 462 847 58 231 265 42 273 220 902 229 974 727 685 387 216 885 148 231 978 38 345 956 976 579 941
11 25 33 45 61 89 117 233 756 439 394 249 519 445 438 917 233 480 337 978 441 250 347 375 600 110 684 56
573 42 192 983 249 375 375 56 249 261 600 111 261 80 858 102 250 337 503 258 270 917 600 113 189 11 69 98 266 76 77 182 163 35 261 244 204 166 94 215 275 214 193
762 86 101 257 294 173 68 146 227 44 55 96 212 151 190 234 279 5 157 214 62 7 109 47 149
205 67 160 299 146 5 66 4 267 63 260 228 176 71 212 247 82 249 43 20 123
806 7 55 288 222 251 13 256 59 249 274 80 130 229 67 246 173 123 196 133 92 241
20 140 293 130 168 102 133 167 161 291 227 64 235 23 236 84 38 100 83 11 97 150
44 243 260 197 199 253 27 275 20 122 182 186 224 162 145 231 238 196 2 113 38 13
18 110 231 264 116 274 1 97 172 32 94 241 14 61 175 287 281 269 52 145 0 37 133 140
56 253 78 166 65 85 54 183 245 120 129 102 7 156 247 248 213 63 101 114 229 126
238 239 143 64 52 205 104 95 228 16 96 268 28 54 201 32 220 10 29 283 93
129 158 211 260 3 157 16 71 154 295 228 91 184 131 92 24 219 61 65 106 0 270 259
17 41 145 103 143 127 266 190 297 150 273 221 210 58 20 118 236 80 249 289 250 10
124 134 199 227 233 238 280 118 189 267 284 5 241 84 144 176 112 84 257 176 67 1 182 223 150 286 193 586 507 191 966 112 110 231 254 197 39 115 229 89 113 48 185 213 98 38 187 12 90 275 146
104 145 241 202 270 159 163 85 299 26 152 203 138 60 86 212 92 132 13 296 17 15 273
70 84 140 194 2 242 162 11 12 89 56 140 6 138 1 3 103 81 292 109 181 35 197 8
16 157 174 118 74 297 267 207 101 220 250 130 281 264 48 120 289 9 94 183 79 82 95
72 212 52 293 238 218 256 295 242 213 124 182 70 190 21 95 17 74 116 200 263 139 177 159 148 155 129 208 131 122 11 47 261 176 211 264 83 170 63 279 186 50
48 135 283 28 168 256 214 87 255 4 274 294 49 240 258 11 148 77 146 47 206 110 129
762 39 234 259 213 226 94 37 181 103 258 179 260 118 48 273 114 6 252 217 71 152 293 106 168 53 9 263 264 91 110 25 2 239 256 149 147 100 221 42 142 276 252 97
10 114 179 224 241 202 131 182 71 206 11 15 98 181 264 277 130 235 170 174 196 193 117 173
19 25 55 100 215 257 261 267 255 162 65 256 106 100 42 56 200 73 237 183 163 229 297 175 130 145 87 140
10 274 256 44 92 113 209 169 291 218 52 153 277 90 157 136 272 54 17 142 155 63
59 107 109 66 234 174 181 265 226 200 7 240 112 259 183 288 88 260 162 189 160 236 244
111 241 288 216 170 198 210 193 145 206 207 172 31 232 249 211 244 260 92 181 171 290 159
230 56 41 281 16 107 105 278 104 249 233 109 228 106 279 75 5 51 260 6 114
130 176 218 287 162 161 211 234 31 45 252 85 176 163 233 144 126 43 62 167 138 66 212 41
4 41 99 106 156 175 66 274 293 47 23 242 18 179 81 273 285 176 34 106 224 15 212 288 14 7
55 68 111 153 291 212 290 69 381 127 69 211 85 58 156 215 22 682 814 39 132 52 0 234 552 290 37 210 255 265 162 94 166 190 136 186 249 138 109 280 41 46 266 40 231
3 32 149 290 27 231 200 271 229 112 107 149 146 256 84 106 18 58 223 136 234 151 135 67
20 127 152 259 84 143 26 255 214 42 99 227 62 76 108 148 121 281 175 74 220 58 118
60 143 220 103 104 158 203 131 31 268 167 90 14 189 274 243 122 34 210 284 295 142 287
13 91 97 181 184 94 79 48 137 142 173 97 266 259 237 294 104 117 180 33 115 296 256 186
62 116 205 271 280 296 159 139 34 278 170 90 68 289 237 59 196 35 220 266 172 63 18 40 100
139 287 10 44 176 73 177 86 249 145 92 237 55 75 142 187 31 251 269 115 32 263 232 222 251 31 216 179 269 218 235 207 32 204 284 163 18 109 42 69 157
51 104 113 204 255 132 217 71 126 293 64 221 109 27 144 161 24 284 166 275 152 154 88 199
3 14 233 247 274 172 62 84 267 134 237 217 61 12 49 285 55 113 34 16 18 75 199 242
11 38 49 130 132 161 247 176 260 0 155 173 149 57 119 54 160 135 265 259 1 182 159 210
8 44 50 96 164 1 23 60 201 158 119 29 90 202 286 62 22 7 168 173 194 153
77 141 176 261 200 5 172 294 162 152 79 24 126 14 136 130 236 281 77 210 244 133
120 147 70 230 114 87 214 195 287 79 199 115 292 277 293 41 113 102 103 51 3 181
63 69 241 290 238 272 26 167 267 29 40 51 96 32 25 186 99 231 227 177 284 77 12
90 146 114 193 239 18 129 218 92 68 2 215 207 25 214 135 117 188 1 236 223 21
47 272 169 143 48 151 21 89 259 46 47 37 140 248 147 231 272 24 88 42 106 280
15 34 66 234 290 116 110 180 148 95 113 61 51 16 79 29 166 81 2 42 125 91 143 292 242
72 101 172 225 266 20 177 174 60 128 260 51 36 220 237 173 26 202 115 146 212 58 125 216
44 191 168 174 183 287 53 229 266 114 167 116 106 232 264 67 289 58 159 68 221 222
75 283 100 186 136 132 25 292 248 40 133 229 148 1 210 127 154 105 116 179 128
20 39 51 154 159 171 277 75 247 156 124 192 8 250 130 79 88 148 173 182 262 107 190 293 271 255 193
155 157 168 214 167 165 109 258 62 114 26 232 196 53 83 198 115 185 99 211 164 209 226 116 113 249 295 120 205 37 100 45 238 159 293 74 147 239 173 199 267 215 92
41 115 128 242 281 56 204 185 214 219 184 22 152 154 76 290 220 66 50 234 84 277 203 19 106
120 206 198 263 248 196 232 225 177 280 294 50 68 143 192 228 164 251 286 271 20
25 54 194 57 10 77 58 174 233 203 118 144 236 168 127 257 81 246 51 244 76 287 289
57 238 271 237 187 103 116 239 137 109 185 49 286 16 183 283 196 253 169 113 105 184 17
205 275 32 290 142 137 108 95 218 128 222 153 18 45 131 215 12 124 103 189 279
179 191 200 140 164 47 102 141 142 123 51 28 256 21 196 198 80 176 231 9 68
134 135 94 41 284 99 232 269 73 129 191 88 234 116 241 219 80 149 36 62 5 258
79 147 126 190 92 4 118 297 179 206 1 45 13 22 278 157 254 165 298 27 133 200
115 181 206 20 214 102 92 13 33 267 221 158 124 282 36 38 225 175 159 8 73 263
4 39 110 138 143 256 115 206 167 71 73 68 184 21 215 175 186 65 165 1 19 111 290 74 216 120 119 99 74 58 193 220 141 8 139 204 79 237 266 128 23 147 103 263 81 271
79 206 271 121 150 209 9 202 296 211 201 96 147 2 143 290 154 4 197 51 94
171 231 224 268 105 55 101 246 70 295 287 125 234 249 279 230 47 261 151 160 130 120
65 135 273 125 140 169 211 184 33 33 106 66 27 33 94 219 94 27 220 234 215 58 814 204 22 85 126 228 148 56 38 175 215 263 260 216 276 110 199 280 100 24 252 204 145 37 7
133 173 284 188 159 255 262 103 32 219 126 223 235 245 27 102 252 133 78 45 13 152
47 107 1 266 152 164 192 98 176 289 78 119 180 118 219 297 199 14 75 95 13 85
38 71 228 260 188 250 271 201 190 5 233 112 147 227 106 128 286 126 182 232 169
49 92 115 138 113 78 42 228 62 124 269 47 252 159 273 262 235 146 297 75 68 164 227 247
40 123 248 48 74 194 219 278 155 43 232 191 79 256 84 2 260 65 288 12 297
36 41 58 148 228 260 72 63 61 276 224 110 162 184 259 197 130 95 266 87 29 261 288 77 157
38 122 185 259 282 38 284 138 264 242 187 124 156 278 225 53 144 15 8 70 269 147 75 218 243
36 86 108 166 182 278 89 51 266 226 109 155 37 278 35 69 107 254 14 74 285 228 53 24 202 91
118 277 125 192 262 179 183 249 188 37 257 113 213 77 45 207 46 59 129 281 200 34 154 122 46 144 200 28 103 39 203 220 296 277 16 96 239 145 236 26 131 249
162 220 150 210 251 231 282 172 160 281 57 262 178 62 227 191 256 285 130 170 171 123
59 268 60 231 279 78 290 12 263 241 283 136 22 282 264 153 79 76 44 210 52
72 149 163 179 264 299 256 69 22 72 85 152 65 149 24 94 243 218 78 285 45 235 216 192 251 199
277 194 71 224 235 185 17 178 204 134 208 288 86 142 57 119 203 58 133 65 153
281 120 55 249 187 173 36 208 203 281 178 47 59 57 292 107 219 185 299 261 232
48 57 131 8 234 90 135 51 201 195 180 262 109 206 203 239 102 285 131 237 31 125 78
9 172 240 267 168 238 33 264 190 106 116 293 249 18 159 138 54 207 258 214 27 157 204 70
117 277 214 175 290 155 71 270 173 228 243 117 62 295 113 127 83 68 120 242 58 225
79 118 123 175 162 142 37 26 63 297 14 266 83 64 223 184 178 79 48 220 288 292
169 203 257 119 102 148 233 121 85 26 235 72 114 250 169 203 297 238 115 223 283 57 76
120 134 125 238 90 69 262 271 8 233 100 34 230 136 246 207 272 45 242 218 232 35
113 285 211 115 132 196 48 122 291 190 287 187 234 266 30 59 33 290 123 173 171 212
52 204 212 48 25 286 293 204 195 213 141 74 34 175 95 28 245 279 87 76 143 157 237
84 127 288 12 53 269 7 193 11 39 194 73 47 295 22 179 30 152 187 178 162 15 218
116 218 260 216 290 219 13 94 72 191 48 294 217 49 231 295 161 114 67 91 197 21 131
28 191 216 138 192 224 129 215 239 297 74 45 260 275 190 185 287 1 174 257 114 194
199 262 7 255 50 24 153 202 122 38 196 63 116 66 172 272 250 15 119 139 208
61 124 224 253 269 69 277 214 68 159 184 217 238 138 274 38 178 177 192 252 105 171 14 102 233
75 89 237 172 82 200 128 298 33 276 225 295 205 282 273 23 48 31 26 24 241 191 218
26 225 241 101 266 152 95 97 292 271 260 223 57 115 232 94 110 192 262 146 9 160 103
54 100 289 10 121 248 31 51 179 267 186 154 96 228 122 7 139 270 48 199 47
762 104 179 138 246 263 198 80 160 108 140 240 266 159 221 85 37 89 32 282 14 15 7
1 167 206 228 218 168 295 256 109 266 260 139 65 189 166 93 134 131 19 21 29 81 179
8 158 211 130 156 80 165 288 220 13 282 14 270 234 142 258 260 61 279 161 149 261
105 165 204 217 236 277 284 36 213 286 103 298 179 90 259 49 282 75 61 175 163 243 287 7 28
67 126 185 231 131 75 32 183 88 87 38 147 51 234 3 105 220 229 160 70 5 24 67 158
78 105 144 190 64 125 126 251 226 265 256 273 193 150 132 3 37 110 270 254 141 52 239 36
55 70 97 259 279 130 101 287 155 44 73 92 278 217 183 89 294 28 221 193 186 114 210
143 275 80 254 285 13 49 51 258 180 296 17 213 46 87 176 162 114 138 1 50 23
192 235 147 164 210 234 60 87 114 124 80 186 288 21 297 192 30 255 101 152 244
32 43 165 92 191 111 262 260 74 99 40 113 266 98 149 215 236 152 165 31 244 200 134
46 62 5 107 132 151 221 235 39 39 386 39 86 386 40 153 75 39 75 75 682 128 126 814 130 446 204 217 171 152 284 267 128 87 190 224 156 245 278 151 286 205 24 211 10 84 93 73
48 132 142 182 142 189 50 183 279 123 68 169 47 141 281 219 118 59 148 197 220 228 77
26 233 203 32 195 137 76 5 54 26 131 231 145 114 38 6 179 104 263 57 141 211
28 52 225 80 120 211 231 247 248 282 285 386 39 48 23 698 153 201 48 39 682 215 234 814 156 58 85 22 128 217 345 241 118 173 97 148 108 282 149 86 87 99 25 188 229 189 123 126 182 42 14
31 118 67 68 296 220 255 236 3 277 121 51 60 241 77 87 240 161 19 207 213 233
78 177 185 267 262 192 76 70 171 165 236 10 33 175 190 15 111 275 200 6 104 229 22 117
216 120 138 59 169 51 265 68 283 45 22 142 184 42 97 18 29 24 21 274 15
17 59 82 166 216 231 196 8 64 74 147 212 32 144 120 254 185 7 174 172 128 227 285 60 21 95
60 94 110 142 246 299 173 35 185 197 98 196 95 232 218 144 286 85 253 90 6 283 21 240 76 44
166 226 16 133 147 299 183 19 51 287 140 21 280 208 110 192 81 263 89 66 175
520 190 114 65 298 152 219 142 257 156 229 256 54 124 110 289 263 278 185 111 266 67
36 90 110 195 135 187 282 120 27 85 150 260 53 144 250 290 9 117 87 159 137 251 194 170
25 273 121 139 162 90 158 237 102 195 72 143 233 30 295 159 188 67 63 192 190 292
40 222 260 174 32 114 164 160 210 232 61 287 72 228 222 180 117 250 156 34 28 168 111
21 63 149 245 281 238 108 14 220 180 297 32 286 102 278 115 45 187 40 216 223 183 262 172 213
26 115 123 191 274 186 221 256 242 1 117 135 111 299 46 278 138 219 223 196 215 159
108 138 166 120 295 18 288 113 142 9 273 98 285 248 245 24 143 106 100 69 19 174 265
12 204 240 58 81 93 104 296 234 108 161 198 54 160 271 197 195 36 110 1 66
263 19 53 106 50 136 169 189 114 176 22 123 38 37 15 265 191 193 103 57 52
78 81 193 195 274 221 323 160 734 160 160 185 323 68 185 323 511 215 552 605 22 814 130 698 126 305 76 44 18 213 17 209 84 242 97 199 80 285 142 82 101 50 135 157 227 156
92 146 158 88 261 102 95 171 71 224 93 70 179 228 92 193 36 11 189 90 60 285 184
259 14 270 235 138 94 246 188 50 291 162 65 214 1 21 234 210 276 256 254 203
71 203 79 208 51 9 140 201 220 219 220 222 179 8 144 54 182 903 4 749 725 144
228 32 50 79 82 153 228 257 67 67 32 245 245 169 133 169 885 56 31 268 179 107 223 36 187 223 125 16 203 54 133 237 13 75 101 66 105 166 0 183 199 261 16 121 175 285 40 235
66 185 211 66 250 268 19 166 272 135 239 102 216 97 76 108 32 140 128 10 224 292
81 295 117 296 64 24 127 225 251 272 170 163 179 128 136 113 260 75 19 131 152 288
29 33 106 176 283 58 241 240 36 238 133 53 273 10 178 155 12 114 107 88 288 6 151 105 270
762 216 221 179 232 163 121 234 255 273 196 65 236 160 164 35 281 27 197 299 60 39 111
75 104 197 262 128 179 216 220 147 32 126 53 58 72 57 30 291 43 159 144 44 256 190
87 125 230 291 293 111 99 166 174 94 44 22 102 287 247 50 164 19 209 80 170 66 110 193
105 108 113 175 210 295 13 278 264 35 25 148 45 127 245 150 84 160 285 64 282 174 199 87 108 51
38 107 235 199 253 224 166 87 259 255 172 56 260 83 44 103 76 63 2 284 15 74
119 149 270 293 266 219 145 158 268 50 160 296 177 24 275 207 188 259 240 291 36 288 149
22 200 166 282 253 59 9 89 25 71 148 26 185 147 47 243 151 161 135 299 176 81
147 41 174 5 97 251 117 109 23 40 206 64 20 123 211 75 86 235 254 264 175
14 19 114 141 220 232 67 38 280 228 10 213 23 117 289 271 273 3 182 203 8 251 290 146 41
26 169 190 204 234 245 210 253 55 143 278 250 291 265 297 9 53 228 240 138 285 244 192 279 89 216
16 41 276 280 121 135 151 285 40 211 164 188 28 146 201 123 192 245 89 30 107 223 26 148
79 90 226 132 33 230 156 79 130 109 211 245 22 0 153 176 268 238 140 194 199 129 248
10 39 60 97 221 274 203 257 229 131 52 88 86 115 190 132 91 111 133 225 296 89 238 112 193 286
47 91 234 266 37 128 271 48 161 87 150 12 47 1 102 133 201 190 233 291 259 159 125 71
35 81 202 2 100 46 81 92 290 289 118 152 190 238 51 83 47 285 242 67 166 287 80
139 213 289 259 25 155 53 67 173 201 228 212 182 271 124 139 55 86 189 133 164 175 253
34 55 81 282 298 169 159 144 20 120 258 162 22 149 70 231 203 18 215 142 2 125 257 98 180
66 133 8 268 164 65 21 39 151 258 215 103 209 127 143 293 113 177 259 182 246 161
20 110 153 236 216 226 144 244 16 256 29 114 134 79 178 222 240 133 83 12 250
77 220 250 289 224 227 10 47 265 251 34 86 250 111 263 100 246 116 281 130 132 267 138 172
46 191 206 39 36 273 19 150 193 232 126 206 138 26 271 117 105 252 262 80 121 186 48
158 202 203 250 21 135 139 120 205 14 138 297 147 253 36 142 146 244 176 185 75 82 123
15 25 126 229 66 105 161 272 248 100 77 156 262 5 115 230 108 40 26 11 94 184 63
64 137 170 287 15 272 139 9 159 190 41 189 222 50 228 6 244 154 56 192 197 14 19 205
8 79 224 272 139 113 31 195 146 75 282 288 216 198 179 209 207 232 14 180 55
124 221 237 279 192 239 188 273 52 33 276 10 28 261 120 187 270 179 268 54 83 58 131 242
105 86 203 287 75 77 179 175 149 70 2 60 298 288 102 110 253 187 210 69 45
156 284 53 227 81 280 154 179 114 178 87 126 140 136 124 1 298 107 106 69 200 202
28 95 224 62 191 188 208 236 85 54 144 192 104 118 275 273 216 291 214 49 211 292 231
59 85 171 202 210 252 216 16 142 159 8 27 33 58 154 265 200 281 92 270 188 244 282 298 81 50
35 290 297 179 94 209 167 54 19 216 220 109 278 252 178 93 190 194 23 60 175 164 7
275 289 124 272 266 276 106 255 178 28 133 149 129 185 194 79 242 94 159 59 123 212
92 172 295 202 298 156 222 124 181 4 271 248 39 109 8 180 82 186 287 249 32 188
12 294 24 108 178 149 266 26 234 213 40 265 226 183 125 262 259 80 225 200 181 141
29 73 269 96 283 226 258 243 242 98 192 191 91 277 4 225 267 190 205 120 172
50 32 129 220 232 125 211 114 237 287 105 238 45 142 36 236 93 141 175 221 182
193 134 20 185 172 24 166 282 70 270 108 82 149 201 293 66 68 71 235 88 226 184 200 287 113 256 237 280 156 275 261 148 52 48 28 173 185 243 116 16 20
44 130 138 185 235 135 214 178 254 98 136 54 118 242 194 117 199 253 196 49 131 269 202 73 218
64 175 223 136 288 179 129 6 144 40 156 41 97 150 283 116 164 207 168 211 135 256 152
11 44 52 83 168 207 71 184 32 243 62 263 66 108 38 148 50 217 278 44 292 199 95 130 188 33
127 257 118 31 176 263 74 155 138 277 55 168 27 46 25 147 15 211 94 252 206 56
158 177 182 238 202 161 231 37 280 40 174 276 32 112 162 256 283 73 217 51 254 160 265 100
245 47 261 297 45 27 87 283 49 88 179 104 196 119 107 236 170 233 155 192 229
771 29 38 169 279 31 105 127 75 140 134 164 104 282 77 221 163 269 101 125 298 43
218 188 272 234 199 29 54 73 231 286 3 86 14 49 1 17 238 251 268 200 178
69 174 282 225 242 244 95 186 226 105 139 294 266 25 59 90 142 64 284 224 53 200 29
45 76 99 187 299 62 171 166 108 219 60 274 124 236 242 289 51 28 292 129 222 8 153 133 123
781 22 181 282 54 63 189 266 42 32 172 22 72 142 98 3 137 200 132 121 196 280 206 182
34 170 239 242 78 44 131 43 20 279 170 177 128 152 143 256 159 200 189 74 254 64 45 120
120 161 11 7 37 44 131 79 124 121 38 47 102 216 0 71 42 15 142 272 57 100
18 204 210 105 204 76 294 243 196 39 82 251 242 120 175 94 200 169 254 101 49 57
241 111 37 164 44 222 205 42 200 130 290 295 132 108 274 35 247 162 209 178 204
6 14 29 62 188 281 222 295 245 233 49 39 155 98 81 226 279 265 75 106 158 33 138 130 128 166
