122 878 222 822 266 17 168 3 125 81 152 161 236 170 66 93 11 271 254 104 126 134 193 67
35 105 108 109 165 182 275 822 244 37 243 20 2 45 110 50 8 89 241 159 57 80 273 230 108 9 209 143
207 358 63 351 22 902 22 902 194 63 35 248 194 23 98 997 162 26 222 35 23 278
52 108 223 170 3 87 118 202 16 134 33 236 112 249 0 107 24 44 214 230 104 52
180 558 287 71 121 249 81 21 104 84 125 246 100 33 280 234 24 92 79 185 298 44
85 95 148 275 241 35 129 64 240 5 143 183 205 111 262 26 54 23 367 214 821 23 278
130 179 257 232 79 268 120 258 50 244 294 20 37 89 157 163 203 130 179 62 140 186
49 282 209 257 277 115 208 176 114 249 162 189 62 40 219 90 118 97 298 36 152 289
73 265 51 236 34 5 230 181 293 239 123 126 216 207 21 127 272 286 132 267 165
96 701 248 142 89 248 111 114 207 114 848 273 671 12 15 224 406 791 76 615 928 60 91 286 99 256 62 85 262 146 223 182 225 19 115 233 141 93 205 242 255
65 213 48 254 68 209 148 293 180 193 73 69 55 222 74 283 115 161 124 265 66
94 275 167 158 254 234 94 66 220 238 95 4 287 144 198 24 143 236 216 105 114 147
163 242 291 2 139 128 53 276 117 272 213 121 254 274 165 76 22 185 291 48 41 143 188
4 92 121 381 205 195 234 25 74 272 213 199 267 95 212 288 145 56 91 98 23 188 41 2
45 125 171 197 261 13 246 45 85 154 57 260 114 194 180 172 161 134 136 158 43 87 31 144 93
188 209 217 79 134 97 246 242 262 136 168 241 35 6 175 95 44 178 55 201 105 36 185
138 175 179 225 695 219 192 0 59 122 22 200 87 157 48 184 17 204 244 53 31 124 251 21 115
34 60 130 153 270 225 201 31 116 237 52 128 47 16 190 187 132 95 94 235 103 216 256 108 181
8 239 99 170 59 160 236 279 174 147 88 86 109 35 219 284 243 14 208 212 1
8 71 195 104 210 99 9 63 248 82 234 56 229 164 292 270 185 255 149 45 265 85 161
15 84 299 132 85 146 159 295 214 103 195 81 129 51 112 134 101 59 288 64 88 170 233
125 261 269 272 164 164 241 66 173 260 145 153 182 51 66 210 40 225 741 98 235 13 188 77
72 182 287 173 288 3 28 223 80 26 107 234 169 16 153 55 259 84 118 65 43 263 64
71 288 278 198 67 221 121 67 120 278 73 51 989 283 124 77 123 330 235 741 40 210
916 105 262 130 114 209 297 92 269 283 285 220 31 182 161 263 203 109 180 25 229 128 170 88 218 65 272 273 122 233 137 84 125 197 62 14 297 71 69 196 138 286 291
38 73 92 122 203 139 213 241 126 278 43 237 52 161 72 67 180 1 31 140 82 172 299 152 108
136 165 148 59 421 124 177 177 59 132 177 269 262 239 887 145 198 86 75 97 170 798
12 71 111 210 294 161 110 237 94 35 191 17 90 172 5 80 170 204 129 249 279 207 270 111 278
10 75 94 187 201 226 267 272 264 19 255 16 32 7 258 65 9 152 158 287 8 53 159 138 181 188 0
15 128 99 294 206 24 153 222 160 128 7 83 174 55 198 117 150 226 106 272 280 109 949 949 100 194 258 258 258 166 279 506 90 539 34 143 197 526 225 53 175 293
14 22 66 218 220 86 136 129 215 135 152 203 221 171 112 137 284 30 145 4 249 299 119 90 60
128 231 248 27 160 112 134 270 98 195 70 23 295 57 42 5 197 77 283 252 277 152 73
20 57 289 289 179 290 247 104 290 133 133 278 30 205 179 124 271 25 0 297 214 566
271 210 229 85 100 159 176 281 81 39 19 116 230 35 136 83 12 30 126 299 98
229 241 292 121 80 74 29 196 133 71 283 228 77 170 128 254 186 40 220 236 226
39 55 159 163 27 67 99 29 294 245 23 222 170 98 125 149 190 45 108 50 41 72 76 158
173 277 6 44 21 44 173 263 250 6 263 43 539 197 90 225 293 119 85 19 279 175
68 114 198 147 130 201 198 185 2 133 203 146 230 22 140 233 132 90 11 138 54 7 74
114 123 238 262 118 218 82 173 111 299 195 225 160 228 296 102 155 24 2 235 261 101 272 189
219 101 153 124 227 74 143 245 209 297 284 133 286 235 185 206 85 276 272 287 170
184 89 125 148 82 19 156 297 1 240 258 189 44 169 34 146 85 90 51 282 124
37 50 64 286 298 103 154 6 176 2 78 183 71 217 68 211 9 214 53 98 142 10 296
10 119 183 256 274 695 239 243 43 111 30 211 112 125 257 209 107 268 115 16 46 149 248 0 227 156
56 75 695 136 294 275 134 252 175 36 23 235 158 248 141 228 272 183 286 55 105 219 197
137 221 276 220 199 283 254 28 94 86 21 173 187 74 261 100 136 255 183 90 164 184
993 42 8 27 73 59 186 63 99 4 23 45 176 41 155 230 29 291 173 114 242 35
44 81 211 219 270 255 249 240 208 139 157 10 170 95 232 219 118 135 187 97 292 269 63 230 151
5 102 230 40 162 49 80 49 265 49 34 49 187 187 260 148 0 172 297 25 179 124 62
95 133 238 299 48 230 216 283 265 196 223 213 292 217 13 34 110 239 186 46 119 30 228 170
77 114 167 287 217 49 49 4 144 49 263 121 230 62 260 0 214 148 244 179 297 367 566 271
28 48 109 137 147 200 255 105 65 182 274 230 30 198 147 131 162 157 217 56 203 119 161 184 0 104 237
154 72 142 285 190 15 97 45 76 37 102 59 209 288 85 271 223 273 179 171 266
33 191 165 260 284 136 165 147 98 53 138 244 244 263 151 26 133 278 212 169 295 46
231 249 342 249 205 29 50 193 50 249 96 129 141 21 50 271 177 63 203 194 769
10 22 218 106 68 70 151 162 173 154 67 160 136 135 217 104 231 256 111 13 30 27
238 285 50 4 112 14 5 228 29 103 100 137 218 197 37 188 141 179 145 253 255
2 63 255 274 183 101 67 274 275 62 252 94 47 246 109 0 266 238 235 147 73 121 284
28 68 108 179 265 116 194 120 227 108 266 139 102 236 119 246 54 5 176 222 65 256 13 295 274
7 695 3 73 130 161 8 233 61 33 121 281 253 90 109 166 234 164 29 79 190 59
18 280 168 128 26 189 7 249 138 162 89 264 175 205 136 67 110 83 166 183 237 252
111 286 21 146 104 163 153 54 244 224 191 65 189 6 125 249 19 41 31 98 206
212 254 73 37 231 64 294 98 966 74 856 50 129 186 993 75 137 177 194 96 21 271
40 43 204 288 27 283 199 124 95 228 242 227 127 225 299 58 149 136 109 153 143 103 162 104
4 116 207 122 278 296 166 175 299 264 285 75 223 125 87 17 260 124 228 291 229 180 30
8 21 102 168 265 539 60 97 126 139 177 25 150 89 192 207 157 211 33 245 270 155 48 40 70 83
123 251 101 108 196 234 267 266 237 249 106 166 23 287 74 91 21 229 66 96 192 99 89 75 140 27 298 244 29 91 42 168 273 43 54 219 247 116 65 206 229 190
20 94 185 232 294 40 296 45 273 81 74 31 4 250 2 130 276 217 207 116 119 197 106 145 185
106 211 250 539 3 126 201 298 240 96 100 39 114 158 270 41 185 127 58 288 228 54 30 18
100 123 238 35 31 32 292 215 26 288 118 198 169 96 48 224 3 211 145 160 248 23 205
202 210 270 274 79 263 66 230 228 180 104 216 4 150 158 9 14 123 73 259 102 295 234 16
114 133 256 294 31 14 244 15 36 126 6 95 86 192 49 247 160 52 269 224 128 208 241
28 105 150 160 202 206 200 258 287 228 159 223 42 98 23 212 213 47 58 80 64 144 206 220 114 299
130 12 211 53 5 296 299 216 262 288 14 191 82 58 194 252 156 128 238 32 185
916 5 6 82 141 217 223 238 57 254 71 241 1 152 272 93 249 111 200 181 278 270 99 106 131
84 94 133 220 257 275 143 50 12 94 77 267 270 74 291 299 224 152 226 205 149 139 171 40 160 62
26 135 268 288 285 204 225 69 134 59 208 238 28 79 281 178 228 65 168 124 245 266 279
4 270 168 41 72 66 177 160 43 156 84 47 151 121 181 68 264 240 278 284 267 118
14 149 200 240 138 218 136 96 272 268 113 196 36 195 187 10 241 255 88 111 297 41
141 155 193 267 59 186 115 10 26 274 48 79 161 253 78 43 165 224 234 67 273 296 126 136
41 226 242 106 181 243 185 203 38 7 16 258 155 186 125 194 229 48 174 30 158 205 178
21 68 100 539 246 87 114 133 248 160 173 29 181 161 15 286 210 234 199 191 207 94 1 111
12 21 121 286 204 268 61 262 217 110 178 153 125 67 15 10 258 250 151 134 194 88 132 289
962 88 148 180 259 35 70 223 101 192 268 220 110 14 77 233 255 288 79 3 124 194 210 284 42
39 78 150 166 236 32 174 298 91 258 124 264 167 82 256 95 68 74 62 185 289 137 7 196
167 198 269 257 100 100 100 23 217 217 53 257 234 189 100 244 148 288 278 260 62 566 0
18 143 129 141 291 189 144 140 62 200 187 65 281 114 294 97 243 122 196 250 32 132
186 285 236 295 165 56 241 53 252 39 178 97 105 62 0 222 207 243 239 192 171 186
13 112 162 161 268 235 251 135 140 57 120 222 258 79 215 299 149 8 187 292 173 121 46
102 151 187 287 191 237 13 72 169 287 120 229 119 10 154 289 164 27 285 87 54 16 113 26
30 52 62 164 223 296 539 270 239 160 238 22 168 268 159 50 210 171 90 258 223 234 78 278 136 91 8
53 161 237 281 116 116 18 133 173 26 31 83 26 278 0 148 214 172 62 179 30 595 566 260
221 121 282 202 113 68 118 3 50 246 263 194 133 185 35 151 265 232 15 219 182
212 283 76 279 255 249 223 252 152 200 267 54 218 153 193 75 244 25 254 208 180
146 166 204 268 203 88 176 191 24 51 231 73 285 232 212 142 167 196 255 287 16
67 76 134 150 159 11 280 185 122 251 124 276 141 130 116 107 232 224 147 264 187 61 266 12 112
59 103 209 237 194 51 74 23 272 36 219 61 52 299 55 12 215 134 233 147 115 60 29 231
33 41 47 168 52 214 23 71 35 282 196 248 298 20 47 275 48 100 164 170 276 42 206
97 110 177 183 201 218 277 239 73 216 211 107 275 78 83 136 288 27 248 172 85 298 105 291 287 112 236
147 184 186 205 264 131 83 92 200 83 200 113 194 227 83 595 271 179 566 0 172 297 2 30
70 189 288 172 246 97 218 181 124 138 66 130 23 208 159 284 224 282 237 297 185 52 150
64 225 290 695 133 207 145 242 59 284 66 232 204 130 1 187 58 48 73 276 163 56 210 194
59 289 269 37 140 271 102 92 93 123 138 108 248 256 74 257 242 265 169 286 85 185 25 152 7 215 123 147 8 273 96 194 15 84 249 24 178 39 275 213 6 10
993 38 240 229 168 106 254 20 71 88 12 258 37 140 32 10 272 141 221 260 243 24 262
45 77 187 191 268 295 250 5 0 46 184 22 117 180 143 256 84 87 76 236 58 114 296 109 269
183 215 34 157 14 215 67 197 221 135 64 154 211 248 235 55 263 265 63 21 125 65
99 117 142 199 27 54 121 178 200 274 239 66 231 294 643 66 270 156 109 280 79 273 293 15 119 76 319 575 671 228 163 96 0 243 266 282 93 153 66 236 107 84 175 68 142 75 69 199 173 36
64 256 281 181 90 79 871 124 2 671 221 197 225 293 279 119 88 604 4 19 32 128 703
119 172 193 299 171 145 154 44 257 288 288 204 154 2 124 260 148 297 566 278 271 288 244 25
5 110 187 31 222 108 29 216 228 101 279 190 40 167 131 165 56 275 80 187 297 201 63
34 135 212 244 174 196 16 274 159 269 99 236 210 152 143 289 217 203 177 259 207 46 50
30 196 280 300 80 93 132 137 61 257 284 92 116 110 192 54 263 252 240 106 28 73 94 60
152 25 296 232 297 209 184 122 219 30 267 289 225 104 66 34 299 141 118 121 204
283 100 198 220 82 275 100 282 100 153 82 192 137 141 21 993 856 769 63 96 129
15 170 189 6 281 157 115 143 87 106 1 46 176 129 173 215 49 198 230 231 69 77 180
192 252 90 285 101 297 263 163 235 227 148 196 91 38 237 293 169 2 261 42 160 178
58 205 228 0 70 270 232 11 212 214 72 247 80 30 98 171 6 20 190 152 264 269
23 44 47 123 297 61 30 242 267 83 46 294 114 282 96 63 191 186 253 238 105 91 89 17 236 120 135 132 103 188 114 226 163 196 110 4 213 66 148 292 192 160 134 130 17
31 71 162 182 214 214 214 52 214 26 182 103 28 240 272 228 493 198 110 228 145 252 187 97
41 85 128 146 210 227 70 187 206 119 284 106 229 261 257 244 292 12 21 85 69 223 153 277 54 162
142 245 270 144 297 261 98 234 272 237 21 184 266 138 103 295 217 112 280 274 180 195 166
152 279 310 286 286 19 286 993 310 3 245 281 73 67 24 926 419 421 131 224 286 24
131 153 260 287 179 203 84 281 239 120 156 63 72 41 94 224 241 73 201 251 178 6 231
916 7 17 258 295 240 72 141 296 240 159 296 278 30 367 297 260 566 214 329 2 179 288 244 172
55 198 239 279 15 287 42 59 39 143 164 82 130 7 8 174 278 84 17 241 120 53 106
20 51 113 156 240 249 13 13 147 105 147 235 966 105 147 294 13 553 926 82 286 3 113 281 224 59
12 59 95 179 293 67 282 114 153 275 243 9 154 217 33 223 198 77 296 278 287 209 39 113
993 42 69 70 91 136 205 246 250 52 199 469 10 272 52 252 224 252 267 34 119 53 175 85 197 526 604 88 247
70 216 50 82 240 154 169 61 48 26 138 150 204 127 195 9 297 290 171 146 56 162
63 157 190 539 287 283 76 142 141 192 234 216 57 195 98 122 207 279 274 87 172 203 189 130
283 128 229 386 250 284 169 128 119 386 261 575 109 348 273 281 280 319 15 126 89 109 106 188 186 84 90 223 71 151 154 227 127 105 25 102 276 215 165 222 174
274 705 257 114 213 210 30 42 298 286 260 246 19 162 71 135 190 282 85 177 123 142
133 175 11 257 29 281 295 120 194 90 149 222 133 57 44 2 19 227 154 28 118 238 271 257 9 210 279 246 167 242 190 126 259 148 234 277 57 83 15 220 270 278
118 132 269 798 213 227 26 267 110 34 147 179 239 75 218 21 12 291 156 164 30 294 85 202
71 257 101 207 54 225 247 32 237 264 260 150 124 202 262 142 71 241 56 157 215 178
39 92 146 199 290 101 91 284 85 93 240 27 285 65 164 273 84 220 130 295 68 207 258 2 202
136 299 138 176 296 203 170 89 119 289 50 190 144 122 152 166 69 241 130 66 54 140
18 188 695 247 197 126 13 230 261 289 158 65 213 113 64 130 127 109 100 75 46 253 278
102 111 190 279 0 146 202 210 163 163 235 1 120 110 110 235 360 89 119 281 228 280 79 319 126 12 671 109 228 42 109 14 12 130 141 194 150 75 39 13 57 226 22 276 144 255 209 203
56 168 211 169 170 180 28 90 84 166 259 159 53 107 250 230 94 57 249 130 93 44
41 96 298 235 225 145 145 63 48 225 202 150 224 32 703 293 4 604 34 85 539 197 247
26 77 175 204 292 295 263 192 122 232 54 48 118 218 213 18 114 42 250 238 243 14 148 90 126 79
23 209 194 694 211 188 694 130 67 217 798 464 825 97 887 148 159 284 187 110 260 198
10 164 276 128 112 194 278 219 278 278 257 13 910 250 93 413 272 867 175 783 180 125 275
29 38 75 122 274 198 225 131 26 68 264 239 133 99 255 282 140 119 46 125 112 181 193 268 3
47 146 231 300 178 910 18 172 170 18 18 271 407 684 56 933 443 846 857 17 82 834 164 204
24 91 131 17 481 366 816 816 235 797 105 636 259 233 694 68 90 230 726 131 39 549 870
29 221 76 590 222 287 287 132 132 180 325 983 132 229 239 221 67 261 111 72 12 155
165 156 293 109 175 96 103 116 125 180 227 157 269 69 232 253 55 77 16 89 53 47 76 286 237 81 209 104 266 275 136 43 121 162 2 8 108 225 204 230 28
28 92 108 217 247 202 285 191 281 62 259 254 71 20 108 104 82 241 26 165 211 63 74 130
296 11 149 224 180 19 65 226 280 182 93 266 272 282 140 254 99 26 186 265 126
114 187 321 602 97 235 1 236 21 261 68 270 124 295 239 262 267 133 176 274 91 177 141 289
7 38 89 100 179 460 109 158 808 165 460 117 17 1 203 72 460 133 59 263 677 126 942 53 326
50 158 253 42 86 79 109 297 292 156 257 44 104 193 247 162 235 279 155 19 295 275 129
300 31 481 120 43 145 481 481 297 206 113 76 28 57 176 52 30 203 118 215 252
136 157 174 178 201 111 95 36 263 40 94 18 165 71 19 53 84 107 143 17 128 184 112 284 296
120 152 232 100 97 158 282 254 30 174 148 251 153 59 208 116 73 280 260 33 130 35 68
65 81 114 136 280 291 288 188 279 166 64 209 136 230 252 25 51 132 31 280 171 191 233 212 54 162
209 280 58 107 291 104 787 336 59 104 58 341 108 460 44 22 125 886 172 155 268 434
41 202 239 244 256 285 233 7 126 236 193 97 165 79 56 26 101 144 267 163 164 57 160 151 12 228
993 74 118 242 275 683 243 485 147 446 526 245 526 393 315 485 595 243 694 492 281 134 107 593 159 354
17 137 187 242 248 65 65 15 3 3 242 9 3 273 131 407 31 57 118 113 176 76 208 69 203
44 132 298 51 152 72 60 129 8 269 179 197 275 12 100 96 297 210 257 35 117 170 172
22 164 180 84 243 218 262 78 116 32 256 87 280 48 164 168 29 130 120 199 270 192 214
14 221 265 134 63 223 28 1 70 194 285 2 108 9 8 283 104 240 94 165 215
5 15 137 246 300 139 260 120 208 144 32 44 223 113 65 41 277 116 190 285 99 47 107 84 250
15 97 108 145 245 152 880 125 278 491 491 216 20 563 149 269 145 253 54 102 180 117 688 985 40
993 224 854 80 228 230 276 90 76 123 0 183 223 207 241 237 292 29 130 286 271 102 40
273 300 156 207 130 137 21 104 206 199 175 242 116 187 224 114 139 200 204 47 34 185
24 120 159 249 300 246 197 50 173 233 273 119 51 27 99 17 240 224 71 139 29 245 297 19 292
52 138 274 285 261 153 169 85 123 111 178 22 298 203 275 151 69 101 6 172 38 205 103 289
173 450 250 100 87 214 41 237 190 229 94 139 109 184 200 111 240 144 62 246 230 60
41 52 61 76 99 291 300 156 175 422 530 386 39 687 697 39 252 149 268 575 126 293 205 281 12 273 319 109 89
58 104 275 530 687 422 252 54 697 54 149 252 76 362 319 205 109 12 126 228 89 293 281 200 324 485 363 149 200 319 324 193 141 924 152 317 150 15 174 2 125 282 9
247 255 258 300 190 224 646 646 734 946 734 416 889 971 971 734 28 697 553 92 105 410 73 211 75 132 191 106 89 200 136 180 5 148 166 189 6 28 285 16 133 51 26 192 128 112
18 161 287 650 695 609 525 730 730 669 135 146 525 499 707 986 593 281 274 764 78 973 155 77 107
50 79 181 688 880 772 230 386 386 48 300 62 386 772 772 2 297 62 244 595 30 214 566
98 102 105 212 286 248 60 199 278 278 278 248 45 181 154 9 208 293 29 15 232 257 940 63 30
54 96 381 215 226 381 381 552 96 215 931 131 967 4 160 284 390 169 283 187 129 413
26 94 150 854 245 69 199 126 6 103 295 17 45 174 278 153 276 163 214 262 266 110 67 4
14 23 38 57 168 298 264 449 264 555 2 2 298 298 264 186 18 157 201 257 268 926 341 211 95
38 41 87 123 214 139 118 61 109 896 168 144 896 74 40 71 141 255 7 142 107 93 247 225
109 285 728 209 173 92 170 200 91 264 54 111 260 65 52 226 126 154 151 139 172 150 183
23 300 386 358 118 264 358 134 123 75 132 141 75 5 388 548 230 846 101 3 771 137 28
61 286 290 296 428 923 604 193 923 305 206 305 983 749 476 753 225 479 298 478 244 133 404 218
24 58 90 121 137 150 759 336 490 287 94 116 3 820 116 190 217 390 53 182 117 135 67 460 222 296 266
