45 218 182 222 441 650 625 282 587 207 308 813 907 859 507 334 39 444 987 291 550 643 685 666 218 413
106 112 162 621 168 681 153 661 836 29 907 25 696 818 462 548 930 143 574 303 2 670
156 165 175 179 48 216 207 11 127 285 18 169 162 8 90 255 142 190 63 110 83 150 264 62
92 114 122 281 207 60 277 245 39 237 93 126 113 161 191 221 71 4 111 95 241 47
266 17 128 173 49 258 68 182 290 45 228 44 162 23 22 140 213 185 174 5 159
979 156 254 215 18 266 84 155 64 117 241 191 174 158 274 54 109 227 80 201 140 230 264
42 61 66 123 291 9 173 296 39 42 54 242 4 227 182 294 65 266 284 76 214 231 241 81 292
887 75 96 126 152 201 10 46 21 299 252 232 130 221 98 196 14 251 134 89 37 145 124 99 119 12
37 92 202 216 226 229 176 248 278 293 68 138 93 81 281 100 143 223 253 255 287 273 21 281 284 103 92 174 260 136 186 259 12 110 104 240 99 131 53 226 169 129 29
9 17 108 287 628 441 441 359 64 29 441 274 258 359 688 173 694 296 201 133 232 189 224 55 185
136 147 235 24 176 231 178 290 30 167 256 265 213 8 122 299 245 197 19 154 207 226 229
198 226 167 185 282 174 262 274 268 57 197 280 61 200 181 177 206 122 139 45 287 70
291 85 116 179 105 153 192 79 214 168 10 94 158 35 175 31 133 88 273 211 110
256 297 181 213 127 147 59 237 14 161 263 269 98 8 222 43 95 17 23 172 253 139
126 150 203 212 279 290 290 290 259 138 162 77 73 36 165 563 139 290 204 719 232 181 646 269 201
40 168 173 191 59 277 101 243 203 247 134 21 297 97 175 145 33 267 193 78 2
109 129 146 246 28 108 249 118 249 183 54 28 676 204 563 217 165 535 719 225 646 269 290 59
18 61 70 192 130 165 40 295 49 207 258 22 240 273 211 23 29 59 227 271 221 70 137
56 58 278 139 115 3 246 207 253 159 254 280 175 166 73 238 145 23 237 278 69 39 182
3 125 239 290 168 573 573 191 168 107 107 24 56 88 191 88 205 195 157 603 90 203 203 779
78 170 60 270 206 146 115 297 21 94 30 201 15 24 184 264 177 292 126 257 230
20 108 109 203 210 71 24 183 207 292 139 65 127 172 297 239 134 238 56 15 197 78 117 60
932 170 189 240 257 225 24 53 186 247 121 28 281 69 210 254 22 55 284 65 49 180 42 271 98
887 119 127 156 56 55 149 184 186 235 15 1 48 114 268 113 173 125 26 206 250 99 225 171
91 291 194 130 29 131 16 109 104 85 274 108 291 283 31 24 217 169 205 297 15 215
28 267 38 271 234 112 22 92 177 195 41 121 257 262 278 6 245 39 62 277 141
185 235 257 262 283 295 141 186 293 143 2 266 39 30 7 65 188 48 209 211 114 166 33 88 46 224
42 78 80 111 162 247 250 180 261 163 69 48 42 45 64 179 181 71 21 19 121 247 101 234 276 103 256
7 172 181 59 22 72 47 206 193 87 222 15 13 293 120 133 173 199 48 228 149 248 122
25 44 83 143 209 54 54 79 79 70 218 79 124 52 252 173 21 203 58 68 85 603 274 195
109 89 121 280 211 192 68 254 8 255 173 131 4 170 57 199 142 168 284 28 101
49 91 269 237 28 139 142 13 165 173 122 135 11 206 179 281 41 153 92 86 14 187 125
20 182 127 228 135 180 273 157 9 52 221 136 75 286 143 162 167 125 282 2 108 123 117 105 118 262 163 258 281 10 122 153 191 210 285 188 107 257 42 28 72 202
25 65 146 149 206 243 299 253 63 73 249 268 283 40 277 16 190 13 15 224 291 44 201 250 183 102 287
119 240 78 239 3 128 229 156 91 6 263 187 42 282 140 234 54 183 19 171 228 55
887 143 147 154 172 48 160 240 278 3 117 137 297 51 165 25 267 250 54 156 292 45 153 114 172
263 74 77 265 161 269 158 35 228 132 199 6 285 175 104 276 4 51 196 254 251
225 260 278 195 294 4 137 259 220 16 151 119 238 293 272 256 224 276 226 20 94 235 196
199 164 188 137 252 101 66 87 176 243 124 92 270 22 168 37 256 72 119 221 200
15 74 142 38 261 193 211 103 163 156 1 50 97 73 255 66 284 77 70 122 219 140 110
6 27 46 68 136 156 154 132 214 77 51 125 79 21 234 138 64 268 247 94 191 84 106 212 90 226
7 260 651 261 172 289 284 115 147 6 216 192 12 194 167 121 69 2 118 222 18 157 189
150 205 28 34 117 167 213 290 34 214 209 147 167 173 94 68 58 7 157 182 72 274
96 157 242 67 158 132 6 49 135 180 40 15 12 47 51 207 131 92 254 48 190 32 290
11 98 162 185 188 780 169 170 192 193 265 133 218 247 197 148 57 287 88 41 112 143 236 122 163 211
85 129 213 266 267 227 14 15 39 212 46 123 239 194 221 208 73 235 211 215 70 187 99 135 117
887 22 138 187 248 720 226 138 128 225 158 150 56 266 84 193 249 146 31 215 101 254 37 240 55 104
54 107 119 162 183 193 197 201 225 167 100 124 270 140 144 81 74 283 46 241 183 200 291 95 258 290 223
165 234 254 153 263 150 92 147 201 236 83 119 100 260 151 283 233 69 114 259 86 6 98
27 103 138 161 191 43 103 28 151 104 118 127 275 132 129 163 117 235 90 32 203 22 113 237 85
94 100 204 214 298 780 212 1 82 502 17 44 101 101 44 164 646 142 625 249 128 139 204 100 29 160
1 47 191 174 76 143 220 278 108 185 46 54 198 153 260 265 263 267 9 0 88 255 218
25 42 75 20 64 95 214 141 229 190 271 259 292 267 161 136 2 172 181 127 227 13
144 146 177 156 179 170 225 75 31 33 247 34 52 269 253 228 185 36 188 240 101 115 168
2 69 115 245 67 52 57 204 28 155 89 104 154 286 244 186 234 215 172 56 225 16
40 45 47 153 158 221 296 104 188 129 92 116 177 225 15 141 23 186 236 245 282 34 224 138 47 108
121 190 18 261 246 259 229 229 263 287 229 33 676 108 198 80 173 936 279 89 49 55
58 100 167 289 40 122 97 263 274 229 237 228 172 166 196 115 39 204 245 145 85 179 56 112
33 125 80 261 229 150 220 78 24 66 213 49 173 90 117 140 205 124 115 33 8 285
60 126 59 245 212 227 26 206 249 250 23 65 284 113 131 31 224 39 117 134 257
149 157 198 46 189 293 164 193 21 233 268 18 272 225 128 121 216 23 238 142 218 147 222
18 83 175 207 24 283 96 283 3 50 125 245 245 3 779 58 173 603 195 699 157 7 252 274
36 96 280 222 131 189 42 202 193 47 41 162 156 91 35 53 70 165 127 251 104 268
272 277 192 96 64 132 231 14 224 76 277 291 299 37 93 78 256 158 174 218 150 249
0 21 100 237 298 146 59 182 107 69 99 202 2 120 108 142 269 91 115 27 237 147 96 32 159
10 34 155 238 292 167 173 72 232 245 153 40 255 274 279 181 275 117 113 48 90 269 205
108 134 210 259 247 24 284 298 125 64 238 190 265 55 75 202 199 181 211 171 3 271 244 246
54 224 713 743 235 52 67 225 133 86 221 265 92 128 285 203 270 26 159 226 182 196 144 71
105 288 116 62 229 197 224 203 174 144 82 298 90 120 210 94 215 79 189 299 27 192
159 124 38 230 199 137 241 152 162 43 121 283 131 167 134 251 227 239 0 171 18
71 99 199 260 118 66 261 264 88 134 279 213 123 175 56 284 254 2 48 184 224 208 113 248 65 69 90 140 126 148 155 167 138 34 178 231 287 275 277 68 30 283 264 53
139 713 293 268 197 68 137 120 206 21 217 127 179 94 243 287 112 244 104 85 87 37
53 252 276 283 229 69 213 280 45 24 125 107 55 115 237 200 12 150 130 136 162 252 106 16 256 224 241 94 246 102 59 73 280 278 234 21 16 160 130 32 15 37 181 158
69 202 268 125 245 98 42 287 171 225 250 155 69 55 282 76 66 286 276 21 187 44 87
100 165 168 169 720 162 84 251 182 58 125 277 286 98 290 296 235 261 258 194 7 134 164 293 214
43 87 126 142 177 193 209 276 43 159 154 137 281 144 210 225 76 162 164 28 99 122 168 7 111 62 133 63
42 71 232 299 252 177 222 233 290 62 293 65 102 274 72 211 15 84 77 75 38 126 94
94 202 271 107 0 64 141 63 181 230 135 159 215 203 160 50 170 254 212 33 166
117 205 227 41 288 101 193 60 189 182 16 9 115 96 128 134 159 148 119 117 150 93 6
172 159 154 257 86 164 57 200 110 81 281 177 14 126 219 169 287 225 166 147 53
238 252 218 109 93 190 187 185 38 144 17 59 138 115 158 254 113 198 39 65 262 294 257 190 9 169 144 59 229 236 252 54 66 264 290 119 81 223 155 298 202
116 287 29 73 254 179 176 170 71 76 290 49 34 194 118 85 201 244 116 204 131 160
20 125 205 644 72 89 51 232 96 234 298 228 113 242 27 262 280 210 243 146 7 24 213 111
209 224 61 206 298 245 223 235 173 243 176 297 261 216 6 93 10 252 100 116 112 115
113 144 189 243 244 258 129 77 258 208 166 89 253 78 109 234 31 40 199 9 21 204 127 161 200 150
51 95 105 136 182 259 21 282 53 220 47 182 263 148 126 195 102 215 34 255 266 145 272 42 69 267
124 150 291 51 87 87 828 204 828 240 142 120 208 120 51 205 279 230 428 235 73 149 287 90 207 14 31 262 231 88 269 58 204 179 178 127 193 29 141 218 187 126 250
5 25 209 258 941 429 1 941 145 226 4 169 548 229 165 625 82 164 204 563 822 75 646 429
887 48 142 148 168 227 573 187 157 114 209 264 81 211 208 110 131 198 43 289 212 53 64 78 148 117 30
0 44 174 213 780 268 268 261 255 12 268 12 255 848 12 116 83 279 936 848 108 859 201 676 4
9 70 127 87 145 126 208 240 208 87 177 177 828 177 208 4 205 183 610 428 73 102 79
68 94 150 257 1 75 228 18 76 20 4 183 70 279 53 221 143 115 189 117 167 79
233 259 284 290 74 202 42 218 31 279 292 222 110 33 18 136 130 124 237 159 215 200 47
138 225 780 154 206 31 154 208 136 136 206 206 114 182 84 47 152 3 147 56 26 220 232
28 70 124 201 240 183 195 22 203 134 138 127 143 234 28 296 31 284 7 11 8 161
36 117 184 288 266 209 59 205 245 17 194 82 299 108 142 223 116 277 122 207 45 105 72
11 131 223 167 259 63 63 135 196 259 61 280 242 203 138 197 253 233 23 963 197 109 104
44 80 279 91 282 245 190 130 45 92 261 192 21 83 81 191 27 99 265 281 236 173 143
115 279 293 221 287 217 254 132 119 108 265 120 107 140 2 82 190 18 102 211 166 263 152
887 186 120 55 16 244 61 160 260 45 221 109 174 71 187 252 7 43 208 59 36
226 23 9 119 1 289 261 4 104 117 295 125 260 38 139 275 6 176 152 251 299
3 261 713 61 119 68 61 155 135 68 23 253 50 71 123 233 104 242 963 869 197 280 96
30 95 9 53 1 296 81 214 119 60 59 22 129 235 89 241 238 244 186 170 130
272 283 240 136 46 226 156 32 209 70 128 56 16 112 36 132 3 298 168 72 292
158 277 104 38 165 118 278 282 39 172 208 261 19 8 75 290 137 209 58 283 256 11
887 197 114 253 141 250 1 140 296 264 248 283 203 288 217 244 262 222 232 239 119 151
102 268 127 268 188 70 838 188 188 72 252 21 699 274 68 182 205 94 58 157 173
105 131 186 264 644 92 30 92 30 117 30 117 126 184 30 183 70 428 102 79 610 205 807 230 242
70 138 231 428 288 24 222 15 256 78 47 255 261 239 82 85 194 121 199 73 36 203 177 170
49 63 237 286 252 292 175 197 153 298 209 74 150 268 245 170 48 43 141 160 289 13 37 22
206 213 296 252 19 207 64 1 294 53 35 46 33 206 160 289 101 194 237 209 24
582 713 184 233 69 213 82 169 251 107 103 263 261 275 197 155 234 102 216 223 232 286
50 73 262 184 119 177 45 286 16 242 71 34 40 283 101 284 227 200 39 172 50
126 165 174 183 212 19 255 120 98 57 285 252 16 187 62 278 110 153 287 12 65 148 40 236 76
259 29 162 19 222 261 83 214 263 8 0 163 251 283 282 268 89 275 175 182 254
51 134 278 234 163 88 113 190 282 202 242 13 288 230 283 206 227 176 6 124 45 187 181
160 253 31 25 292 228 129 60 88 240 229 39 193 142 230 33 85 102 267 171 259 277
182 258 273 12 134 49 14 28 18 194 265 246 176 1 144 184 57 37 125 6 203 215 277
12 166 270 190 41 122 281 82 255 199 164 177 187 261 22 256 286 67 121 3 50 202 268
7 96 131 212 25 57 19 20 46 89 48 288 70 267 86 236 273 179 30 217 228 216 79
241 644 230 295 299 28 278 213 285 180 251 144 184 269 40 19 215 167 14 153 242 72
180 64 20 53 34 136 40 10 100 287 129 154 157 172 162 73 130 204 6 297 273
114 126 124 151 155 132 176 280 90 57 249 269 284 10 68 215 19 174 136 279 282 27 79 278 52 135 208 148 147 173 108 130 94 31 182 169 99 166 51 295 269 39
98 143 780 223 138 276 83 94 228 274 293 67 50 249 147 5 95 4 183 55 137 252 77
14 35 41 206 780 111 238 44 15 101 6 123 152 250 137 298 180 270 171 281 69 29 277 140 122
200 222 237 644 115 100 68 125 261 212 183 207 296 225 165 280 129 4 229 204 110 182 10 278
286 41 80 65 133 90 87 160 205 188 18 276 165 99 225 136 198 91 272 111 192
68 123 174 239 279 94 71 295 94 1 16 295 205 230 279 85 79 70 807 73 78 183 428 102 4
282 814 205 223 221 272 71 14 158 75 39 244 277 268 191 74 288 139 264 9 284 283
9 36 60 76 202 63 71 181 198 246 247 96 101 285 58 148 267 176 3 203 271 167 277 72 159
428 26 254 271 56 183 7 242 261 54 274 35 38 199 121 79 258 69 131 118 134
8 48 160 238 108 140 53 32 159 257 193 291 285 242 157 212 107 199 51 272 59 215 18 76
50 52 123 245 274 279 25 208 16 37 167 174 12 8 60 91 39 205 247 75 31 250 265 18 278
34 95 172 428 23 189 287 252 78 109 99 190 38 55 125 119 120 137 91 123 68 237 132 77
6 18 37 70 102 269 28 215 255 22 68 296 150 122 199 194 2 110 201 126 177 125 212 287 132
202 218 113 249 210 119 212 55 53 259 90 170 279 128 63 251 294 269 237 220 28
46 77 87 287 299 278 244 34 69 59 144 243 165 217 297 224 270 141 52 152 164 176 298 27 31
130 167 190 238 95 294 160 22 7 38 166 117 270 278 93 21 169 148 100 129 25 247
53 90 143 286 173 182 61 145 230 141 176 138 231 120 248 106 229 26 278 85 71 109 298 299
99 256 37 279 207 16 278 174 140 122 146 274 0 168 117 60 46 180 90 153 159
90 129 104 293 279 101 71 255 108 187 156 155 140 295 259 281 76 58 181 54 216 34
108 208 220 185 223 31 99 275 139 174 17 219 268 283 195 25 294 114 255 5 19 243 187
5 212 238 280 290 298 759 80 2 295 151 60 143 196 263 98 202 217 8 199 185 122 242 176 192 53 179
34 52 65 68 91 160 280 292 111 222 273 281 138 40 36 158 18 103 170 280 81 294 248 55 252 229 93 225
66 258 644 210 88 95 143 219 212 268 103 117 200 158 62 92 237 184 120 289 26 19 133
42 107 157 204 171 42 115 35 249 289 245 272 126 95 256 34 268 194 198 228 241 80 225 298
7 84 115 129 212 294 277 263 297 251 246 76 298 112 115 186 88 211 212 293 154 159 181 121 208
123 207 644 160 271 60 84 154 194 71 270 206 128 92 19 178 44 256 208 25 120 175 90
4 106 195 281 287 814 14 188 55 256 298 159 82 194 238 276 271 105 92 163 250 220 78 18 203 62
44 101 142 287 125 55 28 31 252 285 190 5 19 214 231 269 127 115 137 258 160 208
95 185 188 229 264 21 52 185 24 230 243 125 284 265 291 290 138 25 272 231 227 177 199
117 155 191 94 209 36 56 87 231 99 145 85 167 228 83 107 84 190 27 251 187 214 216
8 23 251 284 289 33 148 271 223 140 104 188 20 256 298 71 182 145 290 184 139 279 263 239 152
9 136 165 179 190 7 220 173 97 35 186 60 184 87 148 199 103 5 62 136 292 267 157 127 259
28 145 166 30 104 270 82 242 227 159 211 220 214 272 109 48 88 188 97 236 21 73 89
90 284 32 247 177 158 149 89 257 148 111 235 165 21 258 178 0 86 26 243 187 172
92 241 137 138 253 199 251 280 15 284 139 157 177 291 220 227 117 43 277 88 270 56
253 282 283 23 121 168 254 173 166 68 9 120 64 230 72 251 33 237 160 188 139 82
92 189 206 129 251 105 128 188 0 292 154 17 158 272 83 120 212 267 183 70 253 36 250
83 112 246 61 82 117 257 95 31 238 7 57 162 170 180 44 141 268 190 286 79 91 224
25 254 644 136 289 142 42 175 8 211 299 216 183 285 44 93 158 96 139 122 5 118 190
887 24 151 213 270 231 197 1 203 124 119 15 71 80 180 128 10 136 288 145 216 183 244 157 88
0 172 236 92 1 102 35 288 289 4 42 97 77 153 247 268 6 190 12 39 292 213
204 208 275 644 288 41 271 247 32 109 226 243 169 93 162 174 152 13 217 177 201 221 252 113
29 36 43 134 153 196 246 284 236 72 284 108 201 152 87 201 46 31 120 822 204 75 563 429 225 160 29
38 176 42 238 34 37 115 88 229 298 183 95 202 274 129 146 30 237 103 201 4
13 87 144 149 161 285 109 233 182 238 294 40 194 296 265 260 225 131 231 279 288 273 176 249
288 85 159 159 272 264 85 252 68 86 506 179 135 115 197 954 241 3 828 20 75 268 168 139 281 220 9 240 121 105 108 157 215 225 177 61 63 156 93 218 265
10 176 249 176 71 138 60 102 122 160 34 196 230 203 3 46 229 29 37 27 89 86
55 103 130 221 199 55 175 83 186 239 267 247 141 24 39 258 61 283 47 15 66 254 26 4
1 284 472 248 281 248 248 152 25 429 563 29 945 128 204 269 625 217 646 160 822
107 110 193 197 96 124 197 282 95 626 228 24 95 228 164 225 177 626 286 234 124 999 157 245 226 433 39 188 280 275 120 17 253 241 128 7 211 2 219 164 141 73 109 32 192 113 22 55
98 210 47 241 263 219 67 158 202 199 91 227 240 143 291 65 56 247 1 181 226
55 99 127 814 100 108 165 59 295 225 212 133 164 289 202 20 90 9 152 122 150 186 236 249
21 51 209 159 262 146 128 128 7 76 146 4 4 76 112 16 21 160 102 297 212 416 233 30 634 254 162 171 57 41 224 259 14 24 56 179 18 112 188 282 199 150 114 16 173
183 167 113 49 293 94 51 137 164 129 61 191 84 204 281 114 122 292 103 29 64
277 428 720 9 91 226 270 7 645 76 59 146 7 59 7 91 280 59 30 135 21 174 634 102 112 117 634 70 209 34 122 216 111 8 175 287 84 246 242 152 67 167 91 114 181 92 65
105 114 428 91 97 288 200 55 80 69 261 188 137 9 275 128 7 23 168 5 125 145 68
1 85 201 277 299 261 2 124 261 828 2 229 815 273 555 273 2 201 82 276 257 157 268 315 201
8 90 720 106 100 246 126 197 124 122 46 194 279 240 79 260 41 96 94 242 171 68 276
52 229 78 29 3 147 14 160 27 87 51 23 30 149 184 49 21 245 122 186 25 210
68 154 224 26 250 189 193 117 110 245 198 251 102 145 42 196 60 263 234 222 295 56
163 194 278 4 227 76 224 190 292 127 231 117 119 279 58 158 290 123 181 18 17 196
54 77 101 165 134 134 241 826 826 365 203 699 94 58 274 252 205 779 157 21 182 173 85
122 206 71 159 15 285 152 61 259 293 134 140 136 41 74 40 267 29 156 212 87 53 193 4 237 287 51 264 73 57 202 159 257 294 210 137 253 22 183 175 212
