447 828 64 185 655 686 57 97 146 273 498 199 700 801 218 643 88 717 940 646 493 888 839 30 5 202 905 967 496 205 175 296 243 257 230 208 139 290 126 31 246 145 250 265 138 131 154 68 273 11
3 252 944 884 225 25 896 221 391 855 492 49 502 855 706 891 391 679 891 149 191 706 207 168 184 283 71 90 103 6 226 201 97 215 191 93 86 50 54 104 242 135
210 290 709 13 53 179 286 357 879 289 315 108 131 283 197 535 680 273 110 131 18 857 800 885 897 315 75 126 99 222 78 286 166 27 85 60 111 51 39 174 252 228 42 190 214 58 74
219 289 51 150 280 83 17 138 252 235 49 6 274 289 67 168 34 183 89 224 55 269
22 83 114 286 20 142 152 214 235 227 193 158 227 188 79 142 848 203 79 142 155 722 250 105 119 282 414 793 597 51 116 203 296 175 239 68 22 177 78 236 182 202 85 223 195 42 14 145 126
479 78 267 296 81 180 3 41 118 99 286 38 161 253 77 29 113 176 37 252 179 194 2
837 24 58 96 141 231 233 253 85 116 147 194 205 274 255 229 184 251 0 180 247 294 44 189 66 296 121 80
31 188 97 75 228 20 50 39 60 83 104 14 55 260 249 29 48 142 155 237 46 234
45 220 202 245 272 192 32 293 180 292 74 247 24 21 205 154 0 123 51 193 252 14
101 119 253 270 271 185 215 61 73 185 215 237 215 46 178 113 157 219 222 109 478 134 99 446 428
23 39 243 285 298 241 232 111 107 130 281 36 177 216 294 25 12 273 98 224 283 125 182 212
48 87 11 24 178 208 226 108 203 37 190 111 104 223 150 185 52 182 70 144 79
65 294 295 100 113 140 272 296 37 72 54 10 165 273 72 179 622 31 57 670 114 22 287 119 14 165 30 73 176 214 43 26 61 295 256 9 51 166 206 59 161 178 27 101 224 148 191 193
96 169 10 147 66 284 78 70 24 111 207 225 144 141 35 44 209 143 94 33 46 2
58 88 151 186 236 287 219 34 21 139 142 125 16 255 49 193 189 224 44 289 48 114 156 104 261 52
185 265 126 180 195 225 31 209 288 249 23 114 178 286 135 64 43 233 297 278 154 127
177 198 988 64 151 152 156 122 96 233 33 128 124 52 273 91 33 13 216 8 55 61 254 796 121 503 296 211 87 20 259 145 17 227 9 63 73 107 25 5 264 119 184 208 84 129 242
3 8 103 197 114 210 89 91 115 60 271 34 206 41 147 135 250 230 220 131 291 23 21 47
479 110 131 160 26 32 52 58 111 161 368 265 68 28 248 3 140 247 248 670 166 266 57 93 31 622 22 287 4 130 636 215 110 218 6 32 34 183 140 217 18 72 122 195 280 56 105 265 260 282 68
46 123 229 270 68 117 75 253 108 117 186 186 186 436 149 280 166 123 614 960 268 99 401 81 4 157 224 292 142 86 118 92 65 2 82 240 143 189 51 105 134 64 197 17
230 205 20 164 107 79 281 88 222 162 74 109 116 263 266 214 201 18 299 175 97
186 191 196 233 197 232 264 288 259 15 290 131 116 17 225 75 117 10 240 19 68 280 29 261
712 182 182 129 67 64 269 153 182 187 182 76 277 12 142 169 12 15 297 86 241
0 68 146 241 69 69 33 4 93 93 256 296 179 436 595 452 94 922 105 149 280 705 81 209 141 122 269 129 45 266 121 253 20 124 80 285 139 227 132 219 115 239 46 104
133 143 102 126 269 219 18 241 51 64 87 95 144 283 54 168 264 45 110 118 46 109
35 254 214 160 205 262 230 217 242 266 181 178 130 11 276 78 188 194 27 216 264 183
837 51 139 192 247 242 80 165 31 131 245 23 149 75 219 1 191 273 93 181 229 118 72 177 59
179 266 117 137 225 10 252 113 225 216 113 113 37 10 260 3 61 274 231 197 121 8 587 254 88 248 207 155 120 236 50 262 144 38 142 113 93 288 77 4 22 54 32 158
837 46 88 97 368 182 288 145 160 242 1 206 48 144 217 15 275 249 61 287 66 100 52 114 131
712 8 255 368 24 224 207 130 208 272 179 21 114 173 242 276 197 51 100 217 205 12 73 176
9 19 131 262 263 248 119 139 17 157 200 69 287 65 107 38 184 115 117 278 113 211 77 141 25 244 61 36 1 272 111 89 194 4 195 127 204 130 288 37 213 148 223 84
8 61 293 28 114 197 204 154 289 91 259 291 93 62 231 237 67 203 247 132 141 272 38
503 25 139 12 264 197 52 83 681 479 33 197 83 280 166 23 123 401 922 614 149 108 870 105
988 127 138 260 138 160 111 111 267 111 160 132 102 83 250 387 155 116 436 188 926 66
55 178 135 113 114 138 138 267 266 94 138 52 114 37 80 44 116 66 436 387 248 926 52 247 297 238 194 264 157 103 227 230 87 166 92 84 8 41 282 101 169 111
274 179 251 181 100 60 266 118 266 118 22 66 250 926 80 37 263 148 44 60 436 241 83 118 92 16 51 94 225 140 174 209 241 145 210 100 171 259 232 176 208 173 268
85 267 263 62 125 37 128 135 48 100 7 79 87 199 80 200 196 27 51 209 174 293
28 260 287 290 81 118 63 229 5 295 5 103 63 563 191 63 222 121 587 102 507 103 55 13 274 202 252 243 247 44 19 236 78 125 35 230 82 127 214 244 161 163 1 67 99
40 108 230 192 200 135 64 246 216 116 183 182 35 109 62 212 21 278 74 137 173 299 244
284 239 166 6 125 102 163 208 82 90 104 47 197 243 228 42 32 281 75 180 53
46 73 190 248 256 191 55 284 15 161 167 92 117 210 209 72 90 150 4 35 110 135 1 66 14
51 85 230 67 105 296 129 125 269 44 268 8 198 225 189 260 278 46 202 62 63
71 204 286 131 288 19 17 278 270 165 114 227 84 119 162 290 15 164 47 268 94 137 230
178 218 116 272 146 49 167 299 214 89 217 87 260 180 110 173 118 258 257 145 112 238
83 84 194 214 12 264 155 277 263 18 65 138 175 181 31 115 76 74 272 207 169 145 289 198
5 77 294 296 44 236 83 41 290 179 117 228 289 244 297 38 82 28 144 250 126 268 210
712 503 121 124 274 25 268 268 299 37 92 237 37 25 25 148 248 22 66 926 37 436 263 102 241
40 137 289 253 195 401 96 363 96 872 165 96 286 115 8 870 614 436 94 209 166 81 401 120 230 74 108 141 83 207 225 177 151 156 194 4 274 250 186 154 260 127 218
80 184 226 143 189 186 27 68 184 24 194 95 144 99 30 242 277 111 21 4 63 171 200
988 191 296 182 93 207 35 193 253 66 283 213 237 297 55 91 198 278 167 96 231 211 18
52 117 150 17 193 297 182 149 187 132 226 44 38 171 153 21 256 4 270 299 66 82 30
62 4 15 66 146 872 91 192 229 91 126 111 436 237 59 298 111 23 870 452 41 166 280 705 960 0 201 227 251 57 6 152 232 171 29 229 53 34 174 249 200 195 83 197 9
70 214 368 42 174 77 77 265 295 77 265 254 254 94 100 255 12 86 95 228 121 15 12 223 95 292 275 48 256 167 176 115 105 252 290 229 251 87 20 263 209 165 196 222
240 244 80 98 253 260 101 219 278 226 88 208 185 150 68 158 13 49 232 34 4 275
50 130 140 244 245 259 271 25 81 158 81 172 30 53 271 237 169 83 134 36 289 199 156 176 266 436
56 296 284 42 119 72 52 69 18 168 90 179 150 122 37 92 24 73 226 202 76
206 241 285 52 157 195 270 143 82 177 222 76 252 25 187 237 256 158 72 258 141 99 173
31 59 163 167 154 18 92 167 135 203 154 102 37 80 83 263 250 387 248 66 188 155 294 28 239 256 112 141 245 122 275 132 60 39 244 251 19 100 73 218 220 26 103
152 228 141 240 299 32 264 174 11 207 154 298 172 134 70 56 294 79 290 116 249
193 215 218 283 208 71 42 82 101 132 53 58 183 272 207 239 281 49 261 257 86 188 143 136
17 32 63 67 218 226 283 217 263 221 123 261 207 208 131 170 234 22 97 175 110 82 201 235 290 184 62
35 182 191 205 173 162 25 72 295 257 196 42 66 186 74 218 251 8 128 191 39 54 147 86
30 181 5 220 217 188 299 41 199 3 291 17 42 276 238 138 87 202 163 86 215 252
2 26 44 138 253 60 98 215 217 71 295 60 269 219 269 126 219 269 16 219 79 124 282 219 926 21 136 139 785
2 62 91 138 230 256 178 39 181 275 210 39 181 194 275 73 239 636 31 4 57 75 78 287 166 6
151 178 39 181 275 210 39 181 194 275 73 239 636 31 4 57 75 78 287 166 6 196 280 54 71 142 0 129 263 114 39 231 18 266 295 55 212 98 187 80 254
479 37 160 712 187 74 294 51 62 244 276 276 254 60 44 248 22 263 250 926 39 155 116 83 188 107 73 35 299 42 222 172 72 200 250 192 26 255 191 86 78 257 244 61 77
17 61 93 99 110 181 213 162 239 228 228 239 6 228 272 162 39 952 228 280 166 436 595 870 890 705 105 278 58 138 110 184 163 62 71 49 108 61 85 209 246 93 63 14 241 175 18
43 176 232 242 144 293 0 174 176 159 190 278 195 241 38 173 46 98 197 215 91 12 22 139
15 23 64 73 77 132 8 37 112 123 163 192 192 5 125 281 105 255 168 136 68 139 408 65 400 255 21 40 282 785 79
117 150 169 269 273 790 192 255 5 790 168 63 125 125 400 219 136 408 926 785 960 183 79 65 124 236 74 292 81 94 260 134 197 60 116 224 248 38 160 126 288 123 119 83 188
106 116 175 5 250 3 51 29 75 80 298 228 58 291 136 114 276 194 72 293 95 6 63
30 224 259 180 1 183 68 281 4 108 256 28 80 110 32 90 47 78 39 181 238 221 59
712 5 86 184 227 244 156 39 131 290 96 107 179 81 178 207 233 238 268 57 269 25 295 123 227 199
712 106 136 182 112 113 45 155 276 181 71 157 246 214 274 279 53 163 162 292 290 111 144 131
479 70 96 144 217 260 45 258 227 201 206 236 130 155 64 218 151 36 287 158 168 97 13 116 270 69
712 1 25 44 198 267 133 92 70 46 822 214 115 274 84 100 646 121 17 202 181 215 116 281 68 86 136 147 124 108 235 254 277 177 48 78 82 122 79 89 87 45 38 63 138 184 34
78 230 254 43 26 137 237 100 120 24 128 274 291 248 241 182 130 146 74 205 25 55 282
26 249 275 143 185 1 48 20 35 98 276 22 78 114 153 11 92 14 131 219 103 109 296
33 266 190 221 253 231 102 33 94 68 220 109 172 230 81 266 56 1 180 25 76 64
95 100 186 255 72 178 204 71 181 260 11 134 51 276 96 228 33 213 74 125 251 230 38 69
144 503 727 27 264 289 233 176 176 7 899 899 7 88 899 282 899 105 614 108 890 123 149 209 922 292 170 246 182 126 97 204 54 117 153 50 184 256 211 158 283 286 28 296 72
83 155 266 227 273 294 1 215 126 219 231 203 33 110 139 81 296 32 192 174 85 291 100
102 239 271 281 88 29 28 130 264 67 38 175 283 139 257 290 132 37 70 163 34 104 273
63 64 87 98 113 127 145 270 288 90 166 151 152 608 40 116 246 204 151 608 37 116 294 148 44 83 80 263 241 248 926 235 268 167 101 280 185 239 54 222 107 152 274 292 150 226 262 2 245 5 294
46 72 126 142 143 159 368 712 107 281 142 133 294 294 282 21 112 940 229 282 282 133 81 452 870 614 123 217 105 108 79 96 124 283 11 193 201 118 256 67 65 206 92 275 40 149 216 176 121 198
71 205 271 230 120 143 153 97 35 245 194 55 38 75 297 118 294 73 36 186 92 292 166
166 257 291 145 149 250 25 192 37 292 33 25 256 153 212 366 273 238 2 71 278 39 304 171 6 114 174 217 229 47 279 96 5 40 58 230 184 109 88 252 86 237 152 32 189
503 192 199 265 246 40 149 169 40 39 169 149 95 267 188 148 102 241 83 250 926 60 248 39 139 170 146 51 266 161 211 71 115 234 70 1 98 129 183 143 228 103 136 231
34 55 61 24 234 108 235 165 86 23 189 203 281 101 149 10 153 62 45 166 192 257 206
41 137 157 261 182 260 272 297 167 73 200 153 124 161 12 170 135 34 83 165 263 168 13 91 251 132 85 44 40 200 21 120 87 122 224 71 3 216 14 165 226 225
837 9 41 154 288 188 167 90 15 237 156 35 118 6 174 238 112 40 243 259 99 187 213 38
3 61 64 278 3 173 283 66 24 40 579 40 244 436 436 579 24 188 274 216 873 123 44 146 13 587 27 117 58 291 59 74 250 161 75 126 125 61 270 138 283 194 136 146 224 18 235
681 278 167 200 265 10 242 44 131 192 179 8 13 244 258 94 41 85 231 30 288 159
13 215 290 118 18 284 38 12 270 194 265 30 93 227 154 96 207 110 247 66 262 143 293
69 117 166 194 255 144 199 256 67 95 189 93 18 181 270 108 99 12 220 185 208 157 58 71 161
106 140 209 261 289 256 236 255 144 218 245 194 221 16 113 50 299 296 195 157 63 17 122 29 120
9 32 24 436 137 298 137 89 144 219 161 89 215 181 100 646 117 86 84 281 116 182 17 203 59 205 117 162 253 77 259 36 67 244 73 50 193 174 5 30 252 219 295
104 118 277 288 125 299 55 190 186 154 20 289 88 126 273 34 27 278 223 75 63 236 295 160
712 96 364 79 265 150 42 251 116 34 173 33 87 64 27 52 267 47 138 67 198 189 122
135 161 6 27 243 529 243 84 84 84 38 38 529 44 146 171 103 873 102 8 587 216 347 13 113 241 266 198 250 42 206 139 291 77 230 92 88 102 294 18 141 157 265 63
233 114 175 285 234 222 227 193 130 64 57 17 88 11 166 9 169 286 284 42 187
67 85 98 138 264 167 170 30 156 15 208 153 10 152 60 147 97 270 143 223 110 109 224 247 54
136 184 479 50 290 579 244 579 256 492 492 133 265 265 244 265 40 400 663 219 474 223 926 100 282 244 7 46 15 36 109 124 254 99 115 100 26 32 160 96 187 218 135 227 44
70 100 119 201 201 46 214 372 207 145 291 256 148 102 37 926 294 608 263 188 80 116 60 436 178 283 89 179 31 106 136 130 119 289 188 74 167 118 278 33 26 176 244 263
42 50 62 174 210 269 279 243 42 46 248 143 199 196 0 231 113 40 28 72 280 203 99 208 138 64 2
10 88 116 140 162 163 210 233 65 241 265 616 159 906 241 579 265 468 223 319 587 68 21 139 400 663 276 785 136 35 146 251 110 48 68 187 269 111 87 194 254 101 14 98 28 96 175 34 119
187 221 189 134 48 59 175 278 119 65 108 243 169 182 205 191 267 181 2 199 25 156
41 58 44 103 35 251 192 29 129 95 197 297 30 108 137 53 168 261 241 52 205 242
837 89 220 97 79 121 164 11 95 233 158 10 28 20 168 213 284 253 129 45 119
48 265 161 214 191 117 252 205 38 237 248 156 77 56 154 26 238 206 8 1 253 31
57 255 45 283 217 254 113 225 72 251 20 124 191 165 232 128 30 75 83 2 193 57
177 227 288 177 47 286 29 230 14 189 211 188 156 204 182 190 284 216 174 232 170 65 262
150 167 251 294 141 61 182 231 296 122 94 243 242 165 258 37 200 70 283 0 19 95 81
147 89 128 164 889 63 58 758 164 270 134 758 468 282 319 474 276 926 408 124 136 139 400 258 74 167 152 198 97 240 139 177 50 175 150 226 132 4 78 169 236 186 108
83 159 207 209 225 74 59 191 42 151 236 233 103 138 29 264 129 214 93 268 69 132 222 289 46
96 108 198 249 254 224 183 176 115 174 54 157 238 9 25 217 131 149 271 273 36 261 47 294 292
34 130 214 30 295 173 223 207 262 60 211 191 79 88 118 35 49 246 299 216 23 236
38 228 214 193 132 178 46 183 87 18 296 179 70 55 143 100 253 231 37 118 21
712 24 195 222 293 294 468 11 407 407 170 219 249 721 266 168 219 455 721 408 40 21 68 223 219 319 136 124 77 94 180 143 191 242 60 55 258 16 40 243 126 269 214 245 159 297 197 111
23 100 139 64 214 254 176 248 78 113 224 95 162 238 255 209 23 249 104 297 257 265 25
503 6 69 143 118 266 924 743 924 263 694 263 280 782 80 743 644 166 436 94 401 614 540 280 81 346 52 291 249 222 134 202 114 200 45 231 213 248 161 95 77 109 18 283 59 89
65 73 86 137 164 0 45 252 77 280 545 191 20 107 280 280 177 121 19 75 136 68 202 116 281 71 17 656 64 276 289 276 94 54 219 111 346 694 159 436 151 793 502 155 191 173 960 988
283 273 76 54 210 158 39 260 282 213 154 176 23 161 94 41 99 255 130 59 96
906 71 84 206 241 21 144 178 212 400 141 141 400 826 141 323 616 707 826 470 590 452 699 872 149 252 254 249 178
694 98 133 162 98 226 263 158 158 251 20 20 468 144 123 468 75 121 83 116 68 84 182 646 162 755 250 250 239 162 297 405 239 239 419 942 299 458 253 154 168 505 144 138
906 7 36 98 68 68 98 904 171 262 126 836 19 267 87 205 220 296 678 132 765 157
792 992 92 96 113 171 368 470 253 120 470 470 253 102 870 150 75 78 6 287 266 996 4 166 57 73 454 218 293 277 130 84 212 53 52 26 122 162 60 290 152 102 278 0 175 114 97
694 125 168 254 147 96 182 298 21 120 180 86 178 253 169 200 196 18 125 299 11 35 130 66
28 73 161 252 576 922 135 196 303 139 116 597 139 117 597 139 800 597 617 28 105 803 504 4 168 129 3 54 236 289 104 299 292 246 189 170 216 115 184 252 114 137 22 148 288 191 119 152
576 906 458 906 295 215 204 204 916 637 319 537 136 663 926 124 223 785 408 139 468 319 100 282
505 40 164 185 764 764 892 365 559 262 171 365 892 365 471 892 123 347 44 13 8 146 467 171 31 6 244 173 102 261 73 30 295 124 11 210 299 37 283 256 178 64 16 172
651 8 41 155 177 192 226 253 368 510 44 946 946 510 210 465 217 250 48 37 280 751 436 403 94 29 67 323 873 171 209 204 114 178 244 35 65 90 278 122 51 187 202 31 140 13 185 163 74
201 208 231 118 4 212 43 9 10 24 174 97 20 80 161 203 55 240 160 173 196 75
7 30 30 181 30 137 137 951 152 951 27 27 137 616 24 173 181 211 166 284 150
70 212 297 237 135 193 99 31 148 30 13 1 139 123 74 197 288 10 196 63 165
53 155 79 86 95 167 225 186 101 614 131 101 400 203 186 131 697 157 198 430 292 588 588 418 400 212 137 22 4 64 5 134 290 48 66 165 276 128 78 114 207 35 124 172 26 153 142
902 69 125 153 219 712 156 160 242 481 305 14 348 348 154 424 154 424 424 31 31 81 217 705 94 922 540 401 436
16 54 961 218 218 243 227 227 52 34 228 287 33 271 93 79 71 48 111 260 34 119 66 140 184 149 285 102 90 278 115 295 203 40 174 288 24 272 193 219 93 198
857 43 145 172 759 33 104 111 254 325 326 75 366 4 385 366 924 86 323 495 65 14 924 946 973 236 677 998 221 238 708 262 210 193 161 139 75 179 59 245 102 243 248 11 233 92 84 115 130 106 180
503 858 87 129 219 252 21 22 48 160 224 16 495 118 495 468 366 16 16 468 16 135 135 677 238 242 973 221 973 221 236 11 4 247 8 21 248 119 69 237 74 16 162 35 44 179 172 144 97 171 242
837 78 81 123 222 429 836 734 734 436 734 99 924 100 436 242 903 23 785 132 728 429 196 288 99
953 103 123 178 252 200 250 197 285 238 298 229 256 180 113 58 283 174 15 269 12 99 217 198 72
98 101 442 605 26 35 111 118 177 226 275 1 776 985 484 484 559 985 677 820 957 559 820 439 247 783 174 187 21 184 262
128 149 197 270 44 44 619 546 200 996 546 619 201 200 80 36 182 949 273 707 824 61 237 131
368 201 996 201 239 436 996 388 334 573 201 108 288 409 145 61 186 554 590 121 237 253 44 85 69 297 285 270 219 250 208 216 246 232 135 24 239 41 205 155 223
10 103 262 387 78 268 54 131 298 226 18 218 103 211 236 111 112 224 58 61 140 291 221 150
37 286 368 231 782 942 502 782 782 174 174 593 931 197 683 931 366 946 323 127 730 223 64 281
