78 89 110 158 166 191 204 811 958 81 196 197 26 19 117 225 182 122 280 197 90 158 149 131 296 270 153 104 14 116 160 10
856 12 144 281 289 76 147 337 861 850 126 657 73 192 849 963 61 186 97 803 171 333 580 771 895 353 739 328 156 97 252 88 265 29 127 58 36 213 32 48 192 201 197 280 153 249 286 285
255 295 240 204 21 130 114 49 281 191 95 287 67 140 72 177 170 195 22 279 126 192
607 16 85 167 189 167 59 114 11 143 110 16 146 43 208 107 295 171 298 178 197 58 220 25 147
56 78 135 222 51 12 122 260 110 247 49 295 136 239 31 267 241 57 253 62 280 109 140 189
120 124 43 198 261 34 184 96 224 145 255 282 48 28 151 188 273 161 256 81 114 260
150 173 206 221 211 92 124 71 190 62 54 105 159 261 147 233 77 196 29 186 242 299 298 223
108 180 164 155 53 213 144 160 191 256 158 214 196 98 1 15 86 46 131 111 138 100
37 126 272 30 1 160 267 173 269 212 138 57 21 54 137 95 51 68 117 14 256 89
35 57 134 170 31 66 280 223 256 33 121 37 117 259 277 18 273 99 23 231 58 92 10
75 129 269 278 165 238 270 207 154 67 21 107 252 25 202 249 219 243 258 281 259 166 2 158
65 81 272 229 293 42 189 134 76 18 158 234 248 268 984 3 476 837 40 264 61 81 476 54 242 60 7 185 252 211 21 63 128 290 265 212 17 16 203 244 237 27 86 38 36
11 39 178 136 217 298 116 144 93 12 237 163 247 4 226 175 292 142 182 56 69 239 52
75 298 193 127 285 147 95 174 122 71 248 144 81 14 243 91 61 236 280 180 297 41
73 76 148 135 101 72 278 256 185 166 152 219 257 237 299 268 137 131 63 156 157
44 190 261 292 191 179 44 99 94 96 262 8 39 222 74 97 85 27 264 146 249 151
50 204 223 229 168 153 181 238 142 282 24 263 180 33 223 271 155 78 174 249 246 164 224
3 86 93 99 229 283 289 175 199 277 81 291 224 49 231 82 153 194 286 181 17 89 198 152 215 205
17 123 136 137 216 248 291 292 161 58 240 77 151 264 113 206 119 65 200 160 246 261 179 153 272 268 177 278
127 255 268 270 240 231 155 41 85 10 221 263 142 129 217 190 30 161 24 176 75 40 246 250
265 288 157 91 114 111 249 171 3 16 100 131 141 76 235 28 276 238 136 75 162 120
48 78 243 261 41 116 73 34 51 276 19 208 229 202 181 98 60 30 213 11 0 125
22 84 178 239 337 208 212 248 67 108 63 192 244 290 36 178 252 203 128 237 293 25 80 104 155
61 117 227 48 182 151 196 74 19 250 268 49 9 206 279 272 128 297 261 191 199 50
61 174 292 208 32 52 241 128 279 231 67 164 280 203 74 227 292 113 61 272 261 297 165
192 200 245 12 202 18 106 22 95 98 200 49 255 174 297 259 271 191 289 90 274 38
174 199 225 25 91 104 44 112 102 67 205 242 186 218 27 266 39 264 0 108 69 288 63
86 241 169 294 295 286 0 82 153 106 166 157 196 137 100 45 26 173 89 131 274
98 197 276 40 102 67 108 175 291 39 258 10 221 15 8 135 61 30 177 51 272 158
263 286 286 248 264 279 133 110 15 296 179 164 157 203 208 127 232 294 207 117 216 38
89 109 233 119 13 261 279 155 109 118 288 48 91 3 23 180 168 117 219 107 274 250 46
38 104 111 161 178 187 237 15 294 131 110 294 110 173 294 199 353 262 143 62 168 173 107 35 75 104 476
109 109 147 283 292 115 294 183 271 207 124 8 225 201 181 117 262 70 194 125 259
128 158 199 17 299 131 209 72 166 158 134 99 146 287 62 223 70 246 125 37 46 121 175
17 181 353 203 148 279 284 150 76 67 86 243 252 11 85 222 142 103 265 299 136 187 117
111 83 263 47 55 242 19 132 188 14 38 225 284 111 158 171 110 257 52 122 253
108 128 196 227 235 284 287 121 50 255 30 131 294 77 251 249 284 244 57 69 26 285 85 117 137 89 151
2 7 106 292 145 288 69 275 154 167 279 2 251 131 20 219 134 108 254 30 276 235 113
64 152 160 171 139 55 282 283 217 214 220 5 254 84 80 194 65 218 116 205 153 207 193
34 112 113 218 246 297 269 20 196 67 168 278 232 2 154 152 259 29 249 177 208 129 108 95 291 241
13 64 280 175 189 43 11 78 122 62 161 186 258 163 98 127 208 239 171 47 0 56
29 35 116 232 267 277 42 278 108 284 260 203 54 268 127 270 35 104 256 200 247 259 287 95 233 144
226 282 191 295 68 166 195 112 235 261 145 231 146 114 21 274 100 27 144 298 214 177
23 235 87 188 274 41 233 136 292 255 9 256 47 132 228 296 40 252 30 90 261 116
212 118 211 43 199 9 55 299 247 20 128 174 196 105 66 125 228 102 260 60 48
55 97 150 286 279 198 274 36 226 223 152 83 133 65 109 178 197 45 79 207 222 177 254 136
39 152 223 138 26 196 114 106 218 296 113 12 155 120 53 117 160 38 285 88 283 27
289 8 11 216 49 136 298 22 29 239 124 224 270 150 65 240 116 297 145 118 108
970 22 206 54 258 51 255 275 152 265 12 218 254 34 5 21 161 226 130 252 71 65
52 182 138 43 58 30 110 167 209 132 54 111 92 133 260 136 130 249 250 282 53 278
38 131 235 211 168 37 151 293 75 267 98 226 137 18 139 40 197 256 284 28 81 142
73 202 287 211 23 85 284 33 246 296 56 191 276 8 79 13 110 41 83 234 105 126 50
970 17 214 231 295 182 65 275 65 240 54 54 293 298 107 173 69 143 104 353 75 148 153 35 476
89 281 86 35 160 147 212 190 21 207 286 177 37 152 263 67 205 204 74 71 72 75
175 291 158 175 9 186 157 53 113 296 17 112 243 187 184 30 86 33 128 185 111 120
203 224 35 221 18 136 123 70 175 0 210 232 158 107 119 29 255 120 60 285 261 207
4 59 130 165 77 102 78 0 153 176 28 121 297 31 244 190 166 171 105 89 48 88 80 46
19 115 200 241 67 14 263 219 101 69 68 60 111 87 90 43 42 27 211 123 82 47 103 147
244 293 296 113 35 236 202 95 24 145 245 155 22 16 189 260 287 89 18 218 253 28
93 123 29 101 217 257 88 78 196 139 111 95 251 71 240 158 155 89 130 176 128 166
53 92 172 288 12 132 217 269 292 181 80 273 79 125 92 16 78 18 271 62 203 73 53
209 260 14 66 155 42 228 174 144 127 24 137 285 128 274 1 58 185 195 289 278 23
250 256 257 231 53 110 27 139 48 86 60 114 260 182 135 26 125 185 278 30 187 243
81 242 253 122 160 97 6 81 294 23 46 156 105 112 128 205 28 283 176 209 148 116
87 90 204 292 185 75 20 62 180 294 248 208 266 255 47 123 289 197 16 44 113 182 298 171
8 91 127 236 173 124 249 266 197 122 75 179 130 219 246 261 251 14 237 206 67 291 244
9 42 60 79 200 228 243 279 210 194 15 252 67 151 135 273 7 10 152 286 201 170 99 254 292 258 88 6
261 17 119 43 155 37 121 24 88 60 59 236 144 298 80 220 176 133 278 0 28
103 112 263 11 293 178 45 40 109 221 39 123 154 106 62 63 223 245 299 99 80 250
50 81 13 78 295 14 132 192 175 227 152 37 48 34 260 0 196 31 176 142 47
14 51 84 287 197 100 74 224 118 114 32 51 280 227 215 71 149 262 204 247 70 167 191 182 45 21 283 168 125 70 89 78 100 250 277 261 69 235 285 245 35 97 268 239
108 280 297 240 180 25 103 190 44 278 206 74 82 107 149 109 38 125 33 12 76 117 200
268 270 88 19 196 119 238 82 257 94 168 121 78 278 17 97 36 244 131 92 212
20 289 353 292 106 286 93 62 276 89 30 15 17 95 108 165 69 251 84 7 150 162 102
106 265 294 96 277 170 236 131 237 21 2 139 167 81 264 15 294 1 208 171 42 169 11
70 79 188 293 210 29 105 144 188 247 166 240 145 225 77 107 143 250 215 115 100 121 125 3
76 277 283 94 61 258 55 122 78 131 41 240 34 299 192 279 93 244 126 43 183 277
55 67 96 54 208 159 184 165 192 223 13 212 91 117 267 182 51 43 217 66 8 261 39
970 70 129 144 144 96 279 277 115 82 144 75 104 62 107 199 35 353 263 69 476 168 6
110 164 224 169 82 277 159 96 81 144 279 353 104 168 62 173 35 137 298 476 257 107
10 113 134 185 251 253 263 264 133 261 267 299 213 198 101 257 228 82 296 44 156 235 292 50 94 240 103
282 176 273 7 295 97 99 270 161 60 62 95 75 262 288 255 146 253 274 260 296
50 353 199 144 353 144 169 159 91 169 353 169 353 44 263 137 353 148 153 173 168 262
9 29 152 198 246 36 74 29 263 297 134 91 120 161 63 258 57 96 238 82 103 139 87 244 217
161 177 241 266 177 27 299 274 165 232 93 38 291 105 217 62 69 207 148 292 7 238 76 272
242 273 203 32 99 202 94 65 134 124 201 247 175 14 272 130 87 36 41 110 115 15
15 86 200 120 49 217 90 104 29 61 32 68 65 151 194 132 82 137 15 125 158 284 72 275 94 294 105 31 263 141 260 35 251 186 272 157 90 158 71 7 43 99 32
2 135 337 15 297 257 157 246 260 222 116 275 126 130 33 191 30 167 48 239 99 250 264
33 91 142 196 294 109 81 0 252 22 110 130 242 169 6 276 270 286 88 104 256 86 281 255 259
159 69 103 94 82 3 11 106 114 208 50 74 25 135 241 118 237 99 213 152 244
70 170 72 186 59 54 137 283 63 285 260 220 242 259 257 183 97 149 180 125 146 136
539 100 102 122 272 75 34 114 142 65 123 83 86 257 101 85 204 201 23 107 285 121 232 115
14 76 95 182 92 76 97 15 177 266 136 238 145 232 108 264 150 281 77 174 94 286 79 195
79 207 255 61 108 124 193 112 31 278 7 138 71 283 212 58 96 285 141 264 79 63 166
153 207 245 35 20 127 259 220 79 116 160 240 161 4 6 295 59 96 38 227 78 233 121
18 103 269 47 40 243 232 255 182 108 105 28 184 242 221 167 219 274 120 116 72 3
246 256 180 152 79 259 79 180 259 149 281 62 353 107 173 143 137 153 262 263 298 104
154 170 208 267 280 337 63 188 282 106 125 263 257 290 187 203 51 287 71 122 198 224 113 2 221 15
58 164 183 252 298 123 165 116 289 278 165 217 217 29 191 303 284 677 102 188 210 75 152 233 131 246 227 237 43 146 155 83 44 206 196 36 267 242 82 266 51 175 298 66 188
80 102 133 77 200 77 216 288 216 223 63 242 292 276 299 257 866 41 241 190 492 989 60
143 176 207 205 130 237 17 140 169 229 47 14 278 264 72 277 38 102 261 95 181
970 12 52 164 215 280 4 2 150 107 201 176 169 94 190 40 85 161 14 263 159 235 112 179 127 139
4 85 16 199 40 160 83 42 140 191 46 70 230 278 283 225 277 234 197 78 106
239 116 294 274 224 220 239 220 227 52 227 51 242 274 282 99 259 686 69 143 83 58 317 107 34 137 291 215 164 120 161 68 125 89 50 245 194 160 282 296 47 205 106
7 154 258 149 76 297 15 141 123 193 221 286 92 283 298 258 85 102 174 12 206 94 87
12 45 132 92 267 191 126 35 9 163 202 133 49 250 65 218 89 74 121 179 7 186
41 109 159 189 210 223 246 137 192 30 60 159 48 54 15 75 2 274 21 91 188 276 14 191 98
133 207 277 81 130 222 219 14 293 290 223 119 129 13 271 175 184 117 107 58 243 1 210
40 72 255 275 108 110 111 9 162 227 34 242 220 295 52 51 132 180 160 85 136 193 49 45
26 85 125 34 17 250 100 180 213 220 6 129 72 5 201 11 230 15 292 264 212 60 252
82 103 233 148 0 214 33 151 254 191 117 69 145 13 108 100 287 102 266 268 75
89 211 293 144 90 138 50 257 194 149 192 17 122 88 62 227 260 181 27 136 106 131 128
53 61 212 286 42 97 158 43 7 267 66 244 165 56 251 210 106 219 131 710 29 233 102 284 75 188 303 150 166 254 143 43 28 247 106 59 271 226 112 157 128 76 159 135 181 146 87
970 12 116 146 171 244 257 70 248 110 275 66 201 78 296 113 118 38 42 192 103 14 45 54 52 81 57
138 139 208 24 104 102 266 69 92 240 298 54 118 62 50 237 236 5 119 248 105 171 203
128 94 106 29 23 115 297 155 28 17 43 5 283 134 10 132 294 175 235 133 60
0 38 97 273 255 283 84 104 116 6 168 240 1 181 215 123 280 205 271 124 197 285 296 162
64 200 236 353 137 212 116 975 50 282 254 111 50 115 82 871 152 29 251 102 284 191 677 73 211 233 106 223 15 262 37 181 118 39 92 293 147 291 200 222 251 187 159 144 44 243
28 46 116 219 135 72 20 99 276 37 279 132 235 204 218 203 55 145 251 237 133 249 186 236
25 66 89 109 199 216 237 280 97 186 97 273 69 303 146 69 29 186 147 97 353 173 62 143 263 107 153 262
81 131 207 159 132 223 220 105 96 277 145 206 38 210 264 299 243 52 284 268 198 239 196
52 64 73 125 144 187 284 128 232 245 96 0 220 91 154 163 119 206 70 292 178 108 42 55 116 247 120
113 251 265 288 101 45 91 211 141 107 208 151 75 49 259 246 50 14 80 283 28 35 52
31 157 165 281 288 289 53 166 266 82 296 18 10 16 4 285 262 179 209 48 86 100 280 201 216 142
107 247 49 27 94 276 118 177 124 299 199 179 154 128 127 155 211 119 188 262 173 219
268 107 144 66 45 143 115 291 213 47 91 264 105 97 54 72 243 20 81 172 145
132 157 200 243 296 220 66 280 66 296 220 220 104 168 35 62 263 173 137 148 107 353 143 298
970 28 217 258 205 189 277 153 213 240 8 178 193 101 12 260 9 267 76 218 80 77 253 70
970 168 221 264 120 321 288 321 270 65 321 180 53 180 186 186 180 989 182 73 279 330 188 604 124 56 65 139 218 69 11 173 192 106 292 250 70 98 159 167 232 212 43 122 126
20 84 262 84 169 264 67 118 176 102 280 196 266 124 38 214 35 251 148 219 55 75 277
84 99 42 170 24 97 160 133 178 82 234 167 253 49 177 257 215 236 286 196 262
57 199 100 114 117 152 240 127 17 233 231 77 166 192 48 228 174 62 227 170 134 182 98 219 38 63 234 121 184 170 114 5 285 18 43 11 60 97 44 172 218
37 69 128 271 205 24 151 119 200 255 223 12 270 26 251 71 152 148 190 18 185
271 63 146 227 278 210 297 236 104 254 85 118 74 101 204 129 219 242 289 138 12
109 178 278 285 199 214 167 209 234 127 298 263 69 107 137 262 353 257 35 476 173 686 6
970 61 117 215 221 272 337 128 261 197 150 275 119 244 241 143 15 63 121 215 104 111 92 37 46 83 4
192 197 109 97 131 146 241 70 152 13 16 41 3 257 80 136 299 95 285 92 218
0 38 45 94 147 175 42 137 103 157 9 225 125 142 211 235 58 154 274 136 3 83 233 88 133 298
161 182 245 134 104 249 14 174 114 271 81 264 294 31 121 179 200 51 49 91 78 229 15
43 188 204 267 200 89 83 221 279 142 265 137 284 37 55 225 103 3 47 66 102 27 99 7
83 100 259 71 151 227 122 294 148 14 29 164 127 23 241 155 37 74 111 125 112 193 278
7 25 189 236 241 119 241 139 275 6 205 260 116 282 263 276 33 237 45 200 83 285 23 208 183
4 108 212 251 3 154 129 101 117 157 220 155 35 268 209 276 260 237 229 27 116 29 72 236
192 193 254 162 46 118 59 165 125 226 153 246 20 156 238 105 224 21 195 158 133 192 157
129 240 74 205 135 268 177 165 260 45 105 244 273 83 190 275 158 166 136 225 230
353 115 168 78 16 138 160 180 116 291 156 271 195 285 20 8 189 69 152 109 94
100 175 122 37 269 236 141 143 61 145 220 76 152 50 205 240 19 28 123 115 10 198
95 288 269 269 216 56 18 216 96 216 322 56 73 131 75 871 251 303 152 188 749 35 23 208 99 243 91 67 141 128 143 224 148 185 287 200 26 105 217 102 258 123 219 200 226 290 17 244 107 148 24 53 66 190 60 5 149 159 238 297 217
60 43 127 205 105 59 101 267 220 70 48 87 96 159 73 106 134 260 75 259 215
243 254 297 71 157 52 47 92 117 198 288 266 143 18 63 245 74 192 296 20 7 299 232
165 221 125 96 204 120 266 162 152 128 168 275 238 84 85 33 235 7 81 86 5 252
161 250 159 70 72 49 269 16 193 151 118 46 209 291 128 194 167 197 208 111 117
26 40 62 214 270 25 251 110 112 53 231 215 48 296 94 9 220 61 99 241 239 74 202 26 285
20 215 363 239 85 220 363 85 220 239 272 103 65 213 10 416 591 240 258 272 536 918
93 106 145 195 224 299 292 182 153 135 273 20 128 133 188 198 99 248 10 199 193 77 201 83 14 186
868 205 227 179 5 142 268 55 31 276 22 60 35 0 290 4 62 237 219 97 49 285 274
104 176 868 37 76 276 114 108 86 114 212 152 110 217 211 157 41 204 112 190 12 117 47 18 67 139 299 209 193 272 65 40 141 73 142 31 42 110 37 70 183 119 165 121 95 241
68 149 56 141 133 5 13 229 231 176 77 41 119 185 256 94 65 53 104 21 248 233
8 44 68 156 186 278 173 240 276 108 276 274 229 114 296 229 229 257 181 212 296 112 59 147 40 139 41 315 217 38 213 202 281 225 35 140 177 183 92 206 103 204 141 223 200 137 295 254
233 91 187 273 232 247 261 26 254 296 16 3 211 78 157 202 235 86 2 249 141
970 126 163 173 251 30 76 143 870 668 743 942 694 505 188 17 243 76 246 89 414 294 171 184 54 55 419 133 250 210 80 117 250 229 117 250 766 983 184 133 247 126 149 91 287 269 488 84
16 112 211 271 248 161 246 119 62 252 226 280 133 283 84 98 64 296 185 254 199 44 180
138 163 70 186 206 631 72 72 404 694 72 694 247 242 485 159 125 173 227 631 290 283 248 298 287
128 182 246 27 260 27 27 291 43 151 200 151 151 27 182 223 295 870 289 42 132 40 269 66 11 13 283 202 279 204 149 201 233 21 153 274 54 125 159 221 37 285 2
226 272 203 286 45 6 180 180 45 668 204 259 27 1 280 153 46 212 290 78 83 216
96 122 209 214 223 265 151 200 102 27 151 133 200 200 151 161 42 289 182 132 295 89 30 5 148 283 133 192 280 108 122 212 253 34 70 114 262 55 200 160 3 85 128 151 294 248
186 289 70 144 253 39 112 93 186 275 260 235 2 48 47 180 30 164 142 172 162 198
36 64 71 118 229 262 272 136 87 404 230 201 165 546 547 230 419 253 262 299 187 419 144 505 199 257 942 458 184 33 17 173 58 211 81 218 216 77 286 166 5 117 204 32 290 279 182 137
19 61 149 273 216 229 53 161 102 233 179 54 271 260 109 17 245 218 258 88 255 297 221 250
9 85 739 91 256 209 263 91 263 298 91 443 29 825 422 45 160 464 109 92 331 196 118 158 142 94 25 170 187 163 198 60 48 78 282 162 274 125 45 223 84 150
10 32 83 167 199 0 249 281 225 71 188 232 156 132 25 5 94 84 146 159 242 239 229 251 189
22 48 89 153 163 210 237 93 183 263 206 872 872 181 546 404 181 505 458 730 144 168 154 299 197 138 942 262 932 252 24 115 265 47 223 193 275 94 285 35 74 160 69 32 150 166 172 81 251
232 162 263 230 79 62 29 173 152 213 163 71 231 108 179 224 204 138 206 86 38
503 87 96 141 144 200 67 199 168 46 276 258 286 65 78 63 237 208 191 94 73 185 222 260 117 85
572 29 115 122 135 215 237 269 234 196 175 134 37 193 256 233 218 239 100 22 66 12 223 249 257 102 247
987 105 267 51 53 291 213 150 240 94 177 69 64 147 6 132 81 33 36 171 164 75 121
29 43 159 229 239 297 5 29 81 91 120 123 219 269 377 693 132 439 693 439 439 274 132 808 274 522 39 116 387 241 188 439 80 248 68 235 180 43 54 135 291 142 53 149 267 253 94 185 78 169 290 31 64 295
