153 247 251 283 584 736 997 104 209 231 584 812 857 74 111 182 277 292 190 252 759 376 13 989 696 435 534 125 62 351 679 934 426 964 141 732 577
6 72 155 224 229 58 837 798 425 688 25 415 237 463 345 716 753 596 333 683 983 410 589 966 1 256 27 210 97 132 220 295 203 62 123 194 127 144 21 19 120 179 299 207 139
81 178 211 368 243 113 23 243 276 23 203 724 283 63 7 276 208 3 4 224 704 638 150 652
87 796 287 287 566 291 72 3 251 92 271 61 885 383 78 281 783 620 82 191 853
105 241 178 166 237 109 188 97 226 170 172 277 47 92 2 228 206 158 153 108 111 207
257 569 8 233 19 167 115 263 65 88 181 207 205 282 251 61 94 243 192 297 79 254
936 27 291 65 109 265 265 72 284 212 65 123 12 123 280 260 9 994 225 59 668 89
830 46 211 28 124 207 94 245 231 62 202 24 98 216 317 211 707 267 142 60 125 168
74 136 206 239 298 133 96 127 277 38 286 140 141 260 20 175 210 4 45 244 212 226 125 242 225
78 173 255 224 1 224 147 212 1 131 27 74 245 225 756 620 383 278 187 245 346 110 92
133 48 102 223 118 22 6 34 200 86 189 275 288 8 112 287 211 171 58 9 130
89 189 20 257 96 32 211 227 202 280 255 290 194 80 243 116 237 5 156 66 286 239
59 211 214 125 163 278 46 43 117 181 218 93 240 175 60 263 180 224 270 208 2 202 242
209 107 233 55 265 170 204 124 3 158 190 176 83 23 51 2 135 194 128 299 239
212 276 190 186 189 35 238 68 297 182 165 174 42 128 66 176 102 116 99 231 291 4
16 52 122 250 278 105 70 278 258 120 51 258 17 227 75 227 175 280 756 620 92 31 620 187
84 187 232 20 42 42 86 189 297 38 193 121 64 38 209 58 191 203 125 107 586 109 15 265 31 299 264 83 107 53 89 180 98 255 3 218 80 105 176 48 282 179 206
36 71 72 126 178 233 292 99 209 102 35 265 24 85 127 176 118 224 290 159 128 96 27 90 10 80 17
114 236 18 238 53 103 20 136 142 209 40 24 13 7 143 234 33 46 288 100 95 171
136 137 213 224 249 50 70 266 67 177 6 233 188 212 23 103 222 38 137 72 115 268 240 68 150
124 62 195 75 165 287 112 215 290 133 212 221 0 178 93 185 45 281 77 16 149
843 20 41 67 112 135 226 237 426 283 241 245 226 136 280 244 246 127 85 16 256 177 202 29 107 97 51 193 196
74 100 214 234 256 296 5 106 76 269 60 297 98 231 4 90 37 100 189 181 59 246 271 227 162 9
13 69 185 226 252 116 296 134 116 59 253 46 166 179 228 2 296 119 58 201 211 58 139 184 227
105 100 50 146 241 240 241 50 100 223 222 280 17 77 233 272 184 123 248 196 184
163 268 286 336 230 104 132 285 36 37 223 241 276 283 272 167 95 176 53 121 34 144 227 11
209 251 276 205 183 57 243 28 64 165 90 138 288 218 7 252 226 152 80 117 184 92 281
92 209 270 17 70 9 236 273 236 124 38 210 201 111 126 227 296 58 110 139 213 170
36 59 225 181 21 253 290 129 114 286 0 98 56 218 180 44 11 208 263 10 49 280 264 215 179 53 166 139 100 187 17 26 189 65 45 259 282 74 57 108 199 290 175
3 228 48 271 267 70 130 179 162 13 60 11 16 98 135 31 24 283 4 222 227
8 63 233 20 286 176 256 81 253 148 250 171 101 193 80 151 260 63 221 117 184 271 55 140 244 140 244 63 244 213 62 101 216 383 43 278 227 75 116 756 280 92 82
42 280 93 285 280 151 69 101 100 232 153 146 3 156 22 193 174 196 221 179 297 267
885 16 153 257 268 230 148 282 237 293 64 100 253 5 157 216 90 262 10 89 71 225 186
50 203 244 261 295 15 144 33 110 27 94 93 252 67 6 286 78 185 207 183 22 9 107
270 289 269 132 227 72 255 246 6 225 221 33 293 149 186 32 20 219 22 236 75
24 43 229 283 184 261 246 117 55 16 277 294 85 110 188 214 39 77 250 191 288 11 147
144 211 401 112 261 51 244 269 129 209 116 70 64 153 18 195 278 9 201 248 45 210 99
936 166 243 69 96 97 153 296 192 104 145 10 226 29 240 107 55 20 172 18 50 186
175 192 224 243 290 237 294 85 80 194 14 220 98 157 78 189 273 249 210 135 282 139 281 244
43 180 286 10 98 1 233 280 130 256 96 118 210 216 195 104 108 243 50 113 99 164 220
13 76 77 110 121 167 195 266 288 342 28 124 150 141 254 34 184 259 254 196 222 123 77 158 272 165 39 223 235 262
196 57 153 155 138 97 206 248 16 93 174 207 280 249 14 225 218 222 5 204 34
75 249 101 233 278 17 199 275 290 82 198 180 103 211 0 95 170 123 298 248 255
99 287 240 79 43 215 114 41 221 21 126 249 116 160 0 104 174 56 144 72 281 179
141 234 240 35 10 125 207 235 245 286 103 59 204 274 115 29 50 13 261 210 280 111 142
208 227 117 101 286 115 11 177 92 77 18 133 244 190 37 204 146 121 296 100 119 112
89 1 27 128 78 8 1 8 223 1 207 110 58 38 227 184 119 139 201 137 170
63 155 177 201 90 161 39 288 25 90 25 158 235 223 222 123 833 19 272 184 165 184 9 39
134 137 141 267 182 88 283 77 76 183 104 119 100 102 193 273 59 293 247 122 228 174 5 252
24 255 278 34 129 209 97 261 292 9 51 55 185 273 260 226 45 246 159 296 231 201 126
2 61 70 135 203 97 202 102 177 171 69 286 264 59 297 243 48 107 26 139 287 296 143 16
79 141 177 276 282 596 11 52 118 12 93 143 6 34 18 34 154 96 6 6 12 231 200 133 5 89 116 4 448 276 159 86 178 82 98 128 265 19 106 116 70 196 279 154 297 292 89 295 299
54 141 194 196 253 261 137 260 165 4 168 89 103 291 191 78 234 157 199 190 44 251 98 57 37 205
78 96 117 133 227 298 183 18 240 138 90 263 276 278 255 21 274 148 49 169 117 104 245 256 86 292
54 111 172 215 274 183 101 67 274 275 62 252 94 47 246 109 0 266 238 235 147 73 121 284
181 4 151 273 297 287 13 206 141 20 16 51 278 219 12 9 134 225 59 199 217
19 25 151 249 278 286 148 279 204 274 187 51 119 198 14 24 54 37 31 126 23 76 189 155 4 95
272 245 155 96 199 164 25 194 2 98 151 121 13 200 205 265 268 144 109 29 60
93 155 211 174 202 231 121 252 172 214 291 52 253 180 41 5 59 80 9 184 278 51 89
116 206 219 227 234 75 149 154 255 285 1 240 112 7 175 17 67 280 294 97 26 246 237 98 96
24 111 203 205 250 122 227 8 159 298 59 288 24 15 129 115 281 272 25 202 214 171 196 150 88
258 273 57 72 16 119 233 49 62 94 123 65 224 282 108 82 258 9 232 254 273 169
89 118 140 291 245 129 185 211 189 255 270 6 257 274 261 114 100 147 207 170 151 145 238 65
23 212 230 289 116 3 158 95 283 47 240 271 67 66 182 76 168 272 101 257 50 125 186
30 71 246 279 36 275 265 263 18 85 172 74 31 147 218 226 181 89 156 45 293 65 283 11
3 74 178 230 243 271 75 252 83 71 207 7 264 43 89 287 208 168 177 204 62 199 99
144 176 252 74 268 200 13 36 270 251 0 5 240 169 220 144 81 29 8 225 4 234 182
122 154 260 271 160 162 243 121 169 221 107 173 39 262 236 229 8 43 49 220 165 153 208 114
96 98 242 288 231 35 26 174 127 146 157 39 293 112 149 270 129 1 71 16 216 175 2 190
40 250 64 177 200 152 51 199 88 65 76 37 260 145 80 231 299 157 83 258 175 283
169 178 216 242 176 258 50 227 117 242 194 49 190 298 15 165 76 283 273 134 28 106 57 256
175 212 229 272 33 222 227 125 52 269 289 151 238 93 38 119 267 152 136 43 99 8 133 98
19 53 79 148 94 60 87 105 97 299 87 111 296 58 170 110 211 184 119 210 248 58 112
76 231 16 126 241 177 111 279 276 1 115 251 103 94 265 287 282 3 195 290 211 43
188 23 263 70 247 93 20 126 127 106 295 269 60 195 111 218 83 183 173 167 102
54 195 267 275 216 84 24 101 196 26 275 233 74 53 249 164 255 16 120 215 115 200 128 208
47 95 272 48 191 61 198 270 29 257 298 107 294 224 225 127 88 226 11 1 98 142 208
125 188 163 59 247 268 235 54 140 32 109 219 277 30 270 292 137 215 197 243 172 181
83 91 241 151 149 17 59 12 76 41 20 239 29 40 131 91 265 50 259 107 253 35 71
157 185 210 88 64 287 166 112 82 108 51 177 149 8 81 194 91 27 12 59 20 1 143
12 177 181 275 293 266 188 12 93 190 209 57 115 54 282 10 76 224 172 217 197 292 135 269 205
33 104 134 161 158 258 298 142 69 127 241 219 214 65 196 136 49 12 296 207 82 52 169 41
126 137 271 170 102 223 212 176 282 250 257 162 103 5 27 7 92 52 153 231 194
0 106 279 118 134 172 244 9 238 160 204 282 84 78 129 299 21 67 37 266 295 136
111 136 182 255 130 208 266 271 285 202 61 16 215 230 129 83 142 73 163 14 65 15 250 103 294 191 215 242 155 282 133 263 44 217 166 225 233 130 8 239 230 212 110 132
69 93 218 254 261 85 45 107 288 232 65 118 2 209 63 96 136 286 188 123 247 248 22 278 76
8 197 255 256 263 31 167 6 81 269 62 244 87 42 198 106 9 33 86 5 79 150 168 184 1
20 191 43 287 79 17 291 273 175 230 0 4 36 187 271 85 137 74 89 261 92 110
57 146 222 74 1 293 42 294 206 160 40 184 176 209 240 120 235 86 117 60 70 266 278
62 136 86 165 77 48 3 150 20 252 286 121 179 196 21 283 42 27 137 159 34
42 64 182 112 69 170 100 261 4 185 252 291 18 43 107 84 129 201 299 153 293 77 60
6 98 142 283 266 130 3 42 141 26 255 118 295 287 49 22 31 154 245 119 69 250 184 211
4 127 196 297 43 283 283 11 283 283 767 91 38 58 211 296 137 227 248 110 210 119 111 201
72 203 232 232 237 127 37 242 232 209 55 280 9 235 184 165 233 833 17 39 158
23 286 219 192 298 262 215 96 26 110 119 194 46 211 242 235 299 3 58 24 114 62
150 155 167 8 175 239 63 25 236 26 289 137 65 270 276 253 240 181 36 295 136 251 278
199 208 289 128 44 238 197 173 197 44 128 110 213 201 184 296 58 58 111 170 137 112 139
287 293 291 122 99 153 52 294 255 137 33 83 244 64 220 125 266 1 210 22 240 172
13 60 151 225 249 33 78 170 262 210 273 107 206 228 267 184 293 66 167 59 55 278 124 76 137
8 31 192 241 247 257 216 244 34 61 81 140 223 25 53 58 293 32 30 213 204 255 235 117 174 49
93 178 47 258 6 250 279 70 288 19 167 2 185 67 216 21 191 120 199 272 28 119
15 38 63 138 160 256 267 285 87 209 232 55 161 145 55 209 161 272 233 123 19 196 158 165 17 235 222 9
139 174 129 88 24 279 267 122 69 116 136 94 260 183 127 151 206 270 37 265 236 8
936 25 28 113 162 183 236 108 77 216 296 85 95 66 254 43 82 57 290 170 103 152 164 172 221 289 211 52 97 59 11 84 18 255 243 34 270 134 296 17 176 91 78 209 36 238 271
9 15 217 108 86 94 36 80 288 211 285 296 126 97 282 165 140 278 27 159 160 79
25 140 155 163 195 210 221 237 295 129 178 205 113 273 98 41 109 13 163 86 216 261 97 190 162 54 241 177 209
110 177 195 131 197 103 214 184 169 134 225 60 120 90 44 218 116 81 109 171 141 82 95
82 158 245 269 16 150 242 3 229 280 168 7 93 220 270 29 269 57 76 212 66 163 86 285
163 74 44 295 267 139 135 132 73 233 293 80 90 256 175 241 83 41 78 103 58
165 255 88 70 4 27 0 174 15 217 126 105 6 235 299 113 259 213 140 274 151 242
118 148 187 169 104 254 51 12 237 233 213 225 27 151 239 143 152 241 108 65 46 198 245
36 121 227 121 225 254 43 275 252 67 221 131 22 299 134 69 58 13 220 297 161 155 190
108 279 222 2 221 211 106 55 255 228 91 81 256 258 96 154 79 38 15 182 267
204 214 249 250 269 194 58 185 61 12 207 113 24 258 290 16 89 3 44 7 178 151 196
132 226 239 277 280 227 43 280 84 269 123 32 208 34 149 161 279 186 297 66 79 263 107 190 153
116 230 220 156 77 105 283 244 1 70 142 289 67 141 153 18 218 110 162 263 119 96
31 85 81 125 224 47 75 254 141 252 175 231 10 277 148 287 54 144 120 185 124 275
165 217 219 236 208 94 167 178 5 104 35 182 279 45 253 142 96 234 168 74 91 100 20 57 182 0 42 20 69 274 278 108 9 56 144 134 112 147 122 78 37 205 38 96
47 150 193 20 287 231 128 4 83 145 271 209 185 63 285 15 38 148 275 165 49 286 16 129 65 81 160 38 165 13 267 155 78 206 246 166 143 238 12 244 35 46 186
29 62 111 197 202 273 229 64 179 247 15 223 246 149 103 181 155 2 171 123 271 194 180 264 215 261
5 182 191 264 152 57 127 85 18 110 75 159 230 293 66 254 6 37 239 252 48 114
46 105 159 173 152 227 32 120 275 46 96 201 299 130 99 182 71 259 48 102 157 63 121 276
201 246 17 86 102 286 209 35 66 128 285 79 243 281 164 219 218 0 263 88 6 50 62 265 79 57 128 140 149 289 240 199 232 139 78 65 184 87 15 96 93 23
15 85 144 194 52 92 86 182 298 186 215 7 184 245 238 22 151 72 88 233 239 296
223 26 9 229 236 142 297 255 210 266 112 293 248 97 169 62 214 195 179 267 27
277 290 2 32 266 203 187 235 58 161 284 151 144 166 267 6 287 218 88 293 176
936 28 98 105 235 254 228 227 170 123 33 169 142 268 249 51 46 18 180 191 139 176 106 9 210 285
176 233 295 571 246 297 276 103 98 99 183 295 167 289 96 201 218 67 290 195 43 265 120 160
48 80 139 66 235 56 233 208 266 34 229 297 6 120 268 73 190 14 245 115 256 1
23 118 183 212 236 571 126 20 65 12 258 157 142 204 255 79 137 180 143 31 185 69 34 245 102 214
161 247 274 93 111 112 187 146 227 94 90 295 58 182 76 116 125 220 219 273 78 113
936 29 81 143 23 292 69 97 106 68 270 41 285 169 234 38 212 140 93 150 207 83 218 82
219 223 24 180 131 76 164 110 238 53 157 177 56 102 237 132 10 79 275 130 103 252
106 232 99 152 1 144 200 201 228 63 191 241 295 120 193 119 282 142 146 291 279 280
120 175 280 461 257 175 20 177 175 20 198 127 174 158 280 19 39 165 123 272 9 158 833
3 81 280 103 21 255 46 3 286 153 119 251 88 250 246 285 107 270 76 260 117 155
115 121 141 150 247 149 202 173 136 128 89 265 129 107 19 58 75 2 95 269 193 57 237 48 102
236 93 40 64 204 290 278 170 20 45 62 193 240 77 234 216 147 50 34 254 107
9 168 193 198 9 80 39 138 131 26 189 70 168 133 91 10 241 144 157 194 136 140 266 109
50 61 180 98 291 94 41 268 55 122 159 219 5 81 222 106 149 60 190 79 140 271 152
35 120 63 288 257 49 198 257 141 99 244 25 48 14 136 126 202 238 98 282 204 115
55 80 84 107 230 233 245 266 45 101 56 134 242 100 148 278 238 236 192 174 69 229 294 264 175 75 253 5
32 54 247 189 158 147 186 37 222 77 295 169 234 56 273 194 38 0 132 23 216 10 60
16 57 166 35 81 112 206 161 257 82 286 103 69 136 74 180 198 216 90 15 122 224
37 96 209 33 163 203 175 238 181 92 241 201 15 162 219 9 117 46 279 178 152 155 99
66 184 280 127 130 286 50 202 185 76 119 53 283 217 61 259 102 203 69 221 205 125
151 51 131 137 200 215 620 27 104 243 288 244 44 291 132 16 293 223 109 125 223 58 258 31 36 179 15 185 43 278 267 10 26 77 128 265 88 73 224 83 206 160 21 290 150 71 194
0 82 211 230 234 256 276 125 198 27 197 201 48 250 59 160 297 140 114 291 152 289 220 170 90 268
9 25 105 117 36 92 240 205 197 180 234 94 6 271 20 175 152 97 258 224 168 236 207
8 59 89 203 117 26 256 217 0 258 77 89 99 225 110 181 160 171 38 113 60 139 175 86
87 268 191 30 132 76 265 175 278 154 232 70 178 18 289 155 282 160 148 255 177
36 44 212 284 51 189 185 70 138 109 253 100 238 237 286 45 16 3 12 183 80 66
27 87 128 194 245 201 156 168 226 182 161 297 28 42 143 291 208 243 83 63 275 294 167 33 67
132 169 242 291 157 41 260 86 5 77 272 17 224 136 263 56 37 167 144 152 109 23 164 234
2 203 224 119 115 152 97 100 193 96 116 133 43 113 253 213 86 234 159 260 166 35
65 71 252 149 30 13 192 133 143 205 282 270 195 162 188 255 61 88 226 147 264 184
21 39 148 236 126 59 47 66 209 99 107 233 256 177 184 43 149 193 88 151 185 61 150 262
54 265 74 121 67 146 113 123 48 83 154 187 23 228 12 80 108 159 261 294 105 30
127 157 260 299 215 293 58 92 108 149 6 187 23 154 194 135 227 124 86 167 205 166
85 236 237 103 4 32 269 158 220 217 276 19 189 127 39 11 108 172 215 206 96 10 293
98 176 295 263 962 264 264 263 139 84 139 84 217 84 91 201 213 38 58 248 170 112 207
53 127 250 290 160 44 178 149 44 160 23 210 223 223 109 193 268 143 293 58 36 107 179 71 33 39 5 23 26 25 163 97 31 291 197 43 37 255 32 130 171 207 13
28 182 42 17 153 75 61 171 211 270 177 144 86 265 95 0 236 92 132 88 250
61 168 18 96 136 285 172 245 95 65 202 130 104 231 81 48 290 67 211 134 52 283
55 69 243 3 1 196 86 214 90 55 266 73 260 31 180 41 154 38 26 184 235 297 161
14 37 267 141 266 291 108 83 198 5 97 130 240 18 188 12 40 277 31 77 74 210 272
66 249 273 62 69 161 155 104 77 26 248 188 61 257 173 10 229 54 214 244 122
24 66 115 133 212 9 57 256 180 144 220 276 210 288 278 230 116 109 260 198 129 282 252
19 191 223 229 255 239 168 76 8 171 240 49 161 290 13 79 267 134 228 44 21 90 156 0 215
48 103 232 236 147 149 114 187 165 233 284 73 231 87 207 243 46 202 99 206 156 260 64 280
1 38 93 143 175 296 286 161 134 246 229 66 220 230 196 269 156 165 201 123 285 64 124 59 50
13 159 131 271 169 205 280 227 181 7 209 157 41 239 79 135 90 212 55 95 257 114
76 94 108 145 249 256 278 208 133 275 184 68 79 52 248 93 284 73 157 67 142 206 290 288 201 80 276
167 192 120 130 208 215 177 56 58 188 53 89 266 87 207 246 19 297 212 201 271 103
10 114 261 47 271 213 139 167 105 63 163 12 110 75 90 46 162 198 5 1 178 43
19 56 87 144 149 164 249 207 76 167 50 157 67 110 97 124 103 2 58 75 61 267 185 115 252 262
184 276 53 243 118 165 252 198 69 203 229 59 12 19 293 93 144 217 110 255 23 62
153 98 278 129 55 23 264 44 112 166 219 272 111 172 190 47 52 86 101 84 149
58 89 99 246 273 168 184 78 292 154 136 294 239 284 276 260 92 91 85 2 147 1 101 256 14
15 62 169 69 4 175 35 44 269 189 191 272 217 286 226 294 150 66 154 185 82 30 140
147 206 244 289 152 77 90 1 1 152 1 90 192 127 109 107 179 31 293 223 193 268 286 283 134 258 281 104 146 187 116 55 245 40 276 200 184 213 66 5 123 114 256 75
105 193 271 147 39 93 26 246 159 167 270 14 195 74 238 207 298 112 269 129 267 231 101
74 183 281 160 153 245 102 89 177 252 101 27 131 43 123 10 212 69 46 261 259 272 192
140 167 284 354 583 339 583 856 645 807 229 522 354 184 227 936 119 111 207 58 213 91 170
30 185 241 222 48 62 114 210 242 117 134 36 137 190 112 166 21 156 23 240 254 293
