31 37 216 252 24 182 296 363 683 831 57 691 249 807 595 407 815 195 148 418 33 933 754 961 648 208 318 709
223 293 277 33 144 247 175 98 270 52 237 186 66 243 228 110 230 259 294 184 68 121
77 154 164 224 242 458 793 793 31 793 789 298 263 108 93 827 987 56 709 789 56 537 130 915 817
742 12 172 184 291 53 106 239 236 12 39 67 68 32 129 208 287 109 101 237 254 62 19 148 248
110 139 169 176 260 364 94 265 97 143 273 69 296 181 281 247 102 212 176 39 232 101 52 60 202 233
121 364 1 46 171 146 111 260 137 199 135 215 118 89 30 248 17 114 291 221 209 97
21 51 94 131 275 171 126 150 182 47 54 88 135 198 34 160 250 105 249 76 245 25 280 275 28
92 245 209 23 281 50 126 37 135 9 46 144 271 221 15 210 186 266 252 267 265 129
154 188 206 254 289 179 7 91 116 86 276 61 38 163 100 125 63 251 192 256 165 170 271 212 147
165 199 288 295 99 216 113 229 201 139 242 179 83 77 14 58 144 62 283 40 228 234 42 49
125 135 197 219 222 110 125 272 15 96 217 4 138 35 257 121 181 156 269 158 280 295
110 167 149 38 271 26 23 169 126 43 157 163 79 78 175 100 165 83 138 153 296
53 72 54 96 141 202 172 55 14 264 123 39 254 114 59 116 183 296 104 267 16 99
87 191 378 54 18 14 988 177 250 118 273 988 86 237 96 255 288 400 240 624 104 180 869 206 92 172 11 255 173 72 22 114 51 254 0 145 78 61 21 276 181 70 41 223
84 265 274 275 286 68 155 247 226 111 137 167 297 208 188 211 1 77 59 292 122 94 105 178
81 121 90 102 201 286 260 475 43 244 76 293 293 25 255 96 240 104 52 95 624 206 840 422 288 180 73 148 154 139 13 196 161 51 130 295 42 40 54 265 156 231 152 266 227 67
284 223 236 223 245 267 223 46 236 125 257 160 273 179 159 83 211 38 66 813 225
70 71 130 241 72 140 206 76 197 288 280 254 21 252 8 82 295 209 219 22 32 88 253 66
16 74 134 273 148 45 18 131 82 180 34 143 217 50 264 52 204 134 287 24 240 132 112 249
271 133 49 132 69 257 14 138 157 299 196 256 55 255 239 276 180 171 203 201 217
52 136 378 263 194 184 114 266 18 129 294 85 109 33 273 245 227 91 35 235 78 124 32
997 17 21 45 109 138 211 251 115 29 11 225 204 34 96 250 18 131 30 224 212 176 90 4 246 254 190
4 165 6 19 87 147 226 147 159 238 35 68 59 226 178 875 276 136 289 257 277 291
44 121 148 157 222 170 226 287 73 269 89 106 16 27 171 266 175 182 274 164 31 2 148 53 218
6 93 123 205 283 30 86 137 126 128 53 259 271 116 92 52 139 56 184 278 203 107 68 113 143
51 52 59 115 246 318 14 88 244 38 247 206 198 130 42 279 106 268 281 49 83 21 170 61 185 53
1 211 284 126 69 10 85 1 235 155 14 81 288 286 228 239 261 107 33 117 111 18 227
52 174 60 189 83 96 257 226 162 128 158 120 24 90 195 153 212 147 230 290 273
151 237 215 153 151 34 265 79 190 178 232 62 28 239 253 193 298 115 155 192 75 204
109 235 105 188 172 129 13 293 124 46 109 169 151 87 101 240 239 266 156 232 64 78
3 210 264 267 72 41 247 265 170 146 163 261 280 256 172 197 75 157 132 276 259 162 250 239
119 197 200 250 253 254 205 61 168 118 15 111 169 216 191 238 282 213 79 92 97 122 235 188 156 173
25 89 169 360 173 222 120 298 39 111 285 254 97 137 195 99 51 9 178 287 65 160 145 197
284 105 174 199 65 13 41 271 247 190 235 219 72 124 170 210 144 97 167 176 246
25 108 263 246 170 87 232 10 265 223 95 241 76 30 261 157 281 215 262 79 127 192
19 23 112 145 34 162 44 18 137 106 10 64 55 86 93 25 170 207 58 131 276 81 271
25 50 240 137 183 184 49 83 92 107 153 23 69 264 175 209 59 68 240 100 80 270 205 168 81 174 92 157 128 269 189 268 207 154 179 13 44 225 248 229 15 127 67
44 154 163 360 227 159 91 167 247 31 261 205 271 220 36 116 142 41 67 284 13 178 98 34
272 219 175 242 33 220 289 226 3 30 173 61 163 25 189 166 91 244 27 22 149
10 133 71 125 231 279 276 174 286 54 163 178 235 119 187 212 257 173 21 172 123
81 190 222 281 84 277 15 149 84 149 194 15 16 645 84 43 257 512 163 875 212 60 277 71
997 51 69 133 145 161 202 194 161 194 167 43 237 194 198 35 257 163 71 277 291 276 282 165 136
87 153 155 157 267 273 97 231 187 253 259 115 168 128 152 272 56 200 1 16 258 255 177 9 292 159
4 10 180 281 24 288 294 115 7 228 199 170 17 20 69 10 65 97 299 293 14 264 183 241
40 120 279 121 242 28 209 146 229 188 155 250 179 201 255 4 110 97 276 124 75 248
261 295 205 155 103 74 18 102 41 294 61 288 55 239 112 208 129 191 6 22 224 47
1 43 185 81 254 122 279 206 230 203 85 108 298 53 153 243 221 139 91 56 246 295 268
24 146 204 18 122 50 151 16 225 162 53 271 274 272 34 163 8 27 224 138 283
28 116 118 121 232 265 219 126 26 151 19 104 182 200 179 109 202 248 125 58 123 29 205 59 70 210
7 22 211 214 232 571 32 232 21 239 82 140 260 227 268 237 144 253 89 285 230 55 116 270 156 263
166 46 213 165 23 71 181 265 76 147 231 8 53 104 49 299 250 190 129 134 195
285 148 155 191 182 16 260 263 48 264 140 278 281 59 251 93 242 125 73 293 27
58 84 182 299 138 162 126 193 22 92 253 265 238 98 137 68 61 207 186 12 164 85 267 293
66 159 117 14 145 78 184 90 169 120 215 233 194 25 115 223 243 89 139 21 35 126
62 206 286 60 212 4 257 22 222 136 175 298 38 194 206 92 96 152 64 290 56 184 270
77 94 128 143 5 253 65 148 156 297 149 280 138 27 137 46 257 66 283 119 80 35 97 266
30 200 234 295 92 72 273 220 277 190 269 9 39 244 258 89 289 218 25 135 93 257
283 137 101 275 144 196 116 64 251 290 237 230 258 9 66 223 67 124 28 179 145
88 162 159 153 166 157 179 70 141 7 276 129 199 135 216 83 226 255 104 194 116
35 121 244 268 130 13 121 149 22 94 71 252 232 257 31 122 179 156 79 146 282 192 286 112
143 182 280 219 51 54 200 66 239 42 251 169 277 295 124 262 207 199 222 122 12 155
139 264 281 79 261 284 214 22 177 37 64 208 216 184 298 116 76 41 210 121 182 263 72
138 208 163 293 6 105 228 146 280 183 80 273 164 298 39 138 36 68 207 127 9 152
43 44 209 22 117 261 248 155 293 211 266 54 286 269 18 11 242 40 273 64 239
241 158 149 268 86 237 217 206 64 292 82 71 94 172 273 212 73 294 49 114 246
71 72 119 260 180 296 233 64 215 9 137 249 142 221 106 126 96 205 51 14 168 30 46 217
64 101 242 84 258 132 240 43 38 260 73 89 199 20 28 266 265 229 272 247 5 83
6 54 71 252 261 197 226 282 12 117 258 41 172 23 207 50 266 237 216 28 119 111 85 145
226 187 97 193 249 61 237 186 156 85 9 203 225 123 146 96 280 34 176 119 292
4 94 189 79 115 113 225 67 97 182 109 160 47 288 22 240 264 195 232 122 262 266 16
997 143 179 250 2 15 176 3 73 26 169 43 243 9 234 92 113 118 4 184 12 288 125 10
111 228 50 83 173 75 178 167 110 61 29 284 141 51 183 258 209 237 289 68 139
63 124 229 256 30 238 119 256 114 39 166 212 26 180 19 10 254 161 87 6 47 13 122 68
31 56 90 253 285 218 261 216 4 227 117 292 173 221 35 272 260 1 141 17 193 99 293 240
206 231 275 256 63 98 216 299 161 129 262 222 164 119 42 97 125 34 84 293 254 109 145
742 30 124 207 257 283 571 251 149 159 126 96 52 240 34 11 258 91 279 32 239 145 75 138 38 297 262
141 255 299 267 239 231 172 106 105 6 183 20 210 245 82 220 282 66 218 118 173 128
133 21 279 262 209 147 15 232 39 176 220 140 278 99 233 198 143 227 249 247 49
33 212 262 263 134 271 139 79 209 158 187 7 116 249 42 285 21 40 195 200 24 167 130 44
773 156 178 285 176 293 69 61 289 257 51 83 104 251 161 138 280 160 243 110 298 94 285 85
239 295 83 209 250 198 26 161 60 135 195 153 269 197 93 247 81 238 124 107 186 230
69 77 120 145 204 286 132 236 177 80 26 121 252 118 64 228 138 20 233 94 232 295 261 227 154 6
125 197 209 187 92 283 227 168 247 7 66 143 211 86 201 115 194 84 93 81 147 121 67
12 30 215 216 116 156 8 298 5 62 20 282 126 187 154 57 296 90 210 25 33 83 65 127
288 58 182 122 186 75 74 193 62 145 14 128 262 247 26 98 88 43 2 102 187
110 207 238 287 223 58 267 12 279 189 95 115 299 129 251 134 240 278 56 120 201 197 220 30
18 25 108 177 248 258 276 246 160 234 211 285 268 288 240 48 292 25 186 255 24 149 107 114 267 290 33
42 101 253 107 264 43 272 18 159 69 270 242 47 189 243 213 120 23 181 224 192 80
165 272 86 293 222 75 162 213 289 150 181 116 278 284 159 125 12 197 198 269 47 227
68 141 236 250 10 65 241 22 199 110 183 190 170 144 264 85 53 72 292 49 256 5
12 201 40 251 145 206 250 227 17 59 231 75 83 226 164 181 193 180 119 159 285 53
246 259 225 293 152 37 145 271 63 279 160 38 252 210 198 239 41 27 247 66 223 162
50 190 138 77 185 66 163 165 170 107 253 264 70 193 153 117 125 53 126 279 179 215
72 159 198 204 125 113 1 81 3 80 198 176 107 31 124 71 127 97 253 196 128 267 44 141
15 120 227 265 122 84 231 194 165 79 120 258 245 126 256 121 65 223 246 116 100 198 11
263 68 272 123 57 60 230 186 110 258 282 252 50 25 229 49 98 295 124 81 64
70 180 262 97 287 298 70 138 38 233 91 248 80 183 222 98 271 154 292 79 274 185
0 68 106 150 168 193 157 169 134 258 231 147 215 149 173 152 230 89 99 48 91 115 139 267 289 109
78 225 228 195 193 28 1 56 115 64 209 72 10 217 294 152 203 161 83 228 118 156 296
24 79 282 439 112 296 172 155 266 159 134 43 254 82 88 196 259 14 41 93 294 189 11 54
997 80 43 217 278 232 144 32 218 248 50 75 263 156 128 153 93 6 17 236 33 88
217 269 24 207 250 190 235 33 149 271 270 70 211 9 47 221 101 49 3 195 15 160
136 287 242 32 80 248 224 235 123 276 145 267 63 183 199 255 226 76 264 70 122 234
47 81 252 275 145 77 174 267 55 60 135 92 10 146 234 193 220 265 253 172 63 295 93 247
131 282 74 155 145 143 198 190 112 215 31 28 79 222 156 30 263 64 209 272 294 277
88 270 295 571 194 4 134 225 57 119 41 74 2 62 166 56 87 162 214 120 262 204 112 52
22 26 103 193 18 138 286 195 213 281 83 179 98 178 295 107 229 126 66 130 96 95 248
42 212 217 228 254 53 24 174 87 238 298 183 221 72 26 125 273 191 46 287 88 90 137 7 67
54 59 81 151 170 185 0 27 120 207 189 244 279 72 293 239 211 150 188 82 204 13 158 54 139 280
88 151 215 246 233 78 88 113 91 79 161 191 266 20 204 89 137 59 40 160 55 246 283 281
9 140 191 267 76 150 164 252 3 193 117 43 294 140 178 18 10 166 163 246 41 261 42 283
997 79 140 177 197 264 240 246 168 165 84 277 220 122 153 51 146 54 198 281 90 55
157 207 72 191 76 236 21 162 14 42 57 189 104 187 77 286 151 239 158 58 44
113 137 157 228 236 46 296 62 64 291 110 131 94 147 36 265 272 160 244 113 29 173 157 99 299
34 130 143 159 280 42 299 192 7 48 293 41 246 281 135 196 157 106 145 216 198 253 144 68
48 84 176 186 142 89 136 181 227 186 76 104 265 115 248 187 143 170 14 210 64 257 204 60
25 290 149 190 47 164 90 7 249 111 17 152 173 257 87 182 239 220 53 12 262
5 86 109 177 213 54 208 188 155 297 142 275 97 183 261 209 236 13 51 152 161 117 109 218 78
26 511 183 168 28 191 19 126 140 257 162 61 163 284 100 12 233 128 160 229 204 59
54 94 155 215 83 191 46 160 288 179 242 114 120 260 146 208 69 223 32 138 265 31 143 263
132 90 91 11 66 115 247 172 16 270 289 242 281 209 67 70 9 279 140 197 231
742 26 75 92 1 137 109 0 199 36 272 3 176 50 28 131 129 188 295 147 33 48 163 280
42 77 211 228 124 124 37 640 37 211 27 124 292 282 121 512 480 178 257 165 85 99
78 108 128 150 159 207 254 261 126 52 287 97 31 205 167 55 244 43 64 84 72 79 18 27 140 207 107 286
4 49 54 180 225 295 173 113 44 63 155 34 132 10 227 103 124 74 157 137 256 287 115 116
173 180 267 96 84 168 183 42 47 67 297 243 31 63 182 146 69 164 33 277 171
742 98 136 162 117 158 129 144 178 41 30 259 237 62 208 106 78 65 290 161 34 186 278
997 78 257 11 280 264 94 126 27 109 73 7 99 199 200 25 4 188 172 184 201
9 67 289 270 99 170 20 71 278 157 285 288 41 16 0 147 287 177 223 212 54 185 219
176 194 159 68 185 256 94 121 97 290 176 181 238 166 46 164 169 258 153 218 57 183
7 31 231 251 286 279 59 166 222 168 287 280 209 291 103 241 247 63 296 62 85 51 38 269 19
65 79 98 141 249 12 32 172 232 68 186 6 246 60 164 101 181 166 115 106 130 200 121 189 35
13 90 188 269 195 18 167 74 146 67 234 212 99 94 143 27 216 168 15 204 34 73 17
5 241 239 88 209 5 254 258 146 249 166 194 168 117 129 274 23 206 77 196 154 102
32 129 158 157 86 147 141 223 54 138 191 74 166 237 131 276 96 52 170 220 128 24 271
2 81 211 184 54 22 265 58 115 105 140 211 293 51 161 273 158 111 148 123 228 147 181
997 37 59 195 199 260 277 279 233 121 278 288 12 110 60 129 228 175 78 53 107 186 185 156 218 66 40
2 11 58 71 278 106 95 291 21 68 65 162 289 230 262 103 268 104 161 177 179 101 1 191 286
67 90 276 8 39 181 32 116 297 287 210 99 53 46 167 197 70 124 159 20 88 183 146
4 22 107 132 140 247 162 237 88 174 266 127 268 153 70 217 123 82 234 215 181 15 183 214 255 40
23 49 59 60 75 27 159 169 274 299 190 141 155 213 278 138 24 47 152 241 298 236 17 258 142
8 73 139 157 283 103 254 27 80 250 83 116 86 108 31 210 253 25 29 142 49 293 73 109 67
997 286 285 164 63 38 258 3 20 45 51 276 205 269 67 296 226 12 253 121 100
37 97 227 297 360 223 297 72 152 267 296 263 49 253 102 202 236 201 219 205 224 69 8 268 41
86 135 215 117 267 39 145 17 81 189 69 209 12 225 188 42 103 296 263 185 51 249 297
87 100 142 235 297 360 366 92 128 22 0 166 58 162 184 156 38 76 109 196 75 49 250 27 143 240 34
230 366 8 56 12 151 244 196 193 32 248 283 210 7 133 38 109 236 160 113 14 284
276 142 21 51 108 296 183 205 219 98 30 74 146 28 239 206 214 20 152 39 133
742 9 81 102 360 231 114 117 226 227 157 204 120 73 287 46 191 253 254 273 8 163 48 12 64
133 185 299 101 298 241 1 95 59 31 78 124 205 211 199 210 179 275 293 172 274 74 257
95 175 286 21 65 233 49 39 76 277 286 138 166 9 240 2 280 258 118 61 260 32 175
129 160 161 225 274 101 222 173 17 206 172 60 3 125 77 271 87 84 96 54 74 198 138 219 161
10 29 84 172 173 183 268 30 100 45 87 97 186 210 208 200 166 227 119 133 273 71 169 42 81 0 272
33 67 72 162 291 180 298 81 11 13 127 249 297 115 280 69 186 113 137 171 85 18 223 294 59
15 171 249 9 46 288 189 210 292 293 171 31 30 126 181 161 194 125 33 63 157 2 15
104 108 110 244 95 235 17 4 130 83 15 213 280 139 260 89 37 156 63 8 207 58 151 172
73 130 177 228 129 53 203 151 169 281 38 149 195 6 180 268 105 246 266 93 79 4 264
52 95 196 254 264 271 278 67 79 155 11 145 182 170 246 135 250 107 9 292 43 206 153 169 196 209 118
275 115 57 62 124 214 120 2 143 74 141 237 152 11 100 164 255 36 299 241 246
101 123 156 227 189 255 126 111 167 110 125 131 134 273 241 176 171 67 135 86 109 286 205
151 481 221 285 193 115 210 174 248 191 91 78 253 54 258 95 297 176 237 280 108 215
158 176 185 208 275 57 216 155 71 118 46 1 28 171 287 106 41 132 166 172 158 11 151 35 61
742 247 280 50 89 292 218 73 223 17 55 41 266 254 247 104 91 286 171 24 268 121
132 227 120 169 15 177 49 70 201 115 291 206 279 84 82 182 36 108 266 80 40 249
103 115 197 48 89 278 299 72 228 88 178 3 139 230 109 292 20 38 242 69 39 286 197
65 86 100 282 99 208 7 234 22 64 166 193 132 140 249 297 74 46 115 268 180 87 1
55 80 109 202 94 163 156 160 129 103 99 106 190 122 31 29 24 250 223 237 42 258 78
74 101 165 249 243 291 60 98 131 143 219 275 9 41 203 67 107 278 262 50 42 95 136 283
23 34 81 103 207 223 255 217 225 97 286 254 298 90 175 95 268 60 281 267 218 75 36 64 141 61 287
166 299 71 269 230 204 107 297 37 130 211 197 160 286 66 277 117 196 127 290 90
63 179 481 237 51 187 67 12 245 81 107 225 176 267 129 191 27 70 236 75 88 61 82
7 25 83 163 275 207 152 96 13 233 162 100 171 298 240 22 220 149 46 180 268 79 41 61
123 124 169 191 245 235 29 143 258 13 56 210 238 33 211 170 293 267 48 93 53 24 54 108
164 261 297 3 39 131 10 148 263 12 287 69 162 7 99 274 129 1 70 212 289 284
65 79 122 222 258 281 68 210 131 81 165 261 23 158 65 113 118 270 42 147 92 41 191 7 294 26
39 160 164 207 246 613 121 131 102 119 108 56 220 216 265 91 73 30 24 169 241 77 242 99 65 203
61 113 157 220 121 210 258 148 4 15 56 102 230 44 83 243 14 91 164 11 3 292 257
121 229 102 297 126 163 64 83 178 226 12 142 228 119 251 167 109 298 155 174 146 84
138 122 294 2 212 149 9 228 115 201 114 165 134 151 141 211 41 268 142 8 262
14 18 243 173 136 180 234 95 195 281 98 282 295 24 89 148 229 207 187 159 96 119 109
7 47 284 191 5 157 51 26 182 162 200 233 217 242 91 222 249 117 293 44 229 280 237
81 104 188 193 44 208 295 61 196 54 101 288 241 285 34 46 141 177 110 103 148 70 38
215 613 10 263 4 98 225 3 244 31 216 173 276 133 122 214 12 194 277 279 233 136
572 196 22 117 151 43 157 98 276 191 179 81 61 200 147 277 110 101 260 293 167
23 57 118 145 104 219 240 21 59 275 111 24 169 46 218 295 65 40 283 29 184 209
113 125 217 206 290 54 166 293 120 9 133 20 200 232 223 100 188 213 210 257 245 209 261
997 217 259 133 287 218 289 206 13 170 179 252 25 61 24 20 210 136 112 185 110 30 21
245 250 313 7 176 214 229 199 83 9 191 204 80 90 129 219 248 101 287 208 256 150 18
101 137 173 180 201 102 10 182 101 152 123 223 105 2 183 240 149 110 163 13 106 122 51 74 140
22 124 145 136 33 57 262 240 197 226 6 100 119 19 290 88 249 258 106 224 130 46 267
32 93 101 124 192 243 193 58 287 221 1 0 142 16 86 196 75 290 133 66 198 218 175 140 104 137
1 139 233 186 208 143 246 298 228 213 103 46 140 93 203 12 7 226 190 165 20 159
21 91 104 107 275 182 20 165 240 8 59 18 29 216 135 179 115 244 52 38 223 212 268 260
571 49 11 46 219 288 23 220 217 34 297 20 292 80 298 68 102 294 197 215 24
20 101 119 157 200 224 240 270 283 209 256 197 63 134 202 217 183 144 76 9 88 59 142 205 109 175 96 158 251
