67 101 134 139 164 203 270 431 62 103 254 52 284 29 91 3 131 135 109 61 78 176 252 50 28 272 12 164 268 88
229 234 276 282 219 127 722 240 760 278 338 965 611 473 90 936 736 114 785 77 978 3 314 775
14 280 362 198 16 50 157 296 39 148 109 143 38 289 89 160 145 95 283 45 72 299 54
1 13 42 736 148 169 45 38 238 282 179 134 21 114 256 194 178 80 64 63 67 120 73 240
32 72 75 98 107 278 183 148 2 54 17 134 206 39 120 103 107 275 295 10 37 50 64 25 125 144 193 168 63 152 76 117 213 83 17 67 161 263 72 14 127 145 102 87 107
33 40 126 201 256 286 640 195 100 3 48 277 256 139 72 271 146 38 192 31 285 284 11 57 34 37 88
5 39 180 224 270 160 123 56 169 116 24 201 238 144 87 7 198 299 260 106 161 249 168 36
195 140 33 166 10 0 86 63 197 291 132 142 179 254 274 235 54 247 200 194 27
75 96 97 115 88 84 42 209 122 142 148 46 80 28 179 238 234 187 284 112 57 53 180 178
65 213 261 167 242 182 236 245 192 133 207 259 291 256 265 216 290 272 203 263 191 39 112
256 192 221 143 35 206 92 46 225 211 45 140 94 145 200 58 245 207 199 22 178
109 134 2 173 56 83 201 269 43 140 288 59 149 46 243 249 33 225 281 250 72 12
63 176 225 298 236 230 15 85 36 126 115 116 195 136 138 219 276 214 286 275 90 44 185
48 97 105 112 142 174 421 246 93 5 52 176 61 204 58 63 236 230 294 104 289 227 40 274 125 101 138
29 87 267 116 238 269 89 78 119 109 39 268 25 5 274 282 224 130 90 77 29
164 182 101 201 266 171 92 247 120 126 192 173 163 82 178 249 37 272 282 30 117 205
153 177 275 658 189 296 83 166 56 238 174 184 15 113 216 46 275 21 4 203 159 278 271 288
59 237 180 179 92 289 197 110 122 161 25 210 256 47 251 279 258 215 270 238 19 113
45 184 224 100 253 226 65 272 128 174 213 133 47 228 88 18 179 215 284 256 58 291
90 148 237 263 278 257 165 55 166 186 11 140 173 14 83 53 240 244 66 12 69 89 98 106 77
6 101 135 140 292 63 219 31 163 189 124 73 87 98 299 238 178 218 272 119 13 264 287 33
123 166 61 281 103 41 295 248 138 244 178 85 22 45 270 194 60 263 141 150 276 102
44 79 65 90 203 243 32 256 14 52 233 75 199 200 190 181 195 29 166 277 160 106
31 247 239 128 212 147 116 48 126 197 83 270 117 86 99 210 238 113 18 169 164 202
