226 351 104 129 163 203 575 609 241 290 139 222 22 115 94 153 77 186 255 54 118 210 51 5 114 136 294 189
152 206 276 351 183 639 832 492 111 500 123 542 596 290 841 554 406 400 12 354 360 507 45 591
217 248 250 65 148 145 65 3 104 174 151 275 91 253 298 271 262 275 62 280 209 146 161
999 87 151 124 235 83 243 165 19 177 118 138 153 114 105 161 275 135 205 93 67
78 111 119 194 57 60 7 153 218 104 290 85 242 34 169 108 142 138 26 167 190 178 21 14
16 186 168 72 270 65 167 106 50 102 186 226 257 132 22 282 233 174 125 119 188 259
11 290 168 284 284 65 230 215 168 137 222 229 57 170 94 261 219 99 66 759 293
48 166 190 209 231 107 259 214 39 178 174 161 43 162 183 182 247 86 22 180 59 121 269 81
76 168 248 254 210 83 8 299 221 132 186 61 111 9 281 268 233 163 243 24 46 48 296 144
65 151 181 224 251 285 10 268 77 121 222 176 117 298 170 295 190 122 38 91 195 203
159 194 244 276 299 60 121 110 42 53 255 28 279 7 20 94 109 154 4 32 273 188 260
999 16 371 2 290 106 231 115 104 199 79 287 279 267 100 222 276 58 32 21 89 257 275
52 272 51 139 208 56 279 286 43 275 24 287 164 73 230 61 19 63 122 297 77 235
177 210 267 285 218 254 165 153 68 138 255 194 144 95 180 279 59 162 183 23 270 297 192 117
58 62 266 113 183 79 266 232 216 124 86 129 133 275 253 231 103 299 282 72 171 279 278
10 53 158 184 21 259 132 271 55 33 94 65 216 268 141 277 247 88 273 62 238 209 90 68
100 175 264 816 23 254 84 119 62 149 95 29 51 203 98 282 160 273 42 35 234 219 217 55
132 203 291 195 56 275 38 86 242 36 78 136 137 271 188 260 170 61 103 220 279 39 288
2 200 220 254 298 235 158 272 10 282 45 1 118 29 165 256 181 28 76 207 246 4 266 54 250
12 274 230 280 222 290 137 277 180 129 45 249 162 190 258 77 29 216 168 38 183 36
58 145 255 80 49 149 255 43 240 116 272 147 269 65 30 283 101 166 45 225 34 103 15
103 211 242 255 90 274 50 98 137 175 159 4 229 65 128 287 221 248 253 140 260 15 38 205
944 38 273 266 118 237 59 215 21 211 241 89 179 32 69 216 162 213 4 166 96 284
5 64 102 224 5 183 174 51 107 134 142 13 257 56 170 224 194 179 222 139 200 91 263 130
100 243 76 13 92 189 115 18 82 234 213 168 161 125 7 86 266 24 11 21 244 137
154 230 42 4 8 61 284 282 245 38 204 23 296 92 202 104 12 203 270 63 241
