285 613 734 63 81 178 217 278 295 952 92 106 182 186 742 866 191 257 210 897 465 758 10 636 168 13 865 198 450 972 58 850 976 841
386 448 831 105 107 631 38 444 906 114 891 359 726 273 987 568 872 498 375 669 446 44 159 184 919
832 858 552 626 517 286 626 552 823 106 823 29 943 806 223 284 944 626 160 629 92 818
887 40 137 270 252 208 95 299 162 252 385 864 621 73 850 850 103 20 760 85 453 508 103 601 203 184 32 112 118 104 229 197 246 213 142 122 46 161 274 299 141 167 23 165
374 887 31 34 132 145 26 55 132 13 12 151 62 266 155 7 254 249 113 103 284 2 223 29 40 193
3 190 212 278 290 250 51 142 77 40 222 50 158 10 13 221 81 280 180 163 118 232 54 124 136
19 257 124 283 278 214 79 38 237 43 117 172 107 246 121 137 145 286 22 277 15 289
11 130 231 8 225 197 293 197 154 191 154 91 227 112 340 96 834 205 655 20 81 325 776 73 254 111 123 12 81 188 210 184 237 35 69 225 100 143 138 131 63 269 297 132
12 38 76 260 96 297 298 276 46 40 27 269 270 173 156 190 131 143 147 126 10 95 198
887 14 107 163 42 226 91 249 289 12 114 267 155 160 265 233 231 128 121 65 178 208 137 147 93 225 22 265 109 181 166 55 232 191 102 278 134 1 207 228 250 270 201
64 110 173 292 107 117 264 147 64 118 162 9 178 188 261 85 124 132 190 151 174 240 4 38
987 13 19 77 229 101 69 199 211 59 87 92 179 58 116 1 66 153 32 280 164 68 122 139 221
78 204 236 267 22 197 74 241 280 261 29 160 135 213 154 16 133 158 119 178 194 236 175 222
114 265 163 85 129 239 77 32 199 155 292 108 248 270 93 282 73 144 277 6 226 141
2 17 96 208 211 218 33 168 181 213 188 163 104 3 223 57 150 186 82 237 58 123 11 129 170
952 60 139 153 207 133 253 36 105 245 187 215 277 206 112 151 232 131 268 202 170 75 210 60 289
32 94 96 217 261 90 294 170 71 119 240 189 241 21 270 286 190 185 48 168 77 98 26 233 205
10 112 205 12 25 174 69 17 102 63 22 127 90 201 83 235 24 155 75 261 93 200 162 260 43 268 18 209 69 228 188 73 157 44 96 259 49 121 275 131 26
204 210 231 263 148 284 30 293 244 203 127 104 246 242 75 158 12 167 236 260 59
25 26 31 80 182 252 249 289 229 43 164 188 233 111 135 272 240 1 286 55 252 183 51 44 4 133
907 24 58 181 231 104 229 271 192 146 242 238 221 212 152 15 28 41 151 102 68 175 8 74 295
157 266 178 227 87 268 125 71 214 131 274 42 21 45 74 133 244 252 297 63 273
