24 27 145 52 135 151 183 250 253 222 204 282 145 127 82 195 256 119 263 160 136 126 202 182 78 94 105 286
26 141 189 244 233 204 46 279 137 286 148 104 133 59 177 45 94 152 296 17 37 91 138 7
31 70 226 238 260 176 147 112 93 156 232 8 298 227 230 226 70 186 161 132 45 68 213 120 82
106 69 201 191 42 228 157 113 22 50 260 109 289 139 258 142 119 11 103 296 46
20 104 191 272 276 173 46 217 69 26 107 50 35 155 93 94 280 120 176 229 127 124 206 198
56 110 172 105 152 124 8 102 132 101 29 62 228 263 69 117 176 44 140 184 48
68 201 90 166 145 42 216 226 133 83 203 194 9 97 219 285 29 279 75 257 195
201 228 137 210 114 207 61 104 20 44 221 11 258 219 173 285 133 14 126 141 34
28 113 161 275 134 102 200 91 277 180 160 64 33 126 31 215 145 219 147 35 211 249 34 213
103 200 277 84 87 19 206 171 258 285 41 101 91 199 72 47 78 123 255 216 222 229 105
184 292 36 149 28 263 199 171 89 295 166 179 126 186 46 184 97 282 84 23 217 40
279 27 192 245 286 234 281 82 222 173 209 290 213 50 201 19 70 29 76 51 260
190 219 85 88 103 214 182 201 43 247 96 245 148 287 262 37 289 257 105 99 164 73
70 78 83 111 5 111 186 249 128 261 166 88 204 164 200 195 237 259 79 231 714 157 124
20 177 184 191 234 265 26 52 65 216 128 70 179 810 35 810 100 32 224 77 723 283 202 283 292 296 222 405 0 225 95 280 253 146 1 115 120 48 114 272 68 13 174 140 154 102 144 296
6 117 119 125 210 60 127 86 149 119 112 230 260 152 249 133 23 206 73 160 283 153 176 261 54
46 137 173 277 54 244 89 210 18 45 183 212 168 100 190 215 5 289 90 180 270 174 255 11
128 163 64 76 204 123 114 37 145 166 56 286 116 235 222 22 159 54 163 129 97 277
114 241 294 287 239 39 182 200 123 61 87 35 212 50 161 272 247 48 147 164 95 172 37
31 182 242 266 289 722 131 73 281 79 177 9 247 4 181 18 262 203 23 25 199 268 290 120 58 35
224 253 289 240 224 99 77 153 133 45 176 214 62 163 241 155 96 136 180 277 109 243 126
104 269 285 13 131 234 268 102 47 91 197 78 264 152 32 120 265 212 198 82 86 138
1 252 107 117 106 280 209 74 241 293 137 246 230 56 31 174 66 82 7 1 116
31 47 77 169 208 285 123 280 126 74 129 258 213 35 164 105 130 180 73 144 29 34 106 89 218
39 124 159 218 113 170 149 92 150 34 134 103 112 148 207 220 145 199 268 201 232 296 217 98
30 57 176 205 783 288 837 258 118 16 219 295 126 54 76 293 100 281 221 145 181 135 286 73 108 288 164
11 89 117 284 636 257 31 22 119 205 246 146 17 2 86 176 154 96 165 241 262 44 34 179 266
154 180 262 588 212 250 101 203 143 121 89 218 95 256 284 88 153 92 9 205 209 59 242 286
26 50 107 157 179 273 224 158 8 100 199 280 204 133 182 269 171 13 113 201 16 83 230 78 149 71
12 25 77 57 3 242 282 225 202 158 275 207 68 174 82 194 39 164 295 78 230 132 125
166 186 270 276 297 263 99 225 46 41 235 74 243 5 77 292 112 29 111 162 87 178 248 138 59
92 186 46 121 104 5 129 91 264 8 120 114 183 72 20 161 202 136 135 210 186 49
21 137 276 335 238 202 177 31 71 185 262 250 170 161 227 188 137 72 141 163 19 155 84 70
40 166 244 85 101 115 24 106 251 210 189 263 4 79 291 277 256 51 52 72 212 160
43 255 262 84 148 211 51 159 181 161 132 262 96 83 140 295 121 110 265 197 190 173 242
105 135 169 200 283 266 134 48 263 25 75 60 270 112 217 215 262 2 253 191 296 226 53 156
49 133 143 203 276 12 105 83 150 59 231 29 161 251 85 247 54 204 88 172 122 179 26 89 149
1 71 131 49 91 26 153 131 282 40 148 280 72 232 73 58 217 119 236 293 93 173 11
109 138 152 272 214 72 220 22 153 246 117 130 209 293 39 94 42 169 96 120 212 244 58 271
99 194 238 160 19 85 123 51 89 114 91 52 100 145 93 8 184 277 259 181 211 107 106
19 81 290 2 44 61 242 31 98 162 22 189 292 270 222 105 35 245 288 259 289
90 102 124 225 273 278 283 217 219 228 242 283 107 166 249 49 9 24 185 88 186 281 8 37 104 120 153
59 119 163 249 256 11 199 39 5 192 157 90 295 77 294 45 58 225 290 34 25 239 8
699 143 32 83 158 85 209 176 177 103 169 104 251 53 238 285 48 276 297 12 123
470 45 94 236 276 36 10 4 218 0 208 59 295 298 271 78 77 114 258 172 213
192 200 242 215 115 37 275 101 262 111 170 66 285 180 54 182 274 201 230 273 247 272 293
8 63 82 178 9 261 217 272 158 132 35 210 150 165 96 274 290 166 199 20 164 63 159 281 196 75 198 136 219 280 276 204 178 79 222 78 217 100 96 231 181 72 250 8
153 217 259 297 688 208 33 148 192 173 116 256 3 210 181 296 266 13 171 295 275 4 215 41 176
61 124 168 185 289 29 64 231 228 101 90 46 260 121 69 60 291 21 263 186 128 36 254 232 87
89 90 186 191 470 220 263 3 168 202 163 281 22 178 219 1 66 38 295 85 134 133 215 247 262
93 217 513 192 87 224 244 168 119 0 268 105 26 164 296 1 231 115 17 116 216 56 272
12 14 62 688 200 127 184 229 163 5 75 175 145 156 30 263 231 72 199 115 1 181 9 272
116 187 258 140 268 43 293 200 18 108 280 143 37 284 79 214 134 152 255 89 51 87 28
225 222 51 87 33 112 64 240 166 127 170 91 126 77 31 215 144 24 128 160 130
178 258 262 146 136 105 203 217 15 298 53 26 137 168 141 88 67 251 195 281 43 237 87
221 287 525 104 239 163 225 24 38 232 107 227 6 109 180 4 219 7 209 26 124 283 87
36 91 251 207 8 220 248 209 196 21 244 99 13 116 3 165 192 126 115 36 39 119 121
50 295 107 180 298 155 81 37 51 83 161 160 225 283 68 133 114 191 54 278 95 265
110 169 189 588 270 69 244 61 27 267 74 279 63 18 62 231 112 201 35 104 82 222 54 109
56 106 139 263 513 588 237 24 104 146 200 99 191 214 77 42 259 41 204 81 62 4 222 254 111 297
67 131 179 226 347 588 171 110 204 168 82 124 220 130 285 146 179 172 32 91 136 258 65 99 113 79
40 133 276 277 263 233 235 274 185 255 150 85 248 45 126 97 121 201 246 158 13 218 291 49
229 470 5 12 1 226 298 119 126 287 222 272 244 241 183 84 70 117 75 55 181 102
166 227 43 91 131 112 137 224 148 235 103 297 118 208 246 181 273 172 115 100 190 294
35 61 66 513 129 123 48 96 219 239 181 259 25 291 72 255 148 114 124 66 189 261 243 67
220 278 34 227 237 59 60 228 239 104 299 235 268 198 240 178 217 70 111 99 12 206
199 241 224 243 146 70 94 240 28 163 131 33 256 49 159 102 135 43 188 95 287 201
125 130 189 285 254 246 215 105 241 249 170 138 180 191 154 266 238 35 102 174 214 69 296 285
297 239 66 281 173 299 192 287 69 264 138 231 70 195 224 237 83 131 218 1 94
27 145 208 223 265 266 102 214 209 273 290 147 146 131 62 183 287 179 33 286 165 255 54 187 267 261
28 47 55 129 158 288 513 282 265 83 145 84 38 74 32 182 193 148 0 176 48 119 28 223 267 166 60
205 215 297 470 253 65 42 91 183 282 9 68 295 7 210 164 58 265 85 20 102 128 283 175
20 76 212 216 256 275 699 257 242 255 131 62 254 41 231 122 95 200 12 227 295 292 256 0 87 244 218
17 56 59 163 171 130 139 175 35 163 195 176 186 291 9 296 113 246 266 81 155 80 233 283 55
103 247 63 132 132 277 102 247 204 299 129 22 146 64 908 102 265 77 197 41 0
55 84 111 157 205 221 101 147 53 59 234 134 275 238 78 13 128 102 166 66 89 265 289 208 3 194 241 268 52 270 130 30 186 41 173 16 169 24 211 207 248 151 71 220 51 156
55 207 218 258 517 275 185 70 80 220 285 136 279 265 236 268 26 10 1 206 162 18 245 94 208
281 19 285 293 76 235 174 141 130 260 200 22 295 45 52 156 198 1 35 250 192
49 68 78 91 95 99 156 224 251 517 200 27 191 149 70 197 180 173 82 198 220 162 241 83 64 52 193 292 283 179
95 254 260 5 278 11 211 251 162 198 108 89 135 29 293 218 37 164 146 142 173 187 104
143 156 179 181 73 208 22 279 44 70 207 32 37 136 93 7 95 35 260 99 209 26
78 114 249 268 588 175 100 7 224 60 250 276 140 118 21 0 119 64 35 274 218 142 20 108 241
16 212 21 226 266 263 75 207 257 47 112 79 35 237 229 179 251 232 102 250 71 157
186 227 216 191 148 200 245 50 274 196 16 288 126 147 173 54 55 187 223 33 32 278
242 517 18 73 283 234 246 248 236 213 279 108 192 218 243 1 220 94 189 13 5 180
211 264 29 147 243 225 256 233 35 90 174 172 142 239 234 193 148 257 16 50 284 154
108 113 280 269 240 16 193 63 54 273 94 142 276 20 137 261 97 130 138 124 211 198 3
94 295 189 246 39 30 278 26 183 114 81 87 18 163 215 67 190 193 16 231 125
40 56 148 472 39 229 288 54 71 5 218 172 265 125 31 170 20 80 34 122 45 120 176 72
40 191 267 143 126 216 243 210 283 156 38 18 128 256 251 56 37 86 286 52 15 162 59
190 170 246 1 69 271 67 145 262 258 278 4 104 109 268 214 115 14 277 17 234
236 157 250 126 254 19 171 5 211 209 173 293 111 210 9 170 280 94 14 103 242
66 111 116 99 232 65 205 213 208 79 146 246 250 260 255 234 163 166 123 39 172 51 147
115 138 201 202 32 187 178 240 104 273 89 189 186 113 235 239 45 146 288 220 243 170 73
72 220 229 275 40 22 193 97 260 247 118 103 179 164 183 14 182 242 190 85 115 236 87 39
72 131 168 215 747 13 247 140 3 122 29 189 131 78 203 295 199 272 109 280 98 142 56 38 222
6 38 39 69 152 194 208 265 825 35 14 190 77 70 272 111 85 215 283 209 93 64 136 160 150 261 1 168 95
49 79 128 147 157 125 23 8 210 297 11 273 218 250 294 1 203 74 175 143 41 165 37 59 180
61 228 296 246 48 283 46 169 105 152 239 284 293 233 254 128 79 295 176 191 195 243 134
3 112 161 264 115 105 193 242 101 52 63 92 59 250 145 267 204 75 138 18 121 152 39 295
83 159 101 197 34 27 241 133 276 222 110 174 31 288 54 249 99 208 188 29 296
56 203 280 112 55 249 108 148 143 242 192 135 248 89 86 241 203 183 286 60 32 104 37
8 148 187 172 207 299 46 61 258 255 245 55 231 217 251 45 280 265 42 197 24 13 105
27 129 173 53 123 22 24 144 1 75 107 26 145 115 168 86 19 281 197 271 291 139
185 186 199 221 270 292 295 125 257 83 29 148 252 22 71 79 2 1 13 245 170 281 259 273 206 207 153
31 126 149 239 35 54 181 265 104 137 280 104 219 978 7 887 129 187 272 272 114 817 517 173
16 111 219 46 124 22 258 9 4 279 35 174 214 207 280 100 164 76 37 173 30
22 122 134 139 688 155 283 144 76 297 204 65 212 104 288 120 183 262 223 265 247 4 152 47 298
13 125 139 212 243 196 267 91 39 29 97 0 2 65 101 148 208 134 167 23 12 31 218 11 225
95 174 183 278 293 243 295 284 38 50 224 213 285 254 85 233 261 96 3 108 283 231 52 236
113 197 138 109 295 171 258 36 49 157 110 193 76 275 248 88 247 68 215 67 222
27 122 141 160 34 164 69 24 16 46 119 6 214 149 291 31 234 42 179 163 104 226 7
56 132 283 64 44 87 235 150 76 213 27 24 193 153 179 263 128 15 1 220 3 247 70
157 174 221 292 216 5 118 50 272 283 193 104 188 298 127 123 236 119 185 280 161 273 110 203
233 281 275 60 100 197 187 131 279 70 74 289 296 4 221 182 257 19 179 218 158 110 295 39 283 99 181 153 201 47 130 254 214 287 59 200 48 10 25 53 68 112
104 204 183 228 284 296 28 70 187 54 233 110 117 61 281 295 138 269 164 271 290
23 227 283 14 138 73 3 281 152 291 298 272 275 103 19 185 245 133 200 193 135 6 192
107 110 76 92 121 131 100 10 1 11 112 243 41 61 53 17 235 273 30 161 292 250
29 250 38 174 222 67 155 217 91 228 235 100 146 286 69 257 261 39 203 10 289 41
0 65 115 204 229 74 129 47 1 142 168 173 157 238 287 216 107 44 15 162 212 167 139 108 88
106 271 11 86 4 18 59 49 247 280 267 97 181 83 105 195 68 184 57 198 131
238 239 189 17 216 72 186 150 88 121 80 295 50 108 33 176 45 291 265 271 181
9 287 291 298 74 287 155 156 52 53 216 44 157 217 59 73 71 33 97 28 270 126 101 20
43 86 296 239 14 96 53 52 13 65 183 245 186 137 99 290 36 174 274 266 105 202 271
287 123 199 209 758 129 98 758 206 209 978 887 173 129 187 272 114 160 887 272 129
178 688 141 210 19 87 186 178 152 195 6 131 158 55 286 221 69 261 136 199 119 25
87 148 204 261 294 699 205 1 120 294 190 219 265 279 84 155 239 162 140 275 53 240 212 38 9 197 258 75 140 211 167 35 125 162 93 0 116 175 132 206 63 283 26 216 292 84
8 74 236 230 18 255 36 17 72 240 143 197 102 282 158 115 186 23 184 220 130 77 49 203 152 280 72 151 72 123 151 152 720 483 121 36 740 192 160 1 740 159 100
14 69 202 296 74 11 210 65 6 53 62 189 45 170 122 96 46 160 138 183 111 102 139
80 100 282 878 917 241 572 204 65 204 31 917 572 191 65 204 611 949 240 25 267 124 55 17
6 9 96 131 206 240 18 110 285 210 138 8 44 227 160 260 13 194 207 174 48 134 297 151 180 167
88 215 216 209 253 21 185 242 209 242 21 209 253 216 12 26 221 288 142 270 94 194
3 113 164 248 272 280 91 82 65 265 25 275 86 216 78 280 26 71 214 139 56 74 100 207 291 97
57 87 210 225 225 125 73 121 19 219 145 110 290 35 132 249 24 23 142 168 238 147 52 292
200 202 258 192 180 28 168 150 217 113 7 296 188 138 57 214 60 142 126 108 54 236 71
37 187 525 240 223 8 9 69 141 59 283 247 145 51 26 42 221 182 6 80 45 244 197
17 196 106 78 53 286 258 121 138 46 259 246 249 158 11 227 120 217 129 244 59 266
162 228 347 572 176 0 162 58 232 48 143 26 157 172 90 167 39 27 185 20 266 277 217 209
170 178 305 709 207 93 38 16 172 253 130 18 112 92 233 5 100 140 217 124 119 23 145 4
130 188 281 305 211 61 182 199 167 221 13 165 92 66 82 55 293 175 273 49 190 283 269 89
129 197 251 433 709 171 193 103 62 908 908 908 245 792 211 231 2 104 85 114 188 283 277 282 776
0 1 39 61 62 144 232 260 217 64 271 166 16 29 179 218 236 156 46 247 77 69 273 165 105 177 274 267
60 261 42 234 137 230 293 97 48 109 104 204 216 211 203 284 276 145 258 261 18 85
433 699 70 161 211 222 274 231 230 175 81 270 187 174 74 14 122 184 127 101 257 237
93 121 296 251 263 195 107 21 220 0 119 244 204 181 127 2 165 12 277 120 197 183 8
7 52 153 172 212 200 127 230 131 232 826 127 203 276 272 817 764 3 20 219 7 887 173 272 114
60 131 152 228 39 254 200 109 174 108 93 96 159 208 13 116 279 186 180 142 181 185 219 97
40 207 271 110 23 196 274 216 289 240 298 222 144 89 213 190 16 55 132 34 177 262
167 141 276 192 215 195 154 173 168 287 102 65 220 131 90 107 50 166 126 68 98
23 250 699 173 532 532 532 414 191 397 232 414 978 7 288 272 817 272 517 129 764 129 88
56 122 129 525 133 70 5 280 226 208 265 96 131 61 187 28 292 71 151 193 134 225 52 36
14 127 132 247 193 5 111 148 220 128 265 106 95 103 104 138 59 99 209 69 210 173 19 207
159 497 878 286 64 155 215 290 168 232 16 104 221 143 152 146 184 33 214 120 53 207 69
353 63 190 240 56 254 128 268 199 133 295 205 139 3 96 65 118 210 188 252 219
49 878 249 172 267 178 299 271 74 227 17 9 297 165 63 185 143 18 136 254 127 257
117 192 252 268 388 244 245 77 79 99 41 286 43 65 24 161 26 11 224 185 175 196 21 182 22
111 220 228 96 40 122 263 89 27 21 280 23 219 173 66 97 147 68 264 267 257 167 86
10 238 193 37 215 246 109 126 258 244 150 162 77 52 208 142 281 110 152 264 194 226
106 190 209 10 155 117 115 258 131 49 15 112 165 251 99 55 219 109 153 141 157 183 233
154 209 158 203 43 42 286 162 125 188 213 278 246 84 140 152 15 251 186 175 13 58
29 255 792 209 123 293 109 63 297 200 235 269 286 289 220 193 170 185 150 277 271 288 228
43 104 153 188 245 533 274 280 97 210 122 251 216 193 11 208 245 83 203 187 138 114 163 89 57 149
51 158 194 272 295 120 279 285 242 200 19 178 31 129 79 141 276 108 163 113 46 278 216 153
31 50 168 254 63 257 221 246 19 261 21 85 61 128 209 127 0 234 205 97 136 91 170 231
878 80 265 66 168 36 273 184 18 13 154 51 155 263 20 90 170 12 0 136 88
117 283 219 31 283 85 239 107 183 223 76 95 147 270 227 30 69 148 229 185 292 121
4 117 233 123 196 201 107 217 115 138 277 213 154 130 56 150 251 181 240 298 212 81 235
268 287 249 265 182 55 31 0 89 125 72 76 299 153 279 210 118 17 45 141 257 28
174 224 280 106 267 238 11 106 238 88 279 176 17 33 949 55 25 572 240 204 767 125 611
106 108 134 186 191 460 137 246 75 56 177 11 121 221 111 239 203 46 263 298 205 76 255 293 41 285
239 347 60 11 188 12 52 204 281 1 7 215 51 81 61 125 164 212 259 16 245 213
45 196 287 232 232 75 233 274 106 279 257 116 949 156 267 124 125 240 55 162 33 204
62 103 128 136 198 263 252 43 258 40 222 2 87 97 246 42 117 289 164 122 185 217 6 156 238 263
65 629 215 231 260 247 227 128 98 214 159 164 134 256 268 212 57 133 281 156 2 37
106 134 282 96 287 181 75 73 252 220 210 41 251 134 34 153 269 159 124 204 187 110
157 160 100 122 157 274 119 246 90 104 78 14 282 79 40 81 17 213 27 111 218 143
9 103 221 269 282 282 140 225 120 31 114 49 241 202 195 220 287 159 93 71 6 147 246 200 28
21 283 124 98 49 192 295 210 26 251 286 120 67 236 266 135 46 253 18 74 73 214 255 97 208 270 7 66 292 56 193 112 235 67 142 119 199 169 287 299 152 134
65 132 186 8 49 48 185 220 19 149 190 62 259 145 59 196 168 23 241 120 71 271 118
878 83 196 28 8 62 145 287 296 103 260 104 75 289 68 182 274 282 7 203 26
57 12 68 274 171 49 59 239 8 280 207 156 135 153 43 188 179 17 256 195 255
89 238 70 617 105 661 157 186 184 613 49 347 269 684 88 91 128 229 30 82 572 80
105 74 132 153 52 274 173 90 275 226 200 135 95 108 106 119 12 79 66 262 125
104 170 172 266 460 860 305 64 140 424 221 424 234 962 899 887 860 928 433 129 263 43 707 186 854
58 246 470 3 130 36 146 188 112 233 67 10 74 62 221 43 100 31 265 144 246 164 7
150 255 13 289 163 197 224 290 28 107 108 291 196 14 82 106 269 75 229 217 164
7 35 90 134 135 181 178 205 184 37 225 188 18 62 47 203 126 167 248 283 171 259 84 89 216 208 29 194 40 258 299 77 129 63 146 26 18 31 229 45 204 70 159 233 25
117 247 251 517 1 272 51 84 142 72 206 106 9 254 48 257 263 8 250 199 31 208 228 33
15 104 277 305 123 194 270 36 192 275 79 204 648 984 36 165 294 65 468 103 410 150 236 790 66 46 43
93 125 161 204 275 648 366 178 178 648 36 36 366 150 790 43 236 294 78 165 119 110 103 39 24 194 231 262 281 202 132 101 5 154 89 200 278 128 99 292 256 254 22
204 260 272 177 24 81 115 131 93 296 43 237 5 166 282 167 220 46 169 152 4 65 147
100 131 139 588 104 262 1 35 250 235 56 155 19 140 42 5 26 18 268 252 176 294 38 62
18 38 133 238 308 260 220 131 105 144 49 15 191 254 228 217 1 215 108 98 69 242 211 95 117
72 174 261 101 210 35 278 219 212 0 80 246 261 298 19 291 57 133 149 269 37 55 92
63 202 276 305 593 228 1 198 222 43 66 18 9 121 251 56 162 180 263 212 151 147 70 168 136
83 294 308 190 116 97 2 228 229 184 242 265 151 273 263 17 64 60 105 223 98 3 80
58 181 202 517 233 59 40 87 74 123 163 170 45 116 247 279 276 280 219 213 257 240 291 151
231 410 527 225 81 28 20 120 76 49 146 245 159 105 194 142 158 157 3 68 150 13 233
58 189 221 237 298 231 67 96 98 202 110 164 267 168 70 276 97 159 143 107 102 1 87 128
146 167 185 189 215 217 253 46 124 241 38 25 104 147 13 24 244 184 260 136 293 57 119 101 85 27 51
53 138 203 525 801 123 29 277 11 253 144 181 19 183 41 28 283 184 285 200 3 260 100 63 293
288 699 152 140 30 20 237 148 10 185 22 76 118 13 46 218 147 194 39 29 225 199
114 160 198 82 61 223 175 281 156 245 298 80 33 172 105 231 263 38 31 221 209
102 158 260 45 75 181 109 86 172 194 129 249 290 115 12 269 50 78 111 235 153 81 286
59 288 158 76 177 23 260 161 59 127 289 101 146 218 131 20 14 246 184 61 49 213
37 246 308 484 908 131 998 17 733 998 61 143 782 50 123 21 21 86 126 574 224 124 103 89
71 225 257 58 3 156 175 262 268 219 195 81 256 79 55 218 269 17 194 131 180 242 228
35 420 801 282 272 145 199 93 214 141 294 258 40 175 6 240 76 144 211 15 83 275 255
60 68 177 258 279 420 820 49 91 290 94 79 36 193 95 138 261 196 40 257 28 219 245 217 205 12 102
308 294 241 57 166 182 9 131 259 138 80 13 286 45 24 7 231 128 274 184 199
39 99 119 157 228 232 257 521 250 281 151 82 272 8 231 88 27 104 172 224 50 261 202 137 190 147 201 84
134 53 273 169 99 97 260 136 2 267 120 148 218 283 179 271 140 251 269 163 159
5 158 241 276 294 63 174 91 284 43 254 175 142 93 0 263 50 55 268 249 35 219 57 26 156
44 232 820 220 135 129 72 18 33 243 124 292 172 201 196 252 2 94 230 45 260 258 290
184 15 165 146 249 127 98 227 49 125 277 13 276 280 191 224 79 8 152 228 128
127 133 218 53 137 280 639 551 75 807 106 913 66 543 802 364 959 786 424 834 828 727 483 475 612 494
26 92 162 188 468 943 661 547 262 547 434 943 547 902 186 261 9 634 902 608 571 532 909 547 798
117 135 452 621 52 429 511 452 296 35 134 130 177 391 479 124 11 479 682 15 140 219 169 649
90 147 163 241 244 253 51 590 590 51 599 28 599 334 373 436 921 641 695 402 297 127 330 86 88 558
79 625 119 99 241 243 245 283 188 218 175 68 131 43 149 39 161 104 133 45 172 79
108 172 214 16 128 55 55 279 219 67 70 219 153 429 618 359 150 247 42 254 253 213 229
10 28 261 266 293 656 402 104 318 465 278 222 315 111 164 924 924 59 708 177 607 683 783 508 140 52 187 289 195 12 182 211 164 129 163 69 298 213 251 40 60 238 96 205 146
67 226 22 163 296 142 7 270 150 117 148 0 119 190 185 292 209 262 128 82 83
121 173 209 256 201 246 238 23 207 44 193 188 157 88 265 83 40 229 108 25 33 258 224 89
1 111 171 195 266 30 33 212 199 156 6 240 29 114 250 182 73 11 54 253 144 37 226 50
32 145 206 214 61 283 34 234 39 260 49 120 187 198 266 65 83 242 143 190 87 279 277 221
13 98 187 236 238 78 130 271 251 189 135 297 105 194 26 276 147 51 129 133 49 272 64
190 297 48 1 175 96 189 67 234 108 229 65 95 31 286 297 41 287 240 47 110 22
92 115 191 209 270 180 149 128 98 46 295 91 61 102 219 18 285 29 193 236 73 71 57 212
62 195 89 215 31 127 12 173 121 113 283 251 214 123 169 209 59 180 165 44 2 226
76 92 157 193 273 221 76 27 28 205 173 198 100 119 12 1 22 230 195 280 299 65
57 77 78 75 159 281 264 132 261 174 295 248 2 19 268 8 170 276 241 122 270 246
71 72 151 204 261 229 275 77 215 258 293 56 192 172 181 182 239 100 33 59 289 39 85 99 186
45 251 173 154 238 73 113 298 83 187 5 199 250 49 252 163 21 207 86 216 78 178
102 253 36 160 6 278 258 74 25 291 127 134 274 23 144 199 33 222 290 285 184 294
27 30 78 122 132 292 108 820 117 266 212 820 213 59 350 391 144 668 75 104 965 380 45 210 39 528
20 196 201 220 274 185 72 241 229 253 140 75 138 237 146 271 99 131 14 30 193 274 277 198 69
72 94 51 207 80 103 136 218 294 40 219 115 209 178 195 25 292 21 22 4 268 131
195 206 257 217 32 149 172 98 44 138 177 220 245 200 237 197 212 49 143 169 79 114 38
69 224 253 258 222 177 24 33 211 15 84 174 17 90 122 69 233 129 0 175 204 187 86 258
49 121 207 262 262 235 69 63 46 84 220 228 126 70 162 195 1 291 122 181 36 222 156 144
85 269 295 452 98 206 220 53 282 293 6 250 134 119 60 110 205 166 88 202 137 204 226 263
224 225 254 235 253 30 114 291 163 213 1 44 293 241 129 68 164 70 203 295 121 254 214
55 164 280 105 266 142 132 144 158 168 68 255 170 175 72 284 287 227 267 262 47 96 198
124 242 56 216 46 142 168 254 249 274 20 167 228 140 252 172 220 50 155 130 208 19
2 205 111 7 66 101 194 45 61 60 8 249 96 25 197 244 208 18 91 226 206 34
35 37 297 263 92 15 219 130 199 127 75 55 285 29 10 209 227 284 206 40 7 143 132
217 263 132 163 56 63 251 109 201 160 170 263 190 262 175 69 114 139 208 75 85 15
155 262 268 288 291 562 60 92 93 266 31 98 241 97 259 210 85 67 7 186 233 49 163 11 19 191 125 101 87 40 96 274 64 29 53 212 165 8 113 264 35 55 66 52 225 30
13 22 267 179 78 213 252 137 60 114 262 162 259 282 216 51 56 104 38 41 201 92 28
88 107 152 168 90 232 2 105 250 126 62 159 107 39 277 155 142 36 78 86 55 176 189 256
42 123 132 137 156 167 174 269 282 452 259 202 262 247 237 241 150 136 155 92 297 68 67 10 158 296 176 72 1 12
195 249 138 222 296 211 131 44 244 84 114 203 182 121 259 249 94 242 2 226 199 151 297 204 85 188 238 112 118 256 181 67 133 280 148 134 61 13 45 125 237 130
14 29 87 242 452 132 141 68 259 212 5 26 78 82 94 65 150 199 283 15 0 131 174 269 69
95 276 295 182 155 204 196 135 247 19 293 146 90 246 2 0 15 147 56 200 210 243 242
91 260 298 119 166 0 30 257 63 62 84 213 52 230 120 43 145 131 101 48 221 23
137 162 179 126 166 60 110 69 226 24 224 213 78 63 96 11 149 221 230 31 199 248 182
150 282 125 135 109 254 224 5 297 198 166 285 230 154 298 117 238 229 63 244 92 259
210 181 10 146 172 297 44 79 222 66 162 157 73 14 94 110 228 104 202 80 84
89 208 107 161 165 108 155 249 34 290 111 260 126 138 25 244 205 19 198 195 35 8
231 261 192 248 103 239 100 294 96 16 64 140 211 169 3 129 292 27 15 89 274 236
7 16 39 63 96 195 203 244 261 293 49 263 212 102 62 115 287 211 35 271 54 216 277 119 28 175 291
139 216 29 273 188 56 212 261 236 86 48 285 249 105 128 64 69 247 229 268 136
131 196 261 11 37 102 8 10 177 19 232 85 78 125 142 89 216 107 158 241 187 63 190
43 105 147 206 299 229 220 12 33 269 30 44 177 154 22 61 225 165 68 135 88 219 236 142 212 60 123 53 37 4 260 2 11 275 8 69 254 263 39 267 42 58 15 277
39 92 43 299 264 286 298 27 112 118 256 165 24 266 103 214 69 242 151 258 120 102
68 159 194 5 92 261 293 7 238 45 218 289 15 168 177 255 123 149 156 105 29
112 219 266 178 235 232 288 258 31 49 168 112 234 111 169 292 103 222 13 190 241 202
174 237 281 67 287 133 110 231 238 267 180 62 97 121 144 1 220 10 151 138 147 172 201
146 101 13 281 247 156 266 51 209 73 210 282 52 77 20 25 130 76 158 154 176
54 65 241 214 221 37 137 73 186 168 69 232 124 119 293 12 169 161 238 176 4 60 239
105 133 246 282 234 73 270 48 274 273 105 5 265 229 70 71 63 136 238 79 12 57
126 149 251 70 181 74 20 157 294 73 140 98 44 61 65 250 167 23 142 171 158 64 178 77 295 65 238 190 68 278 199 147 115 79 139 53 197 42 180 194 118 290
249 289 170 67 146 270 117 156 168 40 68 239 0 164 17 39 82 282 197 253 171
9 87 183 265 283 50 142 266 65 281 26 70 298 10 158 107 7 245 12 230 16 59 210 243 151
33 73 79 452 208 143 227 134 31 148 221 297 68 45 157 207 128 65 72 89 263 155 6 242
25 273 171 80 252 69 135 193 60 267 103 74 211 214 85 243 84 256 297 191 14
67 174 198 105 228 147 255 180 16 27 88 150 48 120 225 278 62 67 149 58 213 111 194
10 145 210 266 125 265 187 127 150 261 216 172 260 238 181 290 5 175 45 33 201 267 191
4 33 132 179 110 121 251 126 265 235 70 86 107 270 296 280 294 137 25 41 81 9 89
50 279 128 278 260 55 239 112 115 126 107 183 17 165 154 189 292 41 192 101 147 188
38 167 285 291 562 764 9 40 119 212 90 152 138 298 29 273 39 284 280 283 112 48 235 236 193 164
70 123 171 226 135 31 161 295 161 72 31 72 79 286 59 127 391 144 152 179 20 32 380 45
234 241 287 3 174 71 165 4 201 163 103 69 79 251 224 202 70 120 110 146 215 172 170
63 169 123 225 196 267 83 57 75 278 5 202 263 165 37 85 158 183 146 103 124 145
208 268 249 111 62 287 33 144 14 7 292 29 102 53 239 74 138 181 93 234 177
154 273 83 128 248 293 74 186 97 291 7 55 84 295 110 66 27 183 35 270 173 193 198 254 157 143 248 41 236 28 124 67 123 271 295 122 281 259 63 37 90 24
215 142 62 153 146 22 235 175 77 140 123 136 292 125 209 166 27 274 92 281 190
73 112 208 234 67 131 299 110 240 51 208 196 27 31 217 100 53 294 77 123 201 188 225 89
63 129 245 12 161 0 164 167 59 293 8 222 159 128 290 263 88 70 44 245 253 226 87
9 107 131 132 149 171 266 187 118 277 69 151 139 197 102 236 220 271 106 146 85 213 3 141 47 171 282
3 81 216 222 224 259 111 97 14 225 273 109 113 232 247 78 57 58 154 266 126 177 199 262 178 75
257 259 32 262 221 51 220 75 283 107 90 260 172 207 12 252 196 106 180 63 298 109
37 261 257 98 93 24 26 148 297 255 204 117 277 251 1 36 143 223 225 165 266
0 215 283 190 140 215 125 93 159 138 238 232 104 46 168 206 119 87 70 176 164 183 141
3 39 185 226 290 34 75 127 249 296 71 292 200 143 26 108 152 44 78 157 217 29 0
292 121 227 285 267 179 216 65 298 124 63 251 53 2 218 122 254 93 66 143 20
70 141 192 219 214 58 251 33 2 111 194 107 93 43 204 49 104 228 103 208 36 143 0 191
74 22 221 179 209 171 155 159 274 241 43 206 38 200 296 163 115 282 69 7 24
118 129 163 2 274 98 204 79 51 232 299 35 219 85 60 237 254 9 174 290 166 175 280
39 114 140 293 138 151 79 25 227 267 55 51 281 65 126 171 4 265 12 114 129 257 64 236
78 139 227 261 83 206 153 1 200 249 158 163 70 242 9 278 156 259 39 245 198 55 107 145
214 243 9 219 66 232 168 138 14 151 171 47 199 298 15 101 262 44 297 127 110
7 171 186 479 149 256 236 2 63 21 181 287 82 93 219 46 242 153 206 230 280 163 24 255
222 241 291 177 226 158 213 246 229 160 152 197 186 124 202 24 153 22 63 38 1 204
17 28 127 206 60 64 272 93 118 170 19 92 282 21 119 106 89 114 2 99 95 278 78 173
76 160 240 1 0 234 237 70 190 271 143 205 160 207 187 162 294 7 185 103 102 220 139 130 208 236 108 141 223 188 90 43 119 194 224 40 222 286 162 230 274 277 128
26 73 299 27 51 61 130 157 62 279 254 231 295 250 225 7 60 209 139 17 292 173 12
11 128 209 200 1 184 41 285 20 123 191 43 175 272 62 42 3 250 39 9 81 196
56 176 836 246 219 136 66 179 110 244 121 113 26 56 290 232 241 101 44 247 168 86 0
27 139 186 121 128 193 71 193 8 121 2 3 273 59 127 391 144 152 179 20 32 380 45
19 130 132 91 184 293 86 201 259 189 24 255 252 139 213 290 258 26 29 191 12 146 71
53 64 113 188 230 275 452 117 3 193 908 240 2 508 59 127 391 144 152 179 20 32 380 45 210 39 142
21 100 242 246 299 764 38 133 71 156 145 50 53 187 247 89 131 185 70 183 174 287 143 265 100 190
132 279 36 92 225 161 21 248 19 255 124 222 163 173 214 57 298 299 241 182 4
160 174 196 218 139 36 190 228 244 105 234 99 98 155 255 166 62 261 246 241 158 249 78 63
161 209 62 280 184 18 75 269 131 51 82 136 161 255 118 144 9 21 59 203 57
22 40 53 77 227 452 147 120 4 46 62 291 85 78 125 297 257 32 10 74 145 221 191 259 248 261
203 212 260 85 286 182 255 78 106 77 191 278 87 150 21 227 275 280 285 270 71 131 2
124 226 280 297 562 154 172 214 140 83 84 298 96 184 199 290 258 43 113 5 268 121 230 82 210
147 288 115 93 79 246 231 74 43 287 110 124 258 208 259 150 145 88 10 95 22 185
240 296 44 65 88 151 291 205 131 15 116 279 89 220 112 275 190 193 110 195 202 54
12 22 152 64 54 253 35 119 196 243 175 281 176 165 208 113 36 284 195 149 250 96
52 156 235 172 174 214 128 68 293 294 247 0 265 201 216 3 224 263 142 59 78 90 188
92 224 244 182 258 37 169 162 68 262 231 241 167 225 177 101 42 28 16 289 160 23 74
51 110 208 269 287 202 188 207 278 292 77 156 192 239 268 291 19 215 251 42 107 0 184 6 70
86 154 250 452 108 141 109 255 7 5 220 44 145 261 175 51 89 27 248 290 213 279 64 144
16 70 88 187 192 73 258 251 289 132 101 41 87 212 33 210 39 276 207 156 228 229 218 166
175 110 207 64 288 233 70 71 89 292 19 126 290 286 121 226 284 184 179 295 23
13 51 154 248 73 135 97 14 255 245 196 108 213 287 192 275 99 21 167 190 126 130
74 65 43 125 134 208 46 294 37 91 277 40 30 35 286 97 204 158 157 249 143
4 12 84 175 30 76 36 243 168 152 151 270 105 3 86 247 231 100 7 90 38 116
30 172 297 279 56 146 229 53 255 20 202 219 260 43 297 8 150 138 296 49 271 147 290
180 25 62 186 11 192 42 204 221 46 178 79 282 283 200 151 74 56 292 244 166
114 262 98 220 221 123 78 2 282 220 220 220 2 59 127 391 144 152 179 20 32 380
33 39 562 152 57 203 104 148 31 212 42 39 27 65 127 66 234 222 80 140 185 7 262
3 299 13 99 207 90 278 195 61 272 163 109 290 256 244 213 182 52 135 242 206 274
22 34 47 86 94 131 173 210 23 12 242 165 159 20 187 208 161 227 18 250 216 151 112 163 44 14 255
74 89 130 153 46 280 207 149 12 98 263 266 222 107 220 262 101 145 55 77 203 79 13
26 124 151 233 65 193 173 257 234 1 252 261 71 13 167 296 14 297 113 168 70 253 208 19 36 261 218 198 267 3 140 176 115 94 256 93 25 237 39 166 247 220 206
106 225 250 264 284 107 94 10 246 267 75 80 210 156 298 257 103 183 226 260 91 53 294 222 188
55 265 75 96 139 89 126 189 105 106 221 159 297 133 93 220 127 98 18 36 116 217
12 19 34 196 199 269 118 248 226 11 281 129 285 76 29 74 216 203 244 32 154 195 144 215
19 171 182 209 186 282 218 27 94 100 45 225 73 146 96 12 286 104 56 262 278 82 224 285
295 70 232 58 125 247 116 273 163 1 9 0 63 50 81 239 152 254 117 65 75
22 80 84 193 115 128 104 129 6 194 51 96 292 282 47 250 241 200 88 289 122 23
70 94 173 202 250 289 187 265 106 220 163 218 64 276 16 262 35 217 14 9 103 263 120 242 172 54
58 218 70 136 85 107 251 252 293 120 270 127 3 175 93 261 137 106 178 20 117 61
278 452 282 114 87 24 201 167 203 90 107 272 258 178 271 66 265 219 196 39 230 240
31 33 95 289 190 136 11 202 172 284 298 97 205 71 7 105 69 88 215 299 62 6 262 94
8 118 136 187 286 281 158 201 273 167 0 202 231 160 240 52 11 60 128 38 272 152 267 287 266
140 200 252 261 240 58 45 61 171 257 151 54 91 190 266 80 99 140 29 289 9 238 120 159
50 100 163 125 196 19 124 270 173 283 269 121 32 284 282 10 193 184 61 296 294 260 163
154 42 110 291 230 114 147 215 20 1 213 59 73 239 236 37 28 134 180 3 92
73 163 269 210 56 42 20 88 124 281 197 196 115 61 137 299 278 83 76 73 110 132 253 76 175 299 200 151 277 153 62 121 263 261 26 237 48 99 244 13 156 161 70
14 158 51 241 291 117 202 184 170 25 270 216 125 11 22 13 263 142 68 41 276 26
128 235 289 261 117 182 51 241 95 73 143 122 144 159 246 183 196 48 49 158 272 107 58
94 258 3 225 99 174 37 242 130 93 6 127 63 17 182 272 167 183 231 253 26 148
31 62 108 212 239 128 102 297 138 168 41 131 38 217 92 277 90 86 154 55 82 284 238 172 298
29 185 186 227 276 295 190 23 79 243 46 239 66 154 262 108 227 103 100 212 27 43 81 183 193
20 49 273 452 47 107 116 28 126 27 290 196 42 37 63 122 254 193 232 151 177 241 277 86
212 238 117 259 239 111 271 266 110 123 180 182 297 122 216 5 232 200 156 286 68 158
76 130 277 49 99 131 130 254 112 184 206 165 37 250 41 76 223 193 156 241 46 106
27 294 255 2 183 204 41 159 221 292 142 76 258 23 269 130 94 241 8 276 112
103 269 270 142 183 228 284 8 99 48 196 64 117 104 116 7 165 57 141 174 39 94 189
78 92 94 253 285 293 214 53 85 278 225 260 90 157 29 68 199 184 149 48 167 159 16 240 22
77 159 208 277 281 292 278 187 107 160 215 247 59 97 62 137 245 151 197 7 11 112 231 263 204 75
71 187 173 21 233 292 289 64 188 19 97 102 91 140 193 222 240 230 87 114 178
90 202 224 293 246 182 32 159 133 58 84 3 115 156 12 7 290 215 31 95 187 122 107
13 88 103 218 222 223 261 198 45 162 88 103 213 111 137 59 98 82 28 40 282 130 274 100 270 121 294
76 180 223 139 115 152 122 248 253 128 40 112 245 55 20 79 173 71 110 23 53 72 18
60 74 197 225 90 204 241 275 111 102 172 167 292 17 152 85 45 38 216 30 6 168 224 298
273 248 245 132 239 294 134 3 290 26 180 63 231 38 192 174 271 288 253 219 133
19 23 137 209 11 299 117 5 73 198 242 151 34 186 247 21 225 20 214 294 290 85 271 133
23 181 278 236 192 96 63 34 190 219 290 194 49 29 167 41 144 78 268 172 189 128 129
154 24 28 190 198 215 4 147 86 74 119 230 110 27 48 262 247 39 12 296 284 278 299 103 290 269 259 242 1 55 201 198 107 245 202 154 120 89 37 172 293
36 48 173 197 208 279 292 286 261 6 218 3 110 61 273 280 253 27 257 101 209 231 102 69 20 148 247
209 279 46 229 186 240 89 236 99 245 223 175 167 96 219 208 187 94 101 102 283 20
204 219 233 291 32 234 105 147 208 1 188 86 17 93 22 77 288 59 91 18 80 241 116
24 44 128 169 68 95 43 268 64 174 198 69 251 271 272 105 132 287 63 260 292 96 21 46
118 128 253 128 255 48 237 12 240 209 107 246 33 242 180 250 103 208 46 189 29 155 105 195 237 12 199 28 231 19 51 57 8 6 248 13 62 91 144 110 278 162 103
289 201 283 180 95 195 164 145 135 56 2 124 16 185 191 223 67 137 32 1 249
98 105 236 258 111 201 46 189 169 67 221 202 90 106 296 81 119 244 248 73 249 134 243 84
42 67 107 207 32 237 28 21 202 225 44 89 242 33 178 263 276 252 169 171 194 165 233
78 104 230 299 163 297 52 87 183 49 244 276 86 235 177 31 248 74 85 273 142 281 149
156 250 165 259 16 5 153 95 189 206 55 81 104 69 117 197 34 112 272 164 284 297
258 277 117 130 24 176 25 217 67 63 181 158 292 239 208 211 4 143 235 131 104 173
165 235 47 170 190 96 71 119 140 80 238 135 34 8 261 154 226 160 270 22 110 177
46 217 31 86 132 45 95 127 262 163 28 249 109 210 229 21 3 27 156 20 7 288
259 500 562 43 16 175 288 93 222 294 186 63 212 60 277 117 162 112 183 161 163 244 140
4 7 14 42 50 221 180 124 273 276 101 244 5 285 51 8 27 181 135 119 292 252 158 23 137
77 92 176 249 276 452 562 149 201 51 254 64 142 272 253 20 56 41 242 215 12 183 161 157 263 236 281
112 118 216 222 269 37 64 29 273 188 159 35 81 161 19 229 79 198 44 99 233 23 90 8 9
36 168 265 271 62 275 236 296 278 160 177 76 237 121 190 263 140 22 210 49 238
77 79 177 120 167 124 286 258 224 78 130 106 281 27 138 151 197 8 145 181 34 192 74
21 143 280 27 111 204 48 148 145 236 201 273 46 239 62 178 257 121 106 118 43 240 166
34 61 99 107 126 127 143 290 500 176 109 146 138 152 2 281 241 154 110 64 277 87 84 42 199 220 41 124 35
63 92 195 229 266 185 258 291 195 274 131 22 273 144 33 240 260 238 51 89 146 17 152 82 168
12 48 225 257 53 249 245 94 163 262 237 16 13 250 170 68 2 147 75 212 57 49 256
276 181 224 275 54 170 272 11 239 27 37 132 128 70 110 179 30 215 246 299 63
210 284 452 72 131 204 128 236 140 181 130 61 273 34 21 184 199 88 67 126 2 213 57
68 175 7 183 54 139 119 155 250 0 21 173 94 111 251 228 232 159 26 244 206 195
98 324 30 242 252 413 14 155 624 521 608 7 631 107 867 928 784 735 743 472 616 325 696 639 497 84
73 141 236 834 69 50 216 238 111 23 22 13 256 126 226 10 223 163 32 142 124 282 117 107
48 65 371 595 998 307 691 506 670 595 403 506 670 529 65 395 104 595 65 516 403 532 556
909 197 89 199 199 648 142 837 156 155 58 394 803 293 148 237 318 734 752 413 588 395
246 24 239 225 229 127 1 38 5 275 264 164 117 68 235 59 246 53 131 84 230
0 5 59 130 154 164 192 224 5 37 196 181 284 148 244 222 125 296 174 70 117 172 11 39 195 262 299
124 228 229 182 173 210 908 53 182 136 136 259 229 217 963 93 252 140 788 55 262 209
20 46 74 268 127 197 117 151 184 88 122 157 111 274 98 168 240 57 215 93 255 159 236 213
157 166 198 251 53 282 44 113 79 193 99 40 291 11 69 2 26 104 211 280 24 189 105 43
110 282 203 160 193 166 233 76 144 129 292 17 254 102 2 107 199 22 245 293 97 128
268 29 159 137 120 65 299 158 16 235 250 72 64 13 280 155 121 262 179 1 96
37 86 138 222 271 40 279 279 225 279 279 200 155 21 748 136 92 198 210 249 292 226 13 199
196 221 8 213 100 273 23 181 295 143 34 18 233 214 294 64 286 71 193 129 4 229
27 59 71 134 136 144 196 230 298 198 18 105 103 256 92 33 23 250 104 39 271 279 146 227 237 77 169 150
12 129 252 34 33 175 239 6 187 149 3 196 132 125 153 18 129 138 276 52 130 83 290
68 105 153 165 263 165 267 934 17 534 218 177 187 87 42 6 43 136 198 236 634 154 342
146 22 151 30 200 183 285 41 279 86 155 233 44 90 258 24 226 182 202 235 71 134 271 5 269 177 105 96 122 239 225 230 263 124 203 75 233 214 119 1 281
115 201 141 30 160 203 251 105 37 201 98 82 204 229 240 285 237 45 172 244 224 277
287 171 194 269 13 260 228 267 239 129 172 154 296 74 221 272 41 110 225 200 190
101 148 160 219 250 77 245 178 8 168 46 174 181 261 286 140 247 132 40 292 194 169 22 27 295
236 285 290 109 58 45 66 80 171 88 244 69 142 74 98 251 130 35 21 188 204 224 205
233 254 4 251 82 156 226 181 87 44 183 72 74 215 135 96 19 176 210 42 291 179
51 118 212 73 165 247 81 250 11 22 52 194 132 57 64 254 71 48 162 16 53 191 9
246 294 261 273 234 226 8 90 178 44 235 12 203 46 246 241 105 264 240 91 42
67 89 248 61 281 242 175 208 113 273 52 23 53 66 88 160 192 60 230 162 196 181 236
1 17 52 77 174 192 282 68 217 36 109 57 160 231 189 123 185 187 255 84 262 140 111 32 239 125 176
6 134 140 92 73 37 98 201 120 277 264 265 176 286 185 28 268 9 26 70 116 43 18
10 15 82 85 160 199 243 263 277 285 211 56 119 144 220 214 209 102 138 258 81 17 19 271 218 15 74 36 103
37 142 210 270 295 298 126 247 193 117 119 259 189 31 204 82 154 264 155 116 148 206 20 298 284 12
169 205 247 261 12 51 81 282 226 214 177 140 125 248 16 156 70 194 99 90 113 5 227
263 267 19 179 82 146 26 239 11 132 41 133 196 24 275 17 78 35 48 8 185 112
29 180 274 108 129 57 94 57 83 94 129 262 49 232 140 250 205 82 186 264 130 279 62
32 239 129 180 208 19 116 255 19 116 208 255 239 226 212 278 76 92 210 292 21
67 180 86 287 49 29 7 144 109 18 240 297 205 26 258 187 20 194 3 184 114 280 151 23 78 14 260 80 260 260 14 78 36 72 504 284 86 85 216 758 296
38 121 127 168 184 267 119 16 163 285 254 45 15 262 91 279 277 54 58 265 8 183 170 204 193 115
25 107 143 177 117 250 243 42 112 176 180 36 171 62 195 146 167 261 59 245 193 260 84
175 250 256 145 160 117 268 62 43 64 230 89 189 137 67 132 122 169 200 233 52 125
5 32 53 56 201 199 840 225 159 840 199 63 227 109 28 202 336 562 214 62 10 246 147 87
95 287 162 296 131 25 34 55 194 148 24 130 6 176 180 189 223 107 255 87 77 65
16 25 75 111 133 208 242 280 135 100 50 79 228 10 145 88 118 264 251 25 80 95 192 180 24 70 113 76
17 28 94 31 178 276 295 249 211 289 93 214 116 257 250 293 78 274 8 140 71 240 143
155 128 1 267 154 277 98 104 49 51 122 254 76 38 274 23 241 80 278 258 135
18 64 191 26 150 181 233 139 70 38 46 207 132 261 5 57 165 228 85 88 224 49 298
6 207 84 207 260 207 268 89 160 207 231 88 10 87 157 833 147 138 562 226 217 336
160 64 102 207 182 181 29 136 170 25 111 86 99 241 65 137 285 205 263 53 172
173 178 257 140 274 132 218 94 144 118 31 167 120 159 287 209 110 215 91 23 49 151 145
57 69 147 167 206 229 260 121 76 237 131 9 36 258 162 114 282 291 245 120 203 17 230 257 87 22 103
26 47 237 283 27 37 84 23 273 235 137 44 263 104 71 192 249 5 160 188 266 260 48 186
87 142 158 272 161 160 152 222 198 212 270 20 122 81 295 116 92 109 56 0 77 179 166
35 37 99 119 144 207 259 134 220 60 39 88 41 99 130 27 172 299 189 197 171 200 169 235 241 245 0
43 60 110 144 242 96 121 273 151 42 253 218 40 217 26 244 229 270 183 197 297 102 6 81 61
37 53 264 70 141 272 179 75 100 274 129 31 239 95 295 168 270 114 266 13 0 132 48
1 61 90 191 208 140 185 175 132 163 251 49 292 35 38 165 131 100 184 22 260 30 113 172 293
18 153 173 266 195 152 89 139 24 151 20 43 8 5 44 119 166 192 140 107 256 77 208 189
163 188 235 250 0 40 251 157 249 294 167 13 156 240 244 132 266 69 232 86 96 256 189 267
75 195 9 35 279 209 113 248 280 135 12 168 184 161 8 215 205 178 299 116 28 107
10 37 218 259 288 242 292 195 38 238 82 65 288 130 206 50 44 98 100 232 187 84 117 278 280
178 233 1 253 298 247 287 193 131 3 266 158 62 147 36 159 34 44 123 210 273 140 51 92 187 175 208 246 142 16 138 21 71 233 185 214 149 127 18 65 146 20
24 27 146 284 52 23 168 234 114 254 129 185 7 180 246 265 287 256 194 219 103 271 74 222
151 235 48 20 95 291 206 200 200 92 125 171 108 113 19 55 196 273 251 6 534 197
170 178 251 23 183 218 210 270 255 180 16 123 126 51 287 134 282 158 163 36 86 50
38 43 274 6 221 273 221 61 221 119 245 61 326 215 215 491 840 87 562 143 336 157 138
87 120 295 63 297 74 200 205 292 234 117 214 190 186 137 213 170 64 90 273 60 40 113
97 236 293 178 6 65 234 58 195 279 229 242 297 161 237 227 175 56 31 262 61
55 86 102 242 199 50 253 204 31 219 61 41 54 124 95 123 166 86 223 248 74 113 0 238
71 98 168 283 78 230 155 66 159 197 286 122 238 184 260 166 187 292 153 31 164 156 241 123
279 60 11 230 57 19 271 31 196 170 83 200 58 227 54 225 199 245 146 265 187
97 284 50 90 16 32 211 236 156 214 206 115 103 277 266 157 182 213 241 39 168 35
284 226 112 117 133 126 231 26 263 163 252 115 220 21 172 50 91 80 279 281 158
1 70 88 194 104 290 297 2 242 121 293 43 152 220 133 73 80 189 279 60 275 140 81 180
38 85 109 196 247 281 296 145 263 158 6 217 147 241 105 42 207 25 267 59 107 208 10 27 242 177
127 131 142 245 283 203 29 106 120 208 1 108 229 212 286 176 172 118 183 178 37 299 30 84
159 245 120 252 19 204 105 70 298 66 41 175 230 30 92 153 86 227 193 122 164 159
39 53 64 177 235 24 256 52 12 21 264 252 68 277 274 224 238 55 44 199 96 163 91 162
273 34 153 58 171 50 24 286 114 294 159 121 97 255 227 247 37 106 198 199 87
25 36 183 276 278 19 283 220 59 219 290 121 26 103 221 225 208 189 73 95 83 148 224 188 56
38 121 155 225 20 245 256 55 262 2 292 10 247 96 232 233 56 248 269 296 186 209 118
30 54 194 213 232 277 223 26 285 2 287 252 224 294 264 270 263 13 169 100 121 18 126 266 133
4 153 190 105 157 287 18 226 282 136 31 295 228 206 259 163 139 291 258 71 238 25 213
39 83 131 193 205 268 282 71 94 178 63 105 259 244 298 182 26 66 12 50 56 128 24 228 90 130 104
48 266 219 28 162 115 37 201 234 244 218 293 139 119 137 290 255 70 97 124 179 54
140 187 193 258 191 268 171 74 146 240 256 1 198 224 97 174 133 81 138 220 208 69 190 68
160 286 938 75 42 75 79 192 211 211 141 141 211 296 639 504 154 86 6 216 72 198
188 214 227 200 587 293 299 94 200 299 281 15 278 57 108 294 253 921 54 46 66 252 130
50 117 296 161 26 138 191 173 294 34 110 194 21 208 123 210 238 295 141 183 231 288 224 231 133 173 38 116 265 226 92 228 213 16 98 171 147 31 19 163 141 281 132
119 29 45 298 22 63 74 61 291 69 224 293 179 118 209 165 83 81 265 53 252
78 193 504 150 223 137 3 187 139 253 148 249 58 169 181 50 164 199 16 36 270 262 117
66 19 146 147 151 102 102 122 138 296 296 86 122 741 480 588 233 223 257 668 214 264 0 115 5 639 82 82 2 205 101 205 102 101 139 21 634 198 52 758 52 26 639 72 154
87 286 169 235 274 215 213 7 279 250 17 129 224 298 270 150 108 244 242 234 278 64
120 173 190 167 67 259 218 272 87 256 68 207 290 165 255 164 202 94 18 99 77 66 90
22 36 229 245 261 269 294 171 260 284 74 35 54 21 213 67 219 112 84 20 37 86 56 253 221 167 190
78 168 240 40 82 53 235 223 202 73 147 8 217 258 52 230 9 273 108 150 129 79
70 230 14 2 69 81 293 206 204 135 62 115 28 267 146 129 285 73 277 190 281
1 119 277 282 84 237 146 56 297 159 155 98 257 269 192 234 264 35 170 77 128 186 10 18
139 132 189 25 185 163 57 49 262 125 295 53 102 106 234 257 260 214 165 27 46 107 226 214 296 44 7 73 281 269 84 243 111 196 21 105 191 193 81 128 167
71 94 175 266 19 231 226 38 63 246 257 110 207 169 62 69 115 262 228 125 66 84 217 74
105 239 251 254 238 22 100 224 262 212 260 36 226 283 24 139 267 145 17 31 231 214 299 177
24 53 129 190 180 176 17 275 144 118 79 16 89 184 4 253 217 270 219 132 295
26 32 42 329 245 180 232 180 17 234 286 245 76 232 186 113 34 249 97 292 92 210 748 242 113 261 153 113 153 231 220 102 113 261 196 19 976 294 197 113 251 6 758 215 164 68 31 166 33 7 114 98 152 121 41 82 141 177 274 205 61 291 44
255 70 52 193 256 147 53 116 255 274 81 258 167 31 155 194 271 267 77 174 38
31 35 211 30 165 12 187 83 440 112 921 879 186 279 82 232 39 140 54 250 130 205 253
87 148 225 258 26 176 278 946 286 237 378 82 209 237 82 286 6 82 84 52 299 226 286 784 112 195 114 230 173 60 294 150 132 267 222 188 85 94 233 185 66 38 182 120 157 25 80
12 75 93 100 106 191 31 170 176 29 60 190 160 129 289 257 232 171 69 47 197 260 94 281 215 169 204 153 183 171 47 105 33 249 246 125 108 274 21 225 213 109 222 54 170 62
0 3 57 77 135 183 190 204 215 261 148 292 174 200 19 156 187 84 197 29 201 242 237 104 279 124 227
92 285 68 267 46 261 132 292 182 144 39 54 226 13 111 28 181 24 97 106 5 198
92 259 237 237 784 80 85 152 80 185 216 293 783 197 165 758 29 294 259 976 108 505
24 54 133 65 38 73 285 78 199 273 46 290 79 252 108 82 183 242 152 221 116 225 76
165 210 239 220 240 29 4 242 48 61 217 209 72 161 145 144 252 177 75 202 93 32 273
142 189 196 219 111 149 122 281 37 132 142 220 109 183 63 259 197 139 195 168 169 182 223 115
142 193 283 8 279 8 144 291 8 269 28 82 232 879 33 253 279 250 296 46 151 66 186
21 83 89 140 168 211 217 296 167 285 290 140 184 283 242 188 90 219 166 131 298 2 80 175 136 174 272 261
146 165 199 225 209 239 2 292 213 158 115 199 35 42 25 197 206 19 154 203 148 9 124
53 63 127 281 293 104 253 133 90 140 86 273 289 83 244 49 180 240 159 167 74 252 298 285 166
131 259 219 233 42 11 49 299 131 172 66 3 213 268 270 87 288 293 209 98 190 257
36 75 105 265 231 115 166 118 135 223 237 89 34 248 162 215 269 126 255 160 8 201 207 122
15 273 249 99 43 143 90 291 10 264 3 148 258 189 25 106 80 238 191 141 286
116 123 195 264 63 251 40 37 242 164 108 47 59 256 178 28 268 30 46 293 49 181
40 286 287 98 74 180 76 96 77 233 57 65 204 269 20 113 169 66 83 285 31 227
44 68 275 291 3 158 122 143 287 79 190 0 232 294 225 112 99 88 16 125 87 260 25 133
64 277 23 35 265 28 273 60 67 230 155 282 259 110 224 75 16 206 231 246 136
38 266 231 143 15 278 13 255 196 25 223 7 245 228 8 56 194 188 269 65 203
140 63 911 84 911 134 15 63 221 497 222 271 623 171 157 291 141 216 207 126 220
119 131 182 269 33 21 227 292 171 185 78 71 281 266 149 294 258 284 167 154 70 0 222 50
91 296 151 78 129 216 33 102 63 109 263 145 208 112 223 186 292 72 5 201 276
25 177 221 81 284 289 7 280 52 194 207 185 272 275 225 36 166 66 187 95 101 25 87
31 36 100 136 12 237 67 144 21 79 234 114 37 297 127 274 47 31 194 164 78 116 66 27
156 297 47 298 197 188 1 285 239 56 291 65 84 61 154 16 44 156 186 244 193 194
53 65 95 166 205 250 117 131 283 295 195 143 286 279 218 126 47 49 239 119 166 92 137 33 75
138 218 286 717 161 249 49 717 49 24 24 49 547 272 467 93 289 1 59 280 133 199 58 278 208 133 141 88 171 78 75 148 126 223 16 67 168 116 36 138 20 184 51
255 262 202 58 269 220 178 107 185 23 243 108 47 43 54 123 162 246 96 93 81 105
29 186 24 547 246 61 285 504 902 24 178 249 178 61 879 899 92 1 45 20 59 199
97 269 244 68 125 3 294 30 19 175 183 1 33 234 14 214 232 264 80 91 103
78 80 93 111 171 193 20 193 290 1 235 289 133 30 29 78 58 61 68 241 230 219 251 34 201 203
98 100 278 261 141 201 289 54 52 152 175 14 88 38 116 224 138 13 100 106 288 189 24
111 129 133 97 273 257 229 182 255 126 186 176 102 195 165 80 259 167 43 17 190 291 152
36 89 6 29 244 279 177 70 0 268 41 275 20 141 240 157 194 91 239 100 210
136 157 172 258 273 66 77 291 280 166 91 262 29 135 165 226 231 106 246 273 3 206 88 183 117
37 85 246 209 158 295 65 211 116 197 94 62 59 245 162 22 118 195 253 60 100 193 228
55 226 260 154 229 213 26 12 7 39 209 54 253 82 244 238 53 226 202 279 97 51
22 547 21 56 480 434 247 247 21 273 434 162 102 171 222 99 670 271 126 141 497
27 48 73 279 294 178 200 122 71 124 214 62 28 295 202 50 254 103 38 3 40 165 45
49 90 128 201 267 60 246 255 30 204 216 273 115 210 200 10 51 109 150 159 196 56 192 0 261
8 15 17 106 149 99 137 134 179 146 146 37 37 86 163 52 17 775 237 113 125 19 248 199 395
13 168 205 206 272 278 186 245 264 149 114 214 3 187 52 119 162 211 131 118 289 234 97 36 281 250
33 52 243 13 170 16 155 250 104 156 275 43 248 73 196 216 218 21 186 255 82 281 93
27 256 259 281 116 927 176 108 497 116 57 57 125 160 668 132 40 117 979 98 278 180 201 4
252 540 191 217 191 540 191 273 191 191 51 217 264 440 480 857 102 157 497 670 242
5 131 250 209 982 230 23 139 23 164 278 92 210 292 764 226 76 145 212 2 186 97 164 67 30 201 363 30 201 67 30 201 30 979 117 278 78 98 4 201 50 206 40
12 269 298 25 117 3 22 37 281 192 39 158 219 227 96 255 107 132 108 217 149 296 264
165 198 179 233 25 233 365 41 254 25 154 69 250 18 10 638 273 292 159 56 224 143 174 967 109 168 174 69 143 246 2 147 491 157 296 99 858 217 290 226 628
84 109 232 22 166 120 292 63 40 8 109 59 150 13 41 207 285 186 54 180 58 264 203
220 65 208 298 297 101 163 259 145 136 18 40 20 180 50 75 281 265 132 149 167
180 36 90 239 106 126 283 296 139 226 148 20 0 255 127 210 3 6 168 160 207
40 37 291 99 84 297 295 263 120 145 36 117 256 218 160 217 216 115 200 64 76
234 274 5 141 163 285 279 87 87 974 230 247 87 730 90 885 230 291 246 299 264 180 193 248 68 299
41 102 143 206 93 206 226 127 45 284 710 139 234 294 95 553 775 74 58 238 442 318 979 74 764 844 33 603 603 291 147 628 764 589 337 44 214 485 151 990 542 505 50
123 280 9 193 266 157 130 143 205 254 233 278 62 208 191 71 19 32 289 51 195 185
200 235 272 271 49 183 215 194 220 286 255 30 55 267 109 247 133 237 264 60 181 119 228
34 113 279 154 185 215 117 18 174 105 103 14 297 142 64 13 165 137 162 243 78 273 250
10 68 156 49 131 349 49 775 553 612 177 49 612 612 78 125 40 180 206 160 754 20 4
287 200 140 190 96 18 214 95 100 247 54 135 264 276 25 296 82 44 163 102 94
68 89 226 269 271 124 92 57 146 293 41 97 249 237 268 275 198 64 111 178 284 112
31 79 104 213 540 213 131 115 226 99 156 137 197 291 66 10 194 54 176 77 50 95 297 174 293
31 84 145 200 220 80 52 24 23 133 50 257 144 119 243 196 3 86 109 21 143 122 176 135 59
29 107 143 236 276 139 125 289 78 271 87 31 188 10 206 97 162 21 91 165 149 239 136
4 22 90 127 131 147 171 280 213 4 197 50 19 54 285 201 158 120 192 127 212 73 102 25 72 30 161 60
112 130 289 234 141 197 193 20 57 174 181 276 164 298 124 283 99 71 157 5 247 77 0
54 219 225 251 101 156 274 298 94 292 24 284 288 261 227 294 129 278 3 258 281 123 189 115
84 202 223 240 103 103 160 66 146 32 211 91 188 457 668 188 203 256 272 201 866 288 102 200
226 259 272 283 211 66 146 211 66 154 167 457 14 174 275 295 280 99 200 203 262 130 272 288
42 232 239 171 94 79 31 26 227 2 272 48 174 20 225 182 144 43 259 40 76 295 296
906 51 169 51 169 48 169 123 48 29 259 212 783 758 505 108 31 294 251 55 165
23 143 161 171 249 160 127 210 263 149 117 139 296 265 71 291 111 27 262 279 206 165 269 63
138 146 32 3 212 208 264 285 135 51 134 125 289 191 247 76 232 297 282 5 23
88 251 147 448 118 443 443 223 223 748 866 223 232 86 908 55 269 79 69 899 51 158
51 122 195 177 148 283 35 179 18 203 123 288 39 236 218 0 1 188 23 233 214 246 274
99 136 113 40 20 247 181 212 100 249 12 290 134 103 46 80 59 180 98 273 221 214
56 85 145 33 297 116 186 102 74 214 82 68 149 60 192 264 55 42 158 181 243 262 77
146 277 609 352 303 439 303 439 46 180 46 666 46 46 96 60 82 257 43 177 251 376
84 154 7 274 200 168 100 297 80 212 185 37 227 279 5 296 128 87 16 131 292 32
81 275 54 253 45 211 216 274 0 46 5 256 64 12 287 263 48 290 128 284 186 85
25 132 163 224 906 183 13 294 212 12 239 83 219 267 141 184 67 195 191 261 273 193 208 95 164
27 169 365 58 17 61 58 166 61 140 52 578 132 166 43 299 999 634 21 296 26 355 342
111 132 155 180 292 209 170 289 132 226 92 142 91 55 53 77 171 233 156 237 124 69 85 11
