12 128 131 718 7 152 210 410 98 125 287 247 18 198 281 153 172 270 220 176 185 58 71 226 290 272 277 2
829 28 135 145 171 179 31 220 266 742 866 191 257 210 897 465 758 10 636 168 13 865 198 450 972 58 850 976 841 113 179 112 251 169 73 197 133 192 3 221 238 166 273 107 182 188 27 69 173
232 1 25 54 250 292 299 310 8 20 338 138 869 611 869 902 17 977 33 559 17 411 137 110 506 214 310 95 37 249 125 293 3 132 112 292 207 59 79 282 224 30 32 280 171 64 140
122 278 170 43 272 236 44 247 258 88 123 91 298 269 147 165 200 192 179 18 2 90
26 188 190 294 225 266 142 96 280 53 4 244 203 286 98 114 15 74 283 272 11 223 277 37
127 294 28 136 92 185 38 256 202 201 12 15 252 219 74 207 78 39 153 158 217 181
844 19 122 235 296 99 0 218 236 175 150 17 178 1 186 23 131 59 89 154 25 274 60 272 124
51 116 123 137 253 263 105 156 215 82 263 149 102 267 198 30 39 229 124 101 262 246 272 90 88 213
176 188 241 242 62 127 78 259 283 282 48 12 244 64 92 211 276 41 288 264 170 157
271 276 105 255 88 63 67 247 294 9 113 237 133 200 264 183 39 219 232 220 216 20
183 242 252 292 193 74 241 43 255 202 221 261 42 131 79 211 222 216 51 112 285 284 291 273
844 225 80 121 286 210 173 166 299 101 190 139 235 135 95 201 118 230 96 98 251
14 163 278 138 259 266 262 234 80 34 85 154 38 110 62 159 86 108 204 16 190
141 161 27 63 76 245 75 275 237 91 22 142 39 53 29 121 211 20 298 241 82 154
98 192 235 165 64 285 259 129 188 74 21 161 173 154 88 93 81 298 192 193 247 269
190 286 23 297 2 1 68 161 7 232 149 123 150 24 277 211 15 146 221 179 248 85
14 36 62 165 232 242 104 223 177 187 131 28 253 21 133 13 208 242 132 281 146 1 247 113 288 246
130 283 95 29 148 145 176 144 117 75 93 219 255 280 259 251 81 140 126 82 273
230 252 191 42 207 279 105 193 58 241 185 212 234 147 12 125 278 81 6 224 152 35
19 44 170 200 203 212 170 180 186 236 28 112 123 200 28 117 123 117 151 117 238 273 60 231 78 260 97 273 159 88 116 205 150 30 265 19 59 167 101 11 82 55 295 195 269 75 182 27 32 85
32 93 54 141 222 48 91 131 298 246 157 229 179 115 107 145 205 263 295 151 2 297
148 213 276 6 45 146 16 118 265 80 17 87 60 101 149 78 224 286 190 181 166 3 151
27 265 136 213 268 15 109 258 264 67 38 297 131 249 20 85 91 66 125 295 247 296
