9 278 607 0 11 94 100 92 236 855 885 678 443 908 992 409 499 283 951 795 762 755 337 253 334 829 466 909 658 128 926 185 139 606 408 341 806 803 314 352 240 276 853 874 51 116 330 650 52
24 123 14 16 187 299 128 49 90 115 192 28 181 129 125 268 117 37 11 89 195
185 211 33 204 235 185 289 880 337 533 286 167 876 41 167 82 533 789 132 400 704 267 127 929 105 66 99 149 245 113 235 24 278 129 107 39 162 104 81 261 53 230 198 210 285
73 82 136 49 204 168 189 8 25 74 240 190 30 286 219 126 200 163 241 56 104 24 266
82 87 257 106 230 271 285 229 277 125 94 293 34 218 38 121 158 291 9 102 123
6 269 250 221 89 143 23 95 33 226 278 132 63 199 126 195 288 287 111 228 272
19 25 153 39 79 188 34 168 197 24 234 152 98 151 282 25 275 164 117 48 184 111 160
86 150 193 234 235 256 5 179 269 137 246 276 270 232 130 96 100 29 236 201 222 172 161 120 248 40
51 103 179 37 89 275 110 281 107 198 150 144 217 10 274 207 123 176 38 208 73
85 89 109 262 96 205 189 69 22 269 177 124 192 288 14 140 154 213 233 202 178 90
297 87 253 185 114 284 208 79 166 45 55 15 26 71 177 169 295 193 207 165 243
61 100 120 235 74 118 147 30 187 58 174 2 231 247 227 143 280 211 199 20 253 282 273 18
172 263 277 62 103 162 78 194 93 179 159 145 233 269 104 44 70 195 149 174 217 284 9
19 146 262 213 79 253 153 65 291 0 196 135 96 210 89 223 232 95 39 195 235 171
39 83 235 288 179 236 180 254 208 205 226 135 90 16 1 235 125 151 30 253 64 207 4 17
12 284 148 273 210 268 184 89 245 150 45 57 71 116 228 201 137 135 7 257 298 209
54 76 83 95 129 24 69 10 116 85 117 226 277 294 217 164 201 247 203 181 147 287 12 70 130
176 228 83 74 184 29 3 289 225 95 245 135 70 227 165 218 19 255 25 14 209
54 101 5 191 47 129 264 48 37 67 0 299 75 85 100 108 57 176 79 247 227 290
16 132 177 243 275 228 254 159 146 101 78 27 99 282 178 107 182 4 161 287 126 233 234 270
47 60 129 130 134 206 293 13 273 163 34 162 31 92 127 177 6 45 29 55 0 249 239 2 184 118 181
58 79 126 129 199 241 40 149 127 0 279 61 27 263 86 214 175 206 297 163 118 258 159 89 281 69
33 273 293 22 55 156 128 132 154 18 236 152 261 267 64 113 169 196 53 252 37 253 270
70 276 241 64 72 261 32 66 201 184 210 220 211 137 165 104 259 299 120 190 151 35
63 89 117 180 245 290 56 143 216 422 225 214 12 42 211 137 248 61 21 166 64 168 174 93 31 252 275 201 29 192
499 18 95 120 44 156 164 196 198 455 100 499 525 22 823 222 861 298 504 361 243 173 892 17 209 444 969 594 368 737 136 170 170 250 180 67 181 152 84 82 173 152 199 102 935 250 251 350 117 788
157 164 212 245 295 34 288 31 160 14 147 256 229 222 209 49 214 25 194 198 262 141 48 96 206
153 186 220 242 286 198 229 278 106 14 292 139 80 95 62 252 82 224 271 140 142 70 275 243 219
122 222 219 272 185 270 233 114 207 140 123 293 105 248 232 250 41 290 180 1 241 235
716 99 32 297 33 95 210 45 73 135 141 180 177 28 92 65 30 93 163 262 114 215
6 40 78 126 217 260 4 246 31 131 1 14 65 250 161 2 194 24 195 144 40 191 214 152
183 210 186 140 47 50 293 250 72 210 16 142 27 97 38 124 30 245 108 51 137 288
113 123 221 216 169 243 267 219 291 37 112 284 270 166 143 184 202 104 193 133 58 209 251
195 254 279 288 282 49 144 109 183 296 184 48 158 79 122 238 55 163 83 69 237 105
10 41 82 93 189 195 202 276 192 298 48 124 75 285 36 257 150 219 189 201 57 134 130 193 136 0 198 271
682 25 39 150 206 295 0 108 285 196 134 283 217 173 21 27 139 156 142 286 96 249 101 76 30 281
90 107 150 250 143 133 272 251 279 147 254 88 116 234 162 54 129 126 220 198 118 187 109 2
224 220 205 178 59 245 212 9 161 209 48 20 206 95 96 202 244 193 227 210 4
44 105 114 157 166 171 441 105 159 195 46 291 119 242 253 268 233 248 24 293 83 182 229 6 138 260 254
104 120 144 441 206 88 203 245 265 194 34 71 75 97 142 104 96 216 270 153 184 192 23 95 153 244 104 289 293 168 212 155 69 60 123 227 197 160 253 92 172 21 131 296
209 266 291 51 46 255 95 237 185 166 277 66 7 29 223 64 104 253 168 222 183 130 184
91 128 140 77 166 228 0 179 272 176 63 281 266 198 196 48 254 84 221 54 133 28 57
98 278 296 293 69 237 98 174 299 172 31 257 148 245 36 143 266 154 210 81 65 126 86
9 249 280 163 248 196 157 103 13 104 108 208 183 129 165 294 93 161 274 107 273 286 58
54 75 93 12 210 112 146 271 174 50 139 65 35 166 223 124 154 142 296 218 189 226 138
106 153 284 292 182 2 79 84 116 51 124 193 289 246 266 178 298 218 214 65 259 21 32
153 212 295 224 199 37 88 150 79 142 2 143 257 13 15 35 292 80 48 31 137 195 109
30 35 40 124 173 210 227 209 112 254 139 13 48 156 272 279 141 7 285 292 166 115 174 298 148 72 280
89 106 110 125 246 277 215 210 220 96 78 217 223 72 56 268 30 91 64 57 22 290 216 77 15 134
17 126 211 143 84 61 39 160 278 216 230 74 60 141 290 279 48 132 63 179 25
84 134 163 177 230 30 124 129 136 149 209 198 271 26 271 271 226 699 17 207 483 556 122 867 230 242 1 477 131 37 483 173 245 75 249 78 15 91 144 87 22 294 207 55 77 92 219 58 79 216 199
163 263 91 80 24 69 146 271 49 126 128 215 223 191 134 79 22 85 11 269 97 240
29 152 60 161 194 249 258 225 169 256 137 257 137 7 225 142 178 45 229 229 220 170 76 70 929 184 291 135 162 72 57 76 234 237 107 293 211 35 128 199 110 9 200 79 238 11 15
2 52 79 171 251 297 107 294 191 189 196 135 190 39 207 13 288 258 276 234 146 172 60 21 256 223
4 27 262 120 89 193 284 278 264 213 146 232 50 157 242 16 113 62 25 291 225 234 139
55 168 122 111 28 280 173 25 190 135 17 273 20 9 146 50 268 220 254 227 282 241
43 175 192 193 7 148 89 135 231 156 107 153 37 264 227 130 253 151 262 167 245 93 132 44 163 127 212 157 231 251 176 100 96 109 299 5 153 264 265 154 185 122 203 216
523 74 103 139 173 265 77 165 36 93 248 116 233 277 251 152 106 180 3 22 120 47 237 191 254 160
8 92 170 219 283 655 200 247 11 116 11 240 19 126 116 618 242 216 873 659 114 867 97 85 1 200 250 477 193 204 295 26 125 279 289 157 167 274 144 118 66 198 275 42 148 270 277 41
19 23 174 196 12 261 246 5 63 211 2 190 91 235 7 282 170 167 279 3 212 267
231 187 222 270 268 269 69 249 257 172 43 296 144 194 143 272 200 26 20 126 284
125 231 90 79 14 290 265 126 207 199 187 55 210 2 276 261 96 30 13 141 32 61
92 151 171 238 218 184 90 38 59 10 164 26 211 121 31 124 190 18 297 39 183 0 255 288
195 250 228 46 4 210 57 259 77 96 285 138 78 27 174 107 10 25 225 264 231
131 266 280 49 144 168 194 7 248 7 7 216 216 7 300 929 190 220 170 69 45 218 184 171 70 111 4 144 240 189 151 112 182 285 19 115 94 261 28 56 272 1 279 149 99 271 140
65 223 267 67 13 151 61 194 74 242 43 124 251 85 104 296 181 0 264 282 185 173
59 96 166 192 281 156 6 60 257 123 99 177 214 113 54 227 209 16 49 65 138 18 158 263 271
144 252 292 92 191 248 60 254 43 67 243 247 33 226 3 265 31 246 16 95 264 64
77 245 287 261 128 153 295 274 92 64 160 70 83 193 34 220 167 166 210 67 282 72
5 9 168 178 198 57 221 245 47 40 281 200 299 276 164 293 128 247 67 88 106 223 32 225
7 296 42 110 126 150 232 270 174 56 273 295 273 56 56 148 56 273 212 132 871 7 202 424 291 118 139 508 117 103 7 268 10 118 169 197 124 46 194 116 224 113 93 23 173 19 290 71
157 183 200 206 272 275 32 214 18 298 272 175 114 77 154 208 251 139 17 270 118 145 178 218 47 4
16 30 179 248 42 53 24 29 262 95 257 154 223 93 277 158 278 173 133 65 299 227 138 61
61 72 289 212 287 88 272 294 186 59 77 41 265 187 298 129 262 295 36 199 189
131 136 246 296 153 59 168 269 254 140 176 167 12 32 276 191 248 251 179 207 239 295 48 11
72 125 126 128 182 183 199 198 97 291 172 234 57 201 114 20 72 295 193 59 211 154 224 48 200 24 264
39 225 285 239 286 61 857 204 77 204 77 231 61 204 202 132 871 239 149 343 291 218 212 139 148 194 69 232 224 60 253 38 97 55 206 236 145 265 61 98 290 4 81 24 44
87 133 290 264 256 263 187 54 297 248 132 201 186 155 105 286 149 216 233 261 136 259
50 145 159 19 27 202 43 67 182 127 141 14 163 271 20 275 60 298 210 289 115 244 23
523 84 129 247 49 234 91 255 139 275 168 44 229 80 176 239 146 194 165 206 209
32 41 54 93 255 294 2 80 81 289 27 441 3 56 27 149 871 147 170 218 70 76 171 69 291 220 229 202 929 111 250 167 278 232 286 130 189 40 263 279 3 183 206 100 86 161 52 20 237 156
39 152 157 162 206 252 124 298 22 139 164 58 277 73 237 92 190 255 162 5 270 61 292 215
50 117 152 153 201 113 55 43 242 59 83 266 189 3 96 197 178 235 131 28 222 49 120 14 201
790 187 208 215 225 235 54 100 178 236 241 266 142 142 36 254 87 18 125 910 88 271 87 37 131 200 867 618 250 216 477 97 198 15 100 270 229 174 292 274 253 96 180 38 287 11 250 184 284 94 179 127
109 129 181 147 195 295 79 233 133 41 101 152 164 60 42 48 2 252 242 6 182 220 8
2 42 149 249 10 63 73 68 96 64 161 31 78 19 114 5 206 281 251 86 268 293 191
284 34 243 292 225 44 42 181 296 46 61 59 51 87 9 213 146 204 122 36 16
22 47 299 238 27 49 33 237 21 276 286 224 298 243 159 292 171 241 31 197 253 235 99
26 139 173 212 295 523 716 97 102 132 196 265 284 97 75 30 30 165 61 55 202 239 187 871 142 149 212 7 125 132 139 508 118 142 154 35 81 284 84 80 92 114 125 167 299 8 59 247 96 188 223 225 241
25 258 284 119 225 103 283 70 187 153 206 173 88 267 214 142 130 226 64 201 100 256 148
192 229 169 0 85 131 3 143 81 124 194 41 39 20 56 279 266 245 193 73 101 19
790 114 144 157 282 214 59 277 141 236 192 185 258 3 282 223 28 33 241 146 53 284 105 239 191
40 207 232 253 260 126 106 135 111 207 184 252 25 36 41 97 258 247 181 12 224 88 14
655 6 32 70 118 120 279 135 146 149 124 280 205 19 46 265 63 154 287 215 105 64 130 13 180 33 234
127 188 218 177 1 272 172 200 34 63 276 269 136 197 99 222 280 226 130 189 229 297
209 251 258 282 28 77 291 77 164 278 278 229 291 45 218 111 929 190 202 270 229 297 70 170 198 185 34 208 243 242 36 147 199 231 103 176 21 51 298 152 181 114 245 128
76 171 191 197 213 282 292 183 137 242 200 138 56 71 216 197 252 36 37 67 161 131 267 249 253 21 5
23 141 441 177 12 133 260 202 116 158 111 161 293 179 106 68 223 296 47 38 90 19 14
51 68 103 264 199 177 82 286 151 278 43 268 126 101 263 216 52 62 154 219 222 9 290 249
139 234 256 264 32 93 111 263 136 89 136 23 23 155 233 155 233 233 233 258 699 274 274 232 483 115 59 556 108 285 172 248 259 216 200 57 11 95 224 209 15 20 292 25 294 210 218 138
71 133 147 205 299 254 24 1 249 3 186 158 255 248 119 176 6 7 288 202 96 143 28 195
0 246 247 291 67 190 45 210 95 106 167 97 159 12 131 111 185 246 26 27 289 44 128
655 7 199 213 247 122 140 149 6 136 196 132 29 20 78 239 203 67 188 106 282 166 176
139 214 242 259 33 117 288 45 66 77 68 114 151 194 58 126 113 38 283 55 205 204 92 179
82 114 21 25 200 196 43 83 269 131 22 23 166 215 183 251 51 192 167 256 6
17 129 180 73 67 271 272 181 270 268 218 264 116 297 129 200 278 141 209 114 217 23 2
790 42 53 173 197 175 126 235 38 53 39 62 224 51 18 288 110 104 252 156 228 223 291 30
19 51 149 230 241 290 51 46 289 221 253 85 269 116 23 267 7 181 144 33 241 129 273 148 248 237 232 202 214 209 104 76 112 176 224 206 286 166 31 285 194 147 238 108 51
29 165 177 205 125 25 239 63 102 79 119 185 288 271 115 31 111 23 34 89 36 284 118 128
189 223 290 164 6 173 96 168 49 202 27 65 179 194 192 73 137 112 292 242 79 34
716 220 227 256 228 79 247 71 127 196 225 40 41 34 200 257 1 126 175 161 179 229 142 155
87 132 139 257 250 37 207 150 47 14 130 153 30 169 12 98 11 39 154 61 60 289 121 90
92 149 242 34 41 88 269 209 187 27 227 291 133 23 271 57 211 235 80 110 288 293 166
35 140 166 98 298 87 53 182 227 140 94 238 76 268 234 184 181 279 152 120 205 147 290
193 43 266 236 255 40 290 72 274 197 66 215 192 91 53 217 14 124 1 195 222
57 167 20 30 96 119 224 93 215 19 82 5 89 141 150 228 222 247 195 277 264
106 181 202 712 83 216 224 294 653 99 193 193 11 99 193 212 239 158 202 149 871 508 218 7 148 125 187 118 203 109 297 181 224 51 244 206 127 8 187 54 23 241 57 201 167 121 20 169
161 68 220 214 134 116 30 122 266 175 154 138 121 268 44 261 23 284 198 157 148
716 74 163 195 187 180 250 299 19 64 138 247 282 2 37 233 47 57 223 237 112 126 280 36
7 100 139 285 297 33 121 161 256 271 957 148 63 281 285 211 281 187 139 957 148 659 216 85 477 136 873 483 1 214
52 160 24 175 20 201 928 201 928 165 41 243 281 411 135 129 527 61 223 197 64 74 92 33 27 293 242 18 251 11 2 161 132 279 28 141 100 108 120 171 292 262
523 254 296 109 158 172 186 253 106 189 72 154 133 258 54 129 105 289 36 42 44 65 120
9 106 165 58 37 185 355 126 37 355 5 126 441 297 218 76 229 988 45 184 270 170 69 291
655 131 132 192 213 192 858 299 299 288 858 213 210 41 18 67 260 133 149 110 284 172 28 171 81 2 92 200 198 286 179 135 158 14 143 131 215 242 73 90 15 101 1 55 98 55 26 139 139 252 240 55 171 653 317 514 89 188 123 4 542 97 143
24 260 288 411 67 254 236 106 183 571 428 542 106 571 106 83 197 411 135 64 243 233 223 62 61 193
61 161 441 202 252 12 165 3 252 77 200 254 252 213 57 158 135 165 253 113 5 202 66
54 98 140 169 269 290 449 141 48 542 178 244 766 213 449 223 243 527 74 233 61 123 193 129 41 89 261 8 155 6 166 286 222 269 253 143 182 213 40 124 242 56 219 82 108
90 238 111 162 211 235 4 250 27 188 0 23 256 251 243 185 194 36 266 141 156 79
35 42 101 227 251 256 18 164 162 203 146 50 17 132 105 226 36 163 141 71 191 111 19 54 48 167
61 165 255 269 286 156 187 231 15 205 249 213 145 236 99 245 263 6 210 155 179 113 272 176 64
17 230 239 250 45 258 184 271 55 65 259 172 142 9 165 132 194 18 219 190 14 154
79 231 233 245 282 144 138 14 35 0 289 77 16 184 114 230 100 164 275 71 97 266 203
790 10 152 165 84 220 78 242 97 277 125 257 219 67 123 80 62 29 5 22 182 95 171 130
9 79 104 218 299 223 75 129 126 297 99 161 2 237 78 295 199 202 250 162 48 299 157 255 214
935 19 114 194 247 25 80 109 181 192 255 282 289 44 19 141 141 152 196 192 72 135 74 197 233 123 223 449 62 129 527 245 193 19 63 189 184 241 24 143 93 260 130 157 142 198 287 23 272 136 197 178 107
17 45 60 64 245 263 233 216 153 161 115 248 70 284 222 208 94 96 201 256 122 89 156 105
10 53 124 131 252 287 234 215 117 109 153 267 204 65 32 41 195 217 213 183 227 80 264 51 286 201
168 212 264 97 174 128 156 20 93 205 245 62 179 145 31 191 281 163 79 40 96 89 277
28 131 216 102 279 71 195 240 13 31 295 213 110 76 15 190 78 208 189 224 156 245 109
28 143 249 296 191 110 108 128 124 197 275 187 225 274 56 66 46 144 151 71 262 162 289
117 217 236 263 200 132 99 43 129 232 277 257 157 205 14 170 56 230 234 41 250 79 235
13 49 179 181 253 255 24 46 32 116 27 85 145 165 83 57 96 104 21 295 126 151 146 175 162 290
790 13 28 93 171 184 278 4 30 63 84 150 197 232 269 191 542 441 542 229 191 509 441 441 193 41 74 527 243 281 64 62 233 213 449 282 212 65 267 216 266 232 164 84 142 296 217 158 150 133 192 222 258 167 294
165 170 283 90 230 88 104 176 171 262 269 279 215 76 73 46 239 247 192 152 250 67
0 174 194 241 276 236 101 22 238 141 209 17 277 290 273 173 4 67 83 57 159 128 288
0 21 213 259 281 2 284 241 227 263 235 116 141 156 8 253 188 163 15 46 260 216 35 294
26 73 144 169 172 441 296 91 240 215 146 12 203 151 152 246 192 101 70 253 210 0 96 196 108 19
83 48 89 36 109 1 17 269 180 26 162 204 115 250 25 28 41 257 55 68 128
60 100 204 441 89 217 15 80 174 51 2 258 179 180 278 34 65 226 230 91 290 183 251 234
224 286 295 244 149 127 38 50 259 254 238 180 283 80 21 162 164 48 241 113 170 200 255
33 266 3 36 202 239 137 156 56 54 159 147 180 0 46 215 5 274 231 76 73 255
74 117 134 28 274 101 198 125 280 254 110 70 172 210 54 27 124 245 226 156 153 111 80
87 173 256 257 96 36 78 69 284 233 91 257 23 173 270 54 84 249 175 165 206 252 119 134
27 96 249 289 144 127 125 220 239 256 236 287 79 157 38 5 56 277 69 209 6 296 85 237
4 34 39 102 166 224 226 256 121 205 282 129 34 838 27 258 838 6 268 294 291 218 229 171 4 45 184 258 229 220 111 43 30 200 256 268 1 17 178 103 202 58 37 113 86 288 152 46 198 134 175
41 65 244 263 124 250 114 144 70 182 272 45 207 184 134 143 32 281 158 235 277 261 31
88 138 143 756 935 99 139 152 310 310 67 290 263 263 143 263 699 143 556 26 115 232 48 162 207 53 483 263 248 1 96 261 182 168 149 34 235 267 88 274 183 9 284 35 165 109 135 291
28 54 291 160 286 107 28 277 3 30 236 114 148 152 147 207 280 102 133 41 87 141 273
55 93 174 198 51 194 22 295 224 59 144 57 254 103 102 203 161 76 70 264 231 159 197 10
44 189 214 111 261 273 22 152 75 188 218 69 155 132 196 3 259 135 238 32 170 215
240 145 19 7 19 187 187 96 618 96 242 142 82 179 173 237 221 324 270 125 12 227 118 32 11 68 143 193 98 222 34 67 267 22 297 208 293 51 36 110 260
441 121 67 14 106 275 285 170 288 190 75 155 256 15 173 205 122 132 92 86 196
28 147 270 286 189 97 45 108 75 38 1 113 73 138 81 56 36 202 122 20 86 147 174 255 10 289 1 109 107 280 191 114 263 259 232 220 175 235 203 106 123 89 174 102
947 0 26 30 45 162 174 253 298 288 214 275 137 289 5 79 42 188 58 47 25 220 52 192 118 154 236 174 128
251 262 64 225 104 18 248 169 278 187 239 155 166 194 283 151 38 277 280 101 180 176
523 28 97 125 255 167 104 54 241 194 135 112 114 140 12 275 251 209 102 116 223 53 158 156 85
523 4 157 58 128 220 248 441 208 129 129 563 122 563 411 129 85 411 221 411 190 69 297 171 184 170 218 929
17 64 66 176 234 116 713 278 278 278 713 903 47 794 116 582 542 207 277 281 95 144 132 463 762 24 290 272 255 221 72 42 202 1 267 36 117 207 93 227 159 112 66 246 155
64 170 196 241 83 38 199 208 189 147 34 27 250 262 102 249 28 270 180 247 66 279 273 212
8 19 148 201 246 50 57 102 227 56 182 132 182 56 56 556 145 207 274 263 115 699 143 9 162 59 556 258 250 273 172 43 133 12 267 41 7 96 293 9 0 51 232 198 40 159 98 195 191
64 164 181 220 272 64 230 61 36 270 166 186 268 243 47 7 202 291 188 16 219 276 218 183
790 5 22 101 165 35 234 189 292 155 44 219 205 93 84 212 262 68 255 123 214 239 201 145 179
57 116 123 183 114 194 60 212 193 178 294 157 174 267 161 188 175 168 276 141 252 179 59 9
507 72 76 147 251 155 234 13 276 147 10 240 120 149 114 257 202 272 128 145 30 40 1 189 124
653 192 240 249 265 277 257 4 278 130 71 278 130 87 790 871 158 132 212 187 291 508 125 343 210 149 171 78 91 155 152 119 24 65 184 139 198 32 68 128 275 187 208 102 81 296
2 16 61 89 59 214 128 265 32 285 27 144 57 139 178 182 206 41 250 192 230 209 186 55
21 208 189 199 115 86 255 270 182 138 275 218 221 90 24 32 208 220 1 36 125 23
18 115 132 54 221 232 298 104 15 1 156 13 296 131 171 280 208 111 227 12 75 165 255
0 125 246 66 179 267 208 19 64 155 287 31 160 13 189 20 15 147 290 180 297
4 104 170 200 231 250 194 146 294 149 5 99 213 42 247 63 65 272 232 250 55 1 40 61 196 242
168 280 32 243 287 143 121 62 280 25 105 151 268 273 133 232 1 269 216 158 95 57
194 214 287 73 222 186 68 102 97 27 150 225 231 147 136 78 155 215 11 211 80 257 216
577 172 285 218 244 239 14 219 175 274 112 102 215 202 111 151 91 121 182 231 1 128 271
77 95 105 201 256 259 107 191 286 89 237 92 248 283 203 251 48 247 297 296 178 215 25 143 56 120
177 233 559 576 201 252 50 559 559 50 576 187 291 508 212 158 871 790 986 142 239 202 100 82 251 118 143 53 256 188 241 161 56 34 145 8 52 96 299 183 154 162
28 34 62 70 91 118 165 185 147 41 56 0 37 256 32 267 112 294 209 36 282 164 114 150 258 175 49 180
564 59 75 77 207 117 39 3 76 11 194 226 244 97 111 130 107 58 255 65 61 238 43 90 126
641 67 146 271 72 29 52 156 158 146 103 176 132 208 206 19 131 229 114 70 232 188 18 63
816 111 271 88 101 929 287 129 929 129 929 786 929 187 239 871 142 125 212 291 986 118 202 132 158 55 27 43 126 269 273 170 298 45 34 166 277 214 114 224 33 16 86 134 80
29 106 240 141 209 183 266 169 26 158 268 77 271 125 35 11 263 154 185 206 106 193 13
259 262 193 99 135 132 19 120 111 22 291 285 198 23 210 127 141 43 189 25 185
232 264 18 542 162 882 269 177 701 302 903 970 744 384 420 97 325 21 834 885 557 461 658
83 208 149 83 9 103 17 182 254 202 120 268 18 46 252 274 244 214 219 270 147 1
687 32 106 119 156 195 134 244 286 642 7 122 172 895 172 182 187 590 955 590 394 940 71 61 7 81 64 229 940 170 150 168 206 23 208 215 171 179 42 269 76 218 293 298 78 147 211 113 71
197 215 231 259 59 134 179 260 280 231 181 444 155 444 176 444 3 19 141 574 771 962 231 286 126 90 235 662 94 1 17 169 194 192 267 47 296 261 199 256 55 56 223 132 136 60 226 158
7 185 190 264 120 194 239 234 157 94 105 33 285 276 263 196 158 166 265 65 190 99 44 151
808 84 111 198 10 87 117 165 182 282 106 253 184 17 32 236 127 271 193 89 163 60 6
81 223 266 65 263 245 206 96 83 156 256 162 34 171 76 274 82 95 117 12 202 176
159 184 237 190 150 130 54 287 66 72 194 272 9 81 265 254 122 106 14 65 104 52 247
65 81 215 289 198 143 35 75 84 235 178 220 37 188 70 196 159 270 254 173 207 231 103 125
7 135 255 281 103 136 179 39 83 277 291 289 242 235 101 167 132 80 148 258 191 68 4
53 174 41 91 253 232 75 222 220 199 277 166 178 10 122 8 195 121 61 30 139
63 129 57 200 82 245 277 189 267 256 95 134 250 227 9 162 239 241 84 65 140
91 123 257 237 156 157 188 31 160 174 277 299 106 199 243 17 176 47 198 23 121 169
122 123 143 235 297 5 87 206 187 175 240 296 287 102 13 283 255 25 64 8 195 223 210 203 244 253 281 261 88 202 56 193 260 81 205 237 187 103 277 137 41 57 241 249 24
221 244 278 183 148 190 111 263 52 279 53 177 268 180 24 192 144 297 253 73 146 46 1
62 92 150 178 210 253 285 62 83 118 26 62 26 129 550 65 264 159 222 241 226 489 253 224 316 208 194
33 277 187 209 179 284 72 16 279 171 164 103 79 57 266 178 40 75 270 215 121 117
176 267 198 243 154 226 186 200 283 248 82 59 146 109 139 246 151 179 96 280 150
175 217 561 113 158 117 172 172 34 172 126 117 144 171 254 243 219 117 148 81 147 132 921 56 29 189 71 13 0 268 205 248 253 299 204 265 231 100 191 284 14 6 24 203 241
497 16 136 212 214 75 146 150 11 11 240 11 103 185 206 11 206 89 140 293 227 158 184 140 19 402 522 225 9 9 138 1 63 138 138 11 38 158 110 222 32 63 489 253 224 316 208 194
23 198 16 63 296 62 79 237 86 209 153 101 242 74 118 182 252 269 76 116 286 69
497 142 214 229 103 248 771 265 14 46 29 196 140 293 227 158 184 140 19 402 522 225 888 240 93 75 268 75 291 186 235 268 75 65 189 222 32 63 489 253 224 316 208 194 248
808 24 13 278 191 286 147 159 164 182 253 266 240 51 170 148 207 163 211 245 132 219
561 17 105 136 188 260 278 157 282 139 35 212 71 137 287 36 208 220 283 9 289 185 26 40 92 6 280
39 42 260 100 210 131 172 52 137 197 21 172 172 172 140 293 227 158 184 140 19 402 125 225 888 184 207 154 145 226 85 204 194 189 173 144 243 201 281 123 53 298 245 229 290
14 123 215 296 18 72 50 262 105 142 37 231 89 79 8 238 204 114 109 113 255 283 35
39 235 239 272 286 96 293 22 82 187 53 209 178 277 46 169 185 9 138 48 20 75 296 35 74
133 171 250 290 160 208 189 158 74 184 211 29 221 234 120 162 109 200 279 149 9
29 131 260 11 2 296 169 123 191 261 147 289 48 78 115 204 245 167 178 86 298 58 171
63 125 129 245 248 155 41 274 174 8 4 73 67 159 81 255 157 117 146 282 165 168 210 55 139
43 62 280 18 94 92 235 245 267 181 194 292 207 25 112 162 265 148 0 229 5 198 165
198 246 92 112 116 128 196 207 237 29 205 163 248 149 86 291 83 294 159 25 70
118 195 271 25 33 114 196 242 126 54 55 256 125 123 293 26 172 154 198 58 249 64 233
43 77 88 246 64 120 183 144 137 9 53 161 96 86 255 155 181 149 65 257 290 63 58 233
16 208 270 274 27 160 29 51 96 179 89 25 222 32 63 489 253 224 316 208 194 248 498
24 182 187 196 232 75 176 67 23 202 64 197 162 199 205 113 150 55 93 72 6 200 203 85 298
20 35 45 116 200 48 50 177 238 20 192 192 202 294 20 236 140 713 227 158 184 140 19 402 125 225 888 240 93 106 123 53 236 219 208 171 44 68 157 5 3 131 254 193 2 88 92 197 93
14 76 85 154 203 231 27 46 209 211 118 113 187 190 261 47 40 49 297 44 235 184 217 120 60 227
101 282 299 262 168 20 201 252 159 261 115 64 29 53 184 248 270 292 251 278 148 153 123
561 235 283 220 60 166 127 259 143 140 115 275 136 17 213 149 54 226 33 20 78 268 55
808 8 51 70 262 279 16 156 252 37 116 53 293 165 77 111 247 166 22 262 193 155 170 88 237
59 140 145 240 10 91 281 192 62 223 87 62 150 113 223 192 87 192 113 99 272 141 251 234 15 231 152 104 25 27 287 261 297 225 93 265 162 42 210 122 273 94 123 83 130 229 52
44 237 281 78 251 230 117 289 204 141 265 164 280 62 124 228 246 46 89 92 284 273 149
61 284 265 58 7 261 174 179 196 287 255 111 145 279 9 29 277 214 120 130 38 85
18 23 154 207 191 278 45 125 207 90 218 279 4 119 161 87 65 7 210 227 152 42 146 189
16 197 297 104 226 192 213 173 77 42 159 204 92 172 194 7 0 141 207 189 206 270 142
24 35 154 223 134 43 239 205 52 292 225 90 255 206 82 284 178 171 286 34 200 116
5 184 68 153 165 85 84 112 30 181 10 159 169 225 24 204 50 190 167 47 229 292
101 151 157 252 93 209 83 87 207 249 11 279 22 265 7 203 74 226 145 262 276 233 17
26 215 62 151 141 4 43 273 2 269 292 124 84 235 180 0 47 253 221 175 86 145
126 156 171 243 226 95 223 135 236 207 1 282 23 81 274 139 132 214 187 252 157 279 30 64
51 92 158 219 264 296 191 254 37 45 1 271 82 202 299 109 262 119 207 103 134 11 29 250 78 230
72 108 202 128 158 66 86 134 76 133 119 282 204 155 74 83 273 232 294 131 298 57 113
86 89 199 214 252 263 164 248 19 203 232 3 1 173 39 153 59 23 252 269 86 268 189 14 123 91
75 102 235 146 283 240 249 194 107 225 101 168 73 193 226 127 202 239 22 132 199 136 163
167 177 156 28 128 205 62 145 175 108 149 36 297 106 123 277 31 45 199 232 296
259 296 227 17 186 155 250 250 113 17 37 72 222 32 63 489 253 224 316 208 194 248
31 98 117 160 173 226 179 204 86 189 142 171 166 162 1 4 44 107 102 81 97 61 161 41 201 299
10 155 244 225 13 68 205 262 93 162 49 6 182 298 64 191 61 214 230 203 82 246 88
38 228 133 145 252 40 242 104 243 256 261 244 289 193 191 210 127 94 83 241 237
839 137 141 221 275 25 286 150 240 295 254 206 52 17 229 258 3 213 217 105 168 248 27 43 264
157 109 67 170 88 102 20 101 231 52 265 121 189 275 79 122 8 129 22 53 244
50 71 248 269 271 108 29 200 143 254 266 294 228 69 261 33 152 99 166 222 285 93 44 2
248 267 167 126 37 8 29 26 98 221 171 115 180 120 0 182 245 174 272 163 9 195
41 275 247 121 130 0 70 172 288 225 79 261 102 214 278 259 279 197 212 238 163 157
27 51 148 161 202 217 57 69 172 139 176 214 86 26 241 154 99 218 183 146 93 220 235 136 257 248
10 19 23 79 223 16 208 26 186 190 66 144 28 161 234 150 101 129 133 58 1 51 185 135
27 28 31 78 261 272 278 68 299 7 7 299 38 38 135 140 713 227 158 106 140 19 259 125 225 888 240 227 133 84 176 6 67 282 165 252 141 70 13 231 64 202 9 126 29 244 147
125 149 177 223 17 217 120 159 113 27 118 6 45 9 219 180 240 109 224 267 119 115 57 112
179 258 121 216 111 204 61 54 127 116 263 184 168 82 259 132 293 214 210 35 64
233 113 172 80 43 293 235 142 148 18 186 2 15 162 248 10 222 83 22 29 140
4 9 156 203 142 120 24 108 154 265 152 122 185 65 257 96 287 282 153 249 280 165
20 39 99 268 224 129 165 263 12 9 293 269 127 81 288 120 69 130 21 74 131 83 185 7
17 96 167 270 166 206 229 125 237 246 17 17 170 210 230 99 272 141 251 234 15 231 152 4 279 118 26
23 296 51 32 998 32 51 246 174 51 174 37 32 140 713 227 158 106 140 19 259 125 124 23 130 51 52 299 131 78 225 157 269 45 171 152 293 3 210 173 227 239
87 109 292 83 133 280 186 51 181 51 186 240 186 51 246 186 240 186 140 713 227 158 106 140 19 259 10 39 217 184 9 169 5 267 271 286 289 183 186 6 146 115 280 242 66 162
19 32 131 140 260 218 61 126 280 80 2 34 150 193 247 114 183 294 21 270 153 168 226 188 230
22 37 161 82 22 53 77 174 199 40 98 39 24 295 206 298 287 296 170 284 49 274
89 117 135 154 191 245 118 205 136 159 236 212 293 296 81 111 280 168 203 155 50 286 47 282 276 101
813 31 157 246 74 180 276 253 238 148 64 228 84 197 128 286 111 283 229 271 23 45 287 264
20 35 107 205 261 133 160 170 56 164 124 222 227 199 14 51 214 79 269 104 162 0 134 263
76 158 206 228 287 74 189 211 50 211 50 189 74 189 222 32 63 489 253 224 316 208 194 248
20 166 223 261 299 144 23 11 295 125 98 281 100 8 119 24 19 297 142 35 254 179 208 251 248
18 47 213 85 161 234 128 204 243 102 250 209 198 113 8 30 82 138 292 1 33 99 32
73 149 169 264 23 205 237 93 291 42 84 30 297 216 88 31 62 126 70 14 83 275 109
172 196 118 265 248 97 256 57 42 173 174 240 4 171 28 14 211 178 272 228 182 150 25 100 146 10 58 43 266 222 263 155 257 48 268 293 140 37 231 133 246 199
66 243 271 273 285 181 259 275 199 126 219 61 24 41 169 49 211 212 175 153 239 184 68 160 74
66 117 145 292 114 65 261 172 27 127 218 162 249 276 124 205 277 175 156 216 79 245
182 274 262 231 158 270 200 164 120 107 122 73 255 51 289 7 69 38 250 170 244 96
61 160 132 217 199 222 249 177 218 47 219 267 155 48 16 151 292 241 260 178 275 243
129 175 202 130 241 42 33 87 135 38 287 168 92 66 143 141 98 58 109 7 171 262 28
92 154 5 203 19 250 75 240 276 1 223 224 105 88 217 254 226 84 265 29 279
189 46 124 233 231 176 285 259 157 171 182 225 264 145 210 26 278 93 203 194 177
996 30 280 48 64 8 203 284 167 194 214 264 22 77 122 124 146 258 273 79 96
2 48 82 222 296 225 194 286 247 290 86 141 21 139 203 254 130 205 143 251 154 273 84 122 149
149 169 277 298 211 129 277 2 14 122 7 238 140 23 283 38 296 289 118 154 160 224 80 110
38 110 189 226 26 10 100 266 129 160 291 239 167 18 52 102 110 205 6 214 170 264 185 48
21 253 208 147 169 254 2 147 199 222 32 63 489 253 224 316 208 194 248 498 794 168 180 1 271 243 16 17 143 202 11 286 74 197 50 250 62 247 44 227 292 256
284 87 8 41 43 86 119 206 209 27 265 6 244 227 104 211 252 28 146 286 299
45 58 86 171 200 211 286 87 86 245 169 124 138 246 292 213 204 18 110 234 113 8 241 237 269 271 187
94 3 2 21 238 174 165 51 230 284 45 283 196 251 54 46 183 151 131 138 80
177 248 261 238 144 275 196 135 219 295 98 257 112 150 195 151 26 209 289 30 145 153 299
35 117 140 181 261 287 137 107 64 156 59 253 147 179 166 263 66 122 32 225 274 258 177 260 73 211
69 149 156 77 255 272 216 67 63 37 29 32 171 281 108 143 149 118 185 174 285 139 151
131 278 185 227 143 52 211 62 149 124 279 121 228 70 219 293 42 204 2 246 173 253
19 206 273 106 274 132 290 215 111 268 114 237 164 149 255 279 84 197 97 104 168 250
138 213 299 9 223 92 5 265 228 249 48 41 30 269 284 275 86 182 241 209 279 40 124
111 144 191 160 142 68 220 268 255 282 75 248 24 271 280 123 70 29 227 42 19 96 233
45 124 135 265 39 59 37 184 181 56 265 57 125 115 117 167 218 15 132 178 144 176 246 60
110 192 129 36 89 32 252 145 231 30 121 208 106 72 13 285 39 190 6 189 134
2 39 83 111 285 72 129 138 214 225 47 287 293 277 105 90 36 155 187 191 9 116 197 51
50 93 120 20 43 263 36 84 70 65 184 286 38 245 196 257 155 16 255 191 279 44 288
996 21 80 238 257 92 293 153 64 208 178 199 264 212 123 32 36 81 139 261 161 294 3 103 186
17 108 203 258 86 2 287 219 132 199 283 289 11 89 131 252 278 104 205 108 203 12 106 189
101 139 250 263 264 275 247 238 90 143 52 139 66 55 269 132 83 41 10 233 20 283 202 162 70 288
18 34 70 129 259 216 266 213 82 271 276 4 38 40 159 219 110 261 283 32 102 157 165 253 45
278 288 35 83 148 216 149 61 222 38 44 1 181 195 174 27 140 298 129 164 103 15
808 38 69 81 235 258 291 104 262 170 291 74 27 262 27 74 222 32 63 489 253 224 316 208 194 248
69 160 211 251 276 299 248 218 183 95 148 11 43 114 126 260 69 155 86 256 195 113 74 237 199
264 200 3 250 227 117 69 292 255 58 273 86 198 65 208 98 114 24 151 97 135
160 192 299 193 242 55 53 119 55 292 72 140 713 227 158 106 140 19 259 125 225 888 240 93 16 166 120 255 190 206 9 224 143 299 265 4 37 136 196 155 271 220 123 157
113 268 275 198 61 121 130 202 272 71 148 9 208 294 293 98 111 203 6 276 234 171 163
150 239 294 19 299 245 53 6 271 3 138 261 156 75 120 2 50 105 243 171 41
89 105 139 244 191 218 156 60 101 66 247 281 85 262 53 260 30 231 123 116 17 109 175 38
62 92 150 210 83 93 75 249 152 249 83 99 272 141 251 234 15 231 152 4 279 118 26 867 27 95 214 39 192 243 170 270 15 139 286 236 128 3 228 263 267 111 297 145
179 182 196 243 85 107 98 23 176 62 189 214 170 241 221 264 217 284 207 92 102 10 30
53 77 184 48 35 218 187 57 138 299 128 283 93 207 223 103 189 162 193 54 72 71 272
110 118 247 157 229 466 251 997 54 251 463 466 54 140 713 227 158 106 140 19 259 125 225 888 240 188 213 115 101 230 96 238 139 148 61 211 82 194 243 0 275 176 111 221 172
24 219 110 270 8 170 86 22 176 131 119 214 177 63 180 299 276 135 159 77 145 114
50 238 286 198 119 154 112 119 231 198 275 111 115 119 222 32 63 489 253 224 316 208 194
10 40 122 281 198 61 144 97 223 115 60 232 95 226 136 228 257 173 167 81 26 192 290 252
715 149 267 283 9 164 278 145 287 261 132 168 147 162 220 143 44 182 193 127 87 199 88
12 277 21 64 81 143 178 115 158 297 36 220 181 254 118 129 219 121 259 198 78 204
715 129 5 3 279 126 48 102 26 164 199 156 37 172 155 97 299 58 135 171 223 21
191 230 125 9 283 190 170 209 241 17 5 268 96 173 286 137 131 214 145 264 229 232
3 160 247 248 257 463 59 127 166 208 281 83 252 23 10 463 166 257 0 463 0 996 290 157 178 298 428 169 362 307 157 95 463 95 463 198 463 715 715 903 207 771 444 70 17 200 94 65 160 52 103
197 206 89 6 111 244 263 4 136 14 211 235 45 115 163 170 9 199 69 251 212 27
182 188 270 98 45 48 252 155 204 244 59 99 186 84 37 195 6 160 239 120 75 23 222
112 146 164 177 188 60 202 99 38 270 259 198 86 1 200 247 102 240 261 282 56 93 66 100 65
53 54 154 208 210 110 20 175 33 43 286 18 143 90 73 156 281 52 230 24 46 35 173 258 284
7 63 289 297 65 17 203 88 216 14 123 133 3 43 231 59 159 297 9 28 234 57 258 193
95 222 288 293 146 288 252 252 164 226 252 226 288 99 272 141 251 234 15 231 152 4 279 118 26 270 4 283 81 166 5 186 34 178 214 50 24 294 45 119 136 195 65 22 182
148 463 294 271 85 3 128 42 216 293 119 173 165 211 28 261 21 232 207 58 14 6
8 16 19 23 54 109 119 32 289 278 251 111 52 186 182 41 276 155 168 152 202 122 171 256 211 167
7 205 0 155 210 273 172 35 172 130 14 35 466 291 92 291 140 713 227 158 106 140 19 259 125
104 141 186 209 243 248 250 148 212 212 87 164 173 173 148 164 164 128 148 99 272 141 251 234 15 231 152 260 170 77 178 69 95 68 63 179 161 172 164 286 183 159 231 51 191 176 276
148 286 39 26 5 178 92 96 3 269 117 206 163 227 233 78 247 151 59 179 102 76
39 213 291 175 463 164 463 167 291 167 251 164 175 231 903 207 771 444 70 17 200 94
161 27 109 463 167 109 128 27 128 903 207 771 444 70 17 200 94 65 160 52 103
177 167 62 279 151 147 170 100 17 122 181 206 208 239 32 12 77 135 214 116 31
298 231 128 117 164 463 5 175 903 207 771 444 70 17 200 94 65 160 52 103 53
107 168 180 229 152 143 205 66 173 262 179 42 9 32 137 188 176 271 51 41 257 159
129 264 255 63 79 205 155 120 4 267 121 112 118 72 12 144 263 191 14 18 110
33 109 278 201 15 161 195 81 159 73 26 102 151 106 30 228 98 80 155 232 173 175 156
808 40 86 236 276 91 195 15 21 162 210 99 118 100 191 60 168 51 214 79 53 284 253 292 11
113 115 200 231 103 254 248 113 239 80 221 13 299 113 13 248 99 272 141 251 234 15 231 152 4 279
64 78 463 371 156 377 146 146 231 231 80 140 713 227 158 106 140 19 259 125 225 888 223 8 185 292 15 72 151 27 105 142 290 287 43 40 68 14 96 164 10 35
183 248 40 54 118 201 260 268 29 31 29 299 31 20 31 299 820 60 13 99 272 141 251 234 15 231 152 4 63 207 232 57 298 212 14 123 151 284 263 35 169 209 96 113 101 36 137 150
228 238 9 213 50 98 18 154 79 163 291 217 250 47 57 246 86 97 128 82 208 37
72 158 244 211 259 18 215 164 57 180 126 101 192 185 102 23 114 240 116 243 71 89
113 118 158 29 274 26 59 116 6 282 139 39 190 281 212 183 44 126 253 81 65 72 290
26 139 241 123 164 258 215 157 64 60 20 20 299 157 299 60 99 272 141 251 234 15 231 152 4 279 127 279 115 99 70 41 227 38 91 159 24 297 209 208 65 10 170 235 136 26
50 171 68 120 126 213 26 784 26 13 13 26 157 784 20 99 272 141 251 234 15 231 152 4 279 118 33 540 33 335 80 96 224 67 80 134 420 705 259 121 944 107 83 466 29 117
40 78 206 276 155 90 122 295 224 47 282 61 96 218 165 161 1 214 42 235 237 229 24 14
173 80 227 80 96 76 620 65 134 420 705 259 121 944 107 83 466 29 117 912 264
10 20 44 121 201 219 271 294 157 27 198 281 171 281 281 157 161 626 146 156 876 76 159 196 18 280 125 170
16 135 158 272 295 40 286 29 220 29 29 286 120 286 99 272 141 251 234 15 231 152 4 279 118
235 243 272 283 150 231 150 143 120 159 56 143 147 231 140 713 227 158 106 140 19 259 125 225 249 255 80 71 54 50 64 122 79 125 78 267 214 70 18 87 120 216 269 0
34 239 293 14 99 116 39 187 270 146 260 283 90 294 174 204 27 208 119 157 180 11 223
9 14 74 77 90 152 232 58 58 704 281 281 203 203 537 782 782 222 32 63 489 253 224 316 208 194 248
18 74 140 290 136 260 191 265 155 66 228 106 122 12 15 18 156 212 143 176 210 42 277
18 127 128 158 234 218 203 140 163 11 288 254 55 144 44 13 280 255 112 84 167 259 240 295 265
108 162 176 35 216 37 33 115 249 95 67 287 78 8 12 116 27 69 94 9 250 150 190
40 204 290 871 916 14 166 186 258 254 205 235 204 229 263 129 265 157 60 207 66 54 202 138 241 212 3 58 121
66 112 278 717 149 463 236 398 332 119 864 676 98 500 412 804 204 682 253 789 265 895 662 8 204 77 166 37 1 120 182 218 60 89 114 249 6 31 124 258 43 134 38
73 123 218 225 248 269 282 64 118 232 829 55 55 232 912 232 126 522 69 240 300 74 900 552 542 640 219 29
97 190 223 639 639 400 463 215 349 25 635 153 72 639 733 137 537 537 733 273 11 141 156
202 153 153 254 152 290 92 84 126 157 102 51 1 695 804 592 260 290 260 119 864 41 21 267 48 256 182 40 58 180 218 297 235 110 229 232 242 56 250 142 266
39 50 90 94 128 132 212 298 165 18 71 285 266 104 31 272 174 243 107 63 191 0 27 158 178 92 264 114
132 150 65 190 268 284 262 263 263 66 66 253 31 178 654 654 57 118 292 415 846 132 270 8 81 57 76 114 206 53 152 51 143 184 141 188 52 166 107 48 102 155 179 21 280 159
106 207 39 71 153 62 218 290 14 155 249 142 299 242 133 252 298 80 287 161 115 283
141 196 31 196 15 31 152 162 31 286 214 20 261 146 32 118 245 258 247 25 133 134 9 195 13 199 279 233 121 138 30 89 25 232 160 211 21 35 221 40 236
19 103 182 138 275 264 218 248 255 253 127 265 41 214 61 88 149 284 274 231 72 44
154 179 235 116 207 100 53 198 108 194 288 123 2 245 193 175 128 114 289 199 247 81 189
17 20 42 122 215 109 25 50 185 187 261 251 113 3 181 273 220 14 123 126 65 153 183 229 35
14 196 267 288 63 121 127 136 147 205 252 734 58 247 734 197 247 92 176 106 8 312 128 640 175 128 552 235 136 22 9 232 265 25 52 89 236 96 257 10 216 209 213 225 239 69 196 176 286 238 144
236 297 298 299 54 88 116 193 41 77 101 140 65 140 65 76 168 113 132 278 18 846 25 201 263 182 51 247 50 256 15 52 130 32 45 281 164 106 219 101 11 168 1 125 202 262 163 275
219 217 132 19 195 140 292 212 71 9 181 133 127 270 115 250 109 218 167 220 30
53 19 276 53 211 225 245 278 44 94 20 120 247 42 270 84 88 242 264 60 100
155 177 178 135 47 246 197 157 21 245 23 59 107 293 90 202 63 162 186 224 136 190 252
86 120 236 271 41 266 54 117 189 94 207 105 141 178 256 76 138 145 109 73 242 10 284
15 116 173 215 274 247 75 105 271 16 120 57 124 90 236 106 227 71 140 118 73 217 145 193 139
577 77 118 131 182 279 264 108 297 12 18 14 40 166 145 50 121 75 98 257 86 61 143 125 69 152
49 182 117 279 81 116 179 60 59 190 7 207 2 130 246 38 224 12 165 96 56 64
66 148 210 55 115 28 212 94 273 140 70 238 228 244 216 137 52 81 293 4 289 76
103 157 196 297 32 186 91 166 105 85 245 233 177 211 263 209 199 149 38 96 222 73 191 238
84 92 122 159 221 28 77 140 222 86 196 82 36 277 30 19 61 225 2 164 217
62 201 237 246 260 50 4 80 244 136 168 281 259 76 94 158 263 38 130 18 193 177 169 131
19 186 246 79 134 263 14 156 38 33 141 185 148 208 57 151 84 30 25 10 139 80 190
15 28 260 51 200 44 18 14 297 266 153 195 212 251 23 120 32 295 76 59 75 221
17 29 208 100 298 287 183 25 233 129 84 94 276 250 216 86 47 13 196 107 34 229 135 63 141 265 45 37 159 202 10 149 44 294 22 4 154 203 95 248 297 130 55
15 24 157 248 272 175 0 29 127 131 213 273 118 183 150 299 105 49 8 137 71 104 40 257 149
577 252 257 84 249 212 34 232 212 249 192 104 56 210 223 178 225 217 219 242 204 14 0
469 64 176 187 183 41 220 274 183 220 272 103 194 86 43 255 628 48 167 165 64 789 258 102
221 259 269 284 99 31 188 258 211 48 285 66 151 257 110 228 289 251 219 206 75 24 61 29
68 128 172 297 279 169 69 116 67 119 151 293 43 102 19 78 113 295 209 6 45 0 62
70 142 255 29 152 118 108 248 191 18 263 125 250 291 170 231 202 99 137 109 132
140 198 6 132 160 247 149 108 249 149 71 255 91 153 542 30 232 128 552 80 29 1 138 44 22 640 107 85 0 32 177 5 255 89 212 199 9 238 260 118 106 252 117 108 296 26
19 203 268 257 93 169 106 111 213 225 272 266 62 12 168 297 254 95 233 54 0 15 39 72 176 49 241 185 284 230 44 119 110 10 116 145 75 103 76 229 196 269 245
773 292 56 77 156 41 119 178 268 89 202 43 78 216 73 256 222 200 107 124 295 231
121 136 189 40 217 290 250 87 24 112 52 108 37 180 62 244 159 105 165 202 206 219 96
3 114 179 206 236 129 9 204 187 40 283 132 99 105 136 255 251 234 110 54 164 208 80 87 173
159 296 90 270 187 7 237 36 217 263 278 19 161 232 29 47 26 147 280 254 262 155
141 220 277 35 46 132 178 39 299 213 64 261 288 8 5 142 38 7 289 151 152 158 263
60 63 141 188 261 105 118 140 7 271 128 142 29 148 217 31 36 168 54 14 290 107 143 111 104
164 199 166 155 104 285 38 139 133 260 171 199 15 170 196 23 269 148 35 20 154 197
45 269 110 188 2 279 243 259 217 221 75 83 125 8 223 195 67 52 98 119 258 4
8 121 99 298 292 45 252 62 272 86 120 192 15 260 254 279 277 158 108 223 147 273
2 64 97 221 266 20 75 130 153 69 194 279 1 107 156 35 57 269 246 152 261 158 117 253 232
27 196 198 256 274 88 160 26 270 196 112 222 124 295 108 68 284 164 79 234 67 202 219 258 65
28 33 45 73 280 144 12 147 184 77 16 88 61 92 19 30 138 101 52 170 25 17 10 171 229
126 244 242 106 105 284 184 209 81 247 35 279 183 95 232 179 109 254 249 53 246 101
151 242 253 69 55 135 256 199 251 10 213 0 227 277 239 140 146 286 257 241 207 156 37
33 144 170 10 37 100 21 95 10 116 267 56 110 79 223 182 258 81 170 267 132 955 846 143 278 220 26 216 257 195 250 119 38 181 140 239 43 228 297 196 5 54 69
139 287 291 267 114 101 77 26 29 18 43 2 94 285 154 286 85 47 14 107 116 233 11
30 109 116 198 278 90 105 103 126 251 244 117 131 35 19 207 91 161 0 89 130 184 108 292
175 231 73 164 78 20 261 189 198 208 290 296 293 115 211 288 3 110 10 207 172 216
97 128 153 247 274 62 109 147 185 24 105 78 64 128 296 281 20 198 133 224 236 275 72 47
105 187 62 106 128 291 206 176 255 55 228 42 129 183 126 262 122 153 10 38 237 290
247 91 69 239 238 259 193 170 168 269 155 102 88 139 50 64 128 112 154 194 120
5 27 181 52 61 259 194 125 275 228 274 165 266 116 291 10 88 121 247 161 272 126 24
125 166 202 242 82 97 117 210 125 2 222 173 8 286 155 284 5 272 22 248 196
2 50 230 234 274 284 35 205 174 299 117 259 99 79 207 23 55 140 44 156 108 272 264 18 141 43
73 220 245 95 111 184 197 166 215 87 52 240 47 219 16 264 259 133 106 153 115 214
24 75 80 147 72 42 266 176 115 212 247 273 13 241 150 171 104 51 7 269 107 190 36 221
70 112 135 111 10 31 273 280 116 242 126 106 64 55 128 123 86 53 293 164 136 141 234
156 117 249 38 281 210 99 243 152 278 86 156 296 137 98 80 197 131 63 270 36
67 201 238 293 6 134 224 200 109 101 233 14 274 161 240 96 65 245 265 178 131 256 61 285
244 250 103 279 49 42 41 24 285 127 227 218 93 52 27 152 163 158 189 187 234 105
37 162 256 112 40 217 173 213 65 159 187 105 160 58 15 55 297 178 253 77 190 123 220
37 123 1 75 196 147 220 143 215 30 64 283 171 160 27 20 185 268 277 81 95 280
46 136 179 30 255 203 229 63 84 92 205 230 76 157 97 185 154 33 212 210 37 72
46 68 167 258 178 6 102 133 176 291 53 57 265 36 234 48 293 230 80 41 203 145 59
287 59 0 135 285 172 78 129 229 34 293 261 266 49 264 101 292 10 227 120 112
70 178 199 228 283 160 109 222 248 108 232 128 219 79 166 34 125 229 267 69 78 258 130 89 132
133 138 153 278 219 47 58 175 131 74 81 121 285 77 86 78 187 288 150 196 76
83 201 253 283 268 105 165 116 19 200 35 209 12 254 89 208 38 23 201 1 275 279 27
13 205 208 239 135 172 60 3 272 176 139 63 69 291 234 48 27 270 225 105 118 107 241 58 298 182 83 217 81 187 296 231 174 286 112 95 219 65 102 224 143 32 262
9 20 60 141 76 140 296 8 106 10 47 279 163 234 69 206 119 174 217 27 173 240 294 49
56 154 164 295 44 99 169 53 64 60 197 208 217 71 227 163 80 256 105 281 170 292 98 213
94 233 145 23 256 14 273 46 253 52 261 247 207 141 183 112 166 124 94 202 268 2
773 25 211 226 225 47 94 191 2 178 176 128 270 158 39 266 168 5 120 98 27 154 138 149
4 45 299 66 255 236 86 148 298 247 275 121 146 6 107 96 93 18 229 253 290 261 176
25 79 82 53 210 102 97 31 187 286 46 76 164 146 229 293 217 285 36 153 1 182 197
246 128 179 191 97 192 197 157 17 2 243 278 234 132 176 264 4 202 94 172 37
4 95 168 226 45 105 258 95 284 137 276 240 0 264 232 27 51 63 15 246 47 59 214 186
190 235 245 47 70 24 250 190 239 296 108 79 242 186 294 182 61 207 85 139 276 230
183 256 286 27 275 205 271 197 83 229 219 12 96 182 68 284 165 35 260 56 94
121 189 246 8 63 211 130 175 226 130 272 79 79 22 44 106 1 8 138 312 128 80 136 114 30 273 97 194 230 139 75 230 194 240 75 139 230 178 202 56 223 97 182 104 14 219
24 102 235 26 253 275 207 169 233 83 262 296 87 51 4 226 284 67 232 282 137 234 271
28 280 210 30 71 131 34 231 88 4 282 190 56 195 98 202 214 95 52 246 276 218
83 103 230 154 113 141 280 54 136 274 81 13 131 6 240 8 16 94 61 38 208 279
88 81 91 283 22 231 238 284 268 130 11 120 119 61 248 137 292 246 24 167 147
534 153 183 196 258 15 183 153 295 57 129 201 91 203 71 234 119 58 69 43 41 44 287 155 192
529 8 52 275 279 59 160 153 23 12 183 290 65 270 84 237 235 93 204 227 191 213 45 251 289
74 147 294 81 151 56 89 240 39 291 40 207 177 52 66 192 108 24 118 59 159 173 143
276 115 42 220 255 192 1 299 41 68 22 184 88 39 158 60 108 265 54 49 144
23 26 279 249 179 33 92 113 281 58 284 13 175 2 236 237 147 214 194 176 125 209
79 102 118 128 238 225 222 257 43 63 153 83 156 107 157 77 246 221 172 86 216 103 164 273 236
534 4 36 52 59 285 93 150 226 299 213 159 278 7 280 48 186 244 245 37 203 134 209 201 136 84
50 94 166 172 254 280 202 151 208 41 8 15 4 3 142 287 216 18 25 215 57 157 275 256
47 53 135 12 132 215 82 261 101 162 152 225 295 64 233 248 41 126 78 219 252 27
111 140 238 244 349 94 285 279 161 54 259 182 38 92 61 203 133 103 91 172 2 195 33 144 275
18 247 199 290 280 6 138 7 296 183 63 275 73 232 155 53 247 294 286 129 11 31
91 238 278 289 30 30 820 519 820 215 289 215 463 286 519 820 86 323 43 112 165 255 64 48
23 105 250 267 277 194 234 226 151 49 250 293 102 125 105 190 237 84 63 61 251 199 94 255 112
200 83 112 28 228 234 214 58 270 40 62 119 199 190 289 20 29 250 247 89 70
3 95 113 228 286 119 63 28 126 147 126 63 157 60 164 210 92 86 134 23 349 983 259 79 111
22 93 159 249 1 1 254 289 1 51 298 254 1 375 323 463 967 403 789 323 86 165 628 112 137 55 166 27 83 268 147 282 236 233 42 11 57 40 106 169 257 190 92 267 214 119 118 106 107 105 226 134 298 202 139 156 254 155 83 204 181 53 257 151
252 280 30 249 56 250 41 26 161 103 54 145 47 109 152 187 89 162 32 251 222 124
7 40 2 65 191 54 119 89 257 194 9 53 37 126 44 282 192 221 82 261 289 196
686 149 154 237 280 81 48 27 58 77 222 79 192 63 61 154 289 37 83 201 99 162 247 64
76 112 233 279 288 349 39 256 94 220 158 105 266 180 6 108 86 276 117 131 177 191 144 146 83 61
234 288 193 198 250 187 188 36 252 59 142 45 101 79 166 126 241 144 14 34 47 121
0 70 140 162 173 169 159 195 94 56 226 46 72 236 51 144 167 76 33 279 137 203 28 112 251
577 77 215 48 104 255 447 275 275 10 238 227 238 10 275 238 275 8 1 114 44 542 232 80 312 552 248 145 123 52 78 88 91 31 146 109 197 66 51 277 43 172 246 141 160 227 115
788 135 145 235 262 296 19 158 183 167 204 142 253 49 36 42 102 80 20 236 130 146 199 136 181
101 205 211 245 254 74 127 296 231 258 114 82 288 176 198 266 246 213 95 189 185 92
29 49 113 135 151 266 283 120 192 159 27 225 283 283 108 225 229 566 356 154 28 99 295 27 73 278 104 78 285 63 3 187 215 49 65 12 236 100 185 199 0 111 216 95 32 201
52 136 183 217 84 137 107 41 39 91 288 246 124 57 108 65 134 48 31 258 136 68 226
131 135 246 13 43 41 175 250 86 243 109 124 9 122 193 139 149 0 130 178 30 263 33
92 210 227 130 165 203 176 133 12 30 138 220 258 243 236 158 268 59 145 132 131 116 170
9 177 247 39 128 285 43 194 13 173 222 253 110 38 123 180 205 115 261 275 35 202 6
40 110 120 233 279 170 260 262 204 149 297 87 195 35 27 66 176 190 163 263 84 268 232 299 150
12 48 203 10 12 83 189 139 191 227 91 270 21 140 109 29 60 46 128 64 293
29 125 131 174 271 256 205 256 83 256 205 191 255 50 149 205 92 683 4 149 398 9 28 176 298
10 175 205 21 101 56 64 268 276 269 102 233 261 75 171 96 172 207 103 161 164 225 176
27 78 157 169 210 245 274 217 210 268 72 99 92 38 143 88 71 153 222 202 127 293 138 63 54
1 24 140 67 80 177 254 0 70 27 147 291 278 118 42 33 211 11 256 199 120 268 209
469 101 279 5 197 90 211 181 284 130 201 282 42 78 11 125 131 292 77 287 252 263
261 269 297 126 86 209 106 232 239 174 15 283 294 76 199 124 162 12 133 114 264 266 135
63 111 140 164 253 176 130 286 167 148 222 266 108 256 297 244 27 223 275 288 296 37 216 59 178
38 104 109 201 45 178 51 252 273 106 201 138 44 114 94 111 224 78 99 233 102 150 161 38
108 167 249 260 266 299 30 59 105 174 262 234 183 197 166 136 88 240 86 128 102 15 223 129
9 60 95 190 447 221 4 70 231 54 198 214 201 115 133 101 215 170 225 110 33 113 21 82 179 134 72 285 112 282 140 28 11 184 247 42 7 175 235 38 277 14 281 280 151
13 107 231 18 185 130 132 75 72 58 183 293 75 244 276 229 272 69 84 74 65 30 143 278 85 193 155 9 239 20 198 42 128 23 121 219 160 54 47 142 154 172 223 33 222
41 110 194 245 86 164 261 171 64 189 132 43 128 88 105 95 65 91 44 212 124 20 241 252 90 109 19 179 100 177 261 270 150 40 239 105 162 23 94 102 147 171 87
44 75 89 96 12 97 195 220 214 80 214 37 214 55 228 102 111 233 176 65 105 93 50 128 247 275 263 118 245 209 88 192 24 128 261 5 83 154 14 242 139 104 184 49 274 86 129 55
4 272 162 81 10 64 200 67 142 62 28 4 88 71 211 299 161 12 174 150 38 223
194 276 97 147 271 262 35 157 51 128 151 118 68 281 285 40 148 186 44 264 49
70 247 289 147 183 248 27 226 143 119 288 12 133 89 170 141 275 8 293 284 127 210 106
15 30 49 100 129 206 286 424 898 337 722 898 957 282 562 957 983 957 485 403 628 86 750 165 258 43 323 112
139 165 183 208 48 192 90 160 262 284 129 167 299 250 24 34 223 113 17 243 100 80 145 10
88 223 229 253 90 17 39 160 186 150 175 157 131 207 91 283 20 284 62 128 122
5 26 216 257 190 104 267 25 253 277 203 280 269 187 174 274 100 108 119 34 184 228 152 257
223 256 297 42 174 107 42 297 57 57 842 169 540 66 124 41 117 174 173 137 110 196
113 211 59 185 144 59 59 228 144 0 403 192 246 195 189 165 578 200 313 255 108 85
50 109 277 295 144 121 266 0 84 0 153 144 144 200 192 179 578 195 403 552 85 234 165 500
141 155 290 75 753 242 290 51 75 242 29 189 278 143 70 505 990 752 278 842 118 122 12 197 27 233 108 293 103 109 25 156 182 42 11 107 53 82 166 159 179
18 95 25 162 275 53 244 250 30 57 103 170 1 61 262 259 46 205 255 102 163 296
43 118 239 291 136 235 7 272 286 26 231 263 249 72 23 139 6 230 116 251 59 90
51 196 35 138 225 357 275 285 204 118 275 204 276 240 167 204 634 634 191 272 250 143 74 244 276 118 241 8 292 107 222 101 11 272 242 183 228 209 44 253 128 102 192 28 155 206
39 57 100 258 234 116 236 171 140 217 252 43 159 65 283 284 239 208 45 268 158 205 127 36
159 254 234 83 186 187 120 39 224 224 835 271 208 252 634 334 144 3 144 732 281 261 512 97 181 72 284 154 171 128 220 92 54 296 263 90 40 275 202 77 122 231 259
79 95 102 119 180 224 65 91 152 169 182 236 261 280 283 39 769 187 283 200 172 283 172 200 39 22 724 634 334 3 229 144 155 270 286 722 259 259 634 27 634 274 63 241 272 259 75 169 169 77 60 139 276 178
119 139 211 349 603 58 189 172 187 186 224 22 271 39 82 139 172 769 229 261 281 512 271 144 724 634 252 600 363 777 281 171 219 777 206 171 289 19 273 911 51 28 114 108 253 457 103
824 7 78 85 133 181 666 27 258 258 722 752 258 634 259 111 63 91 276 77 619 169 178 222 272 169
599 58 100 282 251 73 204 28 271 190 58 138 287 144 34 57 94 267 253 216 56 282 252 151
607 46 202 240 254 292 297 763 297 763 220 106 763 553 220 80 120 252 292 234 113 553 111 752 290 243
70 80 281 290 39 830 149 454 454 149 830 454 849 412 454 39 539 463 323 403 280 485 628 258
96 162 91 158 167 278 293 763 207 596 190 14 82 120 82 118 95 69 84 143 623 229 278 191 244 276 85 114 64 95 68 246 15 116 164 87 111 289 250 16 55 260 155 226 235 43 67
157 215 453 600 600 254 268 175 600 219 16 247 254 247 647 135 758 46 293 227 910 149 290
104 197 262 453 82 14 72 224 155 247 190 224 120 84 78 238 30 74 143 623 278 95 69 276
882 80 107 143 147 164 182 250 296 12 638 12 523 840 785 12 12 638 220 785 177 58 20 92 133 258 45 975 289
640 40 75 142 763 224 155 14 763 763 155 224 14 95 78 278 244 84 87 74 143 229 191 123
38 47 229 289 298 278 451 39 39 212 24 664 601 427 208 451 80 238 425 156 766 53 235 128 220 126 192 975 700 700 897 126 13 297 55 114 277 43 270 512 105 944 27 183 933
35 164 198 210 269 264 288 269 76 126 76 58 233 111 258 105 29 263 133 176 102 118 16 275 242 156 248 285 70 209 122 290 205 250 46 126 67 140 176 91 148 150 83 32
725 16 277 281 95 127 140 76 170 264 264 288 176 170 78 118 245 177 263 29 133 111 176 105 102 128 16 827 124 694 124 120 225 998 155 225 487 124 827 135 92 90 27 68 126 271 61
910 231 242 827 124 694 124 120 225 998 155 225 487 124 827 135 92 90 27 68 126 271 61
910 4 102 293 15 71 37 49 257 292 53 57 74 126 152 99 29 210 93 80 19 130 255 211
48 91 142 148 218 283 735 63 298 254 287 130 287 269 259 269 618 254 56 278 258 17 267 284 99 885 263 110 426 197 4 290 13 99 256 111 72 91 193 67 70 295 25 55 140 189 143 9 231
