24 153 102 130 473 4 453 215 334 584 901 155 364 570 673 123 617 925 381 794 627 5 626 579 936
157 219 231 158 437 238 516 781 359 724 722 287 163 25 838 833 545 986 598 710 230 380 372
30 75 233 236 241 287 290 371 714 757 139 443 443 440 443 583 987 150 274 274 443 612 335 548 145 145 46 585 178
38 53 76 101 256 827 34 646 610 229 93 248 337 646 337 519 557 954 141 508 765 248 586 244 141 135 257 223 221 60 181 81 256 123 72 272 134 273 95 261 279 204 150 107 222
34 77 287 113 251 226 240 201 120 171 36 224 152 188 287 227 162 83 136 96 281 160 29
66 100 159 192 211 284 18 152 202 18 246 233 90 12 75 52 325 12 207 325 6 19 204 298 176 12
45 76 103 106 144 199 65 261 161 206 299 296 257 11 242 173 71 149 45 251 15 292 54 179 37 195
22 130 153 228 229 258 120 15 38 278 63 159 82 211 234 172 266 90 160 36 30 18 149 150 192 2
137 143 171 288 201 294 295 27 237 1 245 131 58 284 9 98 119 150 63 181 289 136 206 158
55 118 152 286 47 213 42 273 283 84 86 136 218 251 263 26 221 111 177 52 236 266 168 33
16 74 76 139 155 66 37 138 103 261 200 243 5 72 51 270 87 220 265 236 131 193 50 248 191
55 119 158 110 294 168 253 225 32 88 236 204 49 98 41 112 142 9 22 267 147
88 264 282 290 335 69 134 25 112 149 50 40 240 224 200 8 171 52 292 82 65 223 161 299 79
81 118 189 272 283 56 37 291 270 199 103 20 31 54 21 210 171 180 265 41 189 298 34
478 112 179 270 219 79 298 259 52 38 15 227 51 229 268 70 58 254 236 188 105
160 202 227 243 256 276 289 68 94 198 255 89 164 52 130 160 91 96 193 235 217 254 264 176 157 140 112
16 101 112 187 189 248 156 194 45 227 149 294 268 89 272 101 282 185 78 102 128 2 228 4 38 208
37 92 141 143 188 222 228 50 20 76 101 108 200 99 46 199 2 27 223 147 59 286 4
189 78 51 3 109 64 155 145 208 171 142 26 91 45 249 253 13 60 293 124 282
120 126 200 223 221 120 61 126 11 224 258 15 158 138 49 35 31 42 255 44 257 265 157 211
155 258 72 294 269 142 46 205 73 48 64 53 289 138 135 266 263 40 76 264 88 36
43 155 153 45 273 111 26 148 78 115 225 36 2 27 214 105 229 281 271 242 65 87
63 140 44 147 163 246 285 216 98 280 159 26 12 262 60 252 148 195 150 152 157 240
58 134 174 238 47 246 158 21 114 289 71 196 219 75 12 285 237 222 67 156 97 124 62 205
42 89 289 265 192 72 228 9 80 161 46 298 52 10 8 104 172 14 203 5 233 25 214
