192 220 400 424 142 222 249 267 207 77 82 104 272 113 219 130 8 168 125 24 105 214 144 121 216 241
63 135 136 663 663 293 852 25 285 435 832 183 554 123 12 293 852 42 591 832 660 832
29 41 31 111 44 163 80 23 148 115 271 268 183 245 18 171 291 225 287 20 146 143
70 266 126 161 10 291 75 168 162 233 175 235 144 299 207 134 61 223 141 251 184 8
64 71 85 102 234 272 27 210 158 72 223 34 186 26 19 265 263 99 193 188 172 60 253 58 225 138
124 183 257 265 187 149 101 118 285 278 49 88 156 287 15 286 259 24 150 228 244 115 180
16 59 93 152 153 166 62 171 94 13 259 71 123 220 60 107 52 101 15 213 51 223 33 114
47 196 197 367 887 116 258 249 61 11 93 54 85 146 292 66 129 293 259 144 107 113 247 75 210
49 152 54 33 176 289 90 32 95 75 10 143 277 152 299 144 205 80 36 246 206 5
33 234 191 283 244 58 175 16 240 137 120 66 221 158 142 65 3 204 22 228 136 238
20 36 206 245 289 119 215 200 2 6 110 108 178 249 253 196 263 98 297 120 217 160 104 157
76 88 211 670 43 292 0 25 116 97 241 280 238 138 261 31 10 14 276 214 85 168 94 140
279 10 299 33 126 115 245 174 273 262 68 9 288 227 164 109 149 21 207 292 200
104 122 209 157 175 159 242 180 132 177 46 119 149 122 246 244 172 75 208 27 164 182 72 184 203 221 182 139 198 248 256 212 119 287 117 176 43 166 231 156 88 122 296 155 80 57 178 36 66 188 254 161 112 268 1 150 295 289 249 116 114 252 199 112 184 279 259 135 71 222 123 64 56 62 11 24 154 233 246 210 174 295 158
26 44 61 195 263 284 291 26 224 157 13 128 215 94 220 86 127 226 106 3 92 33 16 62 183 126 84 67 210 197 36 116 155 24 6 90 12 171 10 120 112 38 152 170 60 129 21
52 63 244 254 262 34 21 166 267 205 131 137 270 255 40 2 95 12 47 20 164 289 197 257 229
25 173 187 295 88 159 176 191 279 24 141 113 212 228 252 203 286 265 58 257 136 37 42 254
204 59 200 160 193 211 51 140 145 202 144 172 10 141 215 156 208 15 153 24 112
48 61 175 22 446 200 158 156 970 231 216 156 69 264 178 206 21 183 100 141 806 159 297
86 95 140 153 171 178 228 163 295 106 74 83 113 35 119 91 235 105 267 111 95 116 258 126 75 43 94
60 65 236 257 52 193 243 10 181 200 54 186 276 176 237 228 102 40 283 28 284 25 87 223
52 109 174 211 264 153 62 265 275 200 71 151 254 29 143 75 110 260 140 98 223 167 189 0 163
