72 89 168 251 294 100 180 109 58 174 111 220 42 252 14 180 289 284 97 45 108 207 135 295 163 164 54
113 211 235 462 462 107 55 462 173 9 216 325 279 506 76 338 903 325 734 173 338 972 107
190 296 174 127 55 156 119 84 5 28 271 136 208 138 219 245 38 16 13 267 222 6
7 49 220 248 164 53 296 68 190 162 127 47 147 244 8 73 12 216 16 266 67 269 286
154 262 286 96 145 125 221 159 129 94 162 228 120 242 190 115 225 107 106 186 220 122 246
190 159 104 289 225 25 55 44 212 71 142 294 3 252 241 193 153 70 269 213 57
48 265 288 202 233 244 135 251 139 214 184 131 187 170 84 40 240 237 83 264 93 294 62
9 47 123 268 149 218 298 109 101 109 298 645 154 340 793 459 275 184 112 23 149 474 106 39
8 37 102 166 173 213 254 128 82 9 277 88 27 297 66 110 232 97 150 239 236 206 249 242 195 266
20 141 158 203 252 220 229 104 192 19 185 66 37 74 222 225 45 80 13 27 209 153 293 26 8
76 113 120 219 249 132 163 260 12 212 67 286 66 137 288 24 95 283 263 127 251 157 117 18 210
40 53 46 111 171 224 44 83 239 182 192 270 250 216 41 254 119 141 162 248 101 76
43 155 213 1 232 152 279 146 107 145 129 204 266 252 130 32 9 36 116 179 138
31 36 81 281 137 236 7 80 212 159 198 16 284 109 164 262 242 247 0 294 280 34 189
1 64 106 148 192 23 43 35 148 187 1 32 276 181 56 299 98 6 102 174 271 66 207 84 0
133 142 161 239 180 252 157 275 136 292 82 108 247 79 122 164 236 142 10 33 70 153 81 77
121 248 288 116 29 91 53 201 141 62 212 166 287 196 199 237 266 154 119 42 177 74 226
43 55 67 82 94 133 282 81 167 120 58 188 156 265 130 67 90 257 208 121 153 260 231 54 149 210 15
45 203 295 135 202 219 147 63 249 43 44 7 238 82 9 220 172 120 95 279 108 166 297
2 113 68 91 238 264 82 62 63 223 158 210 84 213 7 224 115 248 188 100 29 79
127 230 270 212 0 49 250 183 49 0 112 202 166 115 572 639 153 40 18 65 672 916 63
40 53 170 232 115 0 132 117 287 158 170 180 73 224 118 77 82 20 263 139 4 14 159 23
66 78 216 76 282 56 40 29 55 240 80 171 198 125 250 205 93 144 139 96 30 5 219
97 145 158 198 199 153 48 121 102 206 181 198 106 257 129 264 282 142 192 70 207 54 61 187 190
261 271 123 51 239 41 98 40 62 181 76 293 165 274 256 298 232 9 229 35 121 75
109 187 216 248 761 295 164 215 8 273 38 103 161 279 132 52 26 151 27 227 249 25 157 81 85
