16 45 206 264 282 470 63 143 197 932 49 166 711 966 872 825 632 910 144 763 860 591 638 504 226 126 612 922 510 444 397 849 481 18 307 310 874 372 417 549 624 935 490 40 701 418 777 103 212 239 518 797 150
199 200 813 508 152 220 246 320 86 246 467 473 284 162 889 284 202 95 129 220 505 284 84
26 74 248 291 182 44 11 830 115 44 11 830 138 976 703 134 284 234 106 44 201 182 865 32
119 203 715 242 209 14 59 176 89 124 216 211 281 114 259 295 159 225 121 58 285 128 4
25 63 207 735 501 276 590 60 93 99 180 61 161 501 211 187 251 187 367 409 54 789 28
116 213 114 136 285 281 189 65 71 231 201 116 118 181 237 140 191 200 81 69 144 147 207 274 166 4 81 237 104 10 202 13 83 252 110 236 22 296 158 108 267 48
205 290 7 179 62 275 54 150 5 200 117 211 291 280 246 26 216 60 270 283 98
897 976 3 7 73 112 117 164 101 173 258 295 177 153 144 32 199 58 49 100 62 250 138 123 290 218 89 262
10 48 97 189 255 158 138 292 233 70 67 226 195 236 78 58 95 167 227 86 124 164 149
178 64 5 48 18 118 122 87 216 2 272 19 17 130 39 138 97 62 166 77 108
60 218 172 205 93 259 89 214 276 63 219 143 111 248 249 87 187 155 79 132 239 286
1 23 90 211 212 286 267 199 42 263 116 208 71 43 5 19 132 77 248 211 246 299 128 226 22 40
38 155 193 247 83 189 63 55 175 120 183 233 161 262 292 155 89 53 51 241 9 110
21 35 94 138 245 89 165 280 183 169 151 51 145 170 203 12 139 146 195 240 118 228 265 294
10 12 20 77 95 114 127 291 5 185 25 213 82 30 42 227 199 22 59 77 240 63 60 193 23 154 243 267
44 80 180 213 285 280 99 254 77 67 222 100 18 239 236 159 138 147 79 1 42 228 117 175 220
23 55 173 265 218 147 217 248 299 49 108 130 136 157 230 0 179 268 215 270 204 252 27
83 278 123 123 48 56 13 255 48 209 283 48 298 203 98 847 279 218 928 56 296 928
85 98 185 2 281 220 5 289 74 139 179 13 286 200 91 16 240 222 10 151 192
6 96 25 160 246 192 150 294 231 283 107 115 136 106 297 182 239 176 21 299 202 34
976 77 109 146 235 248 255 268 297 58 285 212 88 242 104 42 186 124 151 152 249 175 258 176 150 251 198 188 86
30 135 285 263 259 207 197 221 6 19 202 218 208 237 23 219 82 51 18 251 242 61
104 109 140 274 253 130 190 123 164 152 138 74 127 180 247 169 137 75 113 19 232 218
13 69 88 104 162 247 291 934 290 190 828 283 17 190 291 276 376 220 71 255 237 129 207 450 258 289
5 144 441 33 189 223 279 173 26 92 166 72 96 245 171 278 99 90 189 70 52 28 290 38 132 101
221 283 286 604 96 667 28 119 215 28 720 899 731 572 140 140 140 119 834 667 804 119 139 594
7 123 166 222 109 205 299 116 254 162 59 211 61 42 266 263 80 122 158 52 55 210 294 188
498 106 244 131 67 67 67 947 131 279 131 97 720 789 304 360 25 304 155 212 119
14 53 102 198 271 265 120 115 213 169 198 297 214 96 291 82 220 124 287 46 28 268 194 114 104
29 90 148 799 119 263 217 863 14 38 264 610 263 101 18 677 41 11 722 574 294 691 27
73 48 235 168 28 63 48 63 17 185 35 942 27 211 122 229 286 867 171 942 117
80 215 294 125 86 118 251 81 226 67 166 280 36 267 162 123 106 127 266 54 264 202
961 70 221 262 277 276 195 135 37 67 8 249 284 247 119 10 231 114 120 250 122 107 230 258 252
163 275 44 799 44 410 122 109 799 254 122 330 86 107 703 29 107 892 64 218 33
154 174 18 19 97 242 108 199 174 297 121 200 0 270 217 82 92 916 179 94 857 189 100 235 145 241 207 217 59 51 242 13 241 158 20 270 139 84 25 37 116 56 74 275 89 246
19 77 129 185 199 291 8 113 154 118 118 118 151 195 98 107 107 892 703 218 225 247 959 33 154
209 273 277 82 191 119 266 274 159 130 8 261 259 49 267 36 60 254 123 226 215 140
102 110 161 205 267 215 229 274 275 35 20 36 103 192 161 96 113 143 163 176 233 237 178
95 100 103 157 186 268 277 128 156 122 201 35 248 181 287 185 256 115 27 282 182 163 183 78 252 42 241
140 167 214 294 70 205 230 131 78 84 295 121 48 68 166 258 207 170 123 232 97 244
49 77 91 129 211 227 58 2 41 126 258 36 204 35 54 176 51 22 1 274 14 296 272
961 24 28 59 91 178 247 248 77 29 23 251 26 237 155 66 287 194 30 52 43 104 91 217 72 278
11 64 75 244 122 155 13 117 39 1 290 143 211 94 162 67 231 236 10 81 186 144 114 47
10 57 155 273 234 254 250 35 173 13 18 100 54 110 141 64 102 137 147 59 9 202 236
68 179 267 47 12 285 217 55 165 276 240 282 98 127 36 245 247 246 121 200 206 172 70
1 91 130 195 260 53 91 117 146 215 273 18 264 184 184 279 150 203 142 279 150 279 18 135 942 173 180 808 214 76 772 43 245 158 129 161 184 186 45 116 187 287 194 35 255 283 247 167 78 126 32
76 278 130 281 293 287 69 229 166 85 102 213 261 75 167 40 184 112 17 255 54 3
153 176 287 287 207 75 110 86 249 229 263 320 166 169 916 44 857 465 39 189 68 1 150 229 201 265 191 217 188 151 279 80 99 134 28 236 44 225 291 19 78 190
158 284 112 33 236 190 256 82 190 82 59 1 61 235 105 189 130 94 916 68 465 44 105 56 220 97 51 269 79 248 217 157 171 203 35 32 250 165 199 131 193 282
173 3 111 209 281 186 10 96 239 153 192 54 298 78 287 91 36 71 6 236 195
139 178 181 236 94 294 291 226 173 47 297 282 171 6 124 214 275 205 68 224 8 51 160
224 298 249 265 238 270 298 143 232 10 65 39 92 154 141 64 240 196 12 90 251 163
98 144 172 77 231 203 106 32 290 71 288 66 208 60 105 173 174 159 163 58 295 182 233 292 247 49 286 241 39 61 251 90 256 92 11 105 297 53 100 158 175 215 231
148 199 209 250 171 255 296 106 174 272 216 279 172 18 101 179 178 205 294 2 59 193 33 282
16 271 205 19 86 85 247 159 102 14 62 183 23 71 279 227 290 130 244 297 240 106
12 89 29 31 239 48 66 289 183 209 250 237 261 86 63 89 204 288 167 150 221 9
89 123 263 289 28 93 276 194 4 275 287 63 37 253 124 171 179 164 245 87 45 249 148 89
39 130 170 271 200 82 260 187 206 214 3 54 74 239 136 284 227 79 299 283 102 1 59 249
221 227 269 108 162 5 2 13 109 295 272 73 112 7 181 59 276 278 258 294 98 154
82 107 161 96 56 52 232 7 155 250 94 160 107 141 106 62 220 95 45 149 203 264
32 74 254 269 221 74 6 109 113 187 216 56 281 283 288 249 260 108 287 261 170 42 182 87
125 205 231 297 85 59 225 172 190 5 123 253 105 153 128 76 64 124 26 209 165 260 210
36 212 162 219 141 181 130 283 148 24 214 55 171 96 17 192 10 222 220 19 42
190 214 28 59 236 182 239 182 44 170 235 132 255 166 31 119 619 173 671 192 214 894 49 180 302 7 40 117 203 141 168 216 63 254 121 87 232 19 102 289 227 204 153 27 253
237 240 83 22 208 10 193 17 283 74 186 45 75 160 155 179 206 12 237 180 218
84 265 209 92 201 214 243 220 273 73 64 100 62 181 266 207 48 143 72 235 275
46 119 169 756 78 293 98 71 32 218 236 16 123 135 229 20 270 100 132 211 186 201 152 53
251 259 92 171 51 202 132 285 91 120 96 130 242 79 139 165 201 56 131 235 35
28 120 137 149 205 42 200 65 0 117 10 8 114 38 155 220 62 262 223 148 189 85 256 297 127
275 293 24 90 228 82 102 176 251 215 86 20 238 159 156 97 124 288 205 256 19 152
14 36 128 240 15 287 181 91 154 4 42 110 182 138 129 87 164 286 39 85 236 192 285 101
62 170 292 12 57 19 57 259 281 19 292 249 151 220 295 986 74 98 186 84 286
89 99 143 237 75 42 51 284 178 11 179 23 265 289 184 77 276 216 90 197 248 138 291 107
34 170 186 220 198 256 162 37 64 44 159 262 12 295 58 189 196 28 157 280 129 131 282 195
48 116 171 5 87 228 250 244 285 266 248 77 140 164 182 183 198 75 279 185 247 149 24
35 189 240 180 147 49 227 155 76 133 138 284 170 245 195 79 250 148 71 59 118 121
46 64 136 141 269 280 160 69 30 191 55 146 278 47 117 198 225 231 227 46 119 262 54 185 22 115 38 130 170 58 169 153 125 247 259 12 265 178 15 131 54 137 288 121 25 230
45 160 29 283 3 49 2 290 144 120 218 35 202 98 21 114 223 16 112 125 129 216
56 87 113 128 159 255 272 14 94 210 294 151 179 1 59 125 226 293 262 36 137 134 233 181 96 218 121
39 169 205 284 256 268 243 88 155 163 79 284 0 34 221 147 156 130 171 117 167 208 52 20
68 241 215 76 140 152 182 242 127 289 179 135 198 11 185 291 35 213 257 175 245 232
86 140 241 270 275 278 51 231 180 285 124 117 192 60 247 98 13 138 140 57 108 178 196 69 272
25 42 131 182 3 156 144 146 162 72 131 65 258 102 223 15 103 229 85 29 296 95 101
43 165 218 285 140 195 85 276 600 22 85 70 93 214 619 180 302 772 182 173 31 166 119 151 152 894 275 264 248 213 178 151 31 179 74 148 235 211 293 93 180 129 205 11 160 99
21 29 238 289 119 242 182 191 117 160 99 219 49 208 38 198 200 178 225 108 116 234 216 291
58 64 93 114 37 141 115 262 290 162 217 0 15 247 149 286 110 80 224 135 7 168 287 106
11 112 219 235 56 50 97 2 118 8 60 70 216 220 190 255 176 47 15 141 45 74 147 89
38 154 168 206 218 206 50 171 289 112 192 98 63 276 77 278 209 21 234 19 236 153 123 145
66 161 280 67 146 114 298 15 19 256 14 41 183 268 53 223 7 270 238 205 30 9
56 72 127 279 48 204 39 175 114 71 240 293 177 195 145 95 261 253 184 139 4 239 1 155
19 62 23 220 1 99 289 103 267 282 187 32 48 199 67 88 155 278 145 212 295
84 221 232 248 102 192 54 87 232 58 191 258 117 291 72 28 180 278 238 142 8 206 154
18 91 141 144 237 54 187 80 60 6 121 290 81 199 129 256 178 226 286 95 216 209 223 246 2
42 253 130 251 9 127 152 23 143 184 200 19 207 14 180 16 122 47 135 52 232 67
36 75 152 183 186 110 294 84 170 289 202 201 35 229 298 253 40 89 196 140 136 112 138 119 67
19 20 70 132 226 189 13 144 173 174 4 130 146 254 295 298 245 73 68 292 272 267 273 277 234
54 101 121 163 76 290 1 8 177 198 246 70 69 202 279 34 266 18 282 283 216 35 89 285
96 124 162 165 756 105 10 160 232 178 133 136 285 41 150 167 201 1 40 88 262 292 87 286 174
30 99 241 262 259 37 145 256 146 105 270 215 70 64 106 111 183 7 100 216 210 62
86 126 156 269 465 161 11 61 175 294 180 199 202 141 47 184 256 150 278 207 253 49 90 287 220
86 56 93 71 88 85 36 99 169 139 205 66 122 296 140 201 291 49 65 6 157
141 154 110 153 230 254 4 188 4 253 87 242 242 290 152 242 184 603 94 130 235 145 263 104 320 99 273 136 285 222 170 38 63 47 105 100 102 10 218 197 34 11 8 193 81
48 118 169 269 210 95 181 255 124 278 254 88 234 117 252 198 242 264 45 9 73 27 31
143 191 278 122 276 223 142 262 59 37 80 14 167 180 219 255 118 217 285 232 147 146 125
65 106 130 129 198 224 143 202 165 131 7 207 108 111 119 76 1 297 199 200 268 225 208
43 133 180 277 298 182 8 195 233 68 120 279 154 184 34 290 239 76 277 89 237 39 153 5 143
91 128 217 261 158 93 105 20 43 58 153 299 298 259 293 73 137 203 258 78 192 246 6 61 291 68 80 262 8 255 288 53 141 258 84 34 208 11 154 270 271 186 142 226
9 45 103 185 192 213 219 288 225 23 29 55 97 240 168 202 8 96 88 51 150 186 82 196 220 207 31 157
211 235 83 69 24 233 59 281 220 42 275 79 168 145 14 85 31 250 110 228 28 165
218 244 190 184 269 175 286 96 247 82 101 164 74 14 4 105 290 138 125 271 7 240
122 150 154 189 222 248 129 111 60 238 141 174 160 177 223 135 165 72 15 125 176 181 30 276 208 19
83 206 231 217 117 275 6 266 215 114 165 229 261 176 50 65 271 32 208 49 298 251 59
27 158 167 171 254 282 140 79 2 197 151 252 255 275 291 178 121 143 173 49 201 19 101 61 87 247
72 89 96 108 164 168 190 79 150 216 59 46 239 297 248 89 143 192 276 56 145 91 76 159 43 129 16
7 88 275 148 22 24 204 85 131 8 75 158 0 282 98 3 289 183 26 56 48 122
98 18 168 45 256 158 45 282 282 120 236 158 31 671 772 119 152 302 49 166 894 619 151 204 103 200 164 286 238 144 42 0 122 261 222 263 250 11 193 97 30 233 56
6 41 64 262 103 85 177 25 113 197 24 42 132 190 241 86 220 201 34 157 53 288 175 209
267 177 209 185 258 102 203 182 196 118 6 238 29 113 183 243 168 28 174 294 129
59 213 9 284 111 13 205 12 235 280 163 34 137 152 241 287 222 134 23 22 253 121
72 188 202 53 187 244 123 3 221 252 59 254 76 170 57 11 41 271 94 175 133 86 284
124 200 261 275 287 187 49 22 35 36 14 145 285 224 147 141 77 170 221 59 230 273 127 272 298
73 86 134 238 171 284 140 112 19 252 172 213 287 180 286 21 85 35 237 145 52 192 146 59
73 122 290 44 235 88 108 179 129 119 90 192 200 95 272 114 140 16 204 137 222 63 78
58 291 130 246 136 15 219 295 171 144 64 111 253 139 122 42 292 34 241 174 293 262
37 211 285 286 40 276 95 130 189 135 298 272 16 59 185 194 145 60 244 208 268 282 103
28 82 111 146 299 268 12 208 48 28 270 203 249 39 74 23 191 247 142 118 114 121 91 202 169
218 264 244 270 136 98 264 183 92 48 263 157 178 107 16 146 272 223 103 8 99 19
11 64 30 135 247 268 296 202 190 160 103 29 175 44 145 13 27 286 275 168 299 64
53 114 129 15 147 61 31 181 7 107 106 55 282 108 68 184 255 36 103 54 237 45
38 62 116 179 274 149 236 210 295 17 62 245 129 97 50 246 87 185 156 172 195 103 122 160
4 15 87 90 149 242 287 293 195 184 233 163 160 279 141 275 218 123 164 120 61 276 15 90 83 258 33 59
96 103 114 134 201 35 169 163 136 68 198 275 161 8 10 31 113 188 140 150 270 77 37 32
74 243 288 299 163 68 75 9 297 180 252 171 104 152 276 166 230 55 147 271 26 248 39 244
8 66 77 87 241 13 126 181 122 299 129 169 67 271 177 98 108 252 235 148 5 25 267 154 191
163 215 112 129 227 33 172 253 183 73 158 48 7 204 195 171 70 61 88 66 56
101 150 24 220 0 575 73 23 128 77 575 808 151 255 166 119 192 49 619 152 180 894 173 671 70 4 222 191 184 73 1 168 30 245 149 218 272 67 180 34 205 210 192 8
173 208 756 17 64 172 66 273 141 125 61 68 215 140 92 63 179 292 176 78 258 112 202
96 198 39 160 16 0 125 218 45 95 174 286 24 113 28 41 122 10 56 214 179
64 78 197 38 16 19 198 52 281 140 144 22 28 214 95 138 24 69 88 233 272 126 155
9 274 183 43 81 186 180 2 265 12 244 23 153 209 151 150 228 59 77 124 66 192
114 257 173 79 223 44 20 274 126 65 261 158 90 54 278 250 114 107 62 241 243 41 277 200 6 101 81 247 281 42 228 30 225 48 11 193 127 236 50 54 3
105 107 184 178 97 102 1 200 238 174 235 108 201 224 79 289 278 9 73 26 272 131
70 169 202 257 74 254 55 107 150 295 103 211 204 290 26 248 239 109 280 201 177 242 112 105
121 133 263 267 54 138 160 216 65 230 149 23 284 271 257 96 132 35 241 99 163 178 69 285
97 187 212 279 219 27 178 188 148 109 78 193 3 96 11 47 114 95 143 61 184 289 228 79
95 104 180 184 204 277 252 233 273 190 281 240 110 25 87 153 68 174 222 167 19 160 191 63 217 171
42 237 287 128 277 88 37 64 185 38 77 235 8 54 79 46 120 233 237 96 39 295
143 227 274 290 293 41 274 21 254 8 137 230 283 157 229 243 263 42 195 89 170 216 142 212 250
76 116 155 189 89 149 155 192 98 167 70 150 1 280 17 48 74 58 19 225 254 36 61 107
22 278 136 177 57 233 113 89 36 296 122 290 130 137 277 133 242 53 183 162 219 148
22 166 209 756 230 50 147 52 184 70 258 206 237 144 5 155 127 136 19 234 151 172 296 216
35 81 217 202 169 289 249 195 247 5 265 117 78 185 60 199 275 152 137 222 255 204 49
89 298 124 195 55 292 118 197 109 5 253 139 13 144 189 123 131 234 204 203 185
49 132 150 96 297 133 93 46 261 152 253 77 211 2 131 83 295 259 70 277 267 112
69 118 182 187 27 212 225 51 122 257 88 20 272 86 101 297 246 2 268 137 208 182 244 77
37 108 136 281 268 150 2 118 209 135 255 270 288 177 8 119 293 0 134 204 116 126 37 62
25 171 219 255 96 119 126 89 121 42 268 283 274 208 165 142 170 16 162 294 138 27 207 158 130 173 223 168 5 132 89 188 129 259 10 274 171 35 133 245 102 144 128 172
216 195 232 288 7 239 224 131 104 269 67 216 295 150 144 229 187 73 178 31 123
67 76 151 299 168 3 73 128 35 102 165 149 114 248 108 110 132 296 77 38 282 281 287
139 195 284 181 3 8 66 244 232 179 26 65 43 33 193 163 121 130 296 147 100 72 187
192 253 64 82 47 68 278 136 53 272 230 140 203 207 81 289 164 183 39 179 299
109 171 180 185 289 772 277 288 70 98 86 230 77 76 203 112 241 237 298 249 142 218 3 151 17 16
103 117 122 255 8 226 122 76 12 177 189 219 270 218 191 110 289 264 296 260 159 130 157
223 143 138 106 48 209 30 238 229 126 194 147 85 87 140 82 274 97 215 110 27 51 110 183 130 225 254 62 67 220 104 264 162 0 39 140 97 279 214 283 125
18 177 209 465 141 277 132 134 182 117 269 222 193 253 236 56 5 89 226 64 146 85 172 69
82 99 285 233 69 279 52 176 164 298 218 252 84 77 137 281 51 131 123 22 254 55
8 46 70 141 230 636 287 287 28 636 759 594 759 120 227 242 216 143 30 576 119 7 168 756 427
49 298 169 278 188 36 160 222 201 18 66 0 149 235 299 267 143 276 134 215 221
202 465 286 255 190 213 296 28 40 233 8 279 42 186 218 36 164 77 217 70 171 12
0 11 91 138 188 282 8 11 210 201 252 23 294 227 21 266 76 249 151 108 199 64 276 135 228
31 72 73 100 262 255 103 276 66 161 182 125 114 138 20 8 156 186 17 189 207 236 275 266 221
262 279 159 4 46 76 89 202 195 164 237 211 99 261 225 169 124 50 118 103 107
144 86 34 200 217 135 151 358 121 242 73 189 7 208 576 192 227 211 427 427 30
128 247 173 187 73 71 62 248 132 237 87 117 133 116 164 135 61 113 190 213 99 197
180 188 259 264 157 280 105 120 41 186 237 151 254 185 259 149 233 238 155 22 21 269 33 200
8 232 297 69 205 110 148 32 189 276 233 49 103 243 204 121 54 266 84 68 102 248 135
210 236 465 31 107 236 23 76 88 250 209 290 11 286 118 194 161 120 86 245 195 159 61
26 205 127 76 293 77 258 270 186 87 81 96 249 114 66 110 137 104 171 230 151 98
40 50 77 20 112 13 270 186 204 265 164 19 190 215 285 168 124 289 22 46 92 21 294
136 252 204 117 120 232 96 201 108 289 74 251 154 254 194 145 228 34 104 255 144 252
2 170 186 271 277 225 190 46 180 266 292 221 172 178 168 79 102 274 241 66 260 136 216 62 170
172 259 262 291 106 275 285 22 220 76 158 77 221 140 219 50 277 218 175 204 134 229 20 63
230 29 156 285 221 34 210 27 11 97 165 76 290 213 197 237 38 60 284 277 266
31 226 295 37 69 182 239 183 78 192 135 216 18 288 149 26 54 272 130 39 117 144
14 45 60 213 12 160 221 290 287 191 42 277 282 142 257 17 189 185 240 253 286 65 148 210
19 35 78 131 24 158 6 171 197 116 54 134 250 264 13 222 274 121 83 82 273 291
119 254 276 290 230 139 267 114 138 293 153 289 177 190 109 118 44 214 33 223 113 74 140
51 125 128 188 257 5 166 134 196 236 261 246 161 163 95 224 44 22 144 154 74 105 16 129 116
38 169 202 245 48 55 210 186 80 138 266 7 139 130 259 101 202 277 49 257 206 81 114
73 158 465 142 7 100 138 104 272 111 219 21 64 195 90 242 120 75 224 154 8 91 221
159 200 70 263 107 172 237 134 87 294 238 270 6 55 215 170 72 77 142 38 291 80
204 288 294 297 292 182 199 128 111 171 86 84 115 190 127 286 184 77 93 60 11 214 205
24 167 261 205 87 124 284 119 60 254 217 163 127 114 266 15 249 268 272 22 37 232 80
0 51 91 98 158 180 227 4 228 264 14 134 112 188 21 35 146 234 67 298 27 26 104 225 15 6
18 98 101 120 286 140 7 109 242 155 16 38 171 185 214 223 133 84 128 47 22 46 270 25 232
16 94 142 183 89 52 51 206 26 128 277 34 11 124 227 217 222 4 258 10 123 199 57 256
151 209 217 125 194 197 126 34 276 157 289 9 274 165 252 174 164 221 153 132 229 266
30 110 124 153 279 49 169 76 266 31 222 39 146 106 80 95 163 149 133 61 295 162 171 114
138 235 91 124 26 146 127 215 150 83 276 166 110 100 40 199 255 157 175 113 63 56
108 268 86 98 180 135 85 124 30 50 268 147 45 162 56 272 148 193 278 267 128 5
39 64 120 135 18 119 104 282 207 276 31 299 169 118 15 224 210 62 60 226 64 93
244 142 44 230 3 214 237 138 150 134 239 34 248 233 265 39 33 31 7 16 246
53 133 129 32 78 1 196 77 47 33 271 36 298 255 222 81 132 2 133 262 286 96
32 202 204 271 299 48 173 72 181 258 233 255 190 84 160 14 199 265 147 53 234 2 191 209 107
50 103 116 254 259 24 190 225 102 102 976 238 320 41 594 73 166 603 44 268 1 105 104 263 145 465 39 128 76 90 231 262 265 250 179 23 12 121 200 276 257 154 282 98 155 57 95 249
81 240 242 148 256 22 78 213 62 258 106 19 267 125 194 215 187 227 40 98 273 250 142
38 68 148 254 122 281 822 128 117 441 355 938 703 747 555 130 600 50 904 760 395 860 157 263 638
45 122 176 178 199 80 278 293 14 70 51 128 153 121 204 78 223 296 10 7 224 46 60 279
152 119 121 983 983 668 202 146 146 226 626 240 69 30 668 401 983 50 846 69 735 84 559 165 61 149 239 11 229 92 136 85 112 169 76 233 158 1 152 207 255 189 70
75 110 254 692 692 90 248 90 257 692 74 248 744 487 928 413 671 82 669 154 413 90 412
46 122 180 186 10 252 188 118 279 247 205 160 222 292 243 212 215 195 225 233 214 231 103 151 266 62 109 168 52 192 236 286 101 262 193 246 76 141 184 40 12
21 25 84 86 123 136 141 168 213 67 178 282 196 5 15 191 35 230 244 236 65 214 185 30 235 291 249 141 263
11 142 147 8 229 260 13 175 254 128 296 123 289 193 79 216 204 77 12 71 43 17 209
0 51 78 181 241 258 232 114 23 179 51 122 220 128 276 22 297 186 173 115 272 204 222 197 278
198 203 244 5 248 125 202 81 167 290 170 229 111 109 246 157 50 119 201 58 114 210 22
187 264 90 230 110 132 164 246 206 216 267 106 116 150 48 168 183 83 84 200 131
143 167 237 259 260 265 292 35 142 110 116 290 257 257 501 290 245 87 264 269 226 708 205 221 256 501 554
14 235 237 10 206 256 252 78 239 25 202 140 210 26 189 54 126 184 87 38 234 268
14 23 32 66 87 91 224 135 51 256 158 242 275 11 250 86 206 80 159 117 18 214 144 231 118 71 294
157 220 227 279 102 285 9 247 199 273 19 294 0 114 217 232 107 190 60 154 295 180 91 128
984 131 166 115 197 100 44 143 280 124 51 19 98 174 88 16 14 67 61 181 87 241 80
50 85 118 202 140 121 73 141 216 28 224 241 29 165 48 116 254 230 219 23 294 181 210 49
30 97 237 70 274 7 295 284 78 173 44 256 138 88 226 203 290 166 74 157 283 164 23
139 220 252 291 33 257 158 98 74 291 92 141 265 137 166 104 26 32 271 298 278 131 51 184
2 7 69 146 159 273 296 198 93 273 148 20 119 14 285 239 33 139 47 66 129 130 43 215 7 48
22 70 283 110 206 111 70 106 23 90 166 10 139 109 147 185 57 281 64 215 203 24 16
45 189 210 71 44 86 3 27 174 293 298 283 101 104 36 68 46 120 235 105 93 127
251 275 281 218 1 206 113 109 115 180 256 57 280 158 60 201 145 243 3 194 64 155 283
28 39 166 135 155 262 161 289 70 279 213 78 132 274 18 255 184 177 4 265 285 292 239
9 197 33 240 46 142 275 35 227 80 267 133 265 8 190 77 184 31 276 270 97 51
186 189 219 231 242 255 128 185 115 206 195 163 248 167 202 8 212 245 143 223 87 162 84 209 158 100
172 189 201 193 120 128 151 108 268 137 143 12 115 171 210 29 236 132 125 69 189 209 170
12 166 53 36 164 288 120 49 185 193 114 104 225 62 240 268 267 107 176 126 99 232
34 211 181 5 243 27 144 265 32 124 61 28 198 39 58 223 217 120 257 113 122 177
143 167 178 235 255 29 124 223 135 104 2 292 163 86 54 83 74 288 252 55 227 120 249 283
107 261 92 111 153 45 52 122 30 86 112 91 42 133 191 270 168 256 177 245 19 218
73 156 228 264 190 198 111 0 99 249 200 145 222 75 114 133 98 88 50 112 109 17 246
184 298 50 30 69 242 33 21 272 176 89 144 266 45 178 230 294 264 154 103 181
64 36 299 295 169 183 39 20 19 287 293 64 41 135 153 239 199 122 175 297 68
31 36 216 279 28 143 289 105 151 76 275 155 221 166 1 110 49 111 43 78 74 42 292
129 183 279 148 51 166 5 9 44 137 149 61 120 157 45 23 22 76 230 70 150 293 286
30 147 118 272 58 74 285 77 158 161 64 97 116 251 226 89 184 151 10 130 4 92
17 50 96 134 282 97 237 37 124 82 54 11 269 243 42 143 188 89 197 283 106 101 242
34 78 185 276 241 239 135 146 33 4 175 183 234 269 45 236 243 237 200 274 103 287 211
250 244 150 84 135 206 296 154 5 211 260 142 181 221 29 48 102 112 60 278 180
13 16 18 360 124 267 237 54 197 176 42 46 61 72 82 1 184 88 30 206 158 287 270 73
146 55 272 239 108 92 16 49 172 2 115 60 298 249 234 243 282 80 132 281 232
984 114 213 225 38 188 247 176 193 56 172 50 105 225 162 178 24 41 152 206 99 35 233 273
984 3 108 273 278 71 48 140 134 58 68 218 249 73 38 201 86 239 167 105 15 75 270 110
16 22 89 268 87 71 297 163 135 17 136 44 260 114 151 261 91 125 66 196 67 100 11 181
207 267 7 89 256 281 63 54 282 286 253 112 130 173 205 113 46 157 196 258 103 35
36 199 299 290 196 0 110 135 262 127 190 295 85 119 289 129 284 71 104 264 91 291 6
29 54 129 249 256 247 258 144 202 165 193 168 233 116 45 236 299 213 216 5 288 206 145 57
132 173 221 228 13 233 163 270 152 69 146 138 185 24 170 278 8 143 22 6 48 247
46 135 225 137 126 213 276 183 181 77 34 259 22 162 189 118 97 127 99 252 178 172 291
71 135 242 267 278 41 130 59 49 152 119 57 47 79 176 78 139 104 292 85 87 251 287 88
50 52 229 71 216 25 159 174 97 234 14 125 167 172 124 126 91 191 250 258 90 7 193
10 92 135 177 280 284 296 221 0 168 279 156 278 277 127 210 189 262 291 18 106 47 195 270 180 118 172
126 147 249 174 229 280 56 241 265 94 124 297 101 12 230 112 130 46 138 75 274 256 195
47 120 245 172 13 133 19 10 110 44 242 4 245 272 296 0 25 166 264 8 31 253 228
13 22 63 160 270 276 202 16 198 136 286 10 106 242 153 223 270 149 295 85 227 30 4 12 292
50 92 155 230 243 209 176 118 35 134 114 167 12 260 152 203 102 212 238 73 157 64
81 145 212 202 153 87 111 286 101 27 50 128 157 216 91 55 19 82 280 17 193
59 77 119 44 127 79 6 167 30 37 17 196 164 285 179 290 115 162 69 76 19
243 24 17 154 116 18 75 256 12 54 267 137 211 274 286 234 69 197 6 71 244
104 287 17 242 188 76 125 190 61 185 151 164 171 78 238 216 165 152 21 133 262 209
53 82 164 165 184 230 235 266 240 65 6 175 154 12 112 19 15 73 263 51 110 249 7 248 286 88 44 82
17 252 65 258 182 40 262 243 171 120 11 10 94 66 80 136 250 253 98 79 37 123
21 253 218 27 2 253 248 286 194 26 235 216 85 92 75 145 119 129 287 18 272 82
167 297 35 175 216 168 227 202 156 118 89 193 200 234 230 53 164 84 11 137 103 218
52 122 185 278 243 255 29 187 56 276 95 292 181 38 190 257 113 178 267 248 79 97 223 273
52 21 292 5 262 84 25 23 279 34 151 119 202 52 217 255 162 228 104 216 231
70 73 232 261 273 60 280 263 141 105 55 146 231 260 22 188 219 251 85 78 237 149 133 91 54
37 82 113 23 253 268 242 59 53 261 91 269 76 258 159 229 147 137 100 292 98 136
110 22 15 103 37 56 40 166 256 125 206 106 244 207 274 90 48 114 28 120 239
60 149 213 221 6 55 153 265 287 146 217 38 70 59 108 2 132 194 9 60 118 34 99 220
73 272 291 24 242 125 152 143 50 42 198 109 240 56 138 255 52 79 195 272 96 62 285
4 66 140 288 206 31 285 231 6 82 247 290 25 218 277 164 76 233 214 252 246 78 169 16
200 275 71 39 25 31 109 128 232 15 187 6 212 288 138 72 167 153 166 190 16 289
115 154 184 197 248 299 150 244 294 94 14 176 185 165 111 223 284 260 236 63 292 80 61 202 91 273
9 89 97 187 203 90 162 39 294 114 299 37 41 131 279 60 7 239 120 53 244 217 159 175 261
135 161 224 269 183 0 157 250 20 37 72 179 203 214 100 220 290 244 252 211 14
55 78 214 246 85 259 6 265 106 10 236 37 116 82 48 282 33 51 210 149 97 298 250
278 265 113 69 187 25 175 109 206 152 33 276 0 21 237 136 215 283 128 63 56
142 189 265 37 78 234 243 149 74 180 14 291 96 253 188 94 191 89 158 97 147 118 296
76 207 283 284 163 90 36 9 61 6 210 72 96 82 277 252 144 223 198 29 33 203 286 21
20 150 269 183 222 215 231 237 67 128 186 297 238 124 279 168 15 217 208 50 116 243
56 231 239 260 46 81 277 148 25 174 43 152 138 113 133 114 161 243 149 288 153 29 41 200
984 21 103 128 167 204 218 161 63 210 156 223 219 183 280 75 100 128 225 248 177 73 32 290 163 82 132
22 68 129 251 211 143 26 141 233 1 39 198 68 105 145 272 157 290 66 173 46 238 119 81
88 198 234 73 98 121 58 59 43 189 137 274 63 209 107 177 246 110 91 211 183 143 80 91 15 130 227 217 124 52 298 5 111 160 4 220 166 218 163 113 255 136 238
80 153 196 201 264 258 86 169 240 34 11 113 13 99 220 147 270 210 188 279 257 285 27 197 200
54 143 151 179 236 91 78 234 161 95 46 64 155 77 272 174 299 36 269 196 151 242 135 14
80 292 124 262 226 143 84 179 243 220 127 56 132 81 113 190 125 150 295 168 119 184
31 78 107 151 3 132 28 283 48 239 29 233 131 8 81 215 24 188 163 144 174 148
267 288 293 129 98 164 132 189 94 193 80 36 118 133 61 197 171 163 152 57 288 208
984 62 119 263 159 239 88 211 283 257 212 69 107 223 15 261 98 84 256 91 176 73 264 275
8 254 258 180 297 222 232 154 266 41 244 203 61 189 246 292 99 142 87 145 3 76 85
153 155 73 55 191 224 45 197 65 268 210 79 144 225 70 297 261 292 103 273 165 257
16 75 236 259 271 242 62 283 207 30 39 35 95 298 167 36 176 24 266 226 12 50 264
54 72 173 135 43 74 103 119 226 8 199 258 291 165 175 211 97 200 253 89 64 36 290
40 84 90 220 234 68 145 90 287 228 36 193 215 93 292 63 283 76 188 148 180 97 78 251 37
116 162 172 106 121 89 290 298 176 61 113 226 46 247 293 116 83 225 194 54 269 10 287
42 269 123 46 42 208 218 228 225 232 112 24 70 266 105 242 163 43 226 251 117 276
25 57 159 283 261 211 145 132 264 13 152 215 117 197 206 287 74 296 78 266 220 265 194
9 15 157 195 176 101 30 137 183 109 196 86 270 118 274 222 16 67 26 46 284 75 255
18 209 229 239 188 146 298 245 201 26 50 182 141 16 192 233 162 97 100 175 93 12
29 267 156 247 46 221 175 192 161 204 75 173 130 14 205 270 209 281 34 63 184 297
25 46 57 74 243 99 29 233 179 96 69 39 281 94 130 277 1 131 282 49 189 12 115 232 108
242 249 250 255 276 159 150 26 202 275 73 204 296 111 277 173 186 267 232 125 13 56 43 108 30
73 280 232 9 2 150 196 181 180 117 251 244 193 225 64 5 243 223 185 90 93 115
98 115 292 230 74 212 210 99 222 272 206 166 72 297 215 93 198 299 147 39 209 59
115 258 150 229 9 257 97 157 285 218 84 34 92 231 182 233 287 100 86 78 267
4 138 140 189 195 293 6 294 258 166 216 277 235 91 144 80 45 77 120 186 248 244 137 59 140 47
84 86 125 168 269 103 41 275 274 14 64 261 177 153 142 106 167 198 243 289 130 278
66 78 103 48 256 71 30 73 155 46 268 182 297 294 194 278 224 200 170 95 47 68
147 148 157 23 105 126 129 68 253 10 188 18 50 45 154 180 246 24 124 140 139 118 275
46 78 82 129 49 7 296 249 113 1 176 277 100 230 283 221 171 242 11 96 239 16 235 6
134 248 249 272 288 289 103 226 183 8 210 189 98 222 113 26 185 60 116 9 129 184 137 87 28 276 177 89 191 243 125 234 213 153 172 221 72 102 156 182 143 260 140 106 65 203 98 131 120 222 292 30 67 204 229 230 181 96 140 252 238 119 235
41 48 85 175 298 99 243 236 52 86 125 188 66 104 4 197 83 273 105 128 177 88 114 82
984 97 182 58 38 48 166 84 295 191 143 263 213 257 47 248 5 152 244 126 173 75
87 170 180 205 299 83 237 239 151 297 163 125 56 23 197 142 226 76 295 291 3 75 28 218 89
221 176 226 223 135 228 239 184 33 48 237 185 254 267 268 272 215 219 151 106 73
31 45 204 60 124 207 140 66 273 252 292 149 242 6 55 201 110 294 82 178 184 289 195
984 170 102 140 182 225 298 229 16 245 139 88 78 170 14 116 113 91 223 297 57 260
171 31 90 70 279 13 40 189 20 82 213 53 78 272 180 123 118 222 104 71 168
38 41 203 288 151 163 265 296 44 54 178 217 166 278 32 283 153 128 48 222 131 83 22 23
287 237 280 296 107 74 284 239 298 244 140 174 125 136 127 256 42 152 297 32 252 177 251 38 238 113 211 68 105 9 240 12 116 200 24 245 253 218 19 81 64
290 142 86 206 26 226 43 132 176 32 140 198 4 264 234 76 127 139 143 156 284
160 199 69 201 10 84 231 112 262 95 245 68 274 126 57 200 11 24 210 211 137
255 73 8 189 281 86 10 261 9 118 159 298 38 211 252 3 199 140 228 39 104
93 163 263 118 231 201 279 192 263 287 129 60 33 196 106 243 259 112 205 79 252 73 52
94 123 156 94 4 264 254 143 104 290 79 80 289 115 191 158 233 38 77 287 130 32 270
29 75 158 201 33 202 112 274 147 113 123 232 167 105 129 257 212 134 208 155 164 84 8 139
170 147 83 73 279 268 72 109 203 205 270 294 16 255 280 79 127 214 196 19 291
10 14 123 279 207 221 250 3 138 30 185 222 262 263 258 90 234 154 232 45 34 117 48 298
5 13 23 44 184 200 225 281 228 216 194 178 132 221 12 98 180 161 253 0 100 22 215 145 166 26 8 187
164 262 110 14 243 186 99 238 190 217 72 122 225 79 193 11 255 212 120 70 176 50
165 210 235 77 192 197 127 200 2 104 255 63 239 264 72 10 40 279 101 88 118 211 44
33 111 152 167 60 257 3 268 9 230 34 48 280 177 152 292 215 108 168 65 299 5 244
19 101 108 132 240 244 249 201 53 281 213 223 176 164 75 296 265 129 287 58 125 137 97 3
8 47 144 223 68 291 219 273 295 32 188 127 4 283 136 200 71 207 128 192 268 148 156 87
58 88 205 272 244 264 285 40 175 109 155 186 141 185 59 287 49 295 66 234 118 277
196 251 190 185 23 29 118 242 292 49 132 228 128 110 200 98 233 60 183 131 144 36
223 299 101 19 187 149 254 131 165 171 72 195 77 143 52 92 53 58 112 273 258 46
134 144 182 195 76 139 137 298 142 135 191 124 11 48 157 22 98 162 181 154 46 0 246 70
38 71 144 162 112 118 173 193 17 199 139 150 221 121 225 247 123 134 293 78 76 8 154 186
114 196 59 70 230 13 25 156 216 259 171 69 285 238 214 101 10 190 124 233 284 295
233 256 264 256 231 169 183 52 94 210 84 112 152 7 39 279 17 239 43 253 0 87 242
21 119 135 284 288 80 142 10 143 24 274 183 248 151 209 211 281 35 163 137 40 148 241 105 252
65 133 155 159 172 15 200 234 177 83 166 165 66 107 212 132 274 256 209 141 17 240 190 290 97
10 292 298 88 86 269 60 248 0 7 81 291 23 31 272 84 55 211 265 201 53 166 89
10 37 69 172 10 76 164 288 256 86 294 236 173 182 206 152 175 287 124 45 138 191
119 149 219 247 283 94 43 116 88 179 270 239 107 12 200 98 279 212 250 48 41 26
58 193 226 289 122 197 39 48 231 213 143 259 224 216 286 251 295 196 27 223 128 146 292 253
17 43 212 48 119 262 104 75 273 67 57 30 267 242 39 261 56 298 120 108 172 235 131
70 93 175 195 216 270 37 25 178 243 120 197 181 170 77 153 276 112 92 253 231 198 246 269 103
4 44 97 134 204 234 190 135 77 142 232 84 262 288 243 56 90 16 61 81 33 208 118 211 186 296 273 258 59 276 162 283 290 295 279 287 242 21 111 248 251 170 149 198 61 221
984 155 214 258 54 207 264 25 258 254 165 125 61 30 162 230 175 81 38 10 280 56 221 159
5 133 198 213 261 76 189 204 13 286 239 39 23 7 154 241 30 155 75 0 206 274 151 248 232
113 213 115 3 172 107 45 121 188 52 17 251 156 273 233 23 283 166 179 169 216 75
58 81 113 178 183 276 201 280 204 187 59 237 248 159 138 254 29 28 127 19 172 183 36 58 147 173
20 126 176 212 287 29 117 150 96 182 279 15 44 192 243 223 238 229 127 232 231 294 84 72 47
19 67 175 250 36 33 153 141 297 113 0 284 214 16 271 137 295 116 152 3 51 143
61 146 260 267 287 298 126 279 117 212 19 275 112 133 90 154 234 26 278 58 50 166
113 222 233 90 164 280 191 196 63 296 293 150 265 163 46 181 273 35 173 242 145 176
85 205 252 292 4 197 34 74 284 184 50 5 285 247 73 76 129 295 298 270 137 96 249 79
203 206 26 219 73 158 56 105 233 59 101 278 191 34 190 262 132 48 4 118 225 154
984 26 51 52 159 197 2 150 103 83 182 274 68 135 212 284 295 201 272 167 97 165 102 5 143 162
222 192 280 159 209 92 111 68 125 247 65 224 297 155 237 243 90 233 256 70 170
19 52 54 120 128 170 179 224 235 122 92 111 269 30 273 73 294 86 245 105 99 110 103 158 288 190 55 48 181
115 120 236 248 62 234 185 118 89 295 201 97 151 283 177 279 57 51 240 76 104 86 189 153
13 56 122 293 283 121 148 60 76 31 21 226 95 145 6 221 7 123 204 153 94 50 61 160
984 118 176 228 182 109 78 212 209 21 84 237 18 96 268 41 104 114 63 14 253 243 48 138
6 78 262 273 0 27 80 49 4 218 95 36 159 271 11 2 30 101 171 204 26 139 63 163
63 233 27 153 14 203 236 268 246 63 228 4 247 31 187 64 238 210 0 166 257 102
100 144 95 31 111 278 249 196 298 37 175 101 242 26 250 98 251 81 262 30 71
14 18 166 273 39 19 236 145 156 229 146 32 83 82 104 5 262 214 75 245 88 160 67 125
60 31 16 193 247 191 24 240 226 266 70 223 9 178 192 108 204 172 96 169 114
65 124 128 217 90 39 2 98 112 236 35 3 239 276 197 20 22 290 209 110 204 171 28 69
30 41 225 245 279 273 63 264 202 244 24 171 42 54 68 30 29 144 266 33 287 195 180 135 96
172 244 152 240 61 157 77 31 202 34 162 232 71 11 33 253 94 76 211 286 214 276
157 214 228 231 42 187 246 169 8 226 49 243 166 41 19 122 242 38 58 101 225 215 148
185 196 83 157 237 252 285 286 94 181 149 22 257 222 6 240 200 187 284 276 214 75
108 267 283 196 151 21 132 193 0 129 29 149 115 108 44 83 4 198 89 134 46 50
152 247 2 265 229 65 285 116 117 271 23 50 167 9 41 44 21 124 207 148 211 19
112 234 227 158 16 241 199 134 272 172 233 14 215 179 142 73 198 105 232 24 250 204
12 25 59 102 103 105 162 167 266 186 112 47 180 66 208 111 290 131 103 279 257 298 244 137 7 158 218 281 278
45 155 156 167 209 270 232 111 34 155 107 275 70 291 100 128 129 236 46 282 263 137 168 16 158 272
175 190 219 254 282 160 235 65 224 267 183 279 120 25 30 147 97 23 92 41 274 27 74 2 83
984 33 40 57 2 26 297 200 44 40 183 252 150 175 217 241 108 43 136 122 164 106 166 113
116 141 153 194 290 44 104 155 42 216 277 273 182 0 114 65 43 33 21 154 204
7 142 205 160 247 118 13 31 298 96 175 212 7 224 158 227 22 110 5 74 249 294 59
42 56 137 219 288 29 148 207 32 65 74 82 18 15 229 44 273 51 120 282 33 102 231 182 113
9 12 99 163 292 42 48 209 287 197 296 83 142 263 169 239 180 30 23 187 294 255 243 291 44
214 238 95 85 137 294 226 84 208 292 289 14 91 20 109 155 60 175 138 49 212 102
152 127 113 294 148 88 121 137 140 138 149 159 59 292 42 44 4 98 230 106 111
140 166 271 464 482 45 103 108 109 131 169 283 288 427 749 76 161 282 285 417 118 500 647 130 531 36 382 637 552 103 786 722 578 425 813 908 822 233 807 136 349 97 857 767 451 689 264 939 774 121 486 772 168 237 317 733 279 937 569
156 245 249 262 505 839 47 16 43 181 298 880 1 109 130 766 109 778 659 354 256 274 33 49 284 218
8 10 105 276 161 109 580 670 539 670 821 6 298 979 75 247 169 429 547 75 99 862 161 44
189 192 839 19 201 220 117 111 142 670 998 670 403 595 307 998 670 566 691 639 50 252 403 566 163 13 43 139 82 220 275 104 150 207 37 1 33 146 83 130 29 243 77 203 238 69
78 145 235 243 279 797 241 225 54 54 651 240 35 241 650 964 59 81 14 650 3 151 294 964 299
993 132 176 276 279 54 47 176 205 3 176 225 650 964 149 68 291 299 241 650 232 3 151 81
162 204 208 290 119 122 93 239 78 156 77 85 186 149 126 68 180 191 271 29 226 162 207 188
11 110 143 199 65 137 239 297 185 123 11 198 89 91 15 38 146 251 33 134 124 221 187
228 299 194 194 781 62 781 106 228 176 50 781 534 194 76 655 176 496 780 99 2 87
33 98 139 233 107 52 1 118 18 281 107 199 294 120 3 1 414 650 299 151 964 59 149 151
73 77 95 116 286 123 10 80 149 221 72 2 142 112 272 164 264 191 259 7 218 273 104 256 23
3 190 226 227 298 57 133 73 112 76 189 273 55 274 193 152 252 219 67 23 161 289 111 220 168
37 59 229 225 89 201 78 115 99 76 164 185 246 140 293 180 231 212 269 163 259 282 258
38 161 224 158 87 63 190 241 47 2 41 65 21 103 277 195 114 71 20 111 97 84 143
47 203 263 35 283 169 150 70 288 292 299 143 57 295 262 128 132 116 248 118 196 162
20 64 123 85 240 38 154 131 38 188 823 46 297 145 136 111 182 194 78 141 184 451
0 24 109 218 76 298 29 253 76 17 33 298 10 562 5 138 491 186 112 87 157 62 23 217
125 197 226 231 126 24 224 279 71 87 281 241 48 102 163 62 162 12 235 137 176 13 45 216
7 160 237 255 168 297 255 283 138 106 268 182 232 111 42 213 37 223 87 212 113 96 83 75
14 38 137 182 227 71 217 241 71 217 293 227 229 1 241 120 59 151 151 154 964 291 280 125 650
230 247 41 268 170 149 101 58 134 60 266 172 75 272 267 52 45 85 227 123 286
30 46 164 243 265 109 200 162 231 243 10 165 141 184 69 268 212 18 116 172 213 170 142 22 267 143 200 195 197 135 132 251 245 104 101 54 292 184 283 146 119 118 219 113 154 60 166 54 215 70 145 44 75 9 152 183 42 120 274 79 57 160 88 61 190
139 279 294 296 231 149 242 145 271 43 270 215 141 113 142 291 285 47 140 221 282 91
862 33 275 120 265 75 192 29 211 14 200 298 20 56 39 188 213 206 204 246 227
11 227 140 272 16 166 161 32 273 272 98 16 243 98 78 144 292 111 141 151 823 297
205 256 51 209 43 127 243 5 83 185 293 1 6 202 283 68 239 274 61 198 101
77 101 185 185 135 135 185 238 84 194 258 258 194 216 34 66 190 100 58 140 107 22
95 101 162 170 203 222 34 191 110 35 207 33 51 33 287 35 51 177 73 200 232 270 143 225 78 19 131 338 268 108 71 192 223 93 175 189 199 49 291 116 70 274 131 214 46 147 186 177
74 78 130 209 222 105 178 260 283 10 195 83 245 122 150 68 19 54 292 139 170 116 87 132 273
156 19 243 134 228 238 254 198 24 130 271 282 263 278 72 193 222 184 201 58 92
1 42 217 115 268 216 78 186 243 223 264 153 42 122 177 12 282 274 46 284 263 54
146 149 157 158 17 119 202 225 157 74 270 212 254 58 282 286 290 252 245 289 127 218 41
49 86 225 231 232 233 280 53 112 6 60 74 4 192 110 14 128 239 287 142 181 270 289 44 203 258
292 298 185 4 133 266 132 196 208 295 52 88 13 83 178 30 62 73 85 173 215
207 219 272 281 298 94 181 228 48 55 111 196 197 169 61 96 41 12 106 240 278 160 282 49 191
110 175 691 158 96 94 243 165 23 278 246 287 223 121 209 187 180 123 197 46 82 45 75
105 283 72 256 43 295 138 164 183 162 4 31 290 57 249 268 163 0 175 243 122 287
145 235 254 464 233 73 120 464 31 78 31 120 223 40 68 297 635 153 886 226 155 49 265
14 103 153 691 194 167 177 209 58 128 39 217 257 187 244 245 159 45 251 191 297 54 112 0
17 189 197 206 267 137 236 38 141 11 16 129 222 230 218 184 121 225 145 41 246 173 167 199 125
32 117 143 172 200 170 0 254 196 98 60 229 133 208 183 222 213 29 12 135 181 106 259 272
6 51 160 203 139 84 66 131 234 268 153 98 94 132 67 47 0 102 31 236 233 156 69 17
152 221 231 272 742 241 91 93 147 226 149 157 21 153 136 232 71 106 1 3 284 10 137 209 120
2 168 228 215 170 37 295 13 278 190 137 217 79 197 266 55 77 98 110 95 100 181 195
58 261 87 88 4 96 77 141 119 198 89 282 148 140 2 22 275 230 194 196 158 123
18 172 149 871 804 257 246 164 257 782 782 164 354 737 178 297 46 68 48 169 799 153
25 249 255 268 207 10 110 131 182 92 76 203 289 260 87 46 235 16 158 278 239 93 286 279
862 135 177 284 143 101 105 67 13 277 105 105 833 491 246 112 840 2 138 99 226 157 10 336
38 83 164 190 432 219 266 11 50 261 266 219 11 227 241 297 814 635 354 46 886 178 49 48 257
15 76 3 7 11 111 123 193 255 12 244 244 182 15 147 86 171 840 232 270 78 102 570 200 126 177 289 261 117 295 250 120 272 120 120 4 11 58 293 294 976 19 6 29 31 108 225 259
24 50 227 147 60 60 101 147 262 15 110 48 178 737 46 354 297 149 886 226 68 635 814
120 177 283 274 67 109 239 35 211 205 180 207 146 289 40 248 4 216 210 212 62 94 73
1 56 74 194 208 278 40 248 217 37 16 107 250 34 258 4 24 182 164 92 226 238 13 114 146 261
114 140 213 39 1 78 272 210 215 281 31 244 147 52 148 253 217 273 36 227 92 28 84
61 73 193 274 266 159 118 274 129 142 117 68 10 244 207 256 189 198 30 50 89 228 226 139
5 118 228 276 245 43 259 34 22 211 73 244 293 62 85 133 205 168 116 79 190 294 286 152
68 91 151 195 252 267 12 263 12 213 71 264 232 142 213 263 0 19 289 73 131 78 225 338 232 102 123 123 147 50 189 273 280 914 226 265 68 886 178 149 153 48 49 799 257 297
31 49 104 130 187 265 275 259 166 28 56 109 287 245 138 27 102 7 57 70 2 257 171 88 148 234 238
75 86 182 243 262 274 197 23 101 215 23 23 226 254 254 265 119 661 12 192 7 32 233 298 53
58 63 86 89 256 101 236 56 215 105 171 0 47 272 193 162 221 125 87 246 95 197 54 274 13 215 51 72 239 164 28 119 252 184 177 223 14 10 15 111 203 182 130 77
101 196 8 215 145 6 298 149 28 119 276 123 94 165 50 209 299 138 65 25 255 71
92 148 189 221 267 293 162 272 43 129 58 179 23 95 88 40 150 76 52 265 47 59 249 151 32 87
127 238 252 691 83 51 269 105 98 80 60 241 5 142 8 90 183 213 108 190 251 31 261 32
25 42 285 105 15 14 248 229 16 283 3 164 251 296 139 167 124 184 172 6 57
32 138 96 19 153 25 96 162 96 153 122 213 141 111 182 292 823 136 73 322 144 497
154 233 15 82 227 24 93 93 140 189 217 225 189 140 231 232 270 840 102 289 338 126 200 131 570 269 80 272 6 116 196 198 284 160 298 112 159 227 152 240 127 245 209 37 9
23 173 256 205 167 252 74 273 178 46 76 28 22 235 75 30 191 142 103 188 278 214 236
10 64 99 147 179 245 220 111 131 194 232 6 161 185 73 244 295 33 17 121 299 74 281 279 215 90
114 211 230 289 264 14 116 135 211 175 265 91 221 2 140 279 152 271 188 249 70 213 88 13 224 188 72 64 139 224 139 72 188 64 154 61 813 50 59 54 107 283 292 96
75 197 205 257 297 100 200 90 65 15 196 51 134 221 103 287 296 206 157 264 163 295 13 240
187 193 193 193 184 79 227 288 193 8 79 193 980 255 94 14 204 151 1 185 59
82 245 114 193 282 41 99 24 263 60 264 167 201 3 178 228 37 194 57 13 49 39
862 12 74 154 198 185 118 210 297 238 294 200 294 163 297 826 263 186 45 212 733 195 26 293 48 34 186 74 117 128 185 289 218 258 112 78 242 6 164 66 245 275 173 263 139
29 43 141 159 245 0 242 274 88 54 253 28 208 31 45 111 218 182 91 109 286 119 62 6 223
219 246 275 290 201 279 270 269 133 26 282 5 29 204 299 172 39 289 240 146 166 190 100 96
163 24 36 81 24 36 36 272 73 291 211 291 160 1 229 94 120 59 154 151 650
72 86 125 297 45 52 45 154 46 46 52 45 40 30 94 243 38 466 38 127 11 241 686 141
298 299 46 204 238 31 46 46 182 31 33 238 275 45 243 11 141 38 38 45 686 260
140 147 177 183 205 239 247 265 197 12 292 114 23 185 25 135 237 69 227 232 90 211 177 18 190 91 198
59 120 38 286 225 23 247 270 248 18 51 28 47 214 176 69 68 36 293 114 35
862 4 43 195 242 248 253 146 274 270 134 251 296 121 120 52 9 36 143 89 2 264 71 13 160 22 115
11 92 110 131 253 284 293 223 60 55 199 94 109 29 106 224 261 46 253 227 284 49 296 116 192 95 69
68 230 250 262 266 298 102 187 139 117 241 183 16 199 119 141 40 163 148 274 120 90 295 17 257 165
100 215 5 205 53 137 134 4 103 203 218 251 82 239 182 238 204 3 51 192 266 248
66 268 271 25 283 96 74 126 262 78 143 166 120 140 241 51 228 23 202 70 221 17 54
270 297 15 73 257 17 277 150 236 160 217 295 162 77 87 74 280 135 14 133 37
20 780 286 72 287 294 96 290 0 123 28 164 13 239 211 175 26 33 157 185 201 177 186 231 24 122 201 34 92 135 279 27 154 102 143 229 63 273 50 98 38 286
21 57 195 261 283 253 97 267 102 210 193 114 93 228 53 290 48 144 150 85 284 59 185 206 224
59 107 233 38 202 238 62 271 135 51 34 134 267 172 90 187 64 37 18 233 141 203 56
32 128 176 296 691 780 160 203 76 7 129 211 221 47 183 26 200 173 171 117 159 198 78 103 235 153
43 53 121 209 121 254 82 200 1 165 35 140 138 230 41 227 20 94 80 269 297 268 118 68
36 150 212 83 124 84 131 3 176 257 175 42 11 104 239 188 140 292 174 282 263 89 150 192 56 67 133 224 11 23 201 228 186 60 211 249 233 65 138 116 149 39 217
286 294 25 156 217 246 232 259 290 152 192 122 126 138 296 67 205 197 83 210 56
132 139 188 255 274 198 17 224 293 169 99 186 163 210 41 143 50 288 267 22 100 286 90 2 88
13 19 224 231 296 62 266 160 269 236 143 244 124 208 42 19 120 287 142 133 165 285 213 58 190 50 25 20 269 295 54 221 225 167 235 190 103 81 174 275 175 265 145 249 136
44 99 128 140 184 231 263 171 228 244 103 296 163 5 227 122 90 286 200 0 284 127 99 16 144 125 293
35 97 110 112 691 742 6 80 280 296 17 297 19 76 27 119 180 166 156 45 181 42 238 82 177 58
77 149 162 219 266 780 245 204 31 145 275 212 298 19 121 0 243 228 137 213 62 42 188 166 100 254
60 177 249 55 12 47 32 291 121 12 145 55 142 142 291 969 322 73 151 141 46 184 292
56 228 89 74 54 101 28 233 40 91 165 199 203 217 273 145 98 120 107 236 65 75
6 75 159 208 220 293 691 125 65 165 207 85 161 99 118 13 17 204 140 152 102 188 174 25 171 3 8
46 161 260 678 89 4 16 67 89 67 121 4 277 4 204 78 292 47 151 73 184 83 46
40 181 16 255 136 257 276 90 193 289 138 157 159 156 241 71 144 63 122 282 233 231
103 191 18 255 32 15 244 268 127 96 83 146 165 148 28 37 2 219 130 231 137
37 64 155 67 228 240 74 286 162 126 136 189 275 142 75 21 71 273 123 146 127 234 116 0 88 165 191 242 212 99 257 236 118 254 294 144 275 255 50 290 19 192 231
862 40 92 93 137 93 111 122 122 93 122 93 178 964 255 3 291 251 294 185 94 59 650
87 99 164 245 294 259 256 100 163 24 4 139 116 122 199 79 238 11 168 212 153 142 205 211 155
76 160 239 133 109 135 78 175 200 165 131 160 30 32 150 27 41 57 93 46 59 138 290
249 255 134 408 30 408 102 485 134 146 83 151 47 78 111 182 141 136 451 292 284 144
24 25 128 131 238 262 120 241 123 138 242 137 215 113 298 80 111 208 267 151 116 220 23 106 1 8 174 81 236 93 246 93 288 246 150 934 241 179 128 45 260 141 686 38 40 243
66 114 167 208 258 239 107 235 155 3 205 25 283 199 178 31 270 244 150 36 213 217 149 122
21 75 88 180 236 20 90 72 145 233 75 167 86 152 236 87 21 120 147 295 296 55 43 287 199
87 149 160 276 298 83 253 295 10 248 251 52 13 281 84 254 285 175 70 105 89 64 119 2 176
68 277 273 50 22 37 74 134 298 30 233 210 269 193 114 279 73 290 40 213 107 120
19 90 222 296 165 7 90 18 207 203 112 101 160 169 59 111 209 68 227 178 168 35 75 110
34 80 174 222 257 691 49 222 290 143 56 163 39 238 72 95 246 254 140 204 298 196 198 109 73 52
61 179 217 183 23 100 105 158 146 69 225 260 227 188 281 254 185 246 157 125 1 224 161
175 289 65 16 213 164 218 89 39 101 115 263 289 241 110 28 140 142 153 163 117 135
946 193 24 49 208 106 206 32 264 273 234 96 88 211 117 232 17 15 25 170 127
862 152 243 275 752 98 191 118 287 156 295 67 298 27 259 256 242 196 94 291 267 292 54 91 132
0 201 219 261 190 193 71 136 142 83 194 73 163 39 177 273 291 232 169 211 185 5 279 38
52 151 284 75 216 157 156 186 263 125 289 47 260 250 242 122 283 103 101 259 232 96 175
6 198 26 151 231 214 227 0 68 178 5 251 153 44 166 113 223 53 158 45 245 260
40 172 269 249 208 189 293 72 115 123 13 165 209 167 128 29 55 23 260 26 201 267 183
153 862 22 44 87 285 603 914 262 840 914 341 341 101 95 317 285 198 258 983 88 134 187 846 173 862 256 26 248 11 238 244 36 17 296 34 61 237 295 140 289 92 204 201 231 8
29 237 31 173 182 215 49 194 61 187 76 231 286 152 21 253 202 206 69 110 264 81
41 258 26 181 186 210 226 245 99 44 245 804 99 184 946 245 946 99 99 176 352 261 174 936 104 71 974 1 258 102 32 102 258 120 722 722 722 32 258 635 354 257 886 49 48 169 152
45 203 254 165 180 287 8 603 603 194 266 100 194 266 266 58 100 213 172 983 170 614 87 189 983 254
57 96 114 126 156 237 284 780 206 442 206 199 184 442 99 254 118 206 104 68 148 783 974 60 109 121 71 754 121 207 142 215 218 169 71 88 252 116 47 220 199 186 132 44 276 73 263 135
135 233 780 90 804 783 90 175 103 107 783 262 180 66 112 130 22 57 135 237 250 34 930
6 155 176 71 131 5 256 186 90 41 62 275 109 223 135 190 1 163 17 220 30 215
120 180 950 219 861 505 221 219 612 932 589 221 486 861 153 297 46 49 886 265 169 354
225 146 82 295 155 92 122 254 218 237 121 44 45 248 96 215 298 150 113 35 232
165 203 228 923 568 92 795 65 161 359 65 257 33 134 54 60 642 126 251 329 937 764 30 186 293 171 230 75 120 25 179 166 172 204 143 45 184 61 220 104 67 142 154
137 190 12 189 117 13 67 219 268 520 197 5 189 541 781 465 18 35 443 92 208 166
184 297 242 42 16 79 7 166 219 72 192 83 281 249 191 208 130 253 146 220 74 214
54 124 132 110 119 119 167 161 210 161 258 128 127 686 40 441 11 260 466 38 241 141 128
614 578 500 281 220 917 500 295 206 734 49 84 267 592 477 255 703 252 179 277 78
23 262 267 198 247 254 41 117 290 126 258 159 78 66 75 288 158 100 72 252 69 161 203
862 11 212 244 253 273 282 95 95 612 251 240 31 251 153 226 48 799 313 178 46 194 814 297 886 403 265
3 291 131 203 23 289 66 296 70 127 240 6 130 274 273 173 207 121 0 162 184
61 77 91 146 170 269 223 98 129 237 171 143 78 166 159 83 18 194 1 158 125 30 28 20 67 197
71 77 187 189 298 614 170 288 19 50 196 211 242 289 185 139 299 225 173 113 34 169 133 35 181 60
931 107 260 268 177 67 44 135 206 237 85 95 254 181 149 42 61 45 35 167 70 188 247
44 65 73 156 98 121 243 280 11 25 49 194 190 130 68 102 163 75 45 14 13 42 251 38
12 78 159 227 237 275 294 40 176 234 155 56 81 231 248 105 273 218 203 7 180 36 99 295 158 202
90 63 740 171 81 229 140 740 40 166 63 63 166 625 297 374 969 46 151 828 111
80 158 176 224 256 957 206 206 13 266 47 13 766 102 164 43 714 52 30 775 191 261 241 70 232
83 151 156 291 11 50 241 15 64 289 143 78 192 157 162 106 127 228 201 177 28 159 12 255
21 51 88 120 46 35 275 225 202 169 68 189 43 256 47 129 109 139 143 73 40 183 66 108
1 39 83 197 217 224 227 1 227 13 23 224 224 964 151 1 650 3 251 291 189 14 255 120 204
71 103 190 272 145 277 283 180 253 63 216 38 16 265 221 24 162 252 202 169 113 92 193 234
59 88 106 211 21 81 211 81 211 211 81 291 284 828 182 78 625 136 46 111 548 969 99
12 41 147 212 120 292 190 112 56 276 126 232 86 196 230 69 42 114 216 30 221 250 187 1
31 164 169 43 150 232 38 118 289 49 176 240 287 111 204 81 27 277 195 42 133
130 763 150 224 58 45 123 101 286 166 125 35 184 231 15 8 4 92 148 262 21 169
60 227 73 90 227 227 73 24 192 15 192 38 11 261 686 45 141 127 179 128 30 285 19 236 109 226 54 207 26 179 209 276 227 212 14 138 72 197 283 46 118
28 140 195 239 244 285 186 151 62 200 153 261 167 282 135 145 172 275 19 205 83 112 181 45 256
55 129 209 251 277 778 262 122 115 115 694 173 20 694 173 115 196 238 162 289 107 121 761 931 761 986
21 144 271 104 694 29 262 173 173 248 694 694 115 262 1 219 2 107 11 140 986 121 283
93 179 84 128 261 2 87 43 91 163 18 35 242 104 180 179 156 168 253 119 39 252
8 34 155 709 215 250 117 250 155 709 132 166 117 709 129 95 23 90 271 236 29 51
74 132 133 705 77 71 101 87 63 283 4 75 145 92 125 31 76 226 98 61 132 203 159 52 171 264 73 172 283 17 94 256 281 236 41 36 84 243 253 44 234 43 282 29
128 246 260 623 552 248 779 552 245 245 567 814 963 552 548 151 78 111 969 99 451 292 182 47
56 167 214 167 200 200 214 77 63 253 220 339 49 496 111 92 467 159 728 28 67
68 89 159 190 388 63 63 456 388 77 75 200 63 159 67 92 496 339 235 860 111 220 467 728
170 205 297 267 132 161 262 259 97 86 169 280 202 241 35 29 198 276 65 60 223 81 156
73 118 213 83 688 688 688 87 87 3 87 119 401 428 318 117 210 239 97 41 325 910 291 635 148 178 224 168 102 100 104 101 120 260 293 222 221 108 166 247 231 98 197 26
23 212 292 21 117 278 68 142 178 1 84 32 204 135 195 221 154 129 151 188 101 36 250
289 429 136 146 294 416 555 224 733 416 41 733 146 216 246 168 635 25 58 35 984
89 143 251 283 120 76 76 120 102 76 63 283 63 208 283 128 30 934 216 11 243 261 441
862 225 233 840 26 420 659 789 814 833 789 127 659 192 814 141 146 272 165 224 274 456 183
189 284 290 569 569 256 81 93 71 93 71 81 951 45 45 343 367 569 636 175 108 100 327
5 10 76 80 182 187 189 251 4 700 762 40 277 743 40 700 762 168 71 140 58 984 100 35 25 246 840 636
