10 66 84 117 118 123 160 191 107 113 282 52 163 618 56 917 402 533 750 568 585 937 471 346 565 318 116 645 781 997 367 448 976 59
36 39 163 164 165 564 663 975 340 98 372 805 259 579 344 583 333 224 625 233 513 366 345 51 778 715
42 135 150 176 219 381 964 940 931 499 744 46 225 202 641 635 733 740 230 293 406 626 663 198 147 270 1 294 207 240 23 138 87 268 9 109 119 299 199 154 25 277 188 8 48
215 297 96 82 93 147 131 68 835 98 98 124 304 866 93 674 440 195 179 789 962 130
181 258 949 237 214 45 150 190 214 195 195 45 237 250 268 221 217 615 929 271 616 236
878 156 223 283 71 23 142 137 134 219 171 151 254 274 121 289 277 152 224 284 238 123 172 81
160 230 200 200 77 147 65 156 286 200 36 159 27 111 159 635 96 137 82 87 132 562
85 171 240 299 206 65 217 241 295 50 201 121 57 228 155 249 116 196 99 132 220 71 166
864 59 71 74 200 794 211 232 233 174 174 211 36 287 279 899 207 886 80 115 204 39 903 49 250 14
5 198 229 261 283 236 130 153 230 105 162 34 13 288 151 157 214 270 189 20 144 77 173 55 26
37 78 164 21 49 254 286 194 222 49 5 6 184 21 131 285 937 142 60 734 73 935 269
140 149 48 276 275 243 55 19 217 179 66 265 215 242 192 91 92 292 142 297 221
63 217 224 246 299 21 258 2 448 263 218 273 263 265 268 167 100 152 142 119 430 646 60 734 185
119 155 185 256 281 149 206 16 180 79 223 179 219 164 93 95 172 137 151 68 100 99 185
12 31 38 48 74 87 143 254 34 131 116 265 8 204 161 175 25 185 155 147 247 12 52 225 272 16 209 72
76 107 219 734 257 128 79 125 46 219 293 77 78 201 279 276 179 124 287 66 166 252 34 240
42 78 10 133 11 21 271 11 92 73 137 162 79 200 71 270 114 14 93 177 71 282 128 278 185 63 297 25 184 231 83 11 257 293 117 146 252 194 206 39 71 238
44 61 294 30 179 244 65 77 243 99 96 213 159 297 194 59 49 40 149 21 5 111 174
49 160 271 271 46 153 221 153 184 271 178 38 71 390 41 95 147 253 254 597 97 34
81 104 205 227 258 277 275 139 290 155 176 90 147 172 164 274 118 98 133 97 260 100 159 43 186 298
143 151 223 260 172 248 142 134 227 36 108 39 237 215 70 118 245 152 48 15 263 135
10 38 77 106 108 293 63 136 205 197 233 281 227 135 74 78 123 104 216 253 42 94 133 52 139 16
90 92 133 149 285 238 279 277 157 54 70 112 77 223 108 195 225 218 45 73 51 28 40 209 187
103 205 161 272 213 43 220 82 111 50 10 144 126 170 282 270 212 230 235 123 112 109
29 78 87 89 110 174 269 7 204 215 265 131 50 252 200 29 72 139 169 80 14 248 157 18 77 259 111 99 43
871 65 91 121 238 266 284 629 121 50 576 13 174 920 402 455 287 965 232 300 677 212 275 573 153 944 619 975 810 251 77 137 108 146 156 11 231 186 47 123 46 43 118 213 44 24 49 42 292
59 250 357 572 733 617 110 110 44 291 291 254 210 66 54 957 617 971 975 387 781 919 210 809
23 60 142 253 125 265 286 250 171 178 87 262 101 55 73 168 269 82 96 158 249
9 510 21 27 72 177 206 20 242 282 270 46 8 162 130 226 58 281 76 168 108 82
142 236 78 208 273 111 99 247 97 194 179 177 173 160 243 10 43 42 196 98 85 136
168 184 285 510 38 163 759 161 759 225 267 33 408 184 203 36 289 810 978 233 248 779 634 951
136 209 237 144 178 133 26 25 78 136 256 121 277 33 278 219 119 100 132 199 66 181 179
133 184 187 133 19 210 164 216 66 172 235 27 221 106 47 109 188 194 12 48 153 246
68 264 8 84 94 53 186 11 225 126 242 77 4 165 282 62 199 221 209 92 263 238
120 209 168 23 209 209 237 19 242 810 698 248 170 634 951 208 225 451 203 163 596
200 212 94 30 288 153 171 112 162 176 102 105 89 240 294 287 148 272 152 35 251 297
11 62 165 226 277 296 28 129 296 258 274 99 185 126 232 101 251 66 58 269 243 18 21 72 295 46
74 126 167 196 236 283 576 222 203 76 210 152 225 48 44 67 141 208 105 12 26 172 276 173 261 238 298
59 250 72 235 74 30 73 156 297 161 192 206 186 221 82 36 146 271 250 16 149 103
21 63 120 252 254 268 16 291 153 49 36 125 253 192 5 8 143 273 42 195 41 43 157 23 244 73
181 236 262 202 64 135 42 140 165 236 143 45 72 124 256 248 217 117 243 133 189 7 183
9 31 143 104 27 148 3 62 275 184 137 153 163 118 101 949 240 105 294 113 294 720 687
82 231 260 144 157 152 64 286 220 23 47 84 21 63 276 57 129 284 208 251 137 20 45
21 185 224 279 154 3 91 263 79 124 153 206 248 204 181 208 173 161 162 121 30 37 55
12 81 172 276 32 95 32 100 174 32 293 18 184 139 76 83 589 58 84 675 105 461 185 955
145 259 60 248 35 140 274 89 146 259 23 34 240 29 49 27 187 209 258 38 152 267
8 16 56 245 247 629 196 274 198 249 130 296 77 284 10 143 290 35 129 267 1 194 25 185 189 38
108 187 0 108 49 29 31 240 109 82 175 115 227 185 277 273 100 24 265 118 224
8 20 83 75 60 13 81 84 111 75 75 91 281 241 151 73 205 208 138 699 134 195 186
50 144 159 219 124 154 173 130 199 50 201 29 275 21 279 232 114 212 87 103 72 65
132 212 223 111 111 111 80 1 111 229 241 173 145 209 208 138 68 186 202 195 186 73 138
96 150 153 178 97 102 4 27 185 184 174 124 10 224 197 160 95 164 229 221 172 250 206 58
198 213 266 288 296 154 59 130 181 168 14 29 116 93 111 227 275 110 233 220 8 268 170 245 243
153 173 223 107 277 51 245 159 67 49 129 81 86 163 220 128 28 219 8 253 252
274 42 162 162 286 296 241 42 97 97 2 163 101 234 461 949 240 105 11 24 294
52 112 156 175 185 209 245 179 282 178 131 44 288 151 23 118 223 111 116 276 15 278 140 294 135 80
10 159 190 226 270 103 286 39 4 179 237 9 282 212 168 13 107 249 136 152 211 231 15 70 17
16 102 170 190 260 269 299 149 103 298 267 259 183 123 216 96 112 8 99 273 238 195 151 288 211 162 245
36 40 181 190 193 264 35 163 222 242 276 0 282 117 147 5 156 142 103 231 92 193 8 23 51 158
211 242 221 26 108 206 181 232 297 145 289 152 130 184 4 11 20 171 95 187 245 133
1 46 116 177 290 215 274 125 213 32 128 188 66 34 12 201 63 189 181 247 91 136 71
130 163 174 219 243 235 269 172 236 276 71 138 103 67 177 205 257 121 241 170 134 294 149 54
128 173 253 83 225 167 45 58 13 109 263 41 230 79 185 108 195 205 253 294 254 11 231
72 83 126 138 162 294 28 212 220 4 216 148 116 52 156 10 3 229 135 263 41 78 173 175 200 174
87 146 259 176 103 85 246 128 50 123 91 203 214 80 225 139 145 243 149 256 2 247
26 57 90 91 261 106 273 15 267 221 279 9 192 126 259 236 83 147 25 103 224 288 60 59 178
179 271 43 34 31 130 198 151 274 239 265 299 270 203 164 122 120 42 82 288 27 161
1 65 83 110 252 127 70 40 154 287 242 7 197 88 142 251 44 124 222 275 200 144 76 158 74
111 167 237 287 8 80 216 38 298 293 197 9 102 172 173 256 241 49 272 162 96 240
144 288 218 217 264 14 87 142 151 187 259 239 252 199 134 12 67 279 204 92 276 203
169 230 275 241 113 74 75 226 124 184 155 10 240 219 201 274 263 234 147 175 77 91 139
107 173 70 175 147 92 229 296 270 90 111 253 196 299 197 33 262 198 186 58 36
146 166 234 242 63 172 16 195 202 212 7 154 270 113 148 295 21 245 46 213 267 90
87 109 265 98 187 86 127 245 107 93 230 39 285 26 117 1 118 47 195 24 264 18 63
54 145 232 250 127 32 22 41 206 13 40 215 73 141 210 17 27 64 42 226 171 119 227 296
276 283 203 189 293 30 155 221 251 65 22 215 39 143 153 295 230 132 290 95 42
78 142 162 183 297 235 202 230 74 161 278 87 205 224 236 164 243 103 287 128 126 193 256 63 104
265 130 65 82 150 214 53 127 41 43 231 147 178 297 291 116 17 58 239 12 179
94 195 240 289 261 215 127 227 104 275 152 33 276 34 101 246 5 235 94 270 1 47 198 49
119 162 223 228 223 145 32 3 232 95 85 254 229 10 113 274 248 250 122 282 92 291 162 292
98 194 278 35 29 157 183 285 167 237 27 40 199 17 99 288 94 109 154 268 227 68 276
100 293 168 80 258 181 39 130 278 81 171 71 25 260 297 160 35 75 221 193 232 246
290 153 245 267 113 69 144 239 189 241 254 195 88 83 263 222 87 129 133 292 284
45 120 148 232 293 250 45 128 272 14 70 110 253 155 23 142 277 283 199 116 33 63 16 286
83 121 251 60 109 2 252 90 222 39 144 195 271 94 206 153 204 81 224 125 69 154 18
52 71 52 52 18 278 181 171 788 138 138 54 161 195 221 68 134 5 73 205 243
109 119 182 186 79 158 122 249 279 262 97 69 62 161 218 216 40 219 83 188 17 85 141 90
186 273 177 297 85 203 58 181 166 233 178 155 276 4 274 43 121 21 162 130 62 157
82 172 196 3 34 61 170 176 274 17 10 43 129 232 292 247 54 126 265 22 161 69 273
71 110 130 159 232 143 53 207 207 145 143 143 273 207 221 699 186 138 205 138 161 73 243 195
20 146 204 217 123 179 265 178 281 97 254 193 150 11 170 91 226 69 104 132 155 46 243 87
5 662 156 76 197 260 184 229 174 74 28 4 33 203 128 252 167 5 68 293 127 192
35 271 58 281 212 197 271 155 59 62 69 207 216 289 195 67 255 89 26 122 61 103
55 181 284 130 97 206 234 73 65 191 286 122 11 67 43 153 81 38 174 116 14 32 243
1 18 94 216 226 149 290 200 176 257 253 154 96 58 118 183 99 276 166 180 281 213 79 128 123
121 269 176 94 180 31 62 219 201 51 262 119 70 140 37 177 231 230 44 251 83
18 57 261 194 159 44 298 259 283 46 213 70 5 237 235 220 186 234 171 63 265 109 260
57 130 244 264 100 154 88 61 56 21 185 286 33 218 89 50 0 161 32 90 247 101 215 68
55 119 111 36 63 188 64 299 285 223 224 248 245 227 201 42 13 71 160 146 244 68
216 182 36 114 215 130 138 200 116 247 66 42 46 234 283 110 187 83 197 177 235
13 171 662 233 30 167 115 133 34 28 245 195 55 71 193 206 182 248 228 221 33 201 82
145 168 209 243 253 132 234 218 76 27 169 274 195 161 788 699 134 86 186 208 138 68 73 5 896
47 171 195 210 139 38 46 35 249 259 108 299 61 181 72 251 132 285 97 58 200 276 33 83
24 122 157 213 8 55 36 70 215 57 230 89 105 256 39 244 224 43 201 85 84 288 80 106 58 19 214 81 123 42 50 60 257 110 270 2 96 127 202 173 278 181 190 216
43 44 75 116 137 160 282 33 103 123 172 101 214 211 227 3 78 222 139 34 24 204 196 45 84 22 113
160 6 275 22 102 157 198 184 60 154 248 82 121 199 120 283 65 23 26 289 104
97 83 97 217 198 115 172 237 81 37 273 22 298 282 287 191 225 48 263 76 278
50 62 66 106 166 228 264 277 75 79 239 121 101 245 235 111 250 13 115 197 230 229 206 258 224 27 11
12 91 225 167 92 251 285 46 114 189 21 262 254 187 205 13 71 212 242 225 119 221 173 147 254 31 159 100 67 231 95 185 152 114 257 131 294 86 76 255 209 151 290
10 42 187 245 51 196 24 240 139 60 271 205 87 121 146 246 252 108 241 115 10 56 284 197
43 69 241 216 261 82 143 48 47 134 28 276 267 128 230 203 189 29 66 15 152 280 174 30 110 63 87 222 31 76 268 292 155 170 167 58 115 13 118 44 16 19 117
30 159 188 225 95 111 16 83 218 268 62 126 7 212 49 86 63 71 273 279 226 204 195
260 31 61 230 57 156 37 118 142 255 91 257 132 174 2 122 192 278 139 275 112
25 257 227 288 165 42 166 104 238 295 267 143 214 246 39 25 221 297 38 144 275 113
183 241 280 194 71 45 171 182 144 150 166 231 9 89 81 246 170 77 192 227 4 28 104
11 79 179 231 262 283 289 96 293 244 126 44 196 132 230 197 153 263 250 120 87 214 12 114 19 165
22 284 285 214 73 28 219 78 127 262 251 175 211 120 165 231 86 178 97 213 36 210 298
248 293 27 36 143 138 140 201 68 241 239 33 210 115 238 170 62 28 250 102 258 161
23 74 99 261 394 274 74 200 258 188 194 156 130 215 217 104 214 264 152 58 28 133 100 90 23
70 194 288 233 51 127 152 192 84 292 241 52 258 124 249 270 14 240 39 245 172 180 131
278 77 150 68 192 240 70 11 57 12 140 20 130 32 25 53 132 211 152 284 134
25 93 136 173 182 185 273 284 675 84 31 31 126 40 913 116 55 675 14 27 234 163 105 949 153 461 11 720
67 103 143 241 10 111 103 161 55 214 249 128 281 279 113 8 138 199 59 159 153 222 30 254
48 57 179 60 253 177 177 253 572 60 167 572 15 134 596 451 203 978 208 103 166 191
67 114 202 117 18 193 118 108 30 284 238 159 230 299 8 57 3 143 182 72 271 112 101 155 13 242 98 97 265 116 23 115 132 268 31 122 40 87 49 275 135
119 134 159 213 263 198 52 280 273 194 219 287 6 204 167 251 41 193 180 298 272 34 232 27 111
10 52 163 223 242 244 266 5 201 70 26 41 292 133 232 209 154 36 177 224 102 166 117 141 72 182
48 248 255 277 282 291 244 245 72 117 229 41 102 78 144 55 26 216 22 254 278 212
247 19 274 162 150 79 11 100 38 85 295 22 230 45 109 144 206 207 247 126 112
4 25 183 205 249 13 269 65 77 272 43 14 236 113 255 130 79 71 135 127 29 299 137 122 168
13 20 23 83 149 232 394 83 214 297 289 18 2 90 27 141 114 280 193 47 139 134 81 270 103 269 281
43 49 95 111 394 102 57 222 88 217 74 71 229 37 115 207 184 257 25 66 168 67 86 283 276
5 141 174 183 231 251 218 245 213 49 164 85 285 210 101 100 295 103 252 73 136 131 267 214 47 122
55 113 148 112 235 67 61 74 121 153 184 97 277 34 39 126 21 95 0 222 120 23
104 807 208 125 215 255 255 121 222 55 77 208 203 197 596 248 166 779 15 49 451 103
254 279 143 25 42 253 234 272 266 157 239 233 32 276 248 8 265 267 44 165 178 128
192 218 252 226 220 189 72 53 294 145 82 100 130 31 98 107 113 296 11 227 92 19 71
45 66 103 166 235 170 150 122 191 173 289 186 18 145 40 60 105 104 210 140 172 226 31 295 163
55 147 267 278 239 5 278 277 5 73 168 102 213 138 896 221 205 73 788 699 243 186
37 47 213 280 167 171 299 55 100 252 69 63 241 129 260 5 187 144 13 150 295 281 276 166
10 132 145 151 192 165 28 168 191 122 293 209 210 167 157 294 54 276 112 160 280 176 197 259 144
45 94 139 252 742 267 143 129 61 206 201 237 206 16 153 61 229 203 374 215 829 678 70 951 259 158 87 105 152 159 85 203 145 189 56 72 121 34 225 269 118 59 160 273 210
3 20 143 7 238 7 191 126 187 191 191 285 252 27 237 240 720 11 137 24 153 213 234
59 127 45 126 0 82 260 204 26 153 67 176 136 92 54 19 199 98 275 264 252 72
53 86 122 134 111 82 91 270 166 146 224 63 172 169 160 98 86 8 17 242 16 147 206 271
70 221 35 138 271 30 199 278 184 186 78 59 118 269 152 32 82 168 114 23 11 70
208 282 280 217 152 298 170 65 95 225 165 200 33 283 293 55 240 15 91 246 154 201
36 70 273 662 94 199 249 92 15 289 26 290 288 59 130 119 46 107 79 145 3 56 291 100
78 394 16 96 43 136 171 135 11 131 230 251 195 17 213 123 8 202 85 100 236 229
74 100 109 283 110 6 288 26 20 272 146 168 233 227 61 133 264 242 155 80 50
189 259 742 56 5 57 48 143 140 252 264 69 127 64 133 136 75 207 126 43 39 276 223
97 118 135 255 281 331 79 908 191 331 214 154 79 908 214 331 214 54 86 208 68 205 788 186 5
17 112 89 115 68 23 279 57 19 189 185 253 50 242 202 276 167 13 25 290 250
204 233 256 394 179 82 222 281 87 128 202 39 224 261 129 99 16 116 239 169 172 114 59 84
48 294 48 232 89 108 196 46 58 265 24 9 116 168 66 178 59 21 247 268 142 244
31 65 94 199 256 807 22 262 160 182 247 15 62 14 276 177 145 284 100 156 96 191 0 21 162 168
12 117 232 280 19 180 7 266 239 160 66 221 36 258 199 111 231 151 28 126 55 295 131 84
125 178 210 207 85 37 199 83 15 40 288 106 175 22 249 8 113 166 157 17 101 55 180 283 64 72 272 15 125 31 142 186 1 32 203 2 3 244 214 73 287 235 147
7 20 22 78 119 146 169 238 248 259 262 79 209 186 8 254 131 113 160 90 200 127 282 64 118 16 43 85 73 89 264
19 28 64 111 248 253 270 180 281 123 194 15 235 6 275 282 294 228 277 193 253 58 239 117 159 165 17
126 259 277 116 295 256 707 13 31 191 288 13 277 229 921 68 678 951 203 25 191 7 219 70 96 196 298 109 40 173 29 119 271 50 194 120 38 31 116 30 267 273 193 24 2
252 281 232 84 193 112 40 12 145 159 96 220 35 217 26 198 247 58 24 123 269 60
105 162 176 108 260 224 41 88 164 60 202 56 278 147 209 257 186 219 293 97 136 2
130 131 168 194 226 266 45 21 52 65 288 239 112 295 162 286 197 199 71 93 277 270 47 146 50
151 52 38 5 17 181 237 18 179 245 216 141 122 21 145 71 150 162 228 266 49
47 129 222 225 250 224 229 119 253 93 3 47 238 223 200 187 291 72 94 83 147 292 263 164 1
8 43 166 181 194 274 24 299 299 76 243 52 254 254 55 281 221 221 134 397 186 138 788 186 208 86
25 39 40 51 68 80 115 273 173 224 92 239 289 279 98 49 257 203 162 223 54 199 275 130 58 69 51 232
174 210 662 169 60 114 294 81 238 85 8 71 62 230 44 259 228 124 106 283 24 132 218
29 76 51 276 293 138 19 239 108 53 168 176 178 245 76 9 241 125 212 156 38 237
61 85 136 147 154 235 807 35 284 135 237 176 227 123 43 239 55 97 17 78 99 66 79 80 278 164 269
93 107 135 169 239 2 33 269 283 230 215 205 70 98 68 220 14 71 192 181 19
76 93 243 169 67 49 35 222 213 126 246 16 211 147 21 10 202 90 162 94 171 37 199
19 25 59 230 247 292 244 293 230 263 19 181 250 162 159 82 54 264 242 76 204 110 177 147 236 251
226 662 260 103 139 109 54 47 149 215 197 61 288 65 259 106 26 270 273 263 268 89
127 283 84 99 4 231 261 46 256 5 168 92 65 237 97 219 164 147 1 44 298 23
62 239 256 508 74 234 109 91 211 108 172 249 113 223 275 50 187 193 271 204 198 264 189 192
27 118 272 0 118 274 245 139 270 107 149 268 261 43 279 297 229 46 70 173 34 194
9 197 206 206 156 156 204 817 143 206 206 411 44 55 49 591 193 234 152 73 71 248 662
155 203 508 127 16 13 120 23 27 70 98 167 232 173 79 164 99 111 186 253 278 251 187
248 294 22 102 142 144 251 271 103 194 826 146 156 146 146 14 146 156 147 206 296 231 74 120 283 236 817 653 259 219 93 248 87 122 99 180 108 274 52 157 190 156 75 41 250 170 96 81
143 179 293 128 143 175 271 120 111 275 212 182 73 205 64 202 66 44 169 80 257 153 224
94 113 123 183 186 226 276 294 187 192 17 10 32 168 280 98 64 37 130 133 43 273 252 284
110 216 7 100 63 11 137 41 298 166 192 3 79 253 269 294 52 21 46 15 110 30 51 249 87 299 196 164 32 197 194 37 124 238 246 276 50 208 76 142 179
23 272 267 251 40 61 91 149 201 51 203 249 88 210 213 104 94 124 119 241 99 289
52 120 182 807 55 92 182 165 283 99 275 251 246 80 46 57 34 252 294 282 296 101 58 284
19 214 58 262 121 0 296 11 278 259 128 102 131 50 283 203 146 99 15 122 244
71 89 195 166 169 106 226 60 78 75 186 100 217 252 156 199 39 70 254 237 208 36
188 263 219 254 22 4 290 227 12 208 297 137 10 130 272 72 279 37 50 251 36
10 71 211 267 30 173 172 123 294 66 80 178 98 134 205 165 166 160 212 241 149 128 70 31
9 32 103 147 298 210 244 171 172 51 174 48 196 169 31 180 175 233 260 275 66 70 39 160 295
935 0 281 232 113 40 149 150 219 55 95 4 159 73 37 288 16 297 11 47 58 132 142
61 204 231 662 259 158 130 253 144 251 80 281 87 177 155 26 255 238 221 31 189 242 159 32
77 117 99 191 107 107 837 231 293 81 107 191 203 55 112 248 174 49 208 779 166 77
237 201 296 508 263 296 130 112 93 296 218 69 229 936 810 184 171 4 170 220 258 125 273 75 34 6 179 83 28 126 263 188 99 17 296 251 139 152 51 127 76
8 198 237 441 91 135 29 72 91 355 98 135 46 438 186 605 54 243 138 205 195 208 788 161
127 468 33 201 276 58 27 245 192 290 73 100 229 281 7 210 1 184 288 149 61 193
662 807 194 67 61 78 194 226 272 194 67 272 226 949 720 11 237 294 113 9 24 461
140 177 170 93 27 23 97 107 241 182 57 233 284 126 135 242 87 246 221 264 198 82
103 150 191 280 710 295 106 148 710 710 388 903 106 388 197 106 117 406 152 265 233 252 348 237 164 240 126 82 267 155 214 271 153 278 72 68 95 78 157 122 70 145 45 40
31 76 171 181 943 98 621 109 621 109 129 355 788 208 186 68 397 86 699 134 161 5 605 221
65 129 58 226 78 545 545 30 545 572 837 9 294 24 234 720 154 163 237 153 687 113
9 48 50 177 185 60 35 298 111 262 24 165 32 144 58 18 194 113 43 140 170 88 137 133 232
16 60 290 113 364 105 41 103 978 16 41 31 10 162 43 213 449 45 740 928 197 825 191
24 42 79 190 202 103 138 41 105 190 105 103 978 53 725 31 191 45 10 254 449 825 36 198 122
64 219 729 290 149 196 224 204 21 291 271 157 282 120 211 141 265 272 298 35 221 174 28
206 238 159 139 168 104 151 5 180 92 262 153 247 48 1 50 58 41 200 292 146 187 206 239 86 297 155 139 25 278 250 202 235 123 74 9 58 129 253 281 35 81
66 197 255 272 807 179 158 250 243 21 204 104 59 210 33 219 123 24 229 191 146 246 112 232 235
30 74 158 219 607 222 277 224 109 226 185 236 197 223 227 251 292 217 54 3 1 189 126 256 269
3 14 99 147 163 779 419 692 908 543 170 933 714 901 444 537 635 114 269 483 871 771 235 629 574
170 205 916 34 312 764 773 595 998 826 746 619 641 460 56 776 648 616 537 786 724 163 74 479 919 122 152 3 71 258 287 63 49 86 220 11 99 95 17 22 291 53 161 119 204
19 198 247 281 25 56 120 126 199 216 234 41 236 21 41 21 199 424 284 41 940 258 300 234 957 31 522 58 744 131 328 131 138 722 17 212 7 130 570 230 230 973 510 120 123 253 245 365
60 92 281 26 233 233 13 180 134 259 237 180 233 933 933 375 118 731 948 775 234 26 896
24 115 215 202 88 244 118 259 89 242 150 78 27 154 287 23 145 55 144 280 133 65
283 44 26 99 247 281 251 14 207 96 153 221 74 185 3 141 291 274 9 111 256
38 141 160 170 143 122 107 170 279 23 42 280 123 83 94 148 177 167 233 141 4 222 142 258
203 227 240 72 78 43 262 94 25 13 68 111 231 243 220 145 125 296 208 93 215 228 15
0 53 278 160 240 295 122 247 53 152 2 105 259 231 261 181 136 59 222 180 37 16
17 201 250 272 50 62 102 84 279 238 19 160 110 164 98 177 221 76 214 8 289 161
116 133 175 208 241 192 103 200 69 148 264 161 216 175 236 43 141 87 46 248 4 135 153 205
131 256 74 124 4 191 151 22 68 137 94 208 71 207 181 47 173 119 56 101 295 70 69 242 30 189 23 103 185 15 135 240 260 37 117 132 90 171 173 72 57
156 182 207 40 248 179 120 67 150 74 71 52 37 11 48 89 54 68 271 269 167 128 217
12 212 171 100 11 275 31 46 279 89 693 116 289 195 951 598 117 789 295 290 152
29 129 132 232 248 201 118 64 230 202 131 285 77 91 152 117 60 181 88 0 283 143 263 212
92 114 285 584 283 202 224 155 204 104 106 2 103 109 139 10 0 210 271 287 22 241 17 40
54 194 139 168 242 160 279 143 264 99 227 42 117 181 137 37 10 69 3 292 55 157 91 166 69 244 5 39 214 296 54 140 181 285 102 113 185 195 233 38 278 168
5 73 275 88 75 294 34 274 39 154 158 128 180 272 70 197 93 101 210 178 84 120 252
152 162 213 13 36 86 130 46 182 187 272 105 88 267 2 57 295 162 292 113 118 164 124
55 237 276 72 160 54 269 61 93 112 18 48 293 203 132 63 26 284 290 281 40 97 123
19 95 174 246 164 91 206 11 181 85 78 9 28 189 239 69 168 248 285 112 15 217 211 63
178 241 198 12 129 249 85 233 122 58 124 213 286 99 132 25 145 55 7 84 278
156 225 152 266 252 2 264 141 96 128 86 193 50 47 8 272 31 282 163 10 261 177
88 133 281 262 178 296 66 52 151 117 189 159 268 123 182 29 118 236 87 169 176 260 97
167 213 246 111 65 260 133 183 105 34 71 62 113 297 247 86 57 165 223 261 241 91 149
102 199 253 289 262 33 128 172 295 17 101 266 159 108 165 136 144 279 174 135 299 163 0 171
28 46 76 271 231 51 210 45 97 181 124 27 65 268 23 164 94 287 140 115 290 87 294 254
156 259 129 162 68 96 219 277 297 207 81 82 45 92 209 112 260 225 161 44 228 63
184 218 227 99 265 118 211 97 176 98 90 127 247 171 192 139 255 49 44 122 137 167 248 234 45 17 281 126 139 7 288 40 2 54 41 148 46 83 165 58 190 252 246
37 102 236 292 43 90 208 74 77 163 0 31 72 249 267 173 37 182 80 117 50 237 118
1 2 172 254 133 24 292 20 99 40 2 73 41 205 105 42 222 39 265 187 245 153
77 219 173 160 293 11 68 134 212 213 187 94 43 81 227 127 95 196 56 253 57
184 294 584 101 135 37 288 44 151 268 155 112 111 231 235 117 78 18 69 181 277 51 180
281 296 245 254 217 105 130 177 143 277 19 2 145 53 14 24 6 242 227 281 81
45 193 226 176 0 259 131 64 196 55 50 167 13 224 126 232 173 79 165 136 57 171 261
134 291 258 153 204 44 104 192 177 164 237 278 232 150 178 114 190 17 110 280 121
38 205 143 224 144 70 9 119 117 123 22 255 243 89 2 21 163 193 152 225 277 128
125 133 237 267 269 114 200 215 251 290 250 21 216 92 87 77 53 51 297 221 252 139 40 247 181
129 137 265 23 23 181 172 81 56 81 237 191 251 258 295 970 106 165 23 73 333 22
52 131 278 295 41 269 266 109 72 114 148 4 8 68 251 56 33 223 16 60 73 185
9 22 52 79 84 87 106 11 8 106 89 135 256 197 57 134 184 224 102 84 139 187 72 104 3 130 73
410 214 9 148 13 149 200 122 162 286 174 107 27 218 77 263 265 120 195 60 40
12 107 152 261 206 96 203 223 288 7 120 256 54 46 192 155 97 167 79 239 247 81 248
59 157 168 113 30 14 56 55 242 73 132 255 289 155 45 147 61 248 205 21 238 143 84
1 14 82 58 100 94 280 281 248 274 278 162 205 110 267 102 93 55 2 88 189 299
118 44 180 180 292 58 44 171 44 229 229 180 188 693 116 289 195 55 242 36 789
34 162 214 282 286 106 83 194 27 131 121 55 288 274 261 13 263 10 178 48 166 1 286 21 210
68 184 27 164 278 46 122 8 251 172 43 223 180 206 253 263 99 281 249 296 163 101
183 249 262 215 34 15 46 42 232 78 115 147 19 219 150 97 85 247 98 138 139 248 137
29 31 114 132 259 293 152 150 197 67 76 145 3 148 112 58 259 105 6 299 75 147 97 90 166 219
92 108 112 197 284 201 28 101 298 43 115 297 197 136 141 200 89 125 51 124 72 185 283 54 37
817 75 94 214 584 25 201 272 82 208 192 62 245 159 72 187 48 293 73 189 75 214 5 91 101
98 126 167 184 298 206 6 37 93 293 84 170 29 252 130 121 262 72 125 123 235 173 66 163 276
136 148 175 180 195 157 28 283 283 168 239 226 32 188 693 116 289 195 55 242 36 789 295 148 152
54 59 283 462 176 256 254 163 20 23 154 187 54 31 216 265 2 156 35 175 92 82 171 206
50 196 279 98 259 216 19 120 247 136 58 257 24 20 81 77 99 48 283 202 256 66 266
7 47 54 286 270 86 244 60 130 198 201 31 45 258 116 110 84 34 69 178 80 180
181 199 200 299 0 187 11 22 36 244 27 134 279 133 159 211 2 240 204 178 165 253 156 183 232 120 88 265 77 281 116 134 168 85 127 11 280 102 66 29 213 10
46 145 235 84 36 168 35 257 17 232 270 250 86 8 3 150 293 78 12 160 166 252 268
260 1 202 92 74 232 141 50 236 94 25 293 102 97 9 291 259 168 96 250 33 45 133 45 79 274 274 133 78 79 205 237 191 251 258 295 970 106 165 23 73
40 215 244 192 179 0 36 182 169 239 139 28 215 37 210 14 49 47 240 132 186 135 145
51 271 172 296 72 42 151 83 260 219 269 148 63 288 249 237 289 277 179 250 30
32 49 61 297 272 259 124 171 199 14 18 284 236 1 107 59 57 47 254 209 8 214 166 271
260 112 222 276 245 272 273 170 99 165 200 12 286 59 137 117 298 252 101 74 218
20 48 70 164 276 29 115 198 158 43 257 54 22 88 232 59 185 102 50 225 293 278 193 99 109
96 107 224 153 225 52 251 287 248 54 25 11 272 120 41 283 49 100 203 145 297 34
173 80 183 15 261 15 260 15 261 693 116 289 195 55 242 36 789 295 148 152 57
46 187 190 113 246 28 195 18 244 261 67 197 91 176 235 193 234 166 287 254 86 184 274
120 176 94 181 17 87 149 184 76 254 186 113 23 231 19 123 247 223 55 293 255 85
92 205 244 278 0 64 41 131 234 132 167 264 150 126 171 14 129 200 18 54 269 137 61 138
36 48 64 113 257 292 193 61 207 61 275 410 116 3 61 237 191 251 258 295 970 106 165 23 73 333
11 149 162 89 280 270 202 177 23 50 246 123 75 20 113 257 84 195 104 27 9 255 223
247 255 157 289 202 273 47 218 201 160 22 294 192 261 285 185 227 235 102 129 252 225
27 119 112 282 54 166 270 132 283 217 45 20 194 90 146 295 16 245 39 259 17 126
47 146 169 272 116 146 260 258 246 125 124 237 191 251 258 295 970 106 165 23 73 333 22 11
217 278 114 27 296 76 107 137 7 220 46 230 129 192 158 112 236 135 198 217 24 132
9 286 122 146 138 201 198 71 168 123 19 34 29 273 132 157 251 75 216 233 284 23
147 292 224 3 258 109 121 193 283 63 169 206 128 110 230 268 145 147 263 266 160 73
20 27 54 163 230 410 287 118 146 120 110 291 61 184 258 0 105 265 13 186 97 112 56 172 221 267
168 70 97 251 160 96 210 277 263 241 149 95 195 181 35 139 168 66 41 180 161
57 228 240 183 262 142 70 207 78 111 104 255 211 285 42 169 5 163 192 164 242 85 64
195 248 250 282 160 248 74 207 4 170 39 290 18 209 94 113 211 134 210 167 249 295 172
49 86 87 96 135 205 55 83 55 195 54 195 206 206 237 191 251 258 295 970 106 165 23 73 333 22
9 53 231 134 75 37 26 178 202 16 146 131 135 87 105 18 193 157 43 46 183 51
69 171 48 149 205 263 80 209 187 29 253 270 220 72 208 2 298 95 79 24 119 252
99 206 227 93 230 90 222 144 273 204 6 121 20 53 294 46 131 208 223 173 196
19 57 142 223 35 40 140 252 1 59 183 100 49 294 38 233 143 247 109 292 283 22 48 216
170 182 65 115 276 261 29 12 243 159 292 81 85 268 288 248 179 123 95 232 190
243 284 279 5 130 23 23 96 208 96 693 116 289 195 55 242 36 789 295 148 152 57 143 24 147 47 92 175 56 6 1 82 11 119 144 176 151 96 146 79 26 248
37 114 155 208 236 238 276 584 235 162 272 142 173 104 63 297 269 211 254 134 23 152 90 184 14 98 77 94
27 40 124 71 296 142 108 217 290 46 205 96 64 172 295 156 175 202 10 155 249 27 269
94 286 7 48 120 262 242 89 42 16 96 106 280 104 129 116 88 63 97 269 130 165
19 25 183 243 150 198 298 259 9 105 161 189 195 33 143 96 287 270 108 164 266 262 71 12
54 290 46 60 95 153 243 291 111 294 211 224 225 23 257 191 148 267 124 15 219 98
155 272 260 188 179 201 102 172 122 134 283 43 50 219 263 129 157 245 231 143 177 39
90 116 264 289 64 245 176 191 66 277 72 248 294 130 135 117 256 79 297 59 123 287
86 194 12 93 197 147 278 285 136 180 261 0 168 183 97 228 116 165 132 203 238 173
71 143 167 263 174 231 43 28 178 55 8 49 73 20 284 68 199 245 229 86 186 191 262
0 95 264 127 212 107 293 269 109 261 105 102 150 25 4 207 146 176 240 106 68 61
5 68 257 46 290 142 144 175 65 208 287 267 31 207 138 156 119 95 132 94 70 85 17
1 32 39 187 88 294 279 82 24 54 123 86 120 130 285 220 211 151 224 188 128 8 14 80
40 159 260 12 54 206 261 248 162 294 55 74 217 64 10 67 49 137 30 119 253 192
117 153 299 88 72 281 148 137 198 277 102 8 108 52 225 283 138 92 105 139 83 147 192 62 255 288 79 176 201 113 144 159 78 77 68 72 243 196 31 172 104 284 95
21 115 288 410 584 6 279 123 51 186 142 178 31 192 68 64 275 257 185 155 170 148 224 107 245
11 162 288 584 44 48 227 105 187 205 7 96 88 156 268 157 11 210 240 107 131 226 42 146
234 210 210 12 140 191 140 191 251 693 116 289 195 55 242 36 789 295 148 152 57
31 102 154 185 196 238 45 143 208 89 184 65 257 111 152 60 229 273 290 243 40 113 86 159 165 71
13 40 270 297 38 43 77 190 147 135 228 37 138 111 289 127 163 16 287 82 78 80 274 44
53 98 265 178 24 134 87 181 112 172 271 117 170 120 139 263 184 147 96 252 189 159
105 195 257 50 195 74 79 191 259 11 206 156 68 15 150 42 235 220 255 237 230 23 153
6 75 279 172 229 142 256 199 264 121 96 21 87 156 208 202 120 144 77 203 146 102 71
93 140 195 195 222 12 85 54 183 195 693 116 289 195 55 242 36 789 295 148 152
16 92 222 204 234 264 28 80 154 83 268 2 51 81 39 211 86 90 146 97 110 280
74 137 159 7 97 149 107 30 81 227 164 286 105 27 126 194 20 242 2 96 283 258 210
131 256 200 140 256 34 224 224 256 291 693 116 289 195 55 242 36 789 295 148 152
14 111 172 210 234 287 262 108 27 69 294 5 256 153 132 219 207 273 211 200 150 84 138 187 64 82 19 38 223 90 51 184 57 155 4 268 60 55 271 185 179 17 64 279 201
65 96 129 142 187 275 121 174 92 140 58 69 28 290 186 35 61 133 64 143 142 202 115 241
24 202 293 410 105 50 268 150 172 213 250 238 36 211 17 112 246 65 38 49 171 210 295 212
13 235 222 285 155 258 204 100 151 297 208 284 279 44 78 259 99 200 165 247 131 113 176 103 286 158 48 181 153 167 119 32 224 134 172 145 175 256 44 288 269 146
126 177 58 227 240 219 242 175 81 22 174 146 32 266 272 133 100 296 92 35 56
2 39 44 183 120 293 245 237 198 73 294 210 280 194 195 82 88 1 236 181 256 277 250 13
64 89 243 584 46 78 256 1 0 19 167 102 65 6 20 92 292 198 159 88 166 190 13 118 281 140 181 225 168 198 182 240 55 285 234 215 268 184 195 258 192 227 22 129
167 51 185 203 129 222 66 294 272 121 26 180 172 99 62 240 36 169 1 162 209
50 12 151 94 153 86 100 282 173 135 249 216 87 202 99 290 20 186 62 286 25
42 238 278 280 281 219 295 140 175 79 256 189 261 194 287 124 172 133 122 230 235 274 87 262 298
33 126 292 584 268 227 201 212 297 214 192 25 190 59 108 66 146 243 28 127 46 75 26 221
11 15 143 226 229 584 62 102 57 209 156 184 40 131 237 255 53 175 285 195 116 69 64 140 41 98
65 81 84 137 252 268 286 189 3 251 230 153 89 208 158 27 191 91 270 49 227 182 266 287 70 284 19
3 105 213 584 156 21 172 106 144 3 155 67 135 9 28 103 157 181 188 116 115 218 101 291
20 29 171 118 194 63 162 175 44 111 161 47 134 43 58 262 156 109 89 253 172 105 53
58 71 133 173 277 44 22 127 183 89 100 262 169 25 122 138 291 222 227 128 191 162 188 147
76 185 253 245 166 138 223 71 89 3 111 31 215 139 99 88 16 258 119 264 150 224 123 23 266 79 155 78 59 177 102 196 3 256 10 35 34 112 237 58 92 238 32
6 65 126 158 224 242 275 271 125 113 115 103 84 128 80 205 234 124 26 47 170 50 140 58 123 87 19
9 23 174 268 140 254 125 242 82 276 161 51 5 198 84 77 141 255 267 160 34 29 16 48
188 44 298 23 153 66 30 182 261 92 287 161 60 201 199 277 252 35 154 28 243
127 139 272 290 200 4 52 243 57 256 213 171 77 7 245 216 28 90 276 208 188 179 148 80
75 114 106 181 108 262 15 234 161 289 41 143 42 260 254 274 230 55 86 129 164 17
157 170 275 88 6 144 134 5 275 188 170 35 283 48 12 205 66 25 4 61 182 23 252
24 132 170 236 49 92 295 62 119 120 13 128 156 149 235 117 47 176 237 209 121 171 206 216
59 79 204 281 104 70 128 24 81 134 215 226 245 100 183 101 225 164 173 180 153
70 205 221 225 162 256 45 182 176 45 256 162 266 693 116 289 195 55 242 36 789 295 148 152
41 61 80 89 93 94 272 279 131 135 201 11 155 140 31 62 94 223 230 32 69 209 78 152 227 270 183 280
69 166 205 226 245 186 149 198 46 160 279 54 10 37 0 221 16 218 130 208 91 148 24 210 23
45 100 167 238 266 291 584 123 205 294 71 150 9 41 223 107 181 186 12 121 102 146 61 242 299 110 177
189 39 178 208 60 108 129 68 89 125 233 194 240 5 275 146 192 3 44 197 255 39 284 252 161 294 12 189 77 235 124 113 285 277 34 268 192 156 35 66 261
46 131 210 126 155 55 20 196 87 169 116 202 259 198 224 192 94 260 208 154 293 119
9 21 137 277 289 290 218 193 87 56 173 109 115 192 288 215 171 213 292 293 16 176 186 72 198 170
85 115 290 13 246 231 184 176 290 30 37 69 295 245 2 228 171 9 106 152 40 236 18
77 101 149 153 178 207 211 106 193 122 17 247 118 142 208 164 154 239 81 64 27 10 286 111 285 277 278
24 197 230 785 59 71 142 261 210 238 215 67 15 134 229 106 146 97 136 114 13 242 22 88
0 23 29 80 172 223 195 120 45 158 273 83 118 206 39 243 184 7 13 42 53 122 251 200 236 189
112 195 201 185 111 111 185 789 111 185 66 693 116 289 195 55 242 36 789 295 148 152 57
195 188 197 112 176 19 225 90 31 240 242 83 284 238 8 11 53 157 153 128 253
93 164 226 211 197 252 190 295 121 122 263 160 139 148 169 38 200 78 39 22 189 176 25
230 269 8 217 202 268 135 40 211 248 237 32 7 262 256 208 174 171 126 105 100 282
27 31 75 102 182 277 584 67 115 167 261 66 278 106 6 227 240 201 221 187 32 296 228 220 203 73 290
20 24 126 287 124 205 260 170 39 256 275 257 14 46 55 277 144 190 37 265 94
290 235 164 76 295 42 171 121 48 253 100 181 205 274 232 192 130 137 172 0 294
159 160 208 138 53 187 52 172 106 142 232 265 236 185 132 104 254 22 31 284 121 179 162
154 223 224 149 170 120 198 29 294 261 205 262 193 271 107 260 111 265 266 9 39 231
41 119 174 211 299 789 127 789 174 209 96 9 127 72 241 693 116 289 195 55 242 36 789 295 148
132 163 186 288 287 249 200 9 71 238 181 281 91 49 154 253 17 291 139 80 259 27 149 111
60 77 224 297 253 101 34 280 163 267 141 238 273 172 81 7 239 185 229 225 93 200 237
73 75 104 107 242 252 263 263 114 104 75 87 112 96 52 233 144 231 163 100 26 171 102 20 56 176 242
279 49 180 18 70 46 257 137 289 164 78 172 143 292 277 119 222 279 260 159 228
192 161 75 248 155 64 279 258 114 81 205 260 272 22 218 254 40 16 132 262 185
191 197 257 270 200 262 217 266 79 224 275 283 179 281 60 130 68 220 196 56 149 20 278 194
19 144 187 198 229 248 296 584 65 88 237 108 118 76 278 75 96 233 235 205 3 297 189 107 227 188 146 272
236 240 141 137 186 263 277 48 23 209 29 296 161 19 227 256 34 89 10 56 168
16 83 177 181 216 291 462 115 244 58 290 180 236 279 25 52 103 260 151 80 8 242 212 17 106 273 229
50 521 123 116 116 255 255 103 289 95 237 191 251 258 295 916 106 165 23 73 333
941 37 43 125 136 138 151 156 280 38 175 157 229 172 70 29 257 238 226 254 272 154 232 108 30 59 115 17 12
92 183 190 242 37 207 259 214 288 277 208 160 110 93 142 238 19 203 183 85 179 100 230 198
96 155 111 62 80 148 199 97 151 194 118 213 277 240 208 65 61 223 71 63 257 136
16 52 81 246 258 163 101 196 81 158 131 142 35 186 291 233 201 8 286 181 95 114 105 116 226
7 39 236 238 280 285 289 792 203 241 211 176 31 122 43 258 299 167 214 29 280 136 200 89 24 251 209 206
17 256 269 114 78 127 129 52 193 279 80 45 5 245 79 240 236 282 295 18 25 130 296
143 192 194 205 76 134 71 291 257 14 60 78 190 66 140 75 253 237 59 143 65 262 43 83
27 149 164 174 262 263 295 68 118 174 209 248 47 246 21 50 114 27 135 101 253 167 78 186 231 232 200
32 53 59 103 126 236 280 33 249 172 204 252 123 104 248 50 267 101 1 162 224 76 46 36 82 166 58
139 584 73 76 132 75 87 71 102 78 97 161 108 80 96 100 217 210 83 110 68 260
59 178 187 196 690 177 188 274 13 229 146 242 110 281 87 22 250 128 78 277 18 28 223 284 295
25 69 177 239 185 264 230 45 49 182 157 66 137 236 178 135 8 90 210 204 194 207 85 103 29 84 206 66 243 101 46 6 250 122 242 276 134 26 10 155 290 215 9
34 259 29 167 175 197 231 260 271 99 62 360 702 261 88 935 993 911 612 961 717 836 754 336 760 426 6 785 788
855 34 173 207 258 295 256 859 633 833 79 693 591 531 678 61 958 572 450 39 187 146 871 424 512 773 32 290 20 139 261 192 157 148 15 79 234 249 3 10 123 221 124 130 244 112
270 341 139 123 191 101 48 221 267 8 116 57 3 54 171 104 47 294 282 60 106 217
1 30 226 805 258 129 89 129 791 250 862 734 889 791 1 811 49 222 378 432 610 702 610 684 240 248 255 94 100 185 121 218 102 173 295 145 144 42 14 51 69 139 26 244
194 169 523 109 234 298 7 120 22 23 190 629 172 80 17 220 270 286 109 506 283
116 141 255 103 68 134 62 50 0 151 247 2 243 112 46 235 13 287 212 124 72 53 156
159 221 223 261 198 266 78 76 269 1 154 285 48 186 169 66 261 86 150 143 54 85 194 163
86 113 142 295 242 286 137 35 117 241 227 78 181 42 49 185 96 6 180 243 265 118
3 266 284 16 200 159 145 92 85 62 147 255 43 248 17 10 152 214 234 247 121 164 267 214 219 287 201 23 83 295 48 138 173 182 241 187 265 224 19 255 52 298 129
3 111 135 238 294 297 266 270 134 19 19 181 100 225 127 102 127 100 647 54 287 297 464 153 44 261 490 223 188 134 167 129 280 299 105 6 211 207 113 297 185 142 221 180 111 1 233 173
87 272 91 238 195 68 121 56 293 146 286 108 261 8 193 291 7 284 48 269 184 240 201 104 13 258 91 186 286 192 75 205 102 117 140 103 204 8 90 173 126
173 227 236 246 231 9 141 69 25 158 216 247 209 227 92 8 239 98 177 71 16 72 268 60
206 216 207 4 202 104 124 69 244 92 160 292 261 190 198 156 30 204 145 255 294 289
43 62 73 138 179 135 248 260 120 198 20 236 5 294 8 152 148 36 58 79 62 122 101
188 257 280 250 31 229 67 37 203 79 182 19 102 193 53 183 135 294 148 149 90 44
192 229 230 144 217 54 297 22 242 100 131 213 175 239 51 255 52 88 136 281 216 209
90 83 292 202 13 270 77 53 156 294 42 293 265 84 284 159 153 276 193 30 66
39 143 179 202 169 171 154 278 85 170 104 232 251 208 298 139 220 247 9 133 299 282 249 66
124 159 175 179 235 124 37 232 132 166 70 222 206 110 267 18 277 244 278 275 54 82 167 117 46
966 236 18 282 293 262 63 109 181 87 107 33 294 9 129 166 131 116 169 142 246 173
11 122 154 155 178 186 236 157 166 179 31 269 299 145 295 272 29 220 183 284 140 152 60 266
47 73 127 213 73 296 154 193 288 115 192 249 137 65 8 89 2 212 81 46 86 165 149
120 163 184 210 237 20 289 103 295 129 198 40 147 203 151 78 222 24 81 261 111 68 133 75 106
46 218 289 299 292 46 75 30 255 264 35 24 142 183 135 79 225 242 16 184 129 258 101 189
29 209 182 275 262 271 296 60 265 293 29 95 59 123 216 105 252 178 112 114 273 56
105 118 142 186 77 290 94 169 215 1 240 55 26 156 182 83 78 155 147 0 31 124 4 15
75 257 136 279 197 13 178 3 87 95 202 219 263 35 234 9 235 144 90 291 48 189 258 146 12 195 281 89 116 203 294 163 247 0 229 29 192 279 285 93 238 263
191 6 177 137 47 155 82 261 264 93 244 72 208 179 269 197 18 58 49 263 170
3 75 194 718 49 199 105 225 250 138 94 35 133 282 289 263 36 185 70 190 108 268 194 176
26 44 161 171 21 155 177 16 293 77 53 60 42 196 241 89 206 151 132 78 204 45 147
7 75 239 234 78 214 297 5 197 34 183 277 66 178 259 118 223 26 147 8 67 96
91 203 93 198 196 193 36 104 31 288 223 99 298 26 195 236 37 81 33 100 130 158
120 194 240 14 221 207 49 294 136 20 215 226 46 84 70 42 125 239 130 191 213 297 298
53 61 156 215 199 112 200 0 176 205 2 212 90 233 182 35 99 229 73 178 219 211 281
84 188 278 805 50 291 264 136 219 11 218 0 199 116 137 99 41 260 296 294 24 25 149 183
11 173 242 247 298 97 239 20 253 64 258 121 14 67 5 176 137 266 6 185 214 8 216 259 291
120 278 64 192 263 16 126 296 178 22 3 286 37 15 136 69 53 27 167 119 181 247
194 268 90 171 241 292 195 238 74 99 242 253 142 130 144 204 294 110 135 298 30 169
98 130 805 11 173 70 74 217 226 184 95 104 111 254 247 230 253 148 135 233 176 251 88
86 287 140 249 27 100 181 77 58 217 170 163 224 193 203 261 83 74 149 68 234 142
9 35 137 287 181 76 134 23 242 266 165 160 53 78 215 238 117 136 189 198 185 12 270
35 50 118 142 221 263 257 26 191 238 159 13 155 164 99 121 274 208 247 210 170 278 234 231 110
295 95 288 227 213 276 263 275 150 112 88 156 254 218 273 241 290 122 42 23 45
48 50 70 72 105 201 253 237 20 177 145 139 269 160 296 127 178 14 29 205 47 35 38 279 123 192 232
200 179 278 2 78 59 13 140 159 228 76 47 193 178 287 0 12 54 50 77 123
36 154 261 50 295 130 112 218 197 194 299 149 70 272 122 180 126 289 3 226 34 129 200
23 93 110 125 128 179 195 259 6 71 175 269 78 60 62 172 295 192 206 1 9 189 115 158 247 101 46 81
4 5 31 75 135 144 181 252 111 124 89 183 268 206 96 177 86 298 216 153 69 145 171 237 175 222 108
125 133 234 238 249 206 267 120 256 140 151 225 81 218 4 47 35 195 284 244 258 156 200 295
144 268 264 164 108 57 197 103 275 44 188 292 191 220 109 171 0 34 154 127 232 227
84 90 111 155 164 718 64 287 118 202 275 105 173 20 196 229 95 274 197 101 60 38 35 149 247 230
221 230 240 40 80 31 30 208 89 88 237 223 169 26 182 108 296 132 140 142 127 101 41
16 35 74 156 159 251 150 6 45 154 276 105 298 114 152 144 247 69 284 198 123 218 84 139 60
182 202 211 212 211 128 183 115 186 216 283 261 286 110 171 56 96 92 27 143 196 227 12
29 148 140 24 150 220 31 224 19 16 56 265 239 202 15 180 125 234 85 37 170 178
51 247 290 166 2 275 232 204 123 289 181 58 228 29 212 23 264 247 119 270 46 235 186
58 151 272 729 283 242 67 242 204 256 164 272 240 145 130 182 157 277 13 300 282 281 45 788
65 186 189 202 214 286 109 255 44 7 246 63 12 79 179 17 167 35 231 18 21 285 296 238 298 141
125 254 283 173 4 63 167 184 250 195 295 148 239 132 29 255 176 157 53 268 87
32 82 116 81 183 247 79 217 187 223 31 44 241 194 103 7 264 193 50 299 68 4 146
67 74 202 114 13 38 47 255 235 54 243 76 100 122 5 67 286 159 194 184 28 288 37
34 188 229 221 117 50 97 247 72 155 145 126 288 67 279 174 216 144 197 21 170 285 90
2 32 62 227 18 111 267 192 6 211 105 31 157 64 237 11 165 202 191 229 251 148
95 170 154 81 58 138 61 228 238 20 176 69 192 3 59 266 131 255 200 121 189 52
125 174 238 14 262 153 244 2 245 148 73 256 223 128 247 44 242 172 289 101 48 287 96
46 257 265 235 282 70 271 205 62 6 277 146 92 240 190 140 242 38 258 29 45 101 117
111 290 193 219 80 246 225 59 30 188 3 259 163 292 261 52 0 164 93 295 243 49
217 229 75 225 99 101 77 245 36 248 238 243 122 131 45 59 97 172 288 260 266 254
12 83 118 197 233 242 216 46 238 62 72 61 87 28 33 191 207 5 83 169 35 59 245 131
1 149 156 212 259 272 191 223 257 274 196 108 297 236 33 165 182 59 224 222 162 78 211 192 178 39
66 805 116 124 265 77 5 247 244 256 136 262 200 108 207 257 120 46 24 196 164 252
59 84 90 81 158 260 288 12 119 93 254 255 258 28 82 72 161 66 279 228 102 89 162
60 246 1 138 270 286 111 169 21 297 246 13 34 178 278 299 227 160 86 55 151 185
67 148 75 127 275 147 206 62 67 9 280 294 140 126 42 262 41 192 287 99 156
76 80 96 173 205 718 78 82 200 144 211 51 205 270 263 255 42 48 238 35 58 140 212 121 293 257
64 168 198 203 30 73 42 279 271 5 136 250 277 280 163 141 274 35 153 162 2 171 125 238
101 145 123 158 25 168 286 120 151 27 219 291 21 299 54 30 252 143 46 74 227 106
58 160 244 176 126 139 153 136 4 249 176 213 77 29 52 2 219 184 34 689 247 299 296
91 118 206 29 256 203 219 214 42 75 143 212 250 45 168 181 107 149 185 43 52 273 2
119 183 297 86 16 60 258 194 33 0 205 48 212 143 248 215 101 290 263 229 200
48 193 219 87 228 8 206 149 197 18 53 159 142 292 232 80 282 236 121 24 59 147
100 234 223 144 89 253 188 85 240 61 179 242 224 53 213 293 278 174 169 200 204 51
19 77 92 282 1 278 205 94 156 257 139 128 251 235 176 224 287 107 155 126 136 135 291 160
56 129 221 238 277 214 212 2 151 71 243 186 277 83 54 56 43 115 82 222 24 221 274 233 25
15 277 236 12 254 55 188 118 251 207 185 215 164 47 141 162 297 283 284 262 250 177
12 97 204 251 247 247 150 122 250 89 132 123 143 125 130 128 157 45 788 145 240 166 5 300
105 161 265 267 247 131 35 129 0 23 118 186 76 133 176 58 242 61 277 15 251 132 204
124 184 184 260 122 298 167 256 68 73 239 173 187 240 72 24 62 211 153 3 292 59
55 56 136 718 76 134 267 242 210 294 216 66 22 112 96 151 4 277 193 110 181 74 249 209
222 45 121 23 258 144 66 254 5 159 36 42 96 51 83 90 39 185 174 31 167
58 96 234 97 273 290 266 73 59 259 122 130 229 222 265 18 108 90 105 52 226 236 257
140 236 292 139 281 210 291 170 298 64 141 146 40 193 48 254 280 268 69 189 240 156 132
274 104 8 115 299 216 277 138 7 17 103 287 296 174 228 171 92 16 44 123 139
9 23 53 94 161 41 71 77 181 236 12 242 140 198 275 276 232 26 112 208 197 2 243 212 299
121 217 258 172 128 70 61 143 3 173 215 72 117 129 284 169 112 63 214 145 64 166 233
29 119 149 218 197 53 69 33 91 233 253 277 141 133 92 18 63 125 279 188 265 136 120 272
37 124 243 235 36 288 70 267 296 295 66 83 73 105 76 46 201 285 3 261 242 33 280
33 232 238 255 272 239 77 36 193 146 186 97 237 90 63 73 180 84 62 197 150 269 166 122 42
34 261 54 32 161 59 57 41 34 90 194 133 101 98 110 74 289 3 33 11 234 299
87 216 33 242 60 21 97 231 295 129 234 69 121 66 13 11 280 49 158 136 119
77 28 87 121 117 138 202 125 171 31 275 126 149 7 4 235 196 10 94 133 1
78 270 201 287 41 98 289 216 57 106 239 2 229 64 55 21 238 53 171 184 246 60
101 107 96 4 296 151 49 64 150 271 168 140 291 247 199 110 177 183 276 167 108 131
249 296 148 269 167 66 249 296 151 237 81 279 65 50 206 154 10 14 292 180 262 143
126 278 117 136 228 126 47 126 47 788 157 145 143 125 160 300 240 166 282 213 182 128
161 194 299 162 92 284 193 190 33 237 45 110 270 266 90 50 117 222 185 142 40 122 107
17 151 204 205 279 289 56 174 268 284 272 172 177 6 37 122 27 247 256 78 98 163 271 93 74 258
102 156 162 209 284 317 233 51 99 287 107 69 59 18 299 103 171 154 22 24 166 25 0 38 122 78
137 162 243 299 126 151 63 1 55 39 223 143 220 202 192 40 287 85 228 174 179 281 197 72
112 1 198 270 79 72 223 97 117 181 257 46 260 135 20 22 243 189 261 100 148
12 53 77 268 132 93 197 150 176 149 123 265 117 53 252 145 201 181 279 259 179 267 239 104
89 92 149 171 267 291 296 167 125 199 167 201 183 125 183 207 109 106 152 82 281 936 176 160 86 97 43
15 145 275 40 221 68 155 79 240 193 95 266 200 231 167 132 192 46 136 43 70 222
43 202 488 177 105 116 16 78 170 136 183 206 119 145 227 95 249 243 267 61 197 209 129
135 171 184 199 783 20 62 60 102 237 152 193 187 216 98 133 73 214 163 37 79 45 291 207 41
10 19 31 48 180 220 274 180 131 39 123 96 161 164 299 65 210 34 154 126 29 93 71 110 59 129 76
114 146 152 154 262 8 239 128 43 136 121 142 282 266 141 238 202 258 296 196 155 26 35 292 232
129 133 229 210 182 195 42 8 104 288 299 106 158 130 111 220 209 174 269 147 50 81 205
27 71 110 202 226 228 78 53 31 230 75 173 2 265 183 57 109 261 118 218 276 200 269 156 198 209
31 98 104 195 93 74 27 3 292 228 232 260 150 46 239 285 181 4 67 245 80 290 129 264
33 92 116 212 244 294 71 238 87 258 258 71 689 689 13 182 788 5 739 143 277 281 145 156
89 114 123 166 76 258 109 19 174 276 100 73 12 75 264 152 65 241 31 222 14 143 189 263
52 170 193 273 3 199 198 51 126 296 116 33 83 221 70 174 60 267 105 298 143 52
18 180 143 76 153 122 94 270 198 99 41 256 196 228 144 231 180 27 75 277 134 73
149 165 194 8 290 5 101 5 165 8 5 224 936 43 162 281 60 160 176 105 106 82
12 45 69 93 179 162 255 4 293 98 138 235 27 265 234 242 149 252 107 237 88 253 86 36 183
40 54 62 243 59 137 200 257 93 118 56 57 271 29 4 32 106 157 123 119 180 228 131
3 19 186 192 122 219 88 167 196 8 90 74 237 162 159 157 144 177 244 112 106
6 205 206 36 238 85 547 547 903 46 271 85 828 801 149 922 819 231 110 145 42 24 57 221 290 138 173 207 171 19 43 16 15 219 117 261 200 162 224 28 170 124 285 66
183 255 287 246 255 12 291 294 94 38 213 173 116 171 293 233 57 67 180 62 277 194 253
57 147 167 230 102 2 228 233 142 266 59 25 103 271 169 1 86 229 127 135 164 108 299
702 47 200 13 274 124 270 2 101 145 282 137 41 268 131 250 263 220 24 255 287
926 80 213 215 193 44 217 267 190 188 160 198 96 100 65 118 133 14 12 277 184 232 97 293
55 80 142 200 228 235 97 129 234 193 63 127 127 52 152 63 220 114 279 277 165 231 235 65 236 166 197 603 240 160 82 5 255 142 204 196 293 228 102 85 15 111 234 34 83 249 172 294 69
39 229 805 69 138 22 239 30 1 218 192 148 100 289 109 196 212 125 267 181 172 75 245
52 113 139 153 276 251 109 206 282 162 164 35 46 243 63 189 92 298 90 54 248 217 233 175 121
175 217 217 284 55 87 88 75 51 56 148 91 255 272 256 196 169 42 8 97 38 27
27 255 87 68 173 37 41 70 138 244 122 229 29 89 170 43 241 155 31 158 251 82
137 151 277 23 88 106 168 31 32 136 46 44 269 156 296 36 158 86 169 109 17 150
103 166 174 280 135 79 158 72 168 7 137 147 131 183 277 278 24 214 216 196 282 165 19
74 139 27 92 216 55 127 81 121 153 165 148 120 71 8 119 75 141 97 28 268
246 238 120 163 18 133 46 27 40 228 42 84 294 96 158 243 73 17 135 80 25
28 96 106 154 254 440 33 58 212 31 178 122 59 203 91 188 295 69 159 93 200 140 80 37 231 179
89 113 125 139 256 274 278 73 83 259 111 127 116 236 165 212 49 103 230 37 0 39 243 214 291 196
84 108 174 202 258 56 172 98 282 210 186 73 160 31 102 150 162 66 200 195 274 280 33 164
221 279 295 87 197 151 213 11 206 125 181 272 107 36 74 142 2 170 136 237 241
50 203 268 45 32 116 134 247 128 140 190 284 15 26 59 63 236 93 131 217 92 161
5 156 166 211 197 65 272 173 31 145 41 276 105 258 87 219 244 216 56 159 245 162 82 254
114 135 289 292 81 75 24 240 17 34 185 207 222 253 80 125 18 23 102 205 36 11 5 84
61 152 175 65 36 38 6 57 29 164 273 296 99 72 198 88 30 116 106 127 123 244
81 197 245 118 236 264 221 222 176 214 72 241 150 37 245 254 112 153 34 36 292 44 282
180 244 271 296 141 218 15 152 159 252 27 162 297 110 167 17 198 174 272 49 3 209 288
205 246 69 218 93 29 162 22 241 76 11 51 193 231 105 229 91 297 151 299 129 262
130 213 92 285 190 246 126 31 287 16 50 245 137 140 295 17 158 113 275 34 29 104
263 40 34 265 26 97 286 230 161 113 196 39 1 255 281 149 21 193 88 214 62
185 226 102 178 243 246 150 18 288 247 10 145 38 218 183 228 100 188 25 273 179 230
45 47 55 135 28 142 105 227 36 66 83 263 122 226 2 45 149 210 108 253 55 59 24
131 137 155 168 718 43 99 244 9 214 281 215 183 174 93 55 258 65 272 47 103 25 213 275 156
104 114 142 157 255 72 167 60 38 108 67 223 88 64 63 230 94 113 39 260 126 146 133
101 155 196 290 181 199 179 170 230 186 204 112 175 195 202 283 126 197 52 250 116 100 38 295
120 159 164 211 488 182 265 73 287 172 120 249 146 183 167 195 215 243 279 86 130 188 205 238 233
232 87 220 64 238 213 122 217 30 46 68 12 231 28 176 284 129 24 117 121 182
180 229 676 98 269 252 51 259 6 150 298 250 253 127 30 5 45 90 93 197 62 255 60
10 218 999 118 118 204 267 999 267 3 109 152 176 43 547 224 162 243 106 192 30 936
92 103 187 241 295 231 125 46 200 42 197 233 284 52 194 177 110 241 113 249 39 293 152 163
23 67 23 84 205 130 117 65 21 249 138 61 297 71 282 231 182 222 141 37 295 168
86 101 223 193 228 16 124 111 258 214 212 233 87 204 182 149 113 50 135 201 89 238
969 12 165 213 289 109 48 276 166 260 267 164 57 214 199 131 53 5 66 108 176 270 102 174 147
174 209 212 249 113 256 36 271 246 66 24 141 238 130 31 273 94 216 19 0 120 47 70
168 185 278 253 280 180 70 196 129 58 35 163 60 41 201 294 207 143 123 239 167 217 32
50 262 49 5 32 68 38 219 153 169 17 10 12 53 119 72 294 299 292 130 281 210
57 70 100 127 204 225 161 238 22 7 72 9 57 279 273 227 250 272 296 222 69 259 185 81 75 231
42 56 106 258 182 102 111 55 56 224 137 193 67 27 66 245 197 50 8 94 274 165 238 171
54 85 116 29 130 188 206 805 102 536 536 9 536 488 536 770 262 265 699 672 115 755 153 765 943 830 19 575 298 39 192 157 276 269 139 36 73 53 267 209 172 294 233 278 111 168 219 122
46 99 115 251 229 181 292 13 69 274 175 50 135 128 215 55 71 52 260 291 30 194 134 176
3 39 172 185 463 185 185 258 258 485 117 830 49 830 84 293 124 48 264 175 393 61 221
1 52 227 488 256 256 297 258 337 256 256 186 37 701 198 175 89 154 639 799 113 635 210 676
118 699 53 143 460 17 885 329 885 61 1 95 147 281 400 204 223 440 153 803 0 169
4 55 82 172 699 199 219 273 253 204 16 64 6 297 29 14 97 194 41 57 198 267 236 165 195
16 53 135 262 20 188 169 177 80 91 35 281 9 130 249 47 2 45 274 198 221 265 218 150
58 95 158 259 222 57 215 180 157 11 8 153 298 93 133 192 272 124 258 200 257 260 39 18
24 280 783 358 723 723 723 670 670 190 364 128 228 197 723 269 117 282 239 219 88 135 55
26 34 109 182 205 230 196 290 26 166 237 117 248 161 75 76 154 271 86 51 1 167 221 208 187
182 185 1 240 152 82 149 51 170 49 35 56 57 24 236 162 270 214 217 105 122 29
280 214 95 85 153 223 2 129 46 226 72 37 120 275 116 117 145 172 261 29 88
242 285 21 174 233 299 156 290 132 115 14 109 212 111 124 67 161 260 155 3 4 105
7 179 151 185 147 9 284 251 124 45 175 257 2 49 280 264 193 188 203 48 260 108
75 22 193 67 64 146 60 119 78 69 278 243 222 20 246 221 108 259 54 3 106
191 275 93 7 259 281 299 189 263 53 223 150 109 99 179 31 103 201 159 270 67 255
