19 228 27 169 247 483 263 259 106 292 131 133 67 142 84 166 72 282 207 50 57 55 200 94 11 159
14 23 34 106 127 190 253 259 507 225 263 46 88 89 262 63 246 138 18 194 181 112 114 7 90 239 14 97 253
14 100 288 14 298 41 1 230 73 197 44 53 220 27 265 257 247 63 152 189 58 222 275
687 960 34 258 296 11 121 284 14 274 153 235 133 220 158 211 20 266 72 22 53 35 0 86 269
71 131 172 225 226 291 154 228 227 272 255 170 246 238 91 38 29 36 292 256 204 23 245 212 186 86
92 118 215 289 188 144 65 229 166 251 174 282 157 290 145 67 7 212 237 109 271 53 201 200
125 155 9 196 157 246 61 181 169 155 287 88 121 128 175 259 162 14 140 15 251 167
66 180 136 217 73 99 174 266 231 98 87 245 214 11 222 66 209 272 195 164 248 183
73 150 275 25 249 6 178 107 177 259 100 5 224 209 290 122 65 130 31 93 190 153
46 233 258 278 299 64 92 177 50 77 238 247 59 131 179 232 145 8 87 255 110 70 196 290 157
687 135 21 32 184 198 66 241 180 141 182 193 186 109 92 282 139 137 75 215 225 121
75 141 181 272 152 0 262 253 168 114 288 232 179 246 65 2 17 250 100 287 58 243
687 30 106 176 26 134 189 254 266 112 161 286 29 183 193 207 129 102 61 249 222 34 59 259 166 124 74 178 179 26 146 27 219 80 41 195 299 217 150 184 274 273 98 242
134 170 195 137 208 141 255 98 273 82 61 103 15 280 43 150 155 91 205 176 42 131
12 30 45 116 170 28 57 241 256 179 90 261 106 284 259 278 174 92 215 163 200 89 210 113 133
15 70 154 181 240 275 34 211 156 89 64 273 212 132 12 67 52 253 133 63 83 28 220 191 294 11
36 115 240 13 198 89 240 267 181 292 123 82 201 30 178 176 51 295 87 124 90 3 37
0 44 177 241 8 143 34 284 166 292 221 239 264 287 46 155 290 23 286 33 81 10 288 54
43 185 254 640 176 39 4 216 210 199 179 111 14 274 269 133 258 174 92 290 243 74 60 87
59 106 124 232 83 37 270 137 117 95 52 284 163 90 155 217 154 76 185 53 94 178 266 146 166 1 171 9 187 113 16 168 223 143 134 232 138 148 45 56 55 209 235 259
12 45 250 269 250 221 256 62 128 232 235 121 8 165 31 58 290 277 206 228 51 219 284 255
845 18 56 85 139 186 193 288 37 282 10 14 235 286 136 205 114 265 178 291 107 294 264 91 245 142 159 71
94 157 241 72 279 298 241 95 71 101 296 110 233 70 212 252 28 32 237 60 1 253 68
120 127 166 276 151 68 280 202 221 193 52 261 116 299 273 249 256 98 22 145 133 181 137 219
