16 156 225 780 288 420 710 728 957 883 124 910 305 344 441 742 294 869 594 812 511 653 748 326 520
18 757 139 443 443 440 443 583 987 150 274 274 443 612 335 548 145 145 46 585 178
44 85 137 193 178 110 81 18 127 89 254 201 17 68 48 1 45 157 139 129 43 94 30 49
184 264 121 168 280 280 266 168 382 121 280 22 30 151 488 1 126 282 717 844 180 121
183 181 998 73 281 98 252 259 17 998 17 584 156 23 207 156 224 936 17 168 42
0 55 61 95 105 195 205 238 3 163 151 248 4 118 62 288 80 97 286 186 222 129 125 81 189 14 299 42 75 166 208 205 273 103 262 136 24 182 1 70 49 142 229 82 178 79 147 140
22 41 137 265 97 22 201 107 213 212 272 298 60 105 179 248 144 27 202 143 108 94 281
215 146 265 100 216 33 272 132 83 168 152 148 12 179 245 147 101 186 257 102 84
0 246 299 53 103 291 755 49 56 49 258 56 226 117 293 69 411 321 130 790 230 420 888 112 53 834 46 97 183 225 119 147 29 247 279 123 105 137 244 221 54 100 9 75 155 17
9 120 148 253 270 166 171 137 95 299 271 119 79 80 215 121 141 223 82 73 37 104 93
967 143 148 176 65 105 284 65 55 260 230 30 196 105 281 105 120 167 357 163 648 241 138 286
26 86 178 195 260 223 273 1 240 151 53 23 185 155 211 246 207 269 108 288 78 270 40 232 237
6 91 117 129 162 267 142 233 67 263 197 112 49 77 206 230 168 171 107 109 282 36 37 134 267 189
8 45 68 88 120 269 293 89 42 23 137 188 263 268 281 258 87 77 118 217 155 126 85 116 138 238 15
227 249 275 283 181 75 120 154 252 163 77 237 262 135 70 210 73 123 17 158 229 90 295 234
16 51 160 99 24 6 140 191 216 147 59 26 275 111 57 213 286 193 56 116 262 87
549 122 5 258 158 216 214 109 56 194 67 162 89 198 140 284 243 265 111 13 57
201 37 30 3 3 33 54 30 37 51 44 241 20 261 261 212 168 258 291 243 153
269 208 114 196 46 153 238 130 19 112 283 131 25 24 16 31 261 5 285 59 49
86 153 249 258 210 214 56 203 292 275 168 228 156 261 2 14 16 8 145 104 82 153
251 268 549 288 260 45 42 198 116 67 38 55 21 101 157 202 2 183 13 65 177 220 8
27 223 291 223 189 99 237 99 55 109 830 285 80 19 63 46 184 182 633 178 33
88 107 108 244 126 295 134 255 208 105 65 267 71 58 214 125 193 185 290 82 15 9 162 0
28 98 145 189 281 101 44 109 114 4 214 10 125 265 83 273 207 108 81 299 2 155 115
