33 152 565 679 29 133 207 221 224 715 605 421 636 245 195 179 204 18 717 151 108 430 329 832 915 789 79 477 842
797 74 192 195 280 341 987 316 113 185 92 524 297 982 982 148 872 766 185 987 92 45 539 211 359 952
661 3 19 109 161 279 474 182 239 134 284 85 43 197 297 269 88 33 107 240 122 69 170 99 25 21 180
737 143 216 315 245 211 299 299 299 214 1 22 278 276 230 171 46 56 38 877 188 83 461 121
164 173 605 138 3 205 47 74 16 140 279 63 280 232 35 69 151 33 105 273 175 30 208
40 67 221 265 280 35 146 180 57 198 59 29 15 90 10 17 161 53 110 36 267 232 38 190 290
71 156 8 24 27 56 212 561 817 273 120 172 76 817 120 961 417 363 47 363 25 104 586 60 133 409 562 249 243 150 298 293 93 242 126 105 158 23 255 128 193 99 154 248 258 275 140 38
155 243 249 270 166 283 282 19 178 38 241 224 86 123 17 13 47 75 190 289 145 167 180 238
54 90 170 214 217 264 174 19 174 209 278 988 19 329 973 214 209 532 221 58 220 940 389 128 18 104 197 25 229 26 113 239 194 84 77 271 24 61 266 180 80 18 72 263 68 292
81 98 189 565 27 21 296 81 202 206 62 270 72 197 175 143 208 279 192 152 219 221 240 56
55 140 178 151 42 191 103 227 279 24 89 166 91 14 205 171 52 102 115 72 1 95 208
124 296 96 163 111 102 257 85 152 248 173 279 46 261 269 97 57 33 31 176 178 62 40 275 288 117 47 57 211 21 78 160 188 38 219 3 127 246 146 106 84 13
86 140 125 112 163 88 291 100 48 49 105 247 72 121 269 120 192 155 238 13 68 201
192 65 181 278 157 85 232 215 41 69 245 105 193 253 267 199 296 81 126 76 145
108 145 288 184 62 32 83 67 119 20 295 123 115 4 16 240 101 130 153 251 11 247 220
91 102 190 122 17 48 43 45 248 39 89 268 63 113 199 244 275 40 191 178 90 88 29
118 130 141 62 193 149 216 286 3 108 252 191 192 292 165 207 43 19 233 55 167 147 227
150 168 205 133 133 183 133 151 261 262 262 199 31 349 772 200 98 552 278 225 146 97 424
43 130 193 49 112 272 223 227 109 293 83 247 279 124 1 264 81 175 33 113 251 198 115
226 270 231 141 78 63 213 79 200 216 215 11 220 90 239 118 126 96 199 58 284 56
640 142 31 105 195 269 251 141 120 82 137 70 228 82 787 192 691 233 12 216 289 171 79 145 222 389 41 206 157 293 256 110 32 36 48 50 263 172 233 213 173 178 237 81 228 21
159 187 196 12 131 103 179 132 36 161 40 167 50 227 110 236 30 107 152 104 7 282
120 96 107 109 180 253 614 6 83 150 199 301 36 888 74 757 23 245 798 315 261 644 362 776 942 389 812 110 499 764 579
61 164 267 262 413 857 378 118 5 222 359 723 881 777 163 421 618 902 239 956 869 968 9 369 186 145 186 785 299 14 279 275 78 370 857 145 256 126 98 605 41 148 188
26 213 551 223 102 67 163 289 118 165 50 96 256 41 296 136 186 33 240 297 151 144 127
22 75 61 181 317 77 116 157 255 255 287 32 280 278 701 130 47 255 743 158 58 96 947 97 191 176 60 159 44 210 210 19 28 205 282 210 85 144 69 62 192 290 445 911
5 40 140 205 280 221 93 52 129 234 279 36 88 213 17 193 182 159 142 197 23 251 103 19 118
157 292 209 262 59 101 41 265 159 220 94 240 247 15 186 26 228 67 39 120 196 275
91 97 130 227 110 75 147 204 182 7 49 205 243 259 25 20 39 13 244 122 16 266 212 1
153 157 160 198 266 152 59 190 200 164 60 191 188 71 150 78 211 168 130 203 243 42 195 163 242
34 136 172 212 218 172 184 203 173 264 217 256 4 80 115 83 30 59 155 238 282 92 152 200
30 58 178 277 45 181 220 39 17 57 101 63 59 138 157 276 118 140 217 2 12 174 205 145
52 211 235 150 188 190 215 247 269 169 153 85 74 257 141 71 106 869 112 192 8 447 127 124 278 273 497 244 49
607 25 66 197 259 282 197 215 151 139 188 265 188 215 217 42 887 683 226 107 80 128 118 257 295
21 105 115 246 298 36 45 182 274 129 133 25 45 42 130 112 97 291 278 599 47 255 20 73 136 198 276 148 258 271 245 158 214 226 288 159 10 147 116 61 64 17 59 134 124
25 39 72 128 133 162 170 78 296 58 78 255 76 14 296 36 69 27 44 85 93 283 273 202 1 188 36 253 20 289 213 75 84 183 272 236 116 195 226 113 74 170 48 235 237
43 145 244 155 6 111 43 283 105 152 65 251 233 226 60 163 4 238 209 180 285 170
607 136 253 264 109 293 271 112 203 123 209 206 54 225 262 162 39 281 226 43 60 215 297 228 79 115 42 241 70 108 181 8 32 50 4 251 240 269 212 83 220 153 56
55 108 262 227 10 259 154 140 230 31 285 93 22 40 115 123 101 13 165 281 178 199 116
119 148 299 66 95 137 226 123 154 82 238 234 11 238 135 166 701 599 42 255 156 97 20 158 178 47 263 129 174 17 228 291 155 177 113 39 264 53 55 189 62 226 123 169 97 36 43
614 210 65 261 167 72 204 219 149 250 180 105 145 140 104 241 64 67 30 46 166 37
135 91 18 277 250 63 278 94 299 167 262 61 273 216 43 17 38 180 100 86 83
82 191 118 141 62 46 141 141 197 84 37 37 102 37 44 36 153 283 288 202 85 296
63 143 157 125 148 0 28 38 121 285 215 257 128 51 15 1 98 275 46 25 147 191
62 106 4 102 123 37 230 58 296 203 165 35 59 71 288 104 260 229 122 289 43 252
10 11 54 89 240 109 188 5 249 216 113 71 178 260 139 9 86 270 117 156 158 231 70 232
25 86 250 255 174 97 142 30 204 211 57 35 41 63 13 241 86 183 189 193 106 168 132 92
94 158 41 138 62 195 228 121 190 2 132 85 13 64 110 262 84 114 277 196 154
70 204 227 250 253 208 117 262 30 193 31 25 71 182 37 218 131 77 27 249 10 32 199 45 21
201 212 296 255 219 255 145 255 157 7 255 258 36 1 273 44 153 85 288 27 116
115 132 157 176 284 282 171 248 84 227 96 205 212 50 178 278 268 194 38 235 139 220 148 234 48
18 26 232 262 233 252 12 24 819 67 169 12 12 32 204 94 233 174 526 276 12 156 358 121 102 180 296 246 212 140 219 143 41 230 243 214 38 169 151 27 71 215 250 185 190 249
96 97 111 244 279 102 179 238 7 105 212 151 180 78 207 12 271 110 32 103 52 48 246 268
26 57 207 232 42 253 168 22 158 56 291 180 183 2 147 24 115 257 87 280 204 112 221 75
5 102 199 267 190 4 94 145 252 196 10 84 166 195 285 87 142 16 131 224 77 44 119 275
62 141 159 160 226 288 109 36 244 12 202 286 164 190 128 186 277 34 97 153 148 197 113 0 214 296
105 170 101 187 240 247 94 95 108 278 95 162 278 668 526 156 180 53 121 12 177 102 32 233 94 137 200 254 199 255 90 185 73 103 36 179 60 284 163 68 124 281 101 31 132 76
63 80 215 241 111 189 225 260 152 94 278 238 94 238 157 94 132 238 102 741 674 160 233 94 358 177 174 12 184 71 196 220 108 224 285 21 216 281 61 157 146 65 198 165 88 152 87 105
8 245 214 91 29 150 265 245 20 53 208 244 229 196 40 166 19 89 131 184 132 200
38 47 63 142 171 187 191 192 215 242 248 8 193 80 202 164 38 240 76 22 296 17 118 79 111 116 179 189 88 226 106
14 107 131 155 175 239 248 212 91 34 72 229 30 288 126 45 53 190 268 206 227 137 245 248 240 135 157
614 120 267 143 273 242 68 298 95 73 140 144 146 59 116 44 255 24 170 147 136 60
124 15 276 110 232 177 170 49 3 187 58 194 185 255 291 294 73 261 152 184 249
7 21 63 81 271 267 209 297 208 212 25 167 295 1 77 290 56 2 6 289 36 10 83
100 276 297 3 55 113 253 257 166 137 125 79 137 216 234 233 18 442 154 40 217 276 860 70 887 65 683 118 12 283 281 298 165 166 70 150 149 135 179 77 141 39 24 84 284 143 195 134
27 90 95 236 135 218 70 167 108 162 131 180 259 254 145 169 80 124 18 2 56 149 297 150
68 152 195 201 115 230 11 68 219 92 186 261 279 183 283 99 262 276 81 129 126 193
0 106 140 289 131 86 181 148 233 143 255 231 57 99 45 56 246 152 178 223 106 180 219
87 43 15 12 112 120 188 209 193 167 74 144 164 68 169 230 88 49 46 18 283
159 234 262 208 138 234 72 155 241 216 204 225 220 236 252 25 159 22 257 4 29 122 238
168 195 30 146 162 182 273 192 297 58 171 292 109 180 160 253 181 215 228 289 178 39
12 109 169 278 257 151 130 121 148 129 47 92 163 139 245 176 57 269 131 241 69 256 98 186
22 71 88 198 252 115 132 51 251 100 290 110 2 54 161 30 111 47 14 284 246 253 99 27 92
250 118 104 140 197 81 5 11 26 124 185 193 286 22 46 1 99 202 137 125 12
22 40 85 181 198 265 286 195 243 239 33 128 77 266 189 73 21 24 219 146 222 155 136 129 187 296 80
29 67 183 51 78 208 66 38 289 19 243 52 197 273 223 48 55 299 169 195 83 239 212
614 100 159 248 125 195 212 198 23 75 162 283 289 197 133 252 148 52 287 11 106 5 46 176
161 272 279 298 170 279 271 59 96 284 234 246 127 98 230 18 179 263 81 66 4 0 282 121
85 162 27 181 289 173 57 180 243 76 282 60 274 137 119 194 258 185 241 175 59 36
79 256 67 11 290 246 47 31 61 33 172 235 202 119 186 205 269 115 193 121 165 159
102 173 225 277 142 213 68 217 211 64 67 81 153 190 237 96 65 263 199 241 288 108 223 183
31 55 61 238 262 295 173 103 30 218 255 138 153 61 17 13 44 111 281 104 127 251 223 258 45
212 264 17 146 57 188 2 270 281 167 78 95 198 159 123 16 185 126 72 64 194 124
614 27 278 147 106 102 200 247 175 222 92 100 25 44 271 57 88 132 272 183 256 146 213
11 143 157 158 244 267 34 234 113 275 51 83 224 172 64 47 89 239 209 131 198 123 178 114
34 42 104 172 249 262 111 25 219 31 281 131 158 238 128 263 251 34 11 54 39 17 66 15 288 218
130 233 278 160 72 159 190 262 294 58 39 150 5 24 90 26 0 182 107 153 211 45 241 88 111 109 116 26 132 37 14 54 33 277 193 170 136 247 179 58 145 278
158 182 243 135 109 232 11 186 145 289 30 54 110 285 102 101 146 89 172 203 253 201 18
98 141 165 169 287 215 241 153 154 131 116 135 288 68 98 56 275 78 129 71 58 107 200 54 25 233 88 158 138 227 70 34 255 180 280 293 195 7 226 187 250 122 131 265 60
60 87 255 96 161 184 176 66 137 98 221 268 204 143 179 16 57 116 217 281 180 6 74
89 174 114 293 269 152 224 279 116 175 77 1 3 97 200 99 144 9 246 158 247 194
56 58 72 101 188 226 6 178 64 246 115 170 227 260 61 244 60 202 141 93 208 17 166
19 175 266 152 71 229 146 196 8 259 249 154 171 266 149 138 289 288 70 180 246 265 278
141 147 270 273 295 30 196 151 194 192 188 120 207 119 278 42 172 165 218 193 209 219 273 213
77 95 103 291 294 98 263 66 293 123 161 52 164 27 26 129 111 28 85 45 225 60 268 35 87
152 170 203 113 180 183 284 225 254 219 229 38 238 233 165 50 157 186 150 90 74 106 256
74 156 21 105 248 169 3 165 282 140 257 74 31 200 286 95 115 61 235 136 15 275
203 246 247 199 260 218 299 201 144 248 88 242 181 178 90 102 228 149 274 206 171 2 65 65 267 117 167 211 148 145 288 153 93 69 1 273 36 299 836 182 231 116
98 131 270 218 101 83 84 41 217 255 167 106 51 149 199 91 284 259 80 185 114 111 30
62 260 276 289 182 287 20 85 125 198 31 94 281 235 88 149 62 174 43 24 104 41 42 231
21 239 258 162 35 207 41 145 100 264 124 17 225 216 94 89 279 5 99 26 66 286 275
171 237 259 276 283 263 267 286 25 275 71 25 286 71 266 39 281 265 199 37 65 86 244 292 226 287 256 79 36 151 0 288 214 213 215 116 112 128 262 208 210 266 193 177 80 226 26
64 267 213 8 165 61 23 116 200 274 248 206 218 187 179 210 168 235 141 54 81 136
20 161 76 181 268 206 218 120 143 182 147 293 104 12 154 156 290 112 38 183 233 273
59 267 124 96 98 112 240 102 128 212 106 237 201 173 276 6 53 71 81 291 15 117
10 96 107 210 215 287 170 46 19 268 227 67 157 151 113 35 293 38 128 154 5 88 251 21 235
153 298 53 51 290 221 266 199 164 261 23 215 194 208 18 61 183 32 294 242 80 122
99 270 212 167 136 57 128 95 27 12 236 192 175 246 200 174 287 30 183 142 106 7
113 172 215 182 94 58 90 1 294 62 134 147 148 236 213 223 169 121 88 179 74 175 181
23 211 228 262 179 217 17 109 247 66 228 199 251 30 185 277 50 53 237 79 23 261 33 154
28 107 279 10 165 237 176 273 78 214 158 202 92 41 280 63 24 4 289 263 76 223 118
31 23 294 279 95 138 29 159 168 143 149 205 4 57 147 28 77 133 108 100 54
164 290 83 228 220 279 73 245 241 61 44 170 209 181 95 215 268 136 77 167 238 282
614 1 18 122 128 175 139 68 188 221 48 44 190 178 26 61 235 251 94 280 272 208 120 37 5
36 190 202 198 236 4 211 141 89 25 285 145 261 77 76 202 66 127 158 262 36 195 97
106 128 195 199 288 25 124 271 83 87 106 283 256 80 92 228 245 182 57 23 120 177 238 62 210
22 114 262 29 85 231 40 255 159 224 270 214 8 267 110 164 172 211 180 97 2 76
51 177 217 26 117 104 2 245 118 160 57 48 230 208 86 246 155 297 257 238 133
91 193 283 42 17 119 100 76 124 179 49 95 9 205 221 204 85 125 118 131 110 168
4 82 217 160 113 218 7 205 232 117 274 88 41 249 40 185 176 155 197 181 158 53 214
49 122 165 211 285 137 165 211 73 103 163 42 11 41 123 190 176 89 151 12 52 186 208 153 232
80 180 273 120 6 114 148 240 139 267 31 52 175 210 226 36 165 3 245 296 167 123
161 228 139 85 53 39 49 57 80 151 204 217 135 52 54 282 191 190 252 73 248 133
180 23 119 55 130 263 83 21 96 116 226 48 25 230 278 173 158 57 31 154 62
33 48 160 194 200 211 21 125 195 61 30 41 167 220 152 186 77 296 91 64 59 163 137 34 261
69 213 235 245 295 57 51 262 22 63 111 67 115 270 215 196 172 297 145 43 13 174 224
92 94 100 124 142 74 266 84 128 248 2 169 283 252 89 216 23 161 188 268 76 67 277 176 45
4 38 194 260 170 92 164 269 290 268 66 81 182 53 138 119 23 107 284 9 155 115 121 132
44 169 207 242 155 117 135 150 32 82 88 138 62 108 56 22 219 167 156 74 245 185 102 133
89 99 262 80 157 78 70 50 245 114 171 243 282 19 271 187 125 62 179 147 228 148 295
78 181 252 286 1 58 28 187 37 89 168 248 138 271 73 203 154 143 208 40 45 265 136
47 160 215 85 193 276 259 87 99 59 241 127 97 203 107 192 224 235 177 31 179 90 264
51 68 68 249 698 310 249 71 249 177 180 526 32 160 156 233 137 53 94 174 741 257 247 13 171 298 205 49 228 278 265 47 279 64 235 137 250 267 172 216 58
24 236 242 11 4 191 102 288 90 57 123 61 249 118 104 16 299 75 225 276 199 72 210
22 82 195 39 180 7 46 69 63 109 26 83 105 53 132 150 129 154 206 253 281 282 289
144 173 121 18 197 62 29 90 26 191 70 31 171 195 174 69 297 257 265 168 232
182 8 65 245 73 270 147 91 214 267 108 157 123 248 236 86 239 268 139 52 246
27 29 196 230 297 180 106 135 52 0 104 216 34 158 174 208 236 157 90 142 149 224 286 129 82
45 56 131 185 231 194 46 56 193 170 171 278 260 299 130 132 146 176 269 156 270 76 282 221 192
40 138 145 137 169 34 194 130 107 30 243 192 150 115 245 10 218 42 221 262 69 170 27
21 248 140 63 274 171 86 174 206 164 241 250 110 289 217 50 136 181 3 135 231 271
204 265 126 43 271 232 49 111 203 85 131 83 242 125 173 35 21 96 267 159 191
151 192 193 51 18 257 211 47 34 39 180 134 167 41 239 173 201 123 155 262 267 17 203
236 290 232 191 223 288 153 138 0 130 93 82 78 129 256 263 36 62 92 257 49 279
93 137 165 172 276 109 178 15 127 15 15 154 217 683 18 75 40 24 355 442 226 276 233 860 108 58 15 11 252 243 139 94 198 123 27 205 69 59 3 192 174 5 68 218
276 5 79 150 274 193 84 238 148 173 269 93 126 201 165 297 53 233 72 224 56
172 257 93 100 68 122 109 264 296 231 158 33 1 290 85 118 83 26 294 289 272 162
118 120 219 261 298 233 167 155 1 106 78 122 206 125 31 235 113 293 179 234 7 169 249 268 213
77 295 68 216 185 163 121 82 267 3 207 30 264 170 122 183 153 287 105 116 277 48
0 236 45 39 40 217 283 255 21 103 155 208 199 100 264 99 279 144 104 62 229 174
109 289 205 249 42 87 138 63 137 89 48 280 192 52 231 266 136 293 272 291 31 146
66 82 152 204 205 214 216 80 155 87 71 141 273 101 52 174 184 243 108 78 242 254 255 83 211 84 197
112 198 232 260 276 78 57 32 284 107 1 112 117 135 76 296 262 47 45 270 61 177 0 210 63
99 163 209 285 222 144 167 112 133 60 183 233 62 9 84 86 175 75 118 121 129 248 170
78 182 190 150 118 25 43 58 291 256 19 143 238 297 101 229 192 115 264 27 249 84 231
70 263 293 295 101 290 230 199 299 73 155 118 140 157 50 185 171 188 233 15 34 178 192 149
19 61 114 134 181 238 269 207 238 34 51 216 135 35 65 265 212 68 185 129 138 154 250 3 186 79 70
83 89 146 153 222 223 254 284 287 147 208 254 250 94 193 188 126 167 285 174 287 71 264 190 191 238 85 253 202
66 85 296 242 122 58 109 116 250 17 250 156 291 95 145 202 93 973 273 85 1 153 36 82 139 13 21 86 239 97 282 62 220 199 27 192 102 39 71 9 225 141 34
146 285 290 221 75 196 289 66 133 22 241 102 113 228 179 119 167 181 189 97 19 5
110 269 282 1 261 219 207 138 5 37 81 256 185 252 128 67 206 159 146 170 239 85
13 247 275 281 148 91 176 243 5 44 290 10 54 299 154 131 177 74 69 1 283 202 172 214
106 117 126 54 210 33 125 171 128 174 114 12 294 20 153 249 156 136 138 105 82 227 217
25 215 239 277 145 191 77 46 69 160 266 37 39 238 114 64 4 110 85 269 30 120 54 196
19 67 185 250 46 80 110 888 123 277 232 123 83 83 123 274 100 130 27 250 17 286 104 209 231 250 191 47 68 212 151 22 17 247 64 219 136 252 258 140 282 38 165 147 8 87 235
122 242 252 296 199 194 116 212 259 78 22 224 74 96 269 100 130 285 40 141 0 148
1 114 192 287 286 170 65 201 226 140 254 27 118 290 247 129 116 277 199 147 60 107
4 82 81 224 96 182 14 20 298 296 264 89 253 204 11 193 216 112 129 232 219 47
47 80 242 295 406 236 84 108 150 224 134 165 85 102 289 237 185 259 32 82 70 16 23 42 35
125 240 236 143 164 47 297 117 14 150 55 162 108 220 239 68 262 177 228 198 155 247
246 289 107 233 170 38 30 63 103 237 145 131 236 29 149 257 13 28 285 215 109 158
94 203 225 249 145 76 65 179 94 80 92 159 31 53 257 133 163 12 198 70 19 238 234 254
20 159 231 294 277 103 17 223 58 129 34 215 14 19 191 137 13 177 174 283 153 298 231 221 233 23 237 10 25 98 267 54 15 70 85 179 271 18 131 75 44 100 138 159
59 64 150 213 256 169 90 139 257 285 72 141 64 71 176 55 223 83 66 245 238 216 253
50 77 256 194 259 135 126 185 101 132 48 281 52 184 45 179 63 123 73 83 13 149
56 72 107 8 168 1 112 200 92 129 195 55 295 185 260 165 204 140 277 148 224 139 53
183 291 282 13 131 60 88 213 145 247 91 229 243 263 195 65 124 215 113 252 256 202
66 76 100 193 136 132 75 169 276 292 156 4 293 272 269 217 135 173 71 275 27 288 104 88
21 48 86 131 146 16 159 71 115 177 141 70 157 19 82 221 29 75 122 259 14 278 188 295
106 186 270 38 133 176 284 285 182 60 194 123 214 236 139 268 145 147 134 188 253
13 87 92 230 272 79 141 174 186 233 82 25 69 293 226 19 75 177 56 217 153 60 257 243
26 31 107 285 299 222 266 139 55 228 125 130 0 167 7 163 44 220 178 244 193 204 152 235 46
56 166 62 165 134 149 61 198 214 176 42 290 41 279 163 152 155 127 72 223 273
7 82 100 198 153 184 269 298 6 167 627 167 480 290 291 108 6 252 252 217 118 226 233 75 24 377 75 70 225 126 137 168 167 246 264 48 156 263 190 67 11 18 169 217 138 73 274 89
152 156 171 275 97 176 296 38 149 174 63 190 76 260 150 171 237 287 46 294 103 41 166
54 74 171 208 123 298 163 16 227 122 268 128 237 177 74 83 91 60 25 169 265 210 294 53
226 252 149 200 177 72 6 142 187 238 209 71 194 31 151 122 198 191 216 157 21 219
116 127 188 101 70 42 153 193 58 194 150 4 213 34 21 105 130 87 127 18 89 191 7
106 147 185 291 285 298 126 48 30 66 1 6 238 221 137 41 168 90 110 266 225 259 59 229
614 208 280 174 223 113 11 286 191 281 29 179 79 197 186 25 3 241 261 295 274 108 290
0 37 85 289 214 187 16 15 183 120 114 282 250 35 273 111 196 101 77 174 238 9 54 275
74 285 219 266 7 292 110 15 276 39 53 91 144 85 54 298 133 164 243 272 22 275
31 212 60 288 217 76 162 285 143 286 199 65 67 264 25 292 88 17 135 228 231 53
26 104 183 189 224 298 212 97 160 34 26 242 229 223 62 74 107 235 192 148 285 251 256
8 104 186 195 211 289 142 65 129 44 19 281 167 143 48 202 221 234 215 112 272 34 239 240 225 17
83 204 5 65 171 298 676 542 142 788 542 788 142 331 142 788 53 204 12 358 177 526 156 174 276 233 139 17 163 294 196 149 275 76 227 63 187 234 229 86 182 232 210 116 198 88
135 185 274 29 263 99 210 129 276 65 103 86 50 14 109 62 95 295 179 107 124 96 89
614 80 138 183 237 163 87 280 116 9 84 61 173 169 16 17 44 76 134 148 47 105 110 100
99 153 190 210 67 98 73 131 180 184 137 154 267 238 151 108 42 28 268 21 49 71 169 82
6 62 222 279 354 535 165 193 213 244 250 333 521 342 202 591 126 118 397 443 527 529 699 570 408 677 621 990 734 175 701 286
21 194 596 61 271 274 353 938 420 919 679 237 987 776 756 897 332 942 82 547 925 735 633 733 992 536 592 175 117 726 43 33 175 269 175 224 280 224 280 77 222 33 193 42 222 450 38
624 310 20 141 199 58 188 110 161 53 124 56 290 142 171 130 37 242 98 216 285 59
198 258 323 73 109 192 290 692 197 231 576 606 250 97 47 173 202 128 226 44 75 827 134 149 231 118 511 41 73 131 271 275 165 168 135 139 249 116 102 2 268 175 10 74 213 285 17
26 205 190 144 133 149 179 178 75 165 264 186 14 59 135 234 78 16 43 188 176 237
150 299 112 158 235 258 196 66 166 296 136 272 92 210 162 292 192 1 211 88 29 37
108 204 211 140 20 41 166 51 191 17 115 48 107 131 204 55 62 111 100 167 92 269 175
117 259 179 59 243 56 246 191 196 12 247 218 93 84 233 14 154 268 169 232 230
31 244 277 84 137 233 111 28 254 73 142 140 172 154 226 192 193 61 22 113 270 263 158
273 269 117 253 122 86 160 37 177 250 76 128 137 26 123 35 202 144 172 95 297
45 170 178 249 296 367 208 46 188 110 197 175 274 179 6 1 204 186 173 18 275 5 92 283 185 85
238 254 220 280 67 217 248 98 243 39 107 188 211 247 197 265 212 258 97 100 227 14
76 130 24 127 72 299 116 213 275 157 204 48 153 63 241 123 151 177 235 186 89
69 122 169 271 282 107 63 79 89 2 66 169 9 18 141 244 135 209 103 280 23 60 187 140 12
847 9 62 80 108 143 149 230 78 260 237 266 233 64 87 177 278 231 152 181 21 12 187 129 164 65
59 68 78 86 125 140 265 299 173 41 250 272 159 220 202 291 99 10 117 133 289 231 217 185 286 195 253 293
7 150 169 213 293 288 239 86 76 40 149 162 253 242 29 70 277 54 267 81 93 140 195 11
47 59 167 168 172 411 0 246 70 76 245 36 262 208 219 144 196 162 216 233 232 293 106 41 44 65
30 37 182 196 121 254 274 127 282 263 233 7 198 20 161 286 120 84 43 248 252
112 124 148 283 20 18 150 74 172 168 122 267 213 164 229 83 180 174 271 225 43 243 62 264
106 244 258 203 157 97 193 255 142 281 276 74 288 246 127 36 32 295 79 51 247 129
32 233 62 142 96 122 16 288 171 51 230 146 158 34 268 68 296 151 50 115 60 86
16 80 217 154 252 112 229 21 287 223 271 124 110 182 262 53 171 207 30 109 297 78 180
80 100 126 175 199 209 265 24 298 113 111 48 126 6 176 177 91 134 285 150 131 5 22 20 211 163 161
38 51 103 173 174 267 411 274 5 16 111 18 247 279 133 202 50 231 123 81 193 38 83 163 28 119 154
847 112 204 122 210 59 149 273 50 188 157 125 168 139 147 164 269 200 79 51 202 235
281 367 97 184 225 135 203 223 270 29 47 50 199 172 183 117 289 78 165 31 232 57
18 27 36 93 103 166 188 197 110 213 154 5 44 298 152 91 78 0 77 241 200 270 92 17 9 79 84 75
68 235 267 194 159 143 260 148 26 244 216 50 37 197 293 190 67 272 264 29 55 51
90 263 276 164 187 270 255 186 248 62 117 184 205 175 73 147 59 151 122 233 142 160 150
20 276 189 16 24 11 88 261 221 109 186 132 257 136 105 124 46 20 277 215 299
20 196 251 286 14 217 125 243 181 285 4 13 225 276 115 78 206 184 27 5 30 41 64 214
51 60 93 125 258 292 157 223 21 33 201 61 275 228 125 9 82 277 87 295 53 276 128 210 187 186
48 164 209 129 80 221 18 244 127 270 164 253 75 124 252 206 152 229 153 248 156 195
56 280 250 38 296 244 52 167 55 18 35 210 223 159 214 100 25 148 103 33 158 48
10 119 143 111 52 235 86 6 245 160 74 216 228 168 237 131 72 203 47 272 108 115 44
3 133 155 163 204 62 251 47 119 67 235 170 267 180 38 31 152 216 52 78 245 282 274 131 226
22 73 246 275 29 89 207 79 263 281 28 124 287 156 118 249 165 163 58 262 121 274 184
21 44 145 188 269 22 43 163 13 227 30 260 266 200 97 77 178 271 21 295 168 140 56 76 206
295 87 116 156 290 139 171 96 234 122 15 269 105 112 115 161 85 254 181 248 55
21 193 229 255 222 243 173 272 192 136 53 278 166 122 24 17 246 226 233 58 296 123 148 253
268 271 1 216 188 265 117 52 127 71 10 146 251 222 32 208 194 83 128 0 124 6
50 286 61 37 282 25 229 83 214 60 15 263 2 256 231 205 94 201 248 76 168
25 116 299 136 112 83 255 88 116 120 193 125 16 55 135 274 148 230 46 205 167 15
122 5 289 24 133 88 106 293 272 186 158 135 271 129 61 210 19 280 100 154 258
131 189 212 266 259 148 134 93 180 64 95 168 174 78 61 27 164 104 170 99 130 169 265 48
6 152 124 287 7 92 212 50 102 150 251 84 101 162 282 280 117 14 130 239 33 39
60 91 146 218 290 211 173 10 76 81 21 168 91 115 182 204 9 160 53 282 278 242 78 146 122
119 240 26 48 182 252 106 245 126 136 216 293 157 219 243 145 298 12 192 66 222
129 154 231 259 87 234 222 122 12 81 248 238 210 84 80 242 95 106 281 142 207 160 212
8 42 68 157 237 294 116 293 151 251 241 150 65 238 90 233 71 261 112 0 208 228 152 286 291 144
41 221 286 211 102 192 98 180 28 177 248 69 213 49 99 126 225 198 111 15 145 196
59 78 118 164 248 274 190 275 254 15 150 21 101 196 272 139 86 91 51 72 206 144 1 261 29 151
31 89 189 242 293 197 177 275 15 272 257 61 216 224 287 258 62 48 234 225 193 25 153 242 138
10 55 266 264 278 37 139 62 192 222 64 236 149 231 55 281 249 271 276 244 255 177 201
41 86 162 218 232 239 64 212 55 187 222 298 88 0 100 269 220 191 26 153 160 273 231 233 117 172
217 244 249 216 4 238 293 13 38 248 12 275 225 249 118 14 73 19 107 299 215 218 223
7 190 209 172 257 58 24 91 110 18 42 179 96 115 187 17 155 154 208 204 168 226 271
26 137 228 400 279 184 279 65 65 65 240 91 279 233 165 229 92 72 110 69 153 265 69 45
222 234 116 189 148 26 115 233 8 143 85 142 83 78 53 257 206 246 136 274 18
847 87 98 153 76 144 42 283 7 210 231 153 87 134 86 88 185 115 113 192 242 161 186 273
50 272 186 14 93 172 294 78 192 203 12 140 227 28 36 89 16 0 94 44 87 47
52 164 117 258 71 150 73 1 229 212 148 96 8 144 206 246 207 165 279 40 168 161
3 77 82 101 183 253 275 229 139 291 118 21 29 194 125 90 199 170 62 111 262 5 103 40 290 196 7 288 260 238 95 100 144 199 150 50 57 44 220 123 97 271 289 34 190 75
17 133 191 246 109 14 181 201 87 166 230 204 239 141 37 248 69 137 92 58 289 68 171 8
30 113 127 256 286 242 273 151 253 1 249 287 200 152 98 150 265 49 293 25 55 5 106 255 58
24 147 168 51 211 18 90 157 135 119 264 170 41 242 150 73 108 70 163 223 257
16 220 274 276 106 187 296 134 287 46 285 207 216 211 122 70 288 248 29 270 119 229
165 210 98 7 65 100 251 101 244 183 278 76 55 168 79 156 223 15 140 192 279
18 88 218 294 59 37 219 146 277 233 245 158 50 295 92 289 275 101 299 35 127 250 47 8
15 32 42 226 268 12 99 297 217 160 67 137 34 15 32 180 138 289 6 214 235 25 250 210 2
155 39 104 123 111 164 259 99 37 54 127 155 34 110 3 128 120 227 142 42 231
31 65 123 124 219 40 216 39 293 109 112 291 56 88 215 148 17 119 285 283 206 195 185 207 105
6 30 108 185 249 367 104 213 220 157 208 235 293 199 43 176 182 23 19 299 100 221 267 181 266 10
50 81 296 260 106 130 126 75 95 0 222 259 92 243 124 224 139 109 220 132 194 116
42 163 212 32 269 128 56 207 294 211 104 113 78 22 165 209 233 71 270 172 21
38 60 89 134 207 220 294 145 165 153 5 162 1 277 296 272 206 217 41 111 148 134 293 183 261 52
117 289 37 229 123 95 72 64 20 86 233 169 150 34 142 281 297 168 27 125 265 230
51 212 145 191 202 96 264 188 282 111 37 21 129 231 289 169 80 142 167 224 183 215
55 68 153 293 43 9 207 69 90 0 13 281 298 208 258 286 284 78 269 252 51 242 139 19
68 294 242 53 213 131 13 219 159 276 189 127 137 95 271 16 20 268 265 58 115
4 188 211 95 273 294 149 139 127 255 230 190 64 73 105 197 115 132 155 24 171 160
58 182 183 172 281 67 195 181 133 58 152 90 217 287 36 298 2 294 247 192 159 38 189
66 100 142 180 154 265 265 265 272 299 140 92 72 110 140 153 265 69 45 133 632 111 49 36
91 118 134 209 238 259 261 30 127 124 130 153 279 46 203 79 263 168 204 67 175 117 39 55 143 172 236
1 13 183 278 5 51 88 236 141 244 64 76 136 211 153 298 28 122 109 75 194 269 47 248
177 228 204 55 24 45 186 105 2 235 276 195 259 262 69 227 297 264 199 34 284 201
60 99 107 45 166 13 227 143 97 133 41 74 140 66 138 101 239 288 209 159 275 95
24 281 411 16 20 53 59 180 230 232 101 129 217 158 217 158 152 30 27 195 85 75 19 166 25 256 251 174 273 87 285 39 261 284 38 195 2 56 202 109 280 287 164 71 276 6 184 267 152 206
195 151 260 282 139 27 30 163 139 205 139 195 85 75 19 166 25 256 251 174 273 87 241 46 254 202 193 2 112 265 298 147 233 123 97 227 190 291 134 56 4 42
135 145 194 239 286 294 158 215 263 241 112 159 152 129 189 39 55 64 46 92 48 140 99 184 292 116
16 210 215 216 272 274 294 253 218 277 20 36 164 33 203 84 229 285 109 227 11 195 267 262 162 210
36 139 162 164 167 148 208 59 218 294 143 0 182 168 160 93 94 290 299 140 61 231 221 205 222
80 95 141 117 267 30 33 133 39 77 81 72 46 31 43 49 103 258 148 73 266 173 152
177 258 172 51 77 260 215 83 261 90 48 50 277 243 112 101 181 156 204 126 19 256
132 156 158 214 109 259 121 219 52 229 88 186 284 217 117 49 183 195 247 87 144 93 269
94 117 231 259 39 187 203 207 123 198 240 138 281 125 35 117 266 210 286 150 88 230 27 4
99 124 158 167 170 242 276 411 182 287 109 50 17 39 268 249 95 152 75 162 27 148 144 231 64 186 288 59
73 127 26 22 146 179 149 267 216 155 63 123 185 57 111 218 24 66 293 235 31 131
2 60 81 130 215 189 187 113 90 135 186 125 234 85 270 95 91 109 174 166 87 69 183 159
192 2 241 142 232 248 172 15 8 1 165 225 152 131 256 268 137 193 159 23 77
52 221 151 184 117 87 142 274 263 166 181 288 79 183 199 154 157 135 278 238 299
49 101 77 71 4 287 223 125 30 290 35 170 176 189 197 208 46 285 29 273 62 57
26 63 280 146 160 29 175 27 93 261 117 62 124 95 48 258 50 112 294 26 236 233
168 297 172 106 115 140 58 223 227 228 42 193 43 277 78 68 234 207 191 98 158 254
101 108 114 282 294 13 207 40 73 203 145 20 50 263 66 98 124 149 109 80 261 88 150 17 222
119 185 220 285 289 160 168 273 73 299 298 152 110 161 253 274 293 58 77 20 157 128 187
92 159 188 283 137 90 151 47 16 252 18 195 12 243 144 185 267 250 85 139 260 45 107 79
218 194 177 226 221 148 122 150 251 84 271 140 129 125 36 29 158 39 12 227 151
4 14 149 286 38 106 179 101 162 23 90 256 129 86 57 33 81 271 109 151 255 288 280 137
36 107 157 282 292 160 264 291 182 248 219 66 125 38 204 14 97 46 273 180 133 45 175 36
4 42 273 136 297 90 201 109 283 87 46 140 235 2 58 207 196 166 127 194 111 101 25
22 98 272 274 253 282 56 264 71 168 157 4 288 134 228 178 2 82 64 181 203 197 31 40
7 211 250 80 213 131 256 152 55 258 222 224 122 230 221 14 102 185 284 206 212 1 27
60 120 173 175 279 249 209 124 230 276 171 229 161 12 217 129 269 106 61 60 170 56 43 191
216 228 119 273 257 187 199 263 279 194 294 200 35 55 23 97 26 225 68 30 82
49 103 174 225 248 260 87 179 203 280 74 52 58 143 296 135 235 100 81 9 299 136 265 28 75
81 112 157 197 247 13 234 236 103 138 261 237 182 133 189 175 224 256 281 176 113 179 137 54
201 299 296 70 79 261 208 86 60 161 276 151 293 253 102 158 233 80 180 17 235 291
279 156 105 276 139 176 284 37 209 247 77 127 148 11 224 275 241 262 293 27 3
60 143 268 162 37 37 4 924 270 0 924 924 92 72 110 924 153 265 69 45 133 632 111
211 288 195 69 243 76 70 0 230 93 272 212 110 15 103 118 278 192 79 239 29 73
18 107 218 113 223 62 59 77 92 274 235 70 233 101 142 50 109 94 236 150 293 27 255
65 111 44 65 218 76 69 222 53 113 279 118 108 120 206 9 72 104 20 213 125 19
67 60 68 296 162 157 141 168 203 75 5 87 140 63 108 48 18 78 148 245 4
126 197 200 228 240 36 42 75 196 51 72 69 138 98 88 115 87 173 21 201 209 162 223 148 86
62 86 115 258 194 91 68 261 103 228 125 241 87 279 167 66 260 123 217 24 36 44 265 291
139 176 249 57 115 9 278 178 19 234 72 78 206 108 3 41 140 290 241 21 161 69 233
0 253 367 137 213 167 100 32 0 149 103 40 259 273 266 178 155 281 284 219 12 132 226
847 120 139 254 126 249 108 152 110 205 255 285 237 77 284 274 155 103 97 57 11 94 234 35
0 1 33 184 268 104 111 248 205 161 36 257 203 252 15 244 25 195 255 206 288 44 286 157 101
47 67 120 213 43 73 139 245 231 235 265 186 104 294 143 10 198 0 76 133 146 181 102 190
100 175 267 141 71 70 115 136 265 158 226 107 251 64 43 218 79 284 239 97 56 14 171
116 250 258 38 183 288 235 123 61 142 197 140 166 9 213 290 41 202 131 270 156 233
236 208 212 178 195 220 209 143 57 260 204 120 118 245 63 47 22 222 31 157 51
26 27 282 100 236 40 183 294 48 71 21 80 117 98 91 95 170 275 19 272 298
69 94 254 270 224 125 12 272 263 6 17 10 150 121 201 261 221 70 69 168 156 119 99 71
18 130 176 203 230 258 242 268 27 74 17 68 214 241 209 1 222 101 264 294 95 148 110 19
99 296 238 100 120 34 46 297 89 133 224 288 216 156 88 219 37 101 77 214 203 15
80 186 210 256 80 30 77 115 250 212 99 133 180 24 54 104 172 153 106 98 46 102 249 14
8 19 200 47 276 16 110 324 967 162 676 967 38 16 939 676 72 110 924 153 265 518 45
93 109 125 174 260 56 133 247 233 116 4 199 70 60 89 129 288 54 292 208 175 243 95 65 217
15 136 161 266 223 202 173 247 193 132 52 160 265 155 142 210 133 298 50 91 230 102 57 273
214 237 277 411 31 33 157 184 112 12 165 106 104 140 27 252 391 70 197 676 6 141 545 274 247 22 247 153 197 231 282 166 20 81 134 289 72 280 93 156 126 109 123 90 80 210
0 195 295 160 99 0 278 198 33 247 211 201 107 255 116 194 241 59 213 277 67 25 0 36 205 285 0 241 26 0 299 170 267 189 295 212 55 32 259 127 265 27
43 52 214 367 161 65 95 233 94 20 195 44 274 62 187 148 153 101 151 111 1 297 115 165
30 61 72 140 180 281 59 5 60 191 131 277 10 93 250 202 29 289 97 198 185 271 190 38 21 25
140 159 281 283 259 101 189 164 200 130 78 225 212 128 293 169 119 132 77 155 282 151 141 150
28 53 78 169 196 247 276 20 170 255 14 15 299 183 165 164 115 110 137 106 24 33 49 223 117 16
7 51 196 254 280 228 53 186 202 136 116 67 109 87 129 90 108 283 199 153 277 11 170 33 39 245 277 81 296 274 208 30 4 248 9 165 263 178 122 123 0 96 233 141
11 27 200 194 53 115 222 25 227 237 183 118 131 167 299 68 170 155 240 110 117 152 120
78 167 222 269 273 293 19 228 87 226 8 289 102 145 103 240 70 191 188 206 84 83 156 118 126
84 274 39 14 12 257 85 126 106 200 261 71 198 247 219 239 33 27 42 189 31 0
57 145 280 67 139 112 176 134 221 279 271 256 52 7 149 159 127 114 102 17 51 16 119
30 71 165 199 172 280 140 110 234 258 174 211 88 133 72 148 182 60 99 204 125 277 23 3
183 196 249 367 256 164 269 262 116 189 56 205 85 240 255 22 101 211 197 242 200 241 281 163
29 153 203 223 233 247 218 245 283 250 48 296 120 255 54 57 173 195 260 290 15 214 194 174 224 104
78 189 236 55 16 36 27 240 29 241 283 163 39 65 91 294 293 130 37 12 269 204 217
257 29 294 132 85 77 91 237 296 40 250 299 76 115 50 166 253 169 262 160 103
37 77 89 167 165 287 91 203 99 95 57 229 53 174 180 267 237 108 126 113 115 20 3 29
175 216 282 171 240 82 241 129 182 94 213 216 231 7 252 293 257 115 200 235 81 282 85
64 168 278 282 367 616 565 29 29 385 11 565 216 165 385 616 680 676 72 110 924 153 265 518 45
50 203 133 30 49 154 37 229 12 50 92 186 58 130 281 68 134 261 146 34 45 70
254 270 251 27 153 101 84 220 126 40 0 211 79 147 141 298 216 222 47 45 244 25
256 261 2 263 183 61 279 101 31 208 28 59 207 224 203 289 52 152 261 11 39 70
847 166 289 246 266 65 64 89 236 10 43 67 298 164 247 143 27 281 50 58 295 251 84
59 239 59 78 255 102 263 55 270 160 4 11 208 0 213 285 192 39 218 18 7
99 177 222 191 209 258 0 18 216 162 64 150 214 33 100 200 237 117 245 114 19 17
106 112 126 269 178 146 121 61 123 219 210 131 111 224 90 170 221 45 130 35 108 206 32 40 149 94 232 80 154 109 45 248 92 244 259 83 211 29 237 65 192 286 196
26 94 235 275 7 15 141 9 182 249 32 287 213 74 280 11 54 253 100 4 244 73 129 252
157 266 88 696 975 369 260 88 975 369 479 260 340 72 110 924 153 265 518 45 133 632
116 230 100 130 174 261 117 115 30 75 124 167 42 37 93 216 160 293 128 172 205 267
118 186 280 228 2 223 137 87 108 140 47 193 117 259 261 165 110 86 59 241 211
17 47 117 152 168 92 91 211 9 134 198 161 256 64 149 66 33 187 105 218 83 65 42 244 153
16 78 273 98 200 257 201 112 267 29 164 280 71 158 181 239 109 22 151 178 230 205
117 274 39 152 49 235 297 154 36 27 278 50 192 245 226 186 222 217 84 178 108
116 120 47 5 251 187 19 92 246 20 88 0 291 216 32 103 152 111 133 37 214 39
120 244 55 77 286 240 202 26 17 34 179 245 280 22 244 295 255 27 236 263 243 188
35 51 249 49 103 209 178 196 187 162 67 151 119 93 70 89 20 198 245 16 124 246 169
2 60 210 201 87 207 154 45 188 152 284 35 116 279 215 121 292 237 94 163 227 6
54 89 94 269 89 6 23 112 293 126 145 297 15 55 299 247 194 51 195 141 278 158 257 188
284 217 260 138 276 241 163 284 130 84 11 76 264 6 60 144 227 161 245 54 281
143 178 215 254 256 260 249 27 45 135 270 46 188 239 39 103 186 118 222 3 81 271 160 137 119 257
36 121 131 163 253 178 106 15 36 203 116 119 5 49 123 40 254 180 287 214 35 184 125 242 131
189 98 4 150 127 184 112 49 15 69 111 167 187 191 198 252 182 293 16 137 258
23 112 199 263 43 270 42 104 206 123 94 111 142 274 99 243 203 291 128 168 176 2 6 126
74 81 240 35 274 207 49 238 208 147 54 38 83 269 8 299 245 206 201 80 105 102 283 82 129 93 182 153 18 239 11 227 286 214 116 265 70 94 215 106 177 266 103
250 218 265 195 289 170 258 288 68 64 169 44 14 47 191 261 254 100 270 280 183
8 189 210 215 259 909 33 126 221 452 706 74 845 994 152 310 236 207 292 172 391 259 416 343 637 83 823 891 914 186
88 130 184 227 300 469 280 280 342 342 546 158 763 338 389 296 175 275 338 763 272 445 56 175 231 135 80 153 181 124 1 126 73 142 259 94 132 267 289 227 43 97 60 146 193
78 123 143 157 221 232 540 540 722 117 718 540 573 573 718 265 171 217 171 13 217 225 258 13 795 93 232 884 971 171 368 182 46 218 20 368 60 29 179 187 17 112 734 66 273 186
97 293 21 111 242 156 608 164 24 120 282 185 136 67 56 205 282 430 725 347 258 377 459 150 235 86 186 140 29 67 114 246 0 250 291 56 248 213 19 262 93 224 62 32
3 4 65 179 267 336 53 21 93 188 190 34 6 31 97 30 8 105 87 222 117 261 234 62 185 108
251 106 227 62 282 210 112 79 199 143 214 54 89 167 122 224 76 131 262 77 102
24 241 260 40 206 168 278 45 100 128 244 24 114 76 51 276 140 256 134 64 56 84 233
50 184 186 220 165 22 82 173 88 239 253 44 95 277 200 180 125 297 162 127 130 6 292
39 265 282 287 215 93 161 115 32 137 182 129 27 258 147 159 107 141 296 3 179 69 281 66
1 210 211 290 152 191 183 151 58 37 60 187 190 215 277 167 177 264 81 259 158 51 90
100 165 278 196 92 15 1 234 280 107 91 73 279 229 217 184 82 113 214 125 102 22 115
186 278 152 154 134 26 54 210 222 72 64 173 224 116 168 206 160 137 142 56 99 182
142 233 261 109 198 277 127 222 286 284 125 272 123 160 65 211 71 23 18 168 158
974 89 107 283 298 154 31 228 193 157 28 171 230 147 274 55 207 233 136 206 241 113 127 235 91
196 212 289 296 74 71 260 274 229 72 142 13 187 26 145 8 97 288 244 252 298 179 121 221
47 103 145 173 184 290 43 68 146 232 197 12 124 240 149 263 95 59 212 183 189 48 283 193 199 65
38 61 77 6 41 251 220 93 162 101 55 229 249 200 282 161 166 85 158 51 260 30 60
114 204 258 281 294 231 129 68 70 292 22 195 86 198 53 43 92 145 230 109 205 217 206 280 4
1 153 289 200 248 264 94 47 119 175 10 131 83 169 256 157 140 77 148 91 222 48 132
37 141 210 1 273 190 125 133 67 47 38 54 145 144 45 198 21 102 95 153 197 298 220
60 186 257 3 124 299 142 255 265 219 120 177 52 173 86 247 280 40 149 186 63 234 296
10 35 56 144 193 199 222 137 207 66 132 123 8 116 291 103 295 216 177 20 149 141 248 4 267 131 62
26 108 217 203 156 133 56 168 57 172 242 10 39 166 229 188 216 287 256 63 8 110 26
131 154 44 162 76 250 288 146 69 294 143 204 98 181 230 104 87 50 159 55 223 59
51 226 228 253 0 217 149 221 198 133 174 16 25 244 103 90 6 186 75 140 59 30 250 231
179 250 255 230 106 295 262 197 200 49 37 184 185 21 40 34 166 255 88 176 122 290 156
234 109 2 268 285 201 287 147 154 174 123 197 212 265 141 44 103 59 53 195 150
90 115 196 246 106 183 106 237 153 239 106 210 145 106 8 239 263 86 220 21 292 117 164 634 70 122 104 114 120 12 211 220 134 209 192 78 232 96 285 196 17 187 105 103
145 272 213 167 101 237 49 55 1 40 102 241 170 111 78 187 297 75 247 212 292 39
141 206 95 113 160 271 135 235 44 136 123 294 130 13 34 174 115 184 105 269 24
12 80 274 298 166 260 25 125 73 18 270 289 214 191 220 236 196 237 190 184 35 193 24
126 131 295 185 75 25 200 293 27 232 128 95 37 130 217 99 105 38 64 172 190 269 91 287 204 225 62 119 166 144 88 199 77 126 280 21 288 194 50 85 218 191 296
1 137 182 231 242 254 279 176 62 159 23 94 257 147 45 136 287 88 169 229 144 111 273 247 35 207 73
284 287 154 264 238 104 101 67 39 48 85 38 0 204 239 203 109 117 197 209 241 60
2 140 182 85 169 232 185 118 37 237 193 53 249 45 227 199 188 172 266 25 268 27 52
58 101 148 58 249 199 279 160 17 261 25 137 234 100 246 121 18 139 167 257 290 120 207 216 187 83 214 9 124 95 131 127 47 59 275 65 175 202 135 201 232 137 24
36 204 124 9 52 193 47 200 247 49 172 276 152 166 251 267 24 38 68 97 197 202
70 94 141 159 187 232 295 188 203 160 230 140 191 245 4 209 271 92 25 62 238 195 112 295 246 144 178
146 227 148 130 115 109 238 216 266 119 134 162 237 253 118 232 117 154 289 282 262 291
127 211 287 284 126 19 204 271 1 101 136 184 109 92 159 176 34 103 106 294 144 73 52
79 154 165 188 229 240 277 294 297 65 219 285 110 241 141 27 41 165 83 204 286 261 228 121 149 32 296 190 91
45 177 196 245 235 294 169 24 147 184 221 273 129 243 99 52 170 179 277 181 73 61 152 246
128 34 153 206 2 70 63 286 175 21 161 47 4 120 113 285 76 218 43 173 11 219 121 184 205 116 260 242 243 174 285 89 49 142 137 286 108 90 178 62 79
143 270 29 107 149 285 253 45 215 106 63 42 172 113 43 166 60 82 37 263 213 51
104 257 292 250 264 229 45 209 103 158 136 235 234 157 124 133 189 55 178 25 82 241 201
15 126 13 82 30 270 187 98 79 201 6 282 209 4 171 228 15 288 92 152 23
54 106 125 131 169 194 257 267 143 27 106 162 279 83 227 64 266 133 74 187 56 277 166 33 240 38 6
122 263 12 150 239 260 122 166 234 20 136 282 168 122 221 51 98 8 12 222 263 292 220 261 164 164 270 235 261 185 273 102 130 18 153 11 108 65 98 299 192 0 46 92 123 50
126 191 238 122 191 180 248 238 147 169 2 128 170 226 243 213 114 134 0 292 249 53 127
17 56 57 65 196 250 187 295 192 47 229 228 156 130 98 54 97 202 230 217 174 43 180 57 263 96
187 226 33 153 225 141 193 62 283 105 297 78 110 147 112 47 111 262 76 35 130 176
19 80 207 150 209 50 61 35 62 24 1 144 51 129 207 27 54 83 0 163 172 153 254
7 152 233 168 151 148 190 233 160 77 118 47 83 161 27 99 132 24 159 222 40 48 88
193 74 148 222 102 81 126 4 14 86 109 146 255 243 141 217 262 198 134 268 112
3 221 122 131 153 269 202 124 55 238 217 231 50 112 154 35 29 49 151 24 188 203
23 60 112 118 217 288 187 55 271 113 86 157 5 52 258 280 217 180 39 286 108 47 184 116 77 106
10 44 69 233 139 286 210 284 55 23 201 202 138 194 135 185 89 168 69 66 10 239 142 220
191 26 287 180 241 257 25 119 176 161 200 62 129 98 92 177 243 231 29 290 110
172 271 274 229 10 212 46 25 17 280 74 279 172 208 267 160 29 207 197 9 21 109
129 155 167 274 3 66 29 123 146 110 211 137 266 281 178 167 278 112 70 18 138 84 233 49 79 193 46 294 213 111 78 128 98 112 261 170 74 269 151 91 19 105 62 0
61 73 158 202 257 51 39 429 162 99 94 51 99 429 297 86 51 222 12 292 221 634 220 261 223 90 150 36 152 270 290 229 98 205 87 15 175 122 287 76 172 164 271 196 91
20 31 150 160 171 190 265 262 41 206 178 12 190 221 25 252 3 287 59 242 212 240 208 185 195 85
97 155 221 284 41 166 267 28 145 22 15 126 242 12 205 2 97 203 94 13 210 296 192 117
127 294 974 218 32 32 238 171 76 294 92 883 165 404 218 209 262 550 30 48 639 233 982 34 280 23 17 5 277 190 295 96 270 290 183 286 240 36 182 3 0 214 21 46
47 237 12 242 0 145 49 187 63 255 91 65 286 130 166 165 113 197 240 223 68 153
1 74 253 9 221 112 199 128 162 224 87 219 116 272 175 188 94 104 141 180 197 105 46
82 96 158 26 148 116 132 239 59 162 159 295 68 71 135 124 268 43 221 195 215 258 56
106 216 113 0 79 30 231 140 295 250 43 73 135 101 69 16 96 82 267 38 40 268
29 94 189 157 9 272 128 126 238 204 222 248 57 285 208 253 219 182 38 12 207 240
13 118 239 282 97 287 249 61 289 196 141 216 283 90 52 228 185 252 19 254 80 276 162 129
2 112 128 195 278 236 248 50 174 154 182 118 73 298 91 179 181 183 35 139 144 65 3 94 191
130 144 247 156 9 227 10 52 234 173 284 254 45 283 220 132 161 150 103 65 170 285 3
77 138 177 285 135 87 118 155 287 4 8 160 3 39 183 140 170 223 220 286 36 78 117
16 114 146 221 269 205 190 219 19 27 142 88 91 53 297 80 268 264 152 104 237 150 266 153 209
35 89 180 265 285 287 138 260 210 192 74 243 204 27 207 287 0 231 289 71 16 103 73 200 30 290
0 67 234 28 264 171 250 287 249 120 236 135 165 275 268 281 87 14 201 101 58 175 91
121 195 264 205 216 98 189 134 40 259 269 126 149 45 271 156 266 6 256 127 139 15 5
128 151 216 208 242 212 120 84 109 29 131 258 81 53 94 49 101 225 105 97 138 176 157 59 225 198 30 45 264 251 144 146 90 180 7 160 271 288 101 268 25 157 190
133 265 276 203 106 222 247 290 226 166 41 297 52 189 17 213 143 8 266 73 133 291 9
49 97 108 243 260 86 88 243 102 299 205 277 252 40 257 39 47 208 85 68 229 114 298 289 72
91 97 116 122 198 0 120 57 228 144 299 198 95 166 13 4 160 116 245 35 107 110 54 232 58
61 294 185 218 182 95 175 260 8 92 152 147 100 55 277 27 138 212 140 209 248 204
39 61 103 128 265 263 273 102 141 60 44 17 260 230 212 277 46 252 186 216 76 255 11 188
112 220 299 151 115 187 235 2 18 232 270 126 214 292 234 264 145 152 241 84 217 295 294
974 4 208 11 25 198 12 245 38 145 7 296 65 253 88 104 264 131 37 0 298 52 101
134 170 257 298 259 228 5 10 209 104 261 185 88 82 41 6 244 167 138 55 27 66 274 202 135 267 185 222 246 71 19 139 10 72 3 284 62 138 219 42 120 134 238 255
18 67 257 259 10 254 2 291 101 102 22 137 270 208 279 219 75 52 28 217 39 255 233 140
106 155 164 192 295 256 287 215 47 90 87 267 185 182 190 39 160 159 29 110 71 135 245 288
25 51 89 110 286 64 171 194 183 257 167 137 70 222 174 140 178 57 152 278 204 87 190 95 276
21 33 64 182 180 74 148 118 100 68 235 194 123 188 165 141 46 208 114 80 134 55 247 1
165 220 121 275 43 62 264 74 68 238 103 55 258 175 192 67 157 257 263 167 21
4 25 80 129 143 205 285 75 94 106 173 274 235 47 119 254 223 249 136 287 121 211 292 77 150 271 186
31 80 81 120 223 293 64 204 110 244 181 59 153 67 107 69 1 13 72 238 212 65 262 218 147
55 78 206 210 299 23 210 186 285 100 52 110 270 283 73 185 0 129 254 199 189 40 16 161 59
107 207 245 2 23 197 254 148 190 150 65 183 201 63 4 61 35 132 218 288 204 100
127 140 256 117 295 69 107 114 82 15 98 77 198 28 10 130 255 63 205 293 179
48 59 111 190 192 266 89 173 109 91 108 85 118 134 294 25 60 216 189 17 68 282 204 144 290
185 27 0 205 256 14 228 234 4 177 63 189 127 11 122 109 261 45 10 95 96 260 55 287 234 177 274 36 44 266 168 1 61 245 102 111 153 184 131 169 261
171 269 220 145 276 102 94 175 238 140 269 278 184 1 268 51 22 253 118 205 141 252 258 18 242 205 295 116 85 168 146 20 37 199 296 203 247 175 99 78 207 107
200 33 135 272 129 214 256 56 44 274 150 22 284 4 224 266 260 165 257 48 245
33 147 220 222 298 171 67 225 15 83 268 148 71 249 178 36 72 276 219 251 21 63 278 196 139
6 16 33 151 69 85 227 44 126 16 217 165 167 290 142 12 171 72 94 264 70 289 211 243
126 145 136 235 175 295 137 188 168 259 139 240 55 186 226 71 130 191 217 50 68 182
67 155 176 186 97 38 150 209 183 10 289 185 192 218 213 273 19 81 251 67 47 216
92 240 217 268 263 283 88 32 139 261 206 91 132 144 3 192 174 134 202 16 0 80
122 267 279 64 158 288 180 36 73 61 270 164 101 118 106 66 83 209 100 22 229 299
243 204 219 248 197 183 69 161 151 105 90 257 139 218 20 75 170 53 222 240 128
68 299 249 150 248 136 196 166 105 154 78 200 63 206 53 148 163 198 278 145 66 187 201 10 262 216 143 261 226 71 179 198 150 214 199 195 98 120 138 50 257
36 44 180 227 265 283 265 285 111 187 48 291 277 138 173 71 95 115 222 74 172 92 69 196 231 39 211 51 47 207 188 29 177 169 182 152 259 139 221 112 209 143 199 183 163
18 158 275 129 112 16 95 299 178 291 87 174 290 123 218 184 205 69 25 278 206 185 161
3 33 71 111 257 83 90 27 265 68 96 239 298 140 55 207 169 84 235 38 94 162 195 294
76 98 170 212 193 4 299 248 7 271 163 149 287 148 154 24 15 60 262 182 98 206 147 232
15 80 271 6 131 818 167 76 547 167 242 182 108 238 238 167 164 299 8 12 51 164 160 221 292 46 90 275 16 245 294 263 283 130 59 133 261 108 61 131 86 106 72 33 274
233 204 251 182 92 203 201 294 84 64 10 43 268 34 282 52 121 147 2 117 134
168 180 206 268 76 70 225 20 151 140 27 2 0 256 226 85 46 276 182 59 204 107 267 183
185 231 234 235 256 278 279 8 210 51 288 68 195 5 128 187 256 213 53 164 148 101 144 201 102 160
24 166 222 106 190 126 51 283 117 144 157 66 230 189 52 260 143 103 13 18 31 50 198
71 82 190 229 266 68 223 221 158 243 105 126 295 58 212 19 54 95 196 103 197 188 218 168 178
61 92 120 209 229 237 253 25 36 279 265 281 154 222 27 116 202 71 250 173 177 94 259 146 201 107
19 80 95 131 138 144 223 294 119 287 216 156 23 281 85 99 234 198 28 138 51 251 237 27 144 195 240 103
160 260 280 78 174 163 38 33 152 187 66 69 37 270 264 213 173 237 137 178 224 4 233
8 19 160 263 27 283 16 218 211 186 284 133 147 81 197 166 14 246 103 1 236 262 214
50 154 158 214 299 130 174 219 270 131 26 98 282 95 213 30 152 13 111 141 68 255 291 179 119
102 185 75 102 104 175 289 181 67 982 151 547 298 17 117 51 220 86 12 299 21 164 550 160 221 66 64 62 176 151 39 13 241 217 101 157 148 181 94 196 160 235 17 108 194
116 195 197 258 151 2 135 235 155 39 47 46 73 119 213 90 263 30 240 294 152 75 100 147
64 282 273 144 4 136 113 294 88 221 47 84 147 212 289 257 104 95 168 209 135 288
21 99 161 168 215 231 245 29 3 223 74 158 295 36 170 153 216 196 246 101 38 169 130
118 147 207 101 226 285 1 78 249 294 50 65 111 83 119 88 129 6 177 191 247 194 94
74 80 125 177 187 215 264 43 77 166 192 212 275 138 138 982 125 125 104 125 220 117 51 164 21 292 550 98 223 12 299 261 259 295 255 215 161 58 264 269 10 25 24 64 86 205 115 225 153 279 231 119 251
57 112 236 1 238 134 209 146 116 59 287 140 117 123 8 118 105 295 107 223 200 297 154
59 265 232 250 28 254 298 179 20 197 10 86 181 23 226 260 196 42 12 49 4 52
100 111 213 35 120 151 217 21 21 38 242 886 138 263 220 98 160 221 21 164 292 8 259 12 299 550 192 62 163 288 92 194 226 93 15 125 145 199 174 248 133 184 54 20 186 159
82 41 195 240 171 52 29 43 7 10 183 79 209 267 149 94 25 16 19 201 34
61 78 112 123 130 228 266 58 130 237 206 241 74 3 43 20 189 290 222 224 143 113 44 53 56 134
3 68 144 164 239 283 96 226 174 157 102 221 206 167 147 87 181 180 15 26 271 288 9 247 27 88
214 184 218 103 91 166 171 18 85 40 223 152 24 255 148 154 67 48 30 159 122
4 176 255 3 224 224 270 270 19 224 224 14 195 804 98 288 804 123 980 197 588 224 461 56 139 63 108 76 126 80 134 187 247 96 267 46 89 298 294 132 152 38 194 215
134 253 181 257 57 113 14 176 33 180 204 158 32 207 73 226 215 284 261 70 224 133
54 215 182 896 241 241 554 660 182 241 554 189 182 132 29 47 747 36 42 5 5 250
202 217 34 203 138 231 263 86 99 172 44 276 130 113 183 36 211 221 109 73 3 83
253 130 142 126 63 94 207 79 129 124 72 257 178 77 150 216 75 279 141 96 108
52 32 205 85 277 85 296 211 277 156 206 145 35 194 133 75 201 554 247 285 348 52 996 233 146 46 277 140 44 148 239 237 284 116 151 182 185 53 124 94 221 294 57
81 153 185 71 39 46 295 48 165 269 3 235 183 253 270 145 24 79 283 38 127 271 122
13 163 219 236 118 29 133 257 81 154 96 109 1 86 148 155 30 261 244 289 79 125 100 216
210 227 229 107 137 24 90 35 162 39 109 252 279 165 80 294 82 110 261 116 45 231
209 278 232 3 56 234 199 209 225 213 21 296 160 142 153 35 98 190 168 239 12 191
193 273 171 78 65 102 282 84 39 2 205 4 142 100 188 91 179 199 9 190 111 58 224 121 113 164 182 14 71 106 119 101 50 46 295 96 174 280 38 67 37 105
30 232 30 97 100 130 154 210 20 98 133 222 258 181 159 265 125 132 21 13 138 228
66 91 125 252 193 201 47 272 48 116 223 0 258 189 38 215 196 225 232 66 251 13 231
154 176 255 100 90 258 20 236 183 141 190 92 74 150 77 15 71 139 75 276 187 157
139 263 70 207 294 111 203 262 174 51 286 146 32 103 1 139 22 129 124 206 23
18 174 262 106 146 42 246 266 181 235 20 147 295 192 233 184 196 33 37 44 189 27 192 185 227 295 225 155 92 211 80 57 178 129 236 177 18 10 213 232 38 111
73 230 244 10 31 81 297 227 120 113 163 35 8 168 107 199 23 26 22 63 250 157 123
11 26 32 157 109 82 249 14 279 170 224 36 236 237 288 257 48 64 116 253 62 66 297
35 188 348 219 183 198 175 164 256 173 286 282 280 63 19 153 17 42 148 132 243 23 228
221 256 131 42 134 193 32 94 192 63 127 186 179 100 38 189 27 116 289 113 183
747 974 32 38 92 270 6 247 17 36 142 212 266 276 94 237 197 66 82 191 4 158 113 111 123
239 254 261 185 1 269 99 254 52 57 299 61 106 59 292 186 152 176 35 246 253 101 225
242 258 43 111 233 37 108 121 92 167 214 152 186 202 288 67 16 14 137 289 61 280
27 37 127 159 44 159 229 114 138 20 178 117 156 65 245 226 150 223 142 25 107 45 231 220
150 208 281 54 246 38 271 254 147 55 277 272 133 176 160 221 110 72 193 201 129 58 97
17 242 271 179 149 283 285 153 107 261 24 118 217 39 130 29 258 142 267 27 13 155 82
135 267 294 263 146 41 276 32 295 94 155 280 58 186 193 123 68 129 137 174 87 170 294
16 37 167 76 59 7 66 189 238 114 53 299 296 103 39 230 258 55 240 144 15
0 87 168 225 156 122 227 21 51 282 52 298 158 167 50 147 98 49 206 132 108 80
15 221 80 11 197 139 111 89 255 94 27 270 288 70 227 204 81 250 125 188 187 140
217 245 248 267 284 95 131 122 250 171 190 106 41 151 265 187 27 202 256 292 203 168 61 173 195 64 79 217 140 187 184 214 227 62 163 38 164 87 105 271 172 76 237 212 156
73 133 181 293 252 239 51 106 225 22 107 260 125 202 98 153 101 11 95 67 91 198 76
62 118 253 79 94 162 216 55 222 250 187 254 227 241 238 31 25 204 289 70 249 263 83
176 257 78 57 236 48 228 64 66 131 4 249 282 290 3 59 83 140 189 69 278
44 58 132 384 247 133 15 233 64 150 147 265 31 181 169 70 48 281 206 151 178 173 141 19
20 41 61 121 184 185 216 235 66 117 41 143 138 61 123 209 73 174 269 193 85 133 294 58 121 289 284 135
