47 138 151 284 642 5 30 252 276 420 325 278 225 133 530 826 949 582 769 849 700 866 961 894 344 957 27 177 784
112 140 204 29 208 53 278 111 147 31 158 206 214 247 298 150 156 86 66 103 13 11
8 114 159 251 683 613 257 257 267 165 267 89 267 168 71 131 246 246 47 35 261 282 786 261 242
855 106 122 247 146 222 164 31 23 234 270 33 70 171 94 282 190 207 5 224 144
8 26 295 59 166 163 23 67 86 140 202 56 243 27 285 127 11 30 209 146 161 232 129
63 81 101 181 194 198 204 14 187 117 283 155 79 152 60 20 33 290 260 10 6 179 281 251 288 268 296
2 14 266 253 144 140 126 123 242 242 213 276 73 14 115 30 152 123 196 164 152 177 70
40 114 188 193 289 199 87 282 41 99 259 4 176 101 183 256 203 85 245 224 290 61 29 38
177 250 188 278 33 179 120 247 147 279 272 66 233 88 283 186 292 225 242 38 284 245
93 139 261 274 134 91 2 251 52 35 233 234 144 269 164 277 227 102 124 118 182 294
214 37 149 11 141 262 282 186 188 269 4 85 254 205 187 238 222 49 221 30 286
158 272 276 152 248 13 21 199 39 7 35 51 27 34 216 169 270 198 181 64 87 196 98
79 238 257 275 17 20 203 271 74 261 165 276 32 19 201 204 199 295 154 232 174 153
826 71 107 184 221 101 176 237 254 251 71 81 298 206 60 137 131 94 136 135 260 239 289 87 246
942 27 121 181 286 155 21 243 202 267 130 257 27 44 41 196 129 7 191 23 178 200 25 43
978 176 284 217 197 245 58 48 170 21 107 139 239 258 222 267 144 39 78 182 181 45 180
75 81 14 202 263 127 171 177 49 161 228 297 221 36 257 34 113 132 235 7 151
8 29 76 89 93 261 284 43 48 205 62 255 159 283 175 243 247 115 95 163 104 16 4 12 151 202 212
28 124 151 68 31 206 87 59 239 124 191 299 272 277 34 17 172 204 21 92 163 152 110
25 147 148 169 187 212 227 263 130 269 215 50 160 58 149 256 250 228 6 183 240 108 233 284 221 174 258 265
41 95 166 271 16 124 137 113 111 276 147 275 72 108 188 48 199 289 58 9 144 141 237
52 115 260 19 37 118 297 230 282 164 109 145 23 203 254 26 219 277 97 222 42 125 143
978 42 127 155 160 172 226 225 96 262 53 121 42 62 193 157 297 238 22 27 52 116 187 86 177 15 294
855 105 266 81 297 179 203 221 229 261 241 82 205 255 51 213 48 38 59 151 127 264
188 162 39 299 158 264 202 265 43 53 136 251 146 51 161 279 105 143 156 247 46
218 85 194 65 68 203 98 240 237 78 129 259 47 10 33 126 139 32 257 152 293
696 53 134 238 503 162 151 89 288 168 143 290 142 42 172 292 207 256 74 87 169 124 196 123 147
280 67 74 98 172 482 331 756 604 78 744 503 444 574 676 486 694 654 31 279 53 659 851 766 745 173 71 132 4 38 123 225 95 165 267 20 126 257 73 94 116 66 97 159 84
221 254 93 119 232 856 776 232 761 856 965 534 99 423 523 822 776 762 162 856 965 282 588 143 272 245 233 33 289 183 202 195 287 269 18 94 182 184 163 296 140 88 213
140 153 200 295 203 19 294 173 224 40 243 165 192 106 86 265 156 135 219 299 131 249 28 2
72 90 268 294 2 273 9 221 70 48 156 282 141 22 42 285 280 292 144 160 110 257 10 287
9 25 35 74 202 234 152 116 182 228 160 126 16 297 79 220 204 139 67 46 54 148 214 48 224
51 174 220 217 89 39 179 284 160 62 37 256 233 25 181 289 164 105 269 148 58 35 253
207 210 232 988 192 988 105 273 105 38 254 296 254 108 296 137 105 114 69 65 245 245 243
89 296 296 128 32 84 10 276 112 229 132 265 101 35 58 178 13 217 153 207 108 185
3 16 183 4 181 99 54 265 183 181 231 246 114 65 959 243 644 187 23 105 115 69
83 123 132 293 127 246 252 267 85 107 172 148 34 284 285 0 180 152 199 281 78 48 276 89
56 202 223 236 135 269 134 97 26 210 185 209 267 158 284 87 167 137 250 60 150 200 273 59
19 255 45 107 155 169 145 141 10 215 235 7 291 33 37 231 247 294 94 9 168 262
62 156 228 191 255 78 112 276 37 105 150 57 190 9 189 32 285 6 264 221 294 34 35
25 182 195 37 238 288 210 148 60 8 65 70 246 170 61 76 255 111 293 220 196 35 98
857 142 427 63 144 203 171 49 160 45 112 237 208 47 294 174 5 50 0 34 278 156 111 96 5 35 269 85 136 220 61 107 62 247 254 12 103 47 160 98 291 90 40
39 157 164 167 192 265 298 173 24 230 167 199 93 158 134 172 82 170 271 220 66 39 251 101 290 57 257
285 222 226 119 28 136 131 124 204 55 185 208 29 54 67 156 288 83 2 59 114
79 214 67 132 246 278 18 43 78 171 115 245 5 283 253 30 220 250 97 291 6 141
26 45 85 275 594 152 98 82 47 157 244 58 51 258 206 239 50 260 263 68 139 63 170 169 146
965 99 169 298 289 21 114 193 231 33 128 239 271 2 120 198 225 165 189 291 47 251 66 247
185 109 280 225 290 224 259 86 255 17 293 31 254 221 187 104 226 162 245 206 274
70 118 211 52 151 283 263 182 276 255 107 81 194 77 96 169 225 72 118 127 168 22 80
1 92 148 153 292 126 217 121 28 151 69 94 104 113 52 173 216 202 230 275 215 71 57 129 274
22 57 148 234 243 218 254 285 106 135 232 181 9 295 215 93 214 46 83 87 265 299 102 157 101
140 157 211 271 148 102 34 257 263 92 209 12 277 194 5 120 190 185 199 35 157 111 177 107
144 153 234 160 164 258 34 182 187 83 247 49 142 219 14 166 253 58 111 209 168 73 263
88 109 263 122 195 122 60 122 60 119 131 103 280 773 136 541 171 243 29 761 136 265 121 152 182 251 242 49 188 160 110 47 226 261 33 177 38 1 230 26 51
27 97 119 194 220 192 187 134 190 25 83 17 111 285 208 8 180 59 145 153 53 169 118
42 177 169 145 51 20 99 133 267 104 198 143 283 263 215 214 200 164 8 256 168 289
0 121 162 220 260 268 287 271 277 60 4 14 204 265 138 203 94 175 291 174 250 40 270 56 72 187 260
14 15 218 238 291 127 272 34 280 60 112 168 207 210 180 68 261 176 183 135 111 46 232 16 181
857 150 196 38 142 279 232 255 179 193 73 197 242 186 190 50 296 265 62 150 153 230 154
27 157 183 196 141 92 271 169 276 123 258 151 241 81 203 250 287 103 114 174 21 194 101 170
172 177 200 55 31 171 274 56 85 64 116 269 181 215 205 227 69 119 175 196 178 220 51
65 136 160 168 208 215 217 244 225 103 264 258 197 122 135 16 287 268 227 297 249 285 56 193 278 119 172
205 251 280 198 108 93 90 55 279 58 117 164 252 34 182 26 40 38 97 200 17 5 1
2 42 185 208 17 120 106 231 281 115 227 262 149 89 235 286 275 159 110 193 9 61 270 204
226 7 102 130 252 145 149 240 263 1 51 159 126 40 235 241 266 98 233 13 32
211 225 100 202 205 143 164 29 61 209 218 280 214 188 154 173 27 250 47 197 249 13
98 253 216 40 3 240 76 175 99 153 87 129 67 293 204 134 10 222 45 264 96
10 192 215 58 228 158 122 237 285 136 282 255 260 196 22 59 197 293 168 231 114 80 15
175 235 91 66 296 22 279 281 284 298 72 269 202 116 223 187 83 151 115 110 184
16 74 99 193 204 72 268 40 194 241 60 120 166 229 228 75 105 249 205 232 11 295 142 156 79
4 118 221 227 235 134 27 27 134 205 27 18 161 161 249 786 840 84 89 98 44 91 280 220 74
101 248 183 229 277 126 122 246 139 241 285 67 165 271 260 239 102 283 258 146 109 56
10 73 84 117 272 145 293 8 73 243 246 45 275 70 173 272 208 94 119 206 245 153 101 133 129
78 205 116 121 248 268 85 224 83 26 152 237 112 127 134 58 238 215 120 48 293 96
809 857 12 270 94 138 260 218 50 37 129 119 54 63 167 3 126 210 57 124 14 77 38 239
132 138 99 168 171 164 148 281 204 28 46 19 175 79 117 250 213 286 15 126 246
134 151 263 131 0 124 144 282 145 27 205 210 187 48 47 60 292 109 165 246 93 175 263 101 163 74 10 109 265 114 103 183 9 93 185 78 196 26 30 272 69 88
135 18 114 5 284 30 168 93 294 249 76 189 220 104 53 13 252 90 216 66 63
196 201 212 59 107 140 205 78 162 275 96 112 87 60 220 233 124 63 236 26 94 83 33
41 62 79 290 192 227 157 252 0 136 86 279 31 27 206 110 8 76 176 122 1 140 112 38
116 195 269 11 73 201 172 64 30 167 41 119 186 83 235 297 161 265 174 91 252 44
229 10 142 138 182 119 298 150 41 64 7 136 59 274 86 201 79 235 228 21 109
67 116 191 116 92 298 239 111 210 84 75 274 275 151 90 157 170 100 29 249 91 57 144
57 149 224 124 21 218 280 148 22 207 88 258 141 19 63 201 236 90 131 257 290 291 256
52 93 135 154 607 148 93 179 81 140 19 194 18 124 279 88 214 198 187 6 61 246 31 180 256
64 169 265 219 16 83 273 31 177 34 49 281 66 165 170 249 228 149 59 79 127 283 123
108 141 149 231 34 222 236 50 47 103 255 221 201 39 294 61 91 89 281 41 188 134 56 276
165 211 91 276 261 285 127 147 178 89 14 20 38 265 124 196 174 138 111 228 104 266
166 235 242 234 138 239 5 245 278 1 209 252 249 165 91 169 294 32 214 45 208 13 76
60 163 166 250 176 206 69 198 234 152 260 247 21 123 34 9 121 90 267 255 262 120 2
17 40 121 164 176 229 81 210 232 48 141 206 26 56 287 2 248 37 118 294 49 13 260 207 178
10 27 64 129 270 286 23 185 130 42 96 255 233 6 88 211 200 261 87 175 290 270 73 252 206 173
86 193 226 132 249 287 4 278 242 39 236 193 2 289 45 122 299 198 266 14 185 83 220
38 199 37 115 274 233 124 233 13 252 13 274 126 46 282 212 63 21 93 122 283 211
809 111 159 55 135 246 77 12 17 91 288 204 156 148 15 105 206 205 214 184 130
34 95 136 209 151 277 22 179 275 74 162 215 228 285 231 219 91 110 76 121 32 133 195 148
83 187 299 33 274 152 0 69 124 86 201 89 82 179 22 282 87 162 205 167 100 47
85 109 194 281 25 50 766 153 172 766 153 25 172 100 766 128 260 48 56 793 14 29 134 87 75 119 228 53 274 67 130 77 71 209 260 221 276 15 124 140 183 238 27 160
25 143 179 191 239 274 131 90 203 151 128 53 262 83 293 43 139 14 253 172 184 89 78 19 97 291
54 116 139 175 127 81 84 78 272 279 208 93 125 8 51 142 158 44 289 200 275 87 281 69
50 70 128 135 197 222 272 245 187 92 133 20 113 32 258 199 153 280 222 145 25 82 177 37 210 163
19 108 141 193 288 290 225 176 257 273 54 58 77 221 197 70 2 51 107 282 170 150 177 60 88 279
43 66 254 212 49 44 103 231 209 190 208 107 88 99 140 124 194 132 55 39 267 71 13
9 37 216 66 33 125 216 9 36 62 55 293 227 179 222 2 281 269 136 260 79 34 149
39 54 95 125 135 218 224 262 594 54 15 252 92 190 200 119 254 3 38 42 75 270 125 44 149 146 9 182 50
34 118 135 176 219 125 258 34 23 229 296 60 260 148 201 210 81 42 68 99 53 236 130 227 269
31 282 231 132 155 201 89 33 161 244 123 271 242 270 88 215 61 283 156 221 34 186 161 151 202 205 299 57 33 213 112 19 289 222 258 127 275 204 87 136 147 150
79 91 124 174 212 229 59 256 135 132 78 214 212 277 106 192 224 97 9 266 179 140 167 160 236
251 144 93 90 28 20 4 217 53 229 25 250 115 279 227 110 289 213 3 17 128
36 55 93 101 223 230 261 144 231 116 227 87 85 260 127 109 146 236 198 145 241 97 44 129 134
119 232 25 160 199 34 280 137 185 270 239 98 74 119 1 59 70 102 134 38 273
857 18 124 174 206 185 248 87 63 144 203 15 274 106 42 296 281 142 176 39 41 21 217 157 271
43 59 81 88 95 39 45 134 195 246 270 84 125 215 269 196 150 249 35 139 274 98 166 25 285
294 271 149 77 113 189 62 104 273 112 33 289 227 2 261 274 108 95 171 249 117
26 29 74 271 255 64 2 7 14 63 50 154 296 57 71 77 176 119 40 182 91 186 225
105 201 235 239 287 259 93 197 187 25 139 103 297 230 90 78 69 144 298 39 183 95 287 282 63
169 255 256 207 218 130 225 194 237 33 182 130 263 27 98 84 295 91 249 786 74 49 89
13 79 80 193 285 108 14 36 25 256 89 73 22 83 68 19 203 107 42 266 183 110 43 69 201
56 77 241 263 281 294 120 256 15 146 254 189 281 187 93 0 186 209 293 199 242 87 112 227 252 111
263 147 93 260 273 42 227 16 66 137 175 162 165 120 233 71 169 100 159 259 36 7 274 2 258 22 80 155 12 42 254 106 98 256 52 289 297 8 75 229 200
23 64 111 137 199 267 145 106 117 16 230 15 255 67 53 132 278 36 27 193 149 180 279 111 198 73
79 104 244 54 39 70 228 185 146 283 274 108 169 35 90 192 286 158 61 264 250 279 88
223 266 148 218 138 235 163 81 196 183 85 98 43 264 29 152 260 144 176 15 88 36
17 65 94 246 257 177 232 264 110 64 89 207 165 299 181 237 41 16 70 60 18 275 243 37 141
22 28 115 264 294 150 164 106 176 131 129 82 63 126 201 226 75 252 11 261 262 139
857 201 27 56 54 48 193 244 277 118 41 80 101 55 201 73 200 249 104 250 281 205
10 95 299 149 147 284 128 195 275 2 79 78 24 113 131 127 80 298 138 3 196 133 161
280 182 185 190 75 193 8 71 71 146 136 280 44 275 85 411 136 253 97 773 243
55 89 94 150 218 22 120 14 153 159 272 246 278 91 90 256 82 294 239 97 188 275 279 189 205
55 280 6 204 85 177 282 248 272 224 268 30 115 79 152 73 138 62 291 64 4 39
26 37 56 156 283 151 248 289 90 267 130 201 275 177 128 97 260 36 98 182 4 264 104 160
89 228 252 67 121 206 182 17 260 141 76 193 251 127 215 150 143 90 128 85 79 48 47
151 196 197 179 235 177 293 257 98 176 224 26 93 12 90 174 196 270 297 5 175 276 163
34 149 295 144 12 166 116 239 37 159 150 60 279 89 297 256 157 54 1 134 136 71 272
107 219 250 284 58 58 60 45 88 58 211 45 155 124 282 121 186 84 840 74 91 49 249 142
29 38 119 147 150 235 42 57 205 287 64 228 161 18 199 224 8 36 3 47 219 67 85 288 49 26 153 39 245 133 70 260 272 55 264 215 160 68 95 102 244 208 243 151 191 9
32 256 229 127 165 279 32 242 100 88 95 258 96 103 283 203 208 75 280 254 91
65 177 61 98 181 160 171 215 138 42 209 163 105 162 182 214 128 169 269 104 274 175 71 244 254 81 107 135 69 97 136 248 14 150 24 29 153 45 224 19 170 88
75 142 145 298 287 287 287 287 115 287 233 282 36 93 282 46 245 30 280 212 126 252 152 187
127 212 194 237 166 247 10 69 175 252 256 164 193 120 136 265 155 225 244 27 284 209
84 183 283 100 98 514 115 119 100 100 252 840 84 151 280 286 986 91 781 89 49 27 44
48 53 115 138 264 269 30 74 195 89 88 296 87 95 105 77 116 9 240 168 68 201 274 209 265 66
16 25 49 125 164 242 249 142 96 52 258 34 254 206 267 197 162 260 293 215 87 178 155 172 114 40 264
15 218 295 174 233 42 98 271 182 153 130 207 62 273 21 67 287 197 236 97 7 46
112 206 221 31 35 167 5 90 87 193 201 122 238 180 202 103 96 228 230 215 172 84 279
150 246 292 208 100 247 78 250 53 254 92 133 52 9 141 37 171 258 167 192 210 164 80 127 182 250 78 16 223 220 8 29 175 219 176 206 95 42 44 232 82 185 43
63 101 117 97 86 273 97 222 86 134 292 56 273 292 250 166 45 576 595 68 165 37 167 260 115 115 228 197 40 197 158 21 187 63 283 245 252 30 93 212 282 36 298
52 59 135 143 229 57 77 284 218 164 46 140 35 139 124 213 152 123 16 243 220 261 296 31
156 202 208 220 53 70 142 151 69 24 262 91 177 146 44 94 272 55 100 33 5 8 153 163
41 181 63 253 5 279 58 117 51 64 67 89 201 262 69 18 297 293 52 199 84 175
21 75 128 237 6 145 51 226 182 258 199 177 98 137 30 22 19 61 286 163 193 138 242 235
235 191 96 75 136 113 149 28 36 252 20 147 159 190 245 154 235 32 112 237 221
97 114 173 514 4 250 283 803 240 803 803 220 186 986 286 74 781 840 249 142 363 428
33 137 192 200 266 289 36 810 36 716 266 810 279 36 59 8 195 4 103 112 166 77 208 191 170 55
9 18 33 44 607 96 64 17 219 65 32 16 11 8 225 70 85 24 124 0 232 144 241 270 164
55 184 190 55 184 236 167 190 85 253 171 136 114 146 243 97 162 761 275 773 29
43 44 120 137 144 245 101 47 74 241 258 270 213 293 199 210 165 245 228 242 55 73 175 67 132 10
190 159 106 99 93 264 243 82 199 46 88 150 141 133 70 140 166 121 2 8 52
113 160 209 165 249 222 287 109 272 228 100 143 183 148 231 276 62 71 241 98 216 147 25
229 296 42 132 3 4 88 281 50 276 45 120 22 58 44 134 228 247 187 78 237 124
90 237 250 251 298 78 60 247 295 6 196 164 236 23 19 32 156 94 182 136 142 4 212
69 132 170 213 607 81 35 81 219 129 174 112 35 211 93 273 187 122 283 282 280 252 46 298 36
126 489 489 253 527 7 253 489 489 203 197 451 55 103 191 978 824 112 166 596 174
88 94 267 232 16 106 77 154 182 63 44 260 84 31 64 22 126 219 187 72 129 34 43
3 177 194 259 131 184 79 187 46 118 58 230 60 293 229 183 113 133 298 25 192 83 75 231
127 166 290 35 116 243 281 96 275 123 34 257 226 180 284 29 151 56 270 75 72 235 130
2 29 38 81 124 264 62 214 23 542 62 62 181 463 220 27 363 74 249 91 44 280 986 598 286
105 156 162 184 200 374 49 68 169 374 66 49 285 120 28 759 239 126 165 86 716 738 236 265 33
60 165 262 25 189 205 159 286 113 73 207 111 74 165 280 26 176 60 217 156 270 66
28 234 636 59 636 59 286 45 178 163 636 163 286 75 287 51 290 165 978 78 18
24 174 594 21 104 84 263 8 103 166 234 168 191 68 195 180 249 134 167 110 179 120 257
293 259 94 94 259 56 94 724 14 43 989 228 68 234 151 369 122 586 493 52 35
80 265 84 41 172 14 84 41 94 179 586 274 117 151 244 52 68 358 122 228 989
1 10 238 263 170 56 111 36 180 203 74 45 66 96 259 202 151 178 121 282 198 257 35
196 240 138 277 285 243 58 160 265 73 283 121 86 270 91 143 217 98 40 224 176 42
895 85 134 2 20 240 143 34 234 80 189 142 178 198 135 127 133 263 219 272 113 286 181
36 146 63 144 285 155 265 87 200 225 73 21 89 221 96 167 197 106 298 121 186 7
63 139 158 192 84 40 55 86 67 149 170 223 139 201 163 130 254 196 192 215 157 77 172 53
60 96 291 187 181 30 236 5 130 61 128 299 244 38 68 80 265 174 202 74 104 85 207 89 155 39 131 110 45 121 62 147 152 28 194 57 4 94 190 69 231 26 262
20 54 71 188 218 178 257 148 18 89 226 209 156 244 250 246 105 198 158 240 298 295 283 183
144 146 150 297 52 92 52 130 130 130 48 255 130 286 277 296 35 283 62 151 92 26 192 182 259 82 137 56 214 169 72 128 23 291 235 230 254 202 5 203 148 30 123 78
172 264 51 71 53 33 245 257 296 162 207 3 161 129 120 196 32 108 137 100 37
4 251 144 433 402 218 433 379 402 734 257 605 124 157 75 174 48 214 762 130 532 963
68 268 151 11 185 115 151 291 727 146 114 761 97 162 541 29 243 280 44 189 411 136
85 103 147 153 155 298 256 273 75 88 6 129 119 178 101 150 166 30 0 59 99 258 138 289 32 173
83 134 154 162 183 238 148 173 227 203 247 189 48 260 95 41 150 28 285 81 76 31 14 120 298
175 79 288 221 202 5 24 87 45 125 187 151 235 89 270 29 81 122 275 234 279 187 183 156 31 92 148 83 267 192 277 264 38 141 150 223 119 104 22 201 46
290 16 48 143 49 121 201 57 242 257 167 115 172 107 211 24 217 166 168 15 51
82 139 296 267 123 296 287 139 123 200 296 169 139 198 271 212 24 739 276 252 58
148 190 268 160 275 265 175 10 186 20 70 281 147 131 108 218 261 236 299 187 30
2 444 211 738 211 6 444 738 738 635 54 103 761 253 44 146 189 280 773 97 114
22 48 126 182 280 72 373 114 373 157 80 157 80 238 238 157 114 149 227 183 118 131 576 247 252
82 147 174 227 4 5 230 65 195 99 192 91 216 189 15 83 199 82 11 74 135 175 160
60 196 244 166 46 290 221 150 70 143 35 267 227 224 256 192 233 238 99 298 130
45 97 101 204 189 75 41 24 183 5 187 251 188 273 243 43 115 61 218 299 245 257 125 123
51 71 181 218 80 83 36 83 214 104 83 104 214 36 104 186 142 286 84 249 89 220 786 151
57 67 98 122 226 271 194 36 83 80 220 220 220 49 214 194 194 786 89 84 781 363 286 186 428 49
21 69 276 109 220 45 198 58 297 277 290 152 113 97 248 77 178 274 5 146 70 153
1 95 125 240 797 375 240 237 237 237 96 209 81 797 162 29 275 97 189 136 136 541 85
28 56 121 124 224 594 756 247 27 260 50 61 283 18 69 200 17 126 255 159 232 282 107 162 240 274 229
165 180 241 234 205 267 207 202 196 77 268 219 226 71 282 68 193 155 104 236 121 145 233
857 124 167 258 147 40 86 134 276 274 163 22 199 2 75 82 248 85 53 254 114 9 150
269 272 745 45 216 745 239 97 97 745 239 973 49 208 200 9 286 25 244 727 299 223
66 81 296 112 162 156 170 15 28 28 535 35 37 84 150 242 232 144 16 200 178 141 51 72 64 174 45 322 36 97 216 36 823 299 9 973 188 205 73 727 79 223 256 200 25
37 219 25 232 4 225 23 168 154 98 170 133 283 128 76 114 269 231 112 175 54
68 69 172 219 219 36 322 772 973 97 239 110 137 9 299 49 244 823 79 25 188 208 973
45 241 264 85 7 206 27 171 296 7 27 208 277 75 205 7 233 288 289 160 79 91 237 161 217 242 180 31 67 159 218 184 177 296 231 239 112 282 288 58 166 6 274
126 173 11 130 546 449 309 860 107 315 427 850 105 230 437 76 81 409 120 692 473 750 841 8 534
72 283 142 75 98 87 209 243 120 291 49 176 44 198 185 141 277 15 271 52 54 137
128 262 135 97 65 231 62 201 29 219 98 242 220 66 261 55 114 147 74 254 257 25 207 162 61 222 67 134 209 19 263 18 102 291 89 225 221 195 45 275 48 91
23 55 290 102 506 21 204 210 724 355 218 21 752 173 273 7 979 294 213 234 142 294 265
239 126 213 70 26 262 43 282 101 35 80 120 82 220 73 202 181 72 12 186 246 135 188 37 179 188 178 178 29 254 173 73 173 199 6 90 253 913 79 114 261
122 200 230 128 68 190 87 72 191 101 218 19 752 173 483 45 257 294 213 9 142 294 265
64 104 171 244 289 135 27 201 238 106 127 261 296 259 252 249 250 200 230 80 101 162 123 115
136 292 152 124 217 82 178 256 148 160 68 245 17 201 43 21 88 267 35 71 175 113
44 103 203 235 61 66 121 93 38 262 255 123 223 171 56 182 156 174 158 146 41 90 282 267
107 155 177 17 298 47 68 238 75 226 235 10 33 61 8 255 171 294 131 62 36 66
67 186 190 262 146 156 194 27 19 71 275 166 228 97 286 91 21 231 171 37 41 285 185
40 241 73 173 231 77 264 77 226 98 264 128 277 124 226 50 68 490 180 92 208 255 148 207 163 87 299 226 177 257 14 239 295 21 153 32 173 262 82 205 194 261 118 36 131
255 257 283 297 108 259 36 56 188 290 260 94 125 49 190 109 269 53 43 234 48 17 255 147
102 169 284 697 221 78 162 201 271 189 269 98 34 85 79 256 144 71 127 30 258 272 95 122
106 127 275 207 170 292 172 169 40 113 171 244 251 100 186 99 243 225 221 203 30 105 288
101 109 118 43 205 34 257 190 229 137 258 8 270 244 121 25 228 240 231 6 199 288
0 55 74 84 197 199 138 215 136 210 114 159 241 87 23 5 155 16 59 91 294 160 0 265 167 66
27 200 280 295 27 181 35 101 246 296 265 217 191 235 117 140 175 11 164 94 86 271 270 121
17 266 6 195 193 83 280 20 137 260 84 86 180 265 12 8 211 251 17 91 116 24
123 108 259 299 10 67 270 211 23 73 110 110 89 189 50 110 490 180 92 208 255 148 115 163 298 291 227 54 5 198 113 220 194 85 61 71 212 296 82 216 293 280 49 189
77 195 250 282 33 230 280 89 257 274 89 140 50 110 490 137 92 208 255 148 115 163 111 916 750
211 137 295 139 19 139 248 139 116 50 110 490 137 92 208 255 148 115 163 111 52 292 164 1 257 202 10 55 177 234 252 255 80 4 222 93 227 136 19 187 84
86 186 253 207 152 296 281 151 156 271 252 246 59 104 138 23 82 279 245 143 5 122 250
30 81 140 252 124 231 20 26 26 127 12 183 65 183 144 127 92 132 555 56 412 439 237 192 266 114 87 13 125 49 25 139 72 228 2 203 252 67 282 17 295 98 136 33 186 29
32 145 65 276 210 100 174 42 287 230 37 17 275 13 231 221 209 236 125 43 108
58 90 147 230 288 280 72 48 102 88 167 217 65 61 104 292 20 11 38 215 206 229 43 68 278
3 102 269 275 11 156 94 209 188 261 207 220 114 81 265 74 57 203 140 269 45 0 47 149
90 180 140 185 62 197 20 261 238 265 17 272 217 187 18 266 43 249 112 16 288 97
207 280 123 154 95 218 65 31 244 70 175 266 63 22 228 48 3 234 79 220 30 133
126 125 86 13 296 124 40 189 525 86 120 50 110 490 137 92 208 255 148 115 163 111 192 236 12 138 193 112 199 274 187 174 97 186 20 128 85 227 228 238 164
88 293 250 8 199 194 146 173 149 83 227 20 189 26 235 32 198 255 210 108 84 162
229 136 282 250 219 173 80 151 118 284 78 205 154 234 208 162 106 152 160 223 295
93 185 238 295 253 172 41 291 211 250 90 177 244 85 268 180 206 274 149 103 167 87 209
2 49 117 278 274 146 209 184 0 189 282 111 94 127 107 101 207 180 218 286 120 155 140 258
145 269 239 148 217 138 128 23 224 198 183 281 110 185 167 209 182 267 25 221 90
133 139 141 152 201 264 103 115 117 222 222 57 43 132 949 949 111 836 132 555 56 412 439 237 192 266 114 187 215 249 4 217 109 101 36 193 173 15 7 98 225 35 272 239 228 140 142 190 151
105 265 271 206 189 208 1 143 97 74 196 121 41 62 11 227 213 148 59 279 262 295 25 251 22 232 186 170 12 57 267 291 177 180 210 252 199 29 124 145 256 209 273 204 256 159 281 181 179 31 145 141 250 148 274 5 75 277 289 221 62 240 116
59 74 231 243 37 28 134 221 225 158 185 40 196 211 11 256 83 212 201 17 235 283 177 57
201 215 254 206 52 217 229 48 243 163 219 62 50 110 490 137 92 208 255 148 115 163 111 52 162 170 284 136 70 21 18 16 26 91 179 146 266 53 163 54 274 214 218 196
139 170 181 104 142 222 249 42 46 186 177 90 193 77 3 165 23 89 5 199 49 18 85
35 287 119 63 6 144 129 47 147 128 266 172 232 230 178 285 194 277 259 39 228 158
203 115 190 13 278 238 242 156 189 75 73 168 27 25 97 176 109 102 158 91 147
22 52 105 221 225 284 178 113 70 183 247 129 93 147 89 30 188 101 217 296 65 36 182 252 117 224
93 150 200 278 107 238 67 109 206 113 207 101 224 23 194 78 230 250 269 167 21 184 246 61
14 150 275 197 171 110 217 158 222 228 183 93 105 227 192 287 1 109 61 79 236 175 212
32 78 154 186 216 20 269 244 72 255 107 182 261 280 43 46 239 86 105 6 1 238 148 286
145 259 106 206 83 146 206 14 83 14 130 50 110 490 137 92 208 255 148 115 163 111 45 175 185 245 122 151 22 212 154 87 261 61 244 178 284 241 294 162 290 213
172 177 262 69 48 13 230 180 60 241 284 134 155 195 246 286 0 137 231 287 81 255 42
222 217 126 221 25 190 0 81 140 67 12 38 9 23 168 13 291 127 131 189 223
155 167 259 123 163 166 290 72 61 46 231 58 189 223 225 10 111 146 186 286 219 114 257 56 212 214 272 241 276 170 248 9 182 139 89 222 268 206 255 168 100 173
16 154 249 43 117 116 122 95 256 232 105 41 286 74 83 142 228 196 284 84 162 47 103
86 93 145 249 161 272 230 200 144 293 283 284 200 293 222 50 110 490 137 92 208 255 148 115 163 111 292 200 139 130 288 214 28 153 46 15 120 204 260 250 93 197 111 83 106 80
157 163 171 193 211 223 299 94 29 91 62 275 6 31 61 271 183 119 117 290 72 245 272 172 153 34 174
11 59 76 182 265 19 158 1 162 166 91 291 72 49 57 258 267 299 293 266 233 278 272 186
39 64 159 211 275 58 41 121 286 67 126 170 164 52 290 163 209 160 82 85 188 216 43 140 296
155 177 193 198 48 7 58 123 186 144 114 224 192 245 238 210 232 135 184 256 249 142 280
33 97 125 242 223 269 232 155 60 125 131 173 165 208 77 266 149 118 124 116 218 22 262 39
87 107 182 258 275 161 195 39 202 94 18 143 72 273 95 115 172 28 146 60 142 126 223 32
47 158 187 231 255 257 10 248 192 88 260 206 13 4 174 30 290 95 6 47 114 297 201 76 33 293
186 244 247 42 121 261 159 34 40 45 49 17 235 118 280 290 86 251 58 277 1 247 105
24 144 191 265 288 87 59 84 242 77 276 214 54 249 156 12 75 47 27 252 258 16 218 292 63
193 248 9 46 164 109 69 25 10 100 110 10 50 110 490 137 92 208 255 148 115 163 111 52 750 65 70 278 6 227 225 171 79 236 247 128 197 136 285 27 260 51 73 276 36
250 286 57 101 67 280 120 211 93 288 41 219 258 297 100 63 0 270 207 88 58 225 150 283 177 282 199 125 170 294 196 247 7 6 275 178 138 32 203 246 167 51
4 63 70 171 43 88 255 187 67 158 197 56 175 159 48 80 160 183 252 180 198 238 5
2 34 128 244 244 158 251 51 10 106 142 240 81 279 27 146 115 74 138 58 41 217 102 35
193 7 242 105 146 156 170 57 168 137 35 139 167 148 2 113 200 231 290 89 99 122 189 213 25 21 237 13 195 47 58 91 152 170 164 266 281 257 186 174 228
4 293 288 236 16 270 4 144 231 108 149 160 257 256 280 224 21 186 175 93 110
192 210 189 109 82 252 204 134 299 233 208 115 217 75 48 269 297 242 21 195 249 263
94 236 59 171 237 158 36 202 27 217 14 240 153 207 137 68 25 197 253 1 62 258
12 266 236 261 157 120 41 52 215 92 106 294 277 139 211 213 78 136 178 274 150 166
23 34 182 207 218 231 161 41 146 180 164 142 157 101 44 118 182 95 236 209 268 171 104 18 262 53
49 218 162 147 185 194 180 179 11 80 286 70 89 222 31 40 270 292 24 177 201 97
13 69 77 229 256 262 272 244 229 288 226 20 154 0 215 103 172 106 133 40 19 247 270 114 157 93
24 168 186 269 298 19 139 113 145 21 7 84 6 261 233 265 76 150 170 232 199 290 26 291
1 12 157 257 205 283 164 292 128 114 95 268 213 103 88 171 85 91 71 90 220 249 285 47
21 38 205 30 132 88 224 265 183 43 219 160 147 113 79 294 254 62 5 24 109 92 19
116 176 277 173 35 114 86 265 238 23 212 250 273 33 235 267 276 179 100 168 20 163
5 26 82 208 58 141 148 17 236 57 24 130 258 179 218 215 178 6 42 131 282 35 37 291
21 32 90 91 152 167 254 91 225 191 182 219 255 206 293 291 208 150 28 227 66 188 27 133 109 162
29 45 69 93 134 286 128 185 221 60 228 87 251 3 56 232 115 262 118 244 131 284 41 266
141 159 290 121 250 119 69 134 173 3 282 89 281 137 93 258 90 73 98 64 20 194 269
137 185 206 86 178 225 214 271 285 209 37 3 207 232 24 272 185 236 58 138 182 130
8 33 172 227 16 108 104 271 126 103 131 6 237 147 176 272 113 180 233 50 197 18 10 264
108 113 125 165 252 260 194 273 195 245 204 11 210 191 55 47 229 114 91 218 77 258 251 140 277 236
178 283 239 42 151 249 47 37 143 124 262 288 101 195 283 282 4 189 250 191 146 200
64 17 254 26 252 155 188 170 172 208 293 220 216 257 290 221 262 96 40 113 74
49 58 191 85 20 209 103 90 157 293 89 117 207 292 249 287 277 247 200 195 104 150 129
72 142 164 205 241 193 272 271 88 161 184 173 132 151 27 4 143 263 126 244 59 124 23 104 0
126 293 89 217 162 268 36 17 268 268 18 206 4 50 110 490 137 92 208 255 148 115 163 111 23 35 229 262 165 68 65 151 74 275 279 11 42 31 266 241 197 8 96 64
45 239 180 154 101 94 28 236 199 238 147 126 287 107 214 298 58 162 235 293 253 187
75 142 205 212 114 276 36 111 49 273 250 257 242 160 225 121 210 116 22 17 297 6 112 131
98 159 183 240 139 90 258 53 67 34 33 212 270 98 28 85 173 12 286 209 26 278 146 97 31 291 67 118 245 37 124 47 78 177 255 157 155 92 222 150 13 146 141 261
94 181 207 232 295 67 252 88 19 204 189 254 144 167 153 175 145 211 221 237 52 226 60 191 281
45 73 74 224 208 136 260 286 190 51 32 15 132 270 287 197 173 199 33 202 75 235 29
198 216 56 199 71 250 249 166 26 268 173 1 12 35 25 278 209 273 43 51 285 169 227 17 284 258 223 205 231 220 136 209 68 2 221 105 73 179 35 46 11
47 116 260 268 33 53 264 293 212 272 66 67 275 275 199 184 108 49 199 272 132 555 56 412 439 237 192 266 209 204 35 139 249 28 69 278 269 154 264 224 71 274 184 294 182 250 15 298
47 80 275 282 284 105 285 143 122 12 250 284 168 134 190 94 90 203 87 248 54 153 208 69 59
13 138 249 86 208 299 248 11 18 69 52 25 151 278 88 236 131 287 159 91 285 119
87 286 98 36 293 1 54 295 34 247 103 194 198 70 240 297 153 66 112 237 67 166
81 205 188 113 298 272 273 125 109 123 260 21 19 117 154 53 214 135 211 26 209
145 33 128 146 186 230 248 231 42 231 42 231 76 231 50 110 490 137 92 208 255 148 115 163 111 52 750 136 31 264 208 129 92 96 60 235 84 108 155 54 238 151 198 281 205 228 188
178 60 102 292 30 229 207 38 70 108 116 228 251 295 104 196 176 197 16 189 297
48 112 270 284 122 217 269 147 52 172 158 207 190 175 216 18 298 100 293 24 194 188 221
53 87 169 261 93 215 187 113 225 85 144 245 66 69 258 120 247 178 112 136 38 94 62 41
34 63 202 239 283 218 240 175 278 5 163 298 210 68 235 206 33 280 152 158 32 91 237 56 195
57 84 88 138 291 136 131 89 92 251 297 252 246 163 114 288 45 133 117 81 299 73 193 76
4 82 87 205 43 141 151 224 259 144 144 66 40 66 294 184 132 555 56 412 439 237 192 266 114 187 215 188 172 52 243 70 229 64 294 19 46 150 189 24 202 17 298 89 96 233 262 264
2 11 124 186 205 282 255 66 34 296 163 257 186 170 90 37 233 262 158 246 102 139 40 125 165
62 99 131 136 185 69 242 227 209 193 46 117 170 83 51 18 34 95 171 78 56 144 195 165 240
94 96 0 259 39 24 75 184 238 89 207 116 4 289 250 291 38 246 98 292 58 164
168 221 206 124 48 169 73 102 227 288 228 224 154 207 125 145 274 139 58 259 144 195
111 70 262 86 140 216 168 282 7 195 49 30 83 276 192 214 62 95 284 258 167
258 167 148 97 55 42 15 210 230 209 206 195 275 44 37 46 207 113 258 19 69 226 185 66 273 34 137 0 263 129 81 254 46 168 29 176 25 237 110 296 255
211 242 246 277 117 293 77 144 64 106 258 215 170 12 267 174 66 194 209 200 260 287 229 133
35 73 231 123 58 162 192 43 62 207 84 97 35 295 115 201 241 76 150 297 275 296 171
28 160 177 115 71 271 227 121 116 161 125 274 171 280 214 145 260 185 12 252 288 264 76
8 145 144 134 150 84 256 26 224 172 283 204 5 63 289 292 7 205 89 112 136 50
44 164 275 213 34 164 8 170 197 98 189 50 287 201 26 71 269 157 206 156 95 72
165 228 59 243 63 250 230 159 36 175 33 163 194 203 25 192 19 185 15 27 26
11 148 161 96 109 236 282 258 278 168 276 156 42 58 132 203 123 174 134 126 255 95 235
56 247 278 238 0 82 163 247 216 36 181 108 38 152 287 269 98 113 156 142 207 18 266
114 116 211 5 243 236 13 120 95 257 42 219 289 264 203 210 286 165 169 253 98 133 162
12 27 33 124 136 144 170 276 160 67 137 6 52 207 114 210 113 189 288 30 297 46 231 261 29 270 48 267
30 34 253 108 250 47 196 199 283 115 153 162 49 161 117 223 291 75 245 221 267 116 130
131 267 62 266 172 136 265 186 7 172 130 292 189 265 136 157 50 110 490 137 92 208 255 148 212 79 58 204 279 67 141 193 172 161 43 1 121 239 236 287 26 273 175 151
1 69 72 73 115 200 233 19 265 170 146 229 153 253 175 17 277 284 297 92 67 108 197 145 76 244
130 166 224 244 233 184 27 18 217 122 260 135 299 140 169 2 46 64 287 23 66 143 106 117
13 72 120 183 207 209 27 99 264 211 43 189 105 39 74 37 58 157 125 230 5 52 210
173 252 203 164 235 142 242 186 208 174 122 55 146 69 34 149 73 140 54 256 135 136
149 221 213 118 229 66 74 201 148 27 205 7 34 253 228 29 2 121 230 288 222 90
186 234 248 279 276 280 262 56 277 208 9 95 201 84 28 244 129 117 162 261 41 213 146 76
64 92 170 200 16 25 127 91 244 198 138 82 232 86 66 102 30 59 266 252 114 131 40
2 22 95 149 189 285 79 182 39 279 50 165 277 270 103 81 44 143 202 168 88 244
95 130 160 261 137 42 255 151 162 115 290 132 145 245 286 284 182 180 140 297 160 12 211 34
22 204 279 256 24 47 191 86 78 60 260 77 168 100 155 146 205 23 159 112 102 98 235
58 115 186 199 278 120 124 136 33 64 128 276 238 1 26 207 217 115 158 202 32 256 134 62 126
128 155 296 58 88 1 61 170 281 48 94 164 197 152 137 155 214 167 237 223 73 171 121
74 206 1 171 187 41 196 25 98 200 26 61 289 257 74 21 169 184 85 175 239
100 216 247 232 44 130 94 9 1 269 92 246 230 16 174 149 133 53 135 266 170 189 10
204 243 160 112 135 196 48 25 235 126 282 81 73 158 15 295 296 199 130 77 237 194
153 165 195 212 252 298 292 283 170 222 156 95 1 160 215 200 131 49 104 223 212 234 276 171 58 249
216 283 251 17 247 172 282 286 206 39 201 59 298 256 244 243 192 107 165 31 186 224
189 109 7 285 154 229 259 172 77 226 211 62 152 39 201 82 246 89 278 179 162
35 161 139 210 47 14 190 245 162 233 59 246 288 49 91 12 31 215 244 21 110
247 15 16 38 132 194 243 87 235 249 73 152 210 87 249 132 555 56 412 439 237 192 266 114 187 215 188 240 104 0 247 166 214 101 103 27 73 125 59 149 64 139 29 176 249 105 229
102 291 61 146 185 115 154 6 282 0 218 23 280 285 200 68 71 25 295 180 251
68 214 250 139 74 31 257 16 154 104 107 135 248 192 287 84 178 100 224 227 205 259 215
1 12 235 76 293 269 239 213 156 113 128 29 90 281 112 40 53 280 2 95 215 7 137
69 294 27 81 229 32 191 1 150 283 73 19 98 103 242 104 15 55 140 173 116 295
77 231 149 250 215 86 132 84 282 247 170 22 78 7 23 51 172 196 231 3 224 159
186 205 197 116 86 213 155 74 59 191 95 270 287 56 44 42 254 275 250 102 169 41
163 216 218 231 50 228 76 13 105 143 32 22 236 162 110 248 196 1 15 35 87 175 93 177
21 219 269 298 2 250 284 232 41 53 33 122 262 290 16 49 30 145 142 81 270 289 165 125
8 272 163 118 297 139 145 163 163 145 258 186 146 153 237 480 204 44 903 90 114 37 265 100 101 257 66 129 296 292 152 236 115 193 241 240 148 89 42 1 107 103
176 185 206 223 170 127 248 291 284 147 280 238 188 80 135 268 249 107 12 34 115 243 237 81
121 319 21 160 160 21 21 46 237 46 249 132 555 56 412 439 237 192 266 114 187 191 33 86 237 9 26 208 177 102 277 19 299 99 273 156 280 82 41 96 253
88 192 205 208 291 25 43 70 211 60 130 179 211 130 139 261 50 110 490 137 92 208 255 148 115 163 111 52 118 270 4 55 56 131 257 45 54 86 161 244 111 121 48 253 65 42 75 187
141 195 257 279 250 160 95 207 164 214 290 17 36 245 68 45 9 44 67 136 41 183 270
197 267 274 67 80 20 109 140 131 269 33 258 201 256 146 267 145 51 19 1 287 268 82
81 214 251 232 14 147 151 231 59 213 184 201 30 252 80 9 246 31 125 160 239 249 94
107 110 191 145 227 166 0 168 94 140 133 10 73 228 233 26 260 245 237 147 199 59 196
43 49 52 113 127 176 206 58 277 119 267 90 130 61 222 15 202 8 79 298 274 288 241 121 209 247 86
132 136 150 174 245 186 198 214 48 121 23 273 216 243 29 98 49 105 92 93 95 14 88 208 99
136 172 197 41 45 291 216 131 262 261 25 32 238 206 170 155 255 289 175 114 135 107 173
71 22 136 32 161 277 6 124 244 269 217 41 296 95 266 249 45 74 92 159 5
5 18 22 123 229 32 64 225 17 139 192 41 98 99 274 236 297 240 248 196 224 245 21 67 230
53 93 130 183 262 30 286 286 70 70 30 16 484 81 424 40 296 139 746 262 297 29 241 294 2
8 58 141 9 49 90 185 65 775 185 21 215 215 699 699 132 555 489 412 439 775 192 266 114 187 215 39 108 242 58 92 240 138 62 299 261 121 230 115 207 55 157 3 254 128 214
27 71 74 108 135 16 291 946 106 140 149 159 200 259 266 291 304 716 110 722 654 644 556 564 356 357 368 309 605 133 303 480 864 896 552 566 807 643 608 162 51 541 541 289 269 58 221 244 237 301 131 58 248 270 265 30 589
963 144 148 166 234 244 247 281 31 214 409 749 220 133 565 222 565 133 484 917 639 876 876 322 902 721 228 809 175 806 917 57 256 216 30 14 181 189 134 110 118 219 160 105 50 249 99 122 59 23 142
31 53 69 141 475 543 128 47 213 113 126 219 238 157 267 240 111 63 171 294 202 51 242 53 25 100 259 156 108 48 287 189 183 207 240 262 22 222 74 41 215 224 186 187 142 292
123 158 240 272 158 95 213 132 136 53 156 18 273 122 182 97 223 12 31 48 134 298 254
135 170 184 185 191 217 78 235 222 45 160 113 243 231 100 12 273 58 40 259 16 248 181 294 272 255
0 171 258 100 268 65 68 235 146 294 232 229 53 240 42 75 238 212 136 93 199 262 108
6 124 287 4 137 151 167 224 258 199 145 82 130 84 299 161 15 109 125 71 127 59 187
45 150 159 189 201 101 106 128 159 197 40 40 73 73 26 103 5 281 136 198 187 166 317 88 636 114 258 936 114 862 23 73 58 298 219 69 194 67 33 213 201 14 140 15 49 0 239 99 165 95
228 268 3 271 262 209 287 248 25 231 111 122 38 12 268 99 45 92 85 176 274 98
12 33 219 248 199 165 59 216 86 43 93 107 240 201 225 118 281 192 227 38 279 13 133
234 289 264 89 193 260 60 242 190 180 130 237 246 93 30 99 248 36 124 165 58 210
14 147 221 112 226 295 278 58 33 177 144 229 13 174 197 182 240 118 283 193 183 0
2 42 139 4 71 84 227 111 37 169 243 211 158 98 125 47 275 277 30 193 164 233 91
67 121 264 304 26 283 283 268 184 184 51 158 195 85 66 68 589 403 78 200 291 313 85 234
142 88 138 263 147 128 194 195 135 158 195 255 102 192 313 68 234 66 589 246 165
163 231 244 290 125 49 257 53 242 260 241 71 24 273 107 177 233 34 193 132 223 54 91 84
821 224 227 254 280 62 154 244 183 45 276 263 55 74 15 209 273 171 127 47 101 236 21 5 61
170 273 36 119 268 56 166 161 67 45 39 143 66 95 136 15 121 290 87 269 232 130
180 258 10 62 16 57 163 270 197 242 159 292 56 269 293 143 114 299 280 214 64 81
38 137 143 114 290 22 89 121 32 157 212 56 217 46 237 242 135 168 93 105 2 268 12
81 543 125 209 87 57 237 84 49 291 166 172 15 219 77 282 283 27 133 3 288 50
224 120 246 255 161 253 95 227 12 164 237 252 100 61 5 266 60 129 245 165 297 258 240 217 264 131 134 66 101 167 84 259 211 232 21 94 33 299 86 199 112
44 173 188 201 160 152 117 155 125 285 186 25 196 140 86 298 59 158 255 154 241 63 145 287
39 52 84 86 97 120 133 261 304 155 222 237 177 153 73 54 296 215 61 224 270 174 263 56 71 281 30 298 271
44 233 241 304 229 147 241 269 257 138 151 195 23 263 72 153 25 30 291 109 87 96 112 176
36 47 188 168 40 294 11 83 177 20 167 267 163 126 98 231 53 221 226 207 122
144 194 294 189 233 299 146 49 91 298 149 125 163 295 228 238 55 276 4 155 33 176
71 296 191 236 151 272 185 237 153 282 36 212 35 89 111 1 166 146 168 251 50 198
69 103 173 180 297 81 179 99 32 43 1 104 232 233 56 107 263 223 257 211 47 171 292 105 244
159 217 260 105 288 154 29 104 240 209 8 98 228 136 230 251 97 144 38 178 156
77 204 279 360 403 153 113 215 266 275 290 22 164 173 182 257 232 204 3 83 56 81 271 281 29
16 185 249 258 215 219 26 9 223 216 196 104 171 200 38 188 103 164 298 186 255 135 84 232
18 231 294 285 159 161 17 227 139 78 1 109 65 108 298 249 3 208 29 13 28 237 278
246 205 46 4 168 150 231 266 42 219 57 132 82 8 279 225 288 160 134 268 45
74 155 176 252 254 346 195 118 119 288 153 226 99 219 43 156 187 141 204 123 241 291 113 98 30 26
67 72 85 186 259 177 7 237 152 76 297 54 227 290 174 145 195 190 191 116 101 273 232 123 27
140 242 69 40 103 10 98 242 83 293 7 293 70 76 70 232 42 287 52 224 775
131 235 17 3 69 137 18 184 39 208 196 67 40 212 16 106 225 270 232 95 102 164 23 105 252 73 279 145 211 188 293 98 240 294 178 214 256 119 289 136 75
237 272 288 299 132 53 293 188 263 168 0 200 166 214 164 72 159 174 216 147 231 89 17 122
61 72 107 184 290 210 195 56 14 142 81 43 78 102 17 47 86 265 146 220 174 39 164 10 136
168 272 283 147 71 263 152 73 36 178 192 241 20 294 151 0 80 39 89 293 237 5 149
164 230 237 36 239 70 31 187 161 228 294 77 83 46 112 48 288 270 106 204 109 263 137
2 121 166 178 213 243 246 59 45 74 222 170 199 62 78 286 280 18 141 46 272 52 139 184 248 4 23
91 214 273 59 89 185 282 298 255 39 13 49 148 265 28 299 204 25 207 270 55 7 75
50 155 233 142 135 6 184 49 150 145 297 268 98 5 95 253 87 42 287 141 101 189 190
9 94 101 274 288 173 108 102 284 14 187 296 76 195 27 157 40 253 204 230 73 48 122 0 70
54 264 82 142 237 244 134 264 174 120 250 210 193 68 238 275 46 41 88 151 229 165
23 57 140 221 182 295 150 83 164 272 234 246 77 274 178 210 20 84 229 239 293 215 105
18 29 76 170 235 294 172 209 64 94 29 49 40 43 109 156 218 21 246 68 81 79 188 67 234 3
5 15 30 67 175 185 228 284 267 143 115 86 111 82 99 72 157 196 156 170 91 102 15 268 282 263 76 187
127 128 130 104 236 124 280 222 88 127 237 20 73 35 34 207 41 49 179 94 260 214 86
136 182 183 259 289 34 107 2 166 124 35 79 49 117 173 254 285 32 15 194 267 262
151 212 360 125 163 2 123 200 293 24 104 265 161 141 29 44 217 143 269 117 56 263 62
51 146 222 276 272 163 207 104 278 87 144 191 79 152 44 274 59 134 99 213 226 135 169 85
809 126 196 166 209 277 143 131 95 65 13 2 219 247 197 59 55 0 203 178 290 26 45
44 210 206 172 140 171 194 16 101 154 78 34 213 164 280 256 240 88 169 150 11
7 117 146 188 277 136 238 8 232 30 23 196 223 297 4 250 298 245 66 135 94 180 70
13 107 287 24 187 152 170 48 139 201 178 112 189 155 126 116 34 234 147 91 67 40
58 67 191 270 67 210 77 50 169 76 130 239 226 246 281 243 27 225 149 93 14 178 259 126
80 112 92 235 87 194 22 204 258 185 37 219 72 146 69 245 275 38 298 236 127 63
12 304 36 159 230 254 111 256 107 176 13 104 134 129 75 177 163 2 22 25 168 278
116 162 346 272 119 29 205 78 225 12 278 83 90 146 72 172 263 246 230 203 40 201 33
11 48 82 180 212 221 242 75 128 290 263 1 113 219 175 273 181 253 204 45 224 275 4 22 199 21 232
16 154 159 43 206 222 286 263 284 40 221 81 298 1 124 50 194 79 150 120 244 227 67
9 33 44 132 346 61 166 73 213 214 0 196 211 232 71 140 89 249 247 267 288 91 45 16 147
22 133 142 168 218 232 263 280 155 214 111 258 140 252 40 263 82 240 4 109 193 130 77 295 162 182 142 174
213 77 279 162 262 97 66 41 193 195 251 89 102 246 90 132 179 138 139 93 199
77 212 241 260 275 256 241 137 88 30 75 123 1 64 226 8 26 72 278 162 119 248 41 232
109 122 230 261 176 61 3 7 91 299 248 108 70 208 147 105 249 44 121 273 53 238 234
89 286 140 170 249 167 98 29 51 132 215 217 261 14 62 257 250 243 220 126 56 53
39 134 174 233 245 153 253 100 66 173 245 35 224 210 206 62 138 271 74 52 202 240 200 56 101
172 199 220 287 297 212 32 789 80 159 296 80 32 80 274 212 296 313 85 552 255 403 158 195 589
80 157 304 285 238 130 150 152 224 296 96 268 104 185 205 26 60 63 225 218 134 5 56
25 42 200 231 260 262 346 186 52 185 260 94 124 1 23 192 296 169 261 28 7 188 89 202 295 63 99
30 85 119 124 226 291 241 273 108 249 83 133 41 143 159 85 264 158 35 263 218 142 190 67 147 140
85 125 360 117 194 225 255 21 220 28 181 277 174 193 275 258 183 292 135 282 96 12 109
809 17 79 218 226 251 304 51 66 281 257 73 173 109 74 126 111 2 84 218 171 277 23 276 45 70 187
41 76 285 81 217 86 253 53 191 120 216 257 201 287 172 123 198 45 136 44 105
170 104 8 104 75 75 83 136 95 83 83 87 193 52 191 164 88 43 241 42 42
199 206 108 98 20 239 289 290 151 140 81 85 122 149 233 121 215 228 1 237 52 162
118 140 434 293 134 61 1 206 236 184 86 21 71 203 259 105 58 88 8 15 280 201 164
61 95 140 269 49 46 224 62 226 134 221 33 177 105 71 275 245 271 117 262 59 16 239
122 291 297 178 265 102 68 24 6 56 49 288 141 259 13 60 154 72 25 262 196
160 256 223 181 87 204 32 46 232 240 4 196 269 29 207 169 184 138 183 19 15 100
89 136 188 246 247 255 289 135 188 115 289 280 31 72 131 127 208 75 182 216 120 59 241 20 57 276 233
113 144 183 191 543 117 147 226 128 174 272 54 207 225 169 263 94 285 295 189 187 74 195 177 271
90 280 263 167 154 239 241 109 107 191 19 237 148 273 22 145 160 183 97 37 16 71
181 194 235 274 261 160 47 189 205 67 150 277 164 204 213 137 258 16 118 252 174 278 151 193
8 122 171 191 215 211 216 86 16 98 271 58 278 236 0 202 130 99 66 205 95 277
167 291 215 137 275 39 180 152 33 90 0 290 147 282 128 299 3 69 222 243 7 148
51 92 234 16 280 259 232 264 139 189 58 109 128 274 171 219 214 175 65 60 64 70
7 163 177 275 106 125 196 146 120 263 48 247 291 218 105 100 97 8 11 13 60 163 159
32 186 136 20 157 249 198 290 272 77 92 13 258 25 261 188 211 193 242 97 56
87 116 171 261 196 20 199 163 165 35 287 156 279 53 276 70 240 289 18 49 83 288 205
72 242 284 108 232 208 185 79 136 164 100 139 197 34 114 158 240 258 177 279 220 90
186 523 160 132 146 86 224 285 118 154 66 60 175 49 223 204 186 122 259 77 297 87
31 75 109 197 258 270 135 82 23 168 71 256 146 275 5 166 272 218 133 293 52 233 10 176 224
128 147 178 231 206 268 128 166 54 115 192 98 0 262 69 202 58 50 156 111 78 267
34 146 244 296 50 139 157 185 204 48 32 196 47 46 223 162 53 159 297 135 120 45 122 243 172 179 71 119 131 217 285 34 82 286 89 23 190 189 239 240 127 104
137 146 182 190 94 140 265 32 118 104 185 115 181 24 288 79 165 63 86 166 11 75 255
39 281 282 247 220 32 192 2 93 293 112 58 25 124 226 64 160 19 42 49 283 243 68
8 29 144 360 150 139 105 133 257 44 85 4 176 194 233 96 232 215 246 208 269 273 128 249
53 125 132 32 33 148 96 36 158 175 84 241 236 183 212 219 263 74 49 277 226 13
50 264 266 290 229 249 25 60 221 240 217 134 192 243 173 90 294 148 170 223 135 22 190 166
152 203 270 165 111 121 38 151 162 83 126 195 191 199 108 218 10 6 154 103 127 272 21
2 154 179 290 360 103 26 40 11 188 34 111 95 285 218 137 190 282 234 173 98 186 61 118 86
38 91 131 186 229 276 119 121 295 145 210 177 176 68 185 92 161 66 48 204 46 74 138 13 107 91
47 105 180 256 304 156 158 153 117 9 207 246 223 260 84 34 266 114 231 122 198 270 271 79 119
50 60 169 203 246 102 261 67 77 57 32 180 206 23 2 204 30 174 196 160 278 39 22 167
142 178 236 262 281 88 138 16 182 263 249 282 242 125 106 110 5 168 229 297 217 294 0 193 38
112 216 168 289 187 115 175 240 143 0 268 49 247 261 242 249 214 232 284 90 64 44
17 60 111 142 250 259 288 296 98 132 83 186 261 91 12 272 74 197 204 87 187 1 248 136 200 299 89
52 161 191 194 218 22 232 80 82 31 289 234 138 171 12 61 71 267 194 205 203 299 90 286 244
112 198 304 227 82 19 137 82 304 19 286 19 167 192 165 500 85 40 179 313 552 195 200
286 184 194 3 149 80 215 286 224 278 203 200 126 19 223 130 75 73 258 230 216
39 178 279 190 51 91 69 234 289 173 292 167 52 4 24 246 296 15 17 257 186 199 266
261 515 129 208 595 411 380 282 227 123 772 391 884 280 155 263 152 246 112 119 94
809 110 346 27 250 234 197 50 256 157 21 104 93 145 88 206 142 133 31 76 56 278 149
12 222 81 253 266 227 212 174 141 9 286 183 264 281 215 18 91 133 197 149 85 57
33 207 172 181 287 294 217 166 159 116 239 126 7 144 158 13 179 230 298 161 150
285 34 100 159 205 17 220 164 246 109 192 279 233 84 114 23 221 57 137 294 207
18 33 232 60 181 177 277 14 280 132 211 60 65 76 775 261 43 88 52 164 191 231 140
60 110 192 217 630 489 489 36 489 360 107 107 630 950 220 451 304 479 207 500 131 107 90 58
72 346 212 212 39 39 137 437 660 81 272 81 137 254 590 285 181 62 50 136 967 226
9 49 57 61 168 183 190 271 199 199 277 277 199 231 141 161 192 194 70 287 290 775 231 43 224 164 140 42
85 226 105 289 21 19 148 192 221 293 138 31 3 63 256 279 232 141 94 126 97 140
109 113 227 238 57 158 161 909 195 909 53 117 149 158 46 28 66 200 226 181 168 83 291 85
1 23 33 82 161 224 304 243 260 546 192 199 150 199 148 336 336 260 172 211 61 115 244 451 682 115 249
291 78 30 236 169 290 136 253 272 288 231 140 176 177 150 214 114 233 25 50 149
8 15 44 29 224 294 108 241 13 131 144 270 220 199 293 213 186 262 291 43 24 114 6
13 21 95 159 22 254 211 37 150 157 66 172 203 184 155 146 21 15 156 282 193 285 258 194
58 171 64 89 66 77 205 263 148 97 220 71 131 41 19 52 181 238 204 200 163 111
134 156 262 283 294 23 16 207 6 208 142 12 241 29 65 210 85 181 77 119 132 216 33 97 125
233 289 244 169 147 23 282 199 122 294 27 265 9 219 240 1 269 53 120 96 2 259
117 295 391 42 76 15 100 1 201 17 234 249 231 133 236 244 197 19 68 152 172 156 212
34 227 245 268 360 144 20 77 44 88 142 40 123 285 267 262 165 223 287 203 171 195 243 247 180
22 154 172 299 267 91 231 133 89 90 209 131 82 57 150 287 275 5 9 180 233 176 61 183
95 211 521 31 228 196 286 122 62 171 230 216 179 166 143 214 297 16 201 101 224 21 58
41 94 117 190 346 194 291 281 137 167 295 241 232 63 143 74 69 1 113 298 173 235 55 32 99
208 214 8 154 210 203 40 145 110 283 296 53 217 64 2 125 97 291 18 95 103
21 66 217 144 90 172 172 107 150 163 172 82 144 205 293 201 925 116 772 126 275 423 83
15 29 35 47 232 249 287 61 24 38 21 240 137 203 73 18 166 247 89 54 228 96 97 2 164 40
27 158 164 90 27 199 107 159 39 263 260 155 59 169 241 12 284 113 158 68 278 227
0 18 19 22 104 171 225 211 110 183 68 40 83 65 106 9 223 146 2 161 199 284 226 200 234 283 77
191 246 289 35 299 190 114 67 179 91 103 243 107 156 7 232 231 230 63 152 40
151 136 279 178 295 35 10 298 17 52 228 214 237 239 89 183 67 114 59 283 154
0 184 199 258 9 221 93 192 32 67 86 74 1 277 211 122 104 127 131 117 223 142 258 113
83 112 124 146 148 183 248 253 296 78 195 176 83 292 259 241 287 63 26 84 85 119 248 57 175 281 65 70
104 160 223 299 56 81 120 222 46 58 83 291 269 139 289 183 230 94 278 79 12 98 124 281
50 168 212 239 286 7 57 261 120 109 6 245 274 236 103 30 68 267 171 184 203 71 117 217 296
102 183 215 346 160 263 229 259 38 137 50 142 100 204 186 20 140 49 154 240 231 19 24 153
809 33 87 224 37 183 150 96 257 260 211 145 136 289 273 272 50 180 10 212 119 176 27 265
30 173 222 45 251 65 293 115 244 26 195 223 225 108 0 203 28 206 299 217 92 76 22 169 260 80 172 73 48 37 0 19 139 6 86 160 83 74 123 230 33 129
16 96 110 189 241 275 208 89 76 103 167 66 111 119 113 296 193 200 238 281 140 252 201 45 96
92 116 266 543 147 166 58 49 253 9 46 226 294 104 62 186 133 210 170 198 103 245 213 205
1 22 23 135 162 251 190 177 172 166 72 224 66 125 64 203 148 272 6 247 161 105 122 144 174
184 222 15 242 26 134 150 269 87 187 92 261 38 249 113 148 111 112 279 201 149
17 293 188 150 40 125 160 66 203 151 142 82 94 48 140 294 111 51 269 31 129
29 52 104 134 174 204 263 41 31 83 220 234 28 16 54 159 19 5 196 267 3 186 94 275 243 293
528 254 230 155 185 124 157 103 115 238 112 62 165 12 229 146 1 14 32 200 205
814 72 87 253 304 70 164 205 266 104 0 132 101 222 293 39 203 216 119 158 64 276 211 165 224
38 159 68 150 147 29 193 291 94 70 7 134 156 294 148 109 222 98 137 118 48
255 259 744 91 147 89 256 272 107 247 228 210 207 77 201 169 289 67 262 221 146 266 291
128 192 238 240 47 18 12 36 17 218 108 164 114 153 3 39 126 149 78 49 73 8 112
261 266 268 295 40 194 80 10 211 52 238 256 117 237 64 291 251 156 54 13 210 272 128 104
272 196 26 172 118 59 191 224 115 76 4 65 10 98 15 175 198 230 280 281 8
82 85 190 281 304 718 72 25 160 70 140 182 64 261 262 246 245 263 92 10 50 214 167 13 139 179
122 234 173 62 32 60 209 123 87 231 242 40 59 56 44 178 115 79 165 268 26 5
147 199 242 192 229 202 89 133 235 277 271 163 126 272 166 79 77 100 9 145 35 97 91
30 203 217 229 263 304 744 204 6 127 74 182 10 81 175 283 132 248 104 120 187 44 276 294 76 233 234
114 131 479 73 154 145 12 125 160 13 245 288 94 28 146 38 33 159 121 203 216 265 290
64 156 217 182 238 158 154 11 38 183 53 147 59 201 231 24 181 288 209 89 67 250 254
29 46 146 174 209 210 217 296 769 122 0 276 201 271 257 246 185 49 27 125 199 266 293 121 284 88 15 169 292
109 180 219 234 197 277 131 239 235 115 44 103 211 143 190 65 8 1 60 123 0 76 172 293
19 82 125 152 243 270 281 275 157 93 31 172 57 35 267 228 4 150 239 56 279 19 262 88 79 5
151 158 163 213 104 665 665 270 270 248 402 270 248 136 136 91 211 61 100 20 192 34 118 650
30 229 188 38 172 79 299 36 271 82 196 159 84 296 94 260 298 66 21 281 119 241
24 31 104 270 275 290 273 122 43 112 133 237 270 285 105 256 10 214 272 195 89 75 170 286 265
943 51 58 285 69 280 233 245 250 161 120 156 7 192 202 12 227 92 65 273 64 283 152 40
3 186 505 137 23 265 145 123 154 190 38 31 216 42 28 52 257 282 33 76 235 226 239
836 184 275 164 159 134 290 73 91 250 48 80 20 57 60 214 86 288 62 158 278 77 205
278 304 419 239 133 14 51 230 169 271 35 72 21 218 57 209 19 279 208 69 277 50 46
5 134 179 207 121 277 164 50 117 243 37 154 227 223 7 86 283 30 105 42 73 122 104 56 197 124 53 164 255 256 152 130 206 51 52 74 69 241 193 214 251 163 104 15
127 138 231 402 673 182 160 42 248 195 31 289 259 50 177 99 56 111 263 197 17 249 61 213 174
787 5 20 158 281 34 210 11 131 43 282 58 225 214 165 2 129 198 48 280 138 141 17 167 216
220 3 12 104 115 298 276 176 203 69 8 30 110 272 185 235 163 250 224 264 61
39 218 248 247 138 147 33 236 107 87 22 248 40 66 259 85 7 272 42 79 152 45 232
957 179 211 253 12 60 257 22 216 176 271 4 75 242 16 86 284 126 102 67 281 105 149 222
12 20 29 66 184 207 169 105 109 288 195 157 199 124 280 204 251 228 66 115 192 52 185 239 73 98
