9 132 136 264 276 342 1 37 95 108 356 274 204 79 2 39 182 237 77 108 174 181 148 225 37 57 99 38 16 255 24
46 155 260 275 226 98 148 186 271 93 10 282 170 253 210 113 119 127 180 234 87 208 124
162 215 97 73 46 74 206 281 79 7 54 91 164 274 284 255 230 165 60 293 18 123
98 103 207 223 2 71 292 261 102 208 201 228 27 147 125 80 85 54 227 91 134 284 257
41 83 168 98 271 113 65 118 229 259 95 100 260 215 275 211 47 252 18 67 288 180 158
78 237 258 291 140 134 196 30 18 149 151 42 89 181 25 14 297 109 202 223 284 102 161
7 191 229 253 66 290 297 119 92 110 15 222 129 91 204 146 173 35 121 185 115 279 292
78 269 206 168 195 188 132 32 239 82 190 105 138 56 167 131 84 91 150 41 225 60
41 98 235 254 273 226 156 234 151 267 54 213 137 3 204 25 60 66 293 32 258 182
24 131 271 282 240 1 241 161 264 283 236 3 65 174 77 117 133 90 47 281 268 94 166 209
226 259 12 258 130 199 21 139 288 231 283 200 97 228 87 210 93 214 133 13 5 241
31 243 264 295 293 48 154 233 46 184 213 148 141 121 2 92 181 266 44 170 159 286 138
153 208 210 94 232 143 164 16 118 290 211 270 289 279 146 172 78 28 72 140 129 82 288
21 67 128 226 245 277 170 178 238 194 206 152 188 123 27 7 248 243 266 114 54 102 167 2 78
95 126 164 294 193 245 39 263 118 263 101 263 142 293 228 22 167 244 127 69 292 175 123 145
44 86 148 215 279 97 200 284 266 221 23 125 132 108 26 250 6 276 0 140 92 44 226
110 120 270 291 94 28 161 185 167 184 145 1 89 103 44 204 72 52 65 229 267 69 220 289
86 67 160 75 25 39 130 118 232 147 125 31 254 265 220 143 110 285 234 51 213
48 215 22 254 210 81 217 21 247 96 131 228 106 36 269 50 263 289 125 44 74
24 74 97 119 244 21 220 7 71 274 237 173 128 172 240 166 77 241 280 119 281 120 295 27 6
108 196 15 28 291 278 201 175 30 63 119 295 259 195 59 34 176 231 23 70 75 13
181 229 255 274 76 286 34 2 259 29 163 271 225 299 237 276 222 48 285 291 156 117 23 6
61 91 162 124 200 164 127 12 21 249 198 6 295 251 214 19 182 197 17 216 96 71 212
22 117 159 222 227 6 295 26 152 206 186 47 294 11 274 217 287 9 49 4 92 63 257 115 59
137 35 213 248 236 89 51 146 279 188 170 241 121 272 249 255 293 200 195 227 226
30 94 95 137 226 296 53 232 247 109 88 197 16 233 6 158 272 141 20 36 18 176 148 286 166 294
43 111 155 29 30 92 281 8 163 1 130 63 197 157 276 256 282 149 289 135 228 18 148 152 75 51 268
957 111 201 209 138 290 222 55 139 199 162 172 232 38 235 44 0 68 296 8 46 264 49 195
17 42 62 210 62 118 165 287 144 104 258 33 243 207 141 95 299 143 93 194 131 15 186
77 112 204 289 351 147 253 206 35 282 272 247 285 205 234 295 217 75 250 93 159 51 56 21 116
52 106 120 196 205 213 284 21 227 197 240 163 95 15 104 67 154 225 189 139 266 188 97 269 150 275
126 149 53 78 133 224 288 254 71 279 21 165 80 79 194 236 240 209 253 34 214 278
72 138 161 16 232 298 34 161 152 10 288 104 90 30 103 113 118 264 257 92 67 108 25
52 57 114 40 105 103 205 54 22 272 124 237 222 185 235 182 132 53 166 92 244 129
58 153 629 268 97 227 64 194 225 125 165 31 24 267 58 120 92 107 132 219 281 105 282
158 170 210 250 294 33 277 209 127 178 29 162 213 108 116 41 78 22 61 281 174 234 130 244 273
19 247 652 103 33 108 226 237 11 30 84 172 202 36 109 107 88 294 158 251 93 196 86
150 297 299 154 125 138 187 207 109 156 216 181 137 205 34 172 222 5 147 273 129 116 197
98 140 190 217 84 186 194 58 280 219 247 173 35 151 237 113 281 137 134 34 208 172 63 41
96 108 190 108 216 293 178 199 184 26 60 281 118 167 139 151 188 46 63 100 256 210 95
106 112 221 685 206 113 61 166 69 241 17 59 264 179 100 281 53 19 151 126 65 4 105 196
11 83 294 12 219 271 44 270 100 232 110 149 104 70 286 98 59 189 278 114 79 243 184
23 119 176 245 40 245 49 262 611 853 275 65 206 157 351 204 142 228 716 123 165 790 286
54 58 198 82 160 256 264 90 196 287 43 174 275 57 118 123 213 131 78 148 184 178
89 170 228 114 18 283 279 198 1 94 277 258 80 188 271 199 248 268 168 69 21 147 273
61 207 262 231 53 83 151 20 284 48 282 59 139 154 262 79 188 42 274 87 291 76 267
111 141 8 92 119 127 152 263 16 192 189 37 120 143 258 106 273 277 11 161 276 251
83 144 280 226 251 208 105 22 105 22 164 22 256 231 256 297 651 134 232 27 240 229 31
168 225 249 256 294 275 46 59 138 236 209 292 226 290 37 213 239 19 91 51 242 28 62 106
22 94 95 145 185 190 684 95 268 178 126 106 250 264 71 297 10 140 104 4 254 176 213 149 66 200 30
278 132 269 224 276 162 218 3 19 215 234 64 174 82 69 239 140 139 175 198 286
87 172 179 183 190 296 189 128 278 146 285 42 215 273 187 179 74 243 283 51 167 150 218 199 120 73
0 37 50 60 73 147 205 207 282 67 41 271 57 128 12 220 259 276 44 53 127 268 188 266 56 218 157 174 184
201 245 254 256 285 206 192 55 283 13 256 88 42 150 46 280 59 204 70 239 51 266 122 54 159
67 181 235 284 201 244 132 188 231 241 85 8 75 10 93 4 42 156 60 267 64 256 232
11 154 54 209 160 184 128 286 168 158 104 195 271 200 243 137 185 280 89 193 269
49 75 192 253 99 83 151 11 180 236 74 173 177 71 1 281 255 231 46 286 55 50 265 5
1 266 162 29 45 9 293 3 176 56 277 163 149 152 188 43 185 47 234 291 44
163 209 247 23 148 64 260 209 133 281 108 158 182 175 13 77 143 159 196 43 62 31 104
58 81 144 220 92 160 196 187 253 298 25 84 60 150 24 295 75 284 274 263 282 258 145
109 269 274 598 216 80 41 232 24 295 185 161 238 99 52 257 69 64 158 201 75 9 281 171
119 175 4 9 231 252 109 16 17 230 22 83 229 110 193 94 30 185 287 117 212 241
5 121 141 240 250 228 235 251 120 253 132 293 147 206 49 21 243 278 272 135 117 138 46 254 27
59 86 204 52 83 126 130 108 72 205 195 111 224 219 74 245 11 54 177 36 66 264 56
178 184 79 285 259 72 176 240 79 176 72 229 158 285 978 224 290 144 432 1 335 287
284 82 9 145 80 237 206 153 70 146 216 293 282 284 28 203 125 241 128 168 124
96 164 194 155 121 194 112 261 43 140 293 18 161 76 108 21 249 200 283 167 134 188 232 188 42 159 151 80 193 58 106 268 287 265 216 284 16 187 34 242 41 244 143
199 231 240 18 206 34 238 89 276 146 49 7 156 272 201 177 45 192 20 81 229 38
64 93 116 137 50 31 62 63 123 39 45 106 10 294 73 82 247 91 164 289 134 65 229
19 43 273 287 252 6 236 285 0 42 239 175 10 102 201 73 81 36 293 76 162 190 207 270
159 116 141 99 104 180 104 19 97 65 46 78 199 204 1 202 182 653 84 217 269 963 68 250 277 197 117 113 16 282 51 225 19 5 3 33 149 42 166 129 170 27 222
9 11 143 295 299 183 201 209 242 247 245 99 96 111 235 244 33 124 107 127 243 170 151 64 162
60 113 134 190 203 209 214 0 67 282 126 31 189 280 88 259 46 110 262 145 294 130 168 195 163 41
121 256 52 6 147 285 193 57 26 25 50 291 2 110 125 141 77 83 12 294 20 201
87 95 145 140 76 91 49 16 104 200 23 147 20 196 269 90 19 287 289 181 100 286
38 198 228 240 270 276 266 160 61 186 3 111 87 148 49 213 216 258 227 141 264 198 129 78 25 37
40 233 119 229 260 197 76 288 135 126 61 224 275 25 188 23 236 266 47 231 65
124 212 161 129 75 197 83 263 289 210 201 227 297 253 23 134 185 175 222 88 269 239
63 95 178 246 161 290 130 71 28 267 202 73 82 19 237 136 61 245 180 126 279 7 29 12
2 73 161 237 299 288 141 78 24 81 104 114 236 265 2 241 254 160 257 297 143 125 118 207 280
0 25 107 144 241 265 92 86 44 276 280 50 9 283 124 171 157 83 289 3 212 247 15 198 56 282
3 50 103 124 218 466 12 12 168 121 266 207 168 121 147 266 168 448 270 236 494 122 159 228 170 262 105 274 33 97 159 162 196 209 53 77 120 211 297 266 71 170 121 239 32 62
135 220 222 242 278 96 264 181 260 215 296 129 18 75 0 221 191 100 187 86 1 295 220 29 64
4 11 174 189 222 47 109 290 43 234 45 155 80 5 78 244 212 262 26 230 228 62 121 172 254 46 69 5 139 142 120 271 239 243 158 194 219 200 35 19 49 218 179 253
63 179 249 784 172 251 231 160 150 204 227 66 232 78 285 282 262 212 163 210 221 237 3 241
234 283 100 126 160 266 85 171 245 76 237 290 221 70 207 180 48 256 236 71 42 123
75 206 256 246 283 84 134 160 265 75 133 127 285 66 105 281 238 149 222 184 202 192
41 55 104 784 218 34 121 213 97 294 214 7 153 249 125 10 58 280 274 12 123 149 150 189
236 293 60 42 27 291 252 158 111 226 112 267 179 19 283 14 266 209 103 104 237 110
82 158 280 218 213 87 5 293 17 192 291 241 44 140 41 261 106 273 61 299 14 233 150
153 685 105 289 78 297 89 53 87 238 88 204 195 117 169 0 174 22 237 30 4 14
12 38 164 179 214 232 298 258 54 263 83 55 299 138 108 68 111 88 228 156 268 175 235 151 119 295
12 40 218 286 34 74 20 133 230 42 4 66 174 6 194 37 242 111 132 92 229 144 104
64 116 187 192 254 124 167 272 263 104 289 81 30 58 262 205 142 46 217 87 281 31 23 155 64
54 155 222 252 158 290 156 294 43 225 294 161 123 716 790 752 275 286 44 48 289 157 183 351
51 83 239 92 78 143 44 157 216 5 298 140 229 42 160 96 151 205 284 235 30 251 212
94 232 254 269 277 212 61 199 201 7 228 128 251 27 207 66 255 120 123 48 86 59 131 152 144
32 37 52 66 75 145 110 275 115 12 172 63 280 91 182 135 221 263 58 245 88 262 119 225 97 163
114 167 236 291 685 26 264 220 13 51 46 122 67 279 174 223 203 15 179 34 168 120 5 287 106
220 233 295 276 88 80 100 129 262 41 97 1 227 248 176 30 40 209 182 39 210 279 299
75 113 167 181 44 28 106 92 23 109 37 170 81 35 299 265 297 76 27 9 190 242 280 244
65 232 285 287 93 242 50 155 236 71 141 268 209 68 128 115 113 231 74 36 235 165 187 202
214 243 246 263 295 685 149 285 13 25 182 118 18 20 258 194 124 239 56 181 144 21 53 173 113 72
39 240 127 202 233 1 25 37 235 249 91 55 89 162 210 139 104 53 9 67 236 125
121 203 251 57 111 130 121 182 138 167 172 6 108 115 178 36 200 8 59 102 270 214 233
5 93 109 140 250 178 9 125 70 168 198 100 107 7 186 146 104 31 284 207 43 46 188 293 248
36 232 166 85 95 281 129 31 49 102 106 297 94 157 184 237 56 58 116 162 25
141 191 283 225 298 296 18 59 128 258 144 262 98 221 208 199 254 261 70 64 171 107 201
0 118 174 194 277 278 243 120 262 265 130 87 103 220 230 35 139 8 43 244 299 98 145 45 194 280
34 139 227 271 259 67 226 295 202 19 284 292 62 146 255 230 49 175 1 164 142 100 228 124
86 158 197 202 147 241 120 114 281 226 280 217 155 231 267 125 247 205 35 156 63 288 103 170
87 514 1 250 152 290 183 22 86 121 58 94 26 221 240 233 284 160 294 75 9 169
0 150 162 172 92 85 161 115 279 250 76 117 137 158 214 267 81 86 13 17 11 118 276 37
133 157 57 181 211 96 58 131 254 250 185 170 14 201 27 187 134 8 145 153 82 55
276 296 215 217 37 283 222 298 143 225 145 158 109 86 91 226 296 155 96 141 106 134
89 188 207 249 296 89 143 241 83 290 106 108 152 128 136 243 59 288 130 244 117 7 253 103
22 102 116 108 127 125 204 195 158 91 210 244 13 168 297 119 225 226 151 165 94 277 138
33 195 501 104 15 94 41 244 215 139 285 263 3 101 70 220 266 100 68 87 79 82 83
209 138 92 135 286 150 148 34 185 231 104 109 103 100 25 124 9 218 261 221 110
111 156 78 49 34 89 162 192 86 272 140 145 254 281 157 240 229 59 47 91 127
165 12 229 250 124 63 28 132 36 219 18 243 112 175 19 206 71 60 93 284 42
514 100 93 137 7 178 191 276 122 268 54 168 285 221 247 154 39 113 266 183 179
191 251 466 72 78 69 153 40 216 191 135 172 14 247 212 84 253 217 18 81 275 291 108
54 128 170 195 273 296 239 281 206 272 20 92 8 169 77 33 153 174 113 286 288 166 253 213 215 287
30 35 79 96 129 219 220 4 174 104 232 72 80 28 78 286 169 95 136 39 186 10 77 183 206 101 203
138 187 234 255 30 254 214 99 180 268 189 112 191 239 54 105 211 218 178 176 116 234 299
84 97 112 193 245 181 274 173 299 100 248 133 297 115 250 254 74 51 12 7 11 54 208 183 46
259 514 213 178 244 254 104 118 30 37 75 64 98 208 157 124 47 23 149 21 132 58
66 82 101 240 75 24 109 182 69 195 138 43 128 178 54 81 25 162 145 266 32 21 259 53
178 183 234 246 264 133 225 239 275 109 240 270 92 149 265 269 38 62 263 183 233 71 264 160 120
4 40 194 514 136 106 7 149 122 14 179 181 271 1 77 178 286 78 268 51 275 97 39 55
37 109 147 199 77 8 193 257 163 26 236 183 219 48 297 271 5 105 296 272 109 57 132 18
36 45 66 99 8 208 23 225 87 242 155 205 33 220 21 297 181 30 131 227 179 244 9 107
99 102 246 250 514 218 112 195 196 84 209 279 151 299 147 221 133 197 106 51 99 241 113 77 192
113 161 171 266 142 56 106 174 259 164 61 71 270 215 136 222 272 238 254 268 26 125 232 86
166 244 285 39 236 280 46 156 269 17 205 57 63 137 4 244 32 141 203 249 287 172 62
135 242 258 299 74 75 262 21 52 24 19 165 115 222 290 50 40 163 103 96 46 239 122 10
38 57 272 208 121 215 149 7 288 282 128 181 76 95 194 152 81 101 290 3 48
90 135 186 238 127 32 192 35 242 293 147 183 133 38 17 102 226 260 84 236 101 276 47 21 153 272 34 0 222 79 36 74 240 61 47 200 179 286 100 212 23 13 184 280
33 75 76 116 134 259 38 179 5 78 117 93 68 261 116 18 55 158 102 33 77 83 197 243 160
187 269 28 283 7 35 71 103 86 202 7 204 57 122 270 43 157 433 159 661 123 291 262 236 256 33 61 76 287 225 32 161 183 566 157 790 44 65 23 123 716 204 168 286
5 43 95 116 245 260 280 32 50 8 11 221 176 193 47 131 206 30 90 53 169 163 157 161 236 76 149
106 131 245 287 74 266 262 57 67 197 46 221 86 16 237 41 263 168 228 298 235 291 205
133 253 259 268 466 46 91 154 57 224 103 266 273 75 188 54 284 237 192 163 283 205 38 125 134
54 102 190 214 685 81 75 128 292 255 235 181 283 206 162 282 132 196 297 37 141 56 165 201 79
227 273 249 286 139 265 94 35 260 210 40 31 229 157 169 92 99 253 183 67 122 89
29 276 266 91 116 46 194 201 146 235 263 111 18 211 67 181 169 124 214 69 143 105
223 282 540 18 141 164 156 108 127 128 150 204 202 88 76 195 271 198 183 104 29 227 256
217 225 514 3 249 0 128 248 247 217 268 103 18 201 246 52 114 104 162 8 277 295 70
103 156 191 250 62 185 29 198 188 290 206 255 173 77 209 45 153 128 150 55 67 268 194 13 226 88 206 246 212 31 236 122 30 200 59 0 75 4 128 297 152 205 147
18 74 142 242 263 175 227 58 271 162 263 22 271 48 282 252 69 204 181 14 168 112 685 51 1
157 294 111 174 237 103 200 169 259 92 292 73 260 50 216 23 137 70 182 246 291 196
14 19 49 163 227 243 47 68 112 478 33 246 131 123 566 44 157 204 286 206 351 289 48 790 275 716
11 66 121 183 281 755 267 206 154 144 208 236 201 289 10 266 31 255 216 111 124 245 204 277 284 194
40 49 84 206 809 216 216 269 258 45 49 73 147 809 137 296 187 228 478 254 65
147 203 254 293 72 190 119 110 187 200 161 65 250 85 138 175 206 275 263 40 57 137 100 84
118 200 294 236 126 281 276 184 9 25 49 168 181 268 246 144 295 138 101 257 46 240 220
51 179 290 279 276 96 237 141 0 280 71 133 74 146 164 290 17 210 211 154 289 230 98
92 194 28 154 9 108 100 211 61 16 153 104 291 199 135 146 86 213 124 234 56 23
24 90 84 73 155 184 173 274 173 155 84 274 201 65 930 50 197 27 189 228 238 147
17 131 136 157 233 65 68 49 172 253 197 264 190 166 43 1 273 35 105 188 146 122 113
201 283 281 275 130 15 108 48 198 225 222 159 158 44 93 76 14 83 190 145 4 70 4 91 13 225 258 56 23 260 189 53 78 103 24 227 175 237 95 181 88
50 152 263 279 292 226 135 145 269 228 245 32 249 264 182 131 169 268 107 157 38 195 223 126
26 57 82 129 289 28 213 65 98 281 66 289 87 169 139 127 176 133 292 124 181 25 33 47 11
2 28 93 127 171 185 258 292 294 206 172 18 86 220 220 189 18 65 302 246 93 193 155 4 281 40 40 768 216 184 217 198 97 123 59 132 213 293 16 46 174 238 106 204 121 230 54 272 286
14 72 239 289 230 45 213 199 248 3 80 129 54 236 234 140 23 60 297 9 177 124 273 259
976 60 155 259 295 278 114 188 43 273 62 288 25 274 225 199 4 87 79 89 80 155 64 102 135
60 104 240 109 282 260 182 184 113 284 198 258 204 126 155 84 166 220 76 37 2 178 208
57 158 268 253 23 177 249 168 87 294 82 261 47 178 233 236 113 191 226 211 143 70 277 221 175 23 245 253 17 239 223 275 102 72 285 273 204 18 197 31 116 215
28 113 242 472 239 295 194 222 24 247 128 275 44 118 21 3 197 213 101 160 291 25 77 171
17 129 165 194 262 266 135 182 176 110 88 172 157 52 296 32 151 34 70 156 170 104 168 61 199
203 219 70 57 92 10 135 139 265 208 184 242 65 112 18 285 120 298 211 24 238
23 165 178 237 235 287 198 232 18 128 53 71 222 34 37 168 292 205 239 57 231 73 84 116
76 112 208 249 15 216 61 40 136 86 275 14 207 233 282 299 230 5 266 79 54 238 120 100
125 269 104 204 52 57 44 219 236 195 42 105 130 81 63 233 198 69 238 76 18 94
17 59 108 32 23 250 18 298 243 96 233 61 249 104 27 59 140 263 9 153 278 120 254
11 193 255 292 84 209 133 43 124 118 234 276 217 10 88 121 295 284 155 115 266 193 164 230 110 206 190 91 174 260 240 278 55 227 196 175 164 98 191 99 182 71 289 294
0 275 295 501 40 219 217 17 8 298 34 146 296 185 144 279 285 63 261 109 134 182 190 192
21 82 160 32 297 63 167 214 204 260 178 287 146 11 285 85 45 212 280 275 196 144 294
51 156 185 685 285 198 150 160 293 181 44 200 279 167 207 68 97 103 73 220 236 2 240 99
12 66 108 113 130 96 216 121 77 265 129 8 243 194 81 148 215 276 168 56 205 155 211 279 103
229 183 255 281 102 77 187 50 246 41 73 152 189 101 230 81 268 288 236 169 146
9 88 289 253 197 63 236 196 274 276 110 13 219 295 166 198 31 139 44 23 243 244 30
24 199 250 405 404 141 762 762 391 405 991 862 404 751 762 23 468 716 566 206 168 988 790
59 208 248 294 404 514 189 129 66 106 124 165 157 122 249 30 120 215 196 38 70 193 128 186 78 82
46 267 3 9 123 290 288 169 114 114 36 36 266 169 178 18 461 200 165 169 131 93 214 76 267 175
36 89 158 175 297 182 106 193 106 106 121 121 131 242 242 613 219 300 96 287 152 226 137 743 24 83 237 196 164 126 261 260 73 29 168 89 259 161 182 5 99 286 279 39 48
22 35 108 252 270 295 62 75 74 29 85 243 159 167 182 149 269 245 217 43 263 108 26 237 15 284
935 11 205 27 289 263 160 94 96 156 259 246 165 253 212 102 114 64 148 213 132 11
141 3 42 55 180 160 78 241 248 252 244 212 272 66 52 290 80 243 97 37 232
882 91 209 136 187 225 217 188 278 205 46 263 250 21 56 73 280 213 186 168 26 152 78
10 139 168 51 16 168 215 231 242 212 96 63 31 28 123 143 152 132 224 283 19 221 147
853 95 156 270 246 226 121 68 11 117 79 134 219 46 95 278 220 241 39 261 74 162 288 213
132 466 224 226 119 189 181 88 36 107 77 74 227 206 61 228 10 37 28 261 84 295
837 38 514 11 170 260 267 108 51 123 6 245 22 296 107 146 131 225 53 91 136 135 155
171 192 294 150 154 80 73 95 224 241 128 118 102 173 199 195 144 75 101 180 31 72 216
37 206 123 291 609 976 275 744 27 976 275 291 210 32 16 757 152 58 196 662 158 749
882 34 136 290 514 148 238 295 74 282 210 269 212 209 20 232 215 285 36 46 199 91 283 273 263
137 139 107 191 135 23 235 289 268 41 81 38 284 220 50 209 217 201 95 146 175 174
38 148 202 241 33 501 5 886 145 33 5 5 33 886 5 501 120 42 522 386 117 250 190 77
107 685 237 50 165 209 183 64 18 201 298 215 41 256 78 149 118 278 154 233 252 177
71 185 270 296 958 125 90 79 975 79 958 125 958 268 183 48 351 330 657 691 468 716 433 123
50 179 466 75 101 23 217 218 8 153 63 261 232 145 211 111 162 280 273 208 185 55 138
40 59 286 215 1 53 88 141 97 143 126 208 4 103 212 150 193 218 248 162 86 254 258
121 203 287 514 685 205 42 42 803 187 255 484 803 205 11 484 266 714 46 232 266 143 156 202 118
55 147 279 292 58 168 501 744 580 675 580 513 552 552 865 86 86 865 291 448 661 272 494 590 122 123 270 57 197 114 103 22 122 206 251 108 292 146 127 281 24 119 164 71 240 76 142 52
46 101 123 163 119 281 122 143 61 277 72 116 261 239 7 53 82 171 230 19 183 136 195 267
116 129 169 270 36 522 951 213 751 227 883 227 105 751 96 359 190 52 116 803 769 978 66 593
78 169 189 101 16 269 172 128 149 223 262 242 267 221 50 60 236 75 125 277 179 17
116 282 109 265 198 263 52 86 189 49 285 230 59 94 208 271 185 277 174 268 88 261
114 264 99 23 26 144 268 245 36 36 162 145 78 119 112 49 258 202 245 217 229 205
17 166 273 281 690 694 62 46 89 197 535 865 524 780 435 691 521 526 814 673 654 190 914 291 966 386 371 882 775 993 113 238 216 196 58 189 129 147 132 91 299 239 10 85 242 76 219 127 137 194
41 299 39 241 857 857 340 273 217 813 185 213 340 857 511 213 806 71 857 47 67 196 522 300 230 199 144 185 150 250 280 236 168 30 241 155 234 193 45 160 132 245 272 296
25 183 223 225 247 17 137 266 275 63 263 131 145 13 286 279 198 198 232 33 102 980 13 65 295 132 404 102 147 70 98 298 156 200 279 291 54 158 213 44 48 35 113 125 282 114 285 263 221
97 103 229 295 101 76 177 280 251 135 124 218 219 118 59 243 185 172 33 77 272 175 290 49
427 183 44 280 242 20 170 142 131 250 36 152 62 130 126 47 76 154 197 295 90
14 289 427 37 146 228 15 232 178 174 29 89 75 256 209 154 224 235 255 55 203 216 263
186 278 285 85 14 79 276 227 224 242 203 244 113 109 80 28 168 65 189 281 239 75 279
119 239 107 107 78 182 198 107 212 198 182 120 198 82 222 241 226 489 503 315 316 208
171 233 0 15 1 31 70 15 249 73 15 73 31 73 232 98 44 270 395 242 110 406
31 227 55 76 266 229 113 264 43 285 143 63 202 67 29 71 187 240 165 108 61
108 247 87 117 221 288 267 167 62 125 1 37 207 36 70 82 222 54 229 57 108 106
28 128 250 375 427 80 92 130 217 130 231 225 224 224 225 232 98 44 270 395 242 110 406 228 215
116 146 159 229 161 41 113 128 24 199 200 53 119 195 94 165 273 292 133 62 237 14 155 257
133 210 288 215 126 32 245 128 125 41 39 70 169 85 218 29 287 237 17 200 114 119
9 57 125 213 292 779 144 19 89 32 205 15 152 294 94 280 170 165 187 180 9 290 136 1 264 273
4 97 105 143 207 222 678 113 281 259 156 133 260 116 108 159 288 189 250 210 134 204 0 40 187 124 299
834 21 182 121 116 296 276 129 266 139 242 20 218 12 22 1 170 294 72 59 159 226 183
50 283 228 249 210 134 21 170 286 107 91 61 93 267 212 114 255 102 176 46 96 105
296 241 0 240 95 97 157 13 236 91 159 62 254 216 182 11 73 34 213 220 284
70 176 211 220 262 24 21 25 257 218 211 208 18 172 247 215 204 203 279 130 192 127 280 217 10 124 291 204 103 115 50 121 162 219 187 213 147 2 255 128 269 153 94 178
69 197 39 120 229 159 263 253 96 162 197 98 212 101 145 204 272 195 22 95 117 257
75 200 212 236 263 163 45 26 57 283 89 51 22 229 59 288 185 267 174 258 213 274 18 248 245
30 239 248 167 210 117 4 51 71 91 103 135 121 41 267 274 84 239 265 263 185 32 230
68 201 201 112 133 275 147 241 49 15 1 95 200 262 268 145 228 258 47 174 223 277
249 117 81 295 268 186 100 262 236 250 26 234 115 296 258 263 184 121 172 116 267
178 269 226 197 86 31 237 241 264 272 295 141 5 205 48 54 281 144 135 192 284
133 193 32 266 130 273 184 217 251 239 61 269 38 89 77 289 200 75 23 173 18 102
89 138 191 192 203 39 50 110 98 2 121 167 260 298 200 218 223 232 174 254 148 281 96
55 207 230 144 271 162 87 34 227 21 83 125 29 205 201 216 233 183 237 215 55 275 80
285 182 23 131 117 187 65 124 75 209 159 85 201 93 255 277 268 71 137 204 6 173 48 260 19 246 81 153 11 264 41 162 161 118 113 282 137 222 16 95 188
242 293 59 279 52 286 286 286 271 222 32 63 489 253 224 316 208 194 248 498 794 168
42 198 230 296 102 198 187 291 171 14 111 151 218 61 3 88 271 22 243 94 240 290
29 275 280 235 135 99 101 225 89 11 25 102 266 38 166 170 218 194 256 250 292 247
116 197 240 102 236 284 231 200 172 137 272 209 251 26 237 53 281 207 92 265 186 144 39
88 375 153 178 85 207 5 149 271 134 156 223 264 270 209 276 232 287 128 114 26 228
12 160 113 100 274 100 113 78 160 274 51 160 113 222 32 63 489 253 224 316 208
33 49 97 247 197 184 79 157 173 37 175 252 203 293 230 181 185 44 121 273 277 5 55 210
50 145 245 225 116 39 108 283 150 132 165 160 265 271 212 42 48 252 246 299 281 157
26 156 170 251 272 289 120 107 23 67 288 178 45 299 238 223 254 6 4 163 286 27 59 270 172 241
10 214 225 230 125 112 229 155 50 238 280 70 182 174 69 170 298 66 21 68 88 199 283
56 87 108 136 171 189 213 267 284 280 72 135 13 262 230 123 290 112 247 4 283 172 229 27 70 166 116 256 246
865 10 72 125 126 104 30 146 222 287 296 242 288 176 290 89 257 94 185 50 72 56 119 208
4 69 109 110 150 203 287 293 205 138 177 212 169 32 41 98 137 157 207 46 27 281 190 295 255 222 267 187
86 138 175 273 276 219 215 108 41 252 42 281 123 161 249 115 1 67 14 289 32 272 231 90 54
202 252 89 267 249 114 249 114 69 114 131 114 240 20 55 214 85 251 208 123 23 252
29 121 160 205 225 244 288 298 268 173 195 72 248 276 231 133 125 270 109 134 204 241 138 37 182 98 189 77
0 17 87 92 57 220 295 92 155 265 158 281 277 5 238 99 260 94 141 15 233 80 88 221
111 117 154 187 45 283 35 236 32 7 147 193 250 27 128 297 158 141 175 80 219 71 214 216
14 90 193 277 175 226 233 120 149 123 45 51 33 264 99 100 129 180 297 249 9 41 58
42 44 110 116 126 159 172 224 188 234 57 79 195 192 196 104 150 190 243 56 152 256 238 164 220 221 212 51 45 158 107 9 59 220 13 284 57 55 191 58 26 19 216 48 113 122 46 171
124 215 247 745 5 263 58 197 58 122 123 190 122 263 240 20 55 214 85 251 208 123 23 252
5 21 52 91 237 23 108 266 258 244 83 278 62 42 145 226 77 110 193 196 66 71 141 287 198
20 179 45 246 96 196 193 191 250 16 155 56 78 278 0 52 50 282 202 280 232 277
68 82 150 196 82 100 47 216 204 137 282 208 122 295 223 211 86 149 92 10 275 34 171 140
1 39 2 60 266 42 132 37 62 16 211 236 87 15 246 151 36 154 56 122 277 166 203 165 50 114 190 118 144 265 60 29 229 286 86 185 102 288 169 247 266 34
865 22 116 21 120 52 162 292 22 23 238 140 144 182 180 168 171 66 125 59 276 78 160
8 19 256 289 242 97 55 123 167 39 162 88 43 222 204 174 0 185 213 250 140 299 76 134
6 240 248 17 139 6 235 16 134 215 142 71 64 77 44 236 151 287 39 207 126 296 219
32 53 210 143 283 265 18 65 243 137 125 171 215 96 197 290 220 223 8 64 29
865 153 159 166 265 269 283 294 228 166 112 140 7 279 255 25 91 293 26 150 135 186 201 190 268 44 105 199
51 129 163 280 295 16 91 215 64 89 25 268 276 273 36 18 19 191 41 266 5 204 42 40 27
114 204 227 294 106 67 172 241 182 261 80 170 87 209 125 264 79 277 197 240 144 287 28
120 158 168 158 92 42 158 206 92 102 158 240 20 55 214 85 251 208 123 23 252 74 199
31 124 231 160 160 253 143 269 82 112 72 269 49 112 222 32 63 489 253 224 316 208 194
52 141 217 289 285 93 193 7 265 224 180 168 97 229 42 79 178 12 236 100 157 201 273 286
73 117 171 95 179 148 100 191 94 289 19 155 199 210 28 255 201 197 66 87 235 259 213
84 139 173 198 66 29 194 295 260 81 243 189 174 80 191 265 261 224 56 184 233 91 136
264 45 71 101 71 14 60 14 60 161 225 232 98 44 270 153 242 120 406 228 215
154 227 184 42 236 75 152 254 136 1 46 187 177 219 282 130 52 233 170 234 64
39 87 95 143 175 258 14 116 79 186 296 43 4 206 89 188 198 117 223 47 221 96 171 126 52 22
160 204 218 23 138 61 240 278 23 278 240 240 240 20 55 214 85 251 208 123 23 252
69 214 291 27 145 286 63 225 111 10 101 102 1 72 76 293 240 186 276 28 132 162 13
109 248 148 118 3 283 187 24 135 101 18 182 73 140 176 88 143 250 34 1 220
28 42 240 23 29 234 256 256 107 240 20 55 214 85 251 208 123 23 252 74 199 202
30 94 153 185 274 96 262 160 111 273 210 281 155 163 151 90 59 78 237 45 86 69 116 227 196
5 24 131 189 28 88 174 186 206 104 149 45 44 113 189 141 20 139 245 83 4 157 249 231
142 193 163 149 235 61 245 93 255 113 175 12 107 75 239 109 28 63 250 122 178
12 20 126 53 46 255 282 46 98 126 98 264 4 222 32 63 489 253 224 316 208 194
67 98 149 164 253 267 110 67 276 246 225 238 133 229 227 156 209 206 296 46 35 31 261 20 168 187
116 235 266 204 182 113 106 202 78 161 158 8 115 199 19 34 33 289 92 194 293 64
134 254 87 265 916 164 916 69 120 232 98 44 270 153 242 120 406 228 215 41 107 237
89 277 99 84 135 221 204 13 123 181 223 56 164 245 32 83 51 102 107 227 122
130 211 190 127 145 203 246 84 296 20 71 261 33 81 196 129 237 96 157 148 112 65
18 205 67 276 86 138 141 263 147 275 172 13 264 242 85 31 132 189 93 140 111 152
220 207 131 219 298 160 240 208 171 63 98 280 48 289 296 244 268 44 206 26 269
45 116 273 278 159 78 79 289 61 288 76 110 93 206 45 184 41 135 80 286 255 296
8 50 87 172 280 132 116 90 116 155 66 66 275 156 93 191 238 80 154 32 28 141 105 77 99
47 94 101 175 237 257 296 40 168 186 43 102 244 130 253 194 155 151 33 131 145 56 234 241 80 86 223
865 48 92 206 208 220 263 71 173 197 44 281 104 143 267 268 42 163 195 115 219 13 39 31 101 240 74
5 110 168 204 267 74 102 25 96 289 35 179 263 2 275 89 182 262 172 49 48 78 27 194 113
44 158 243 208 229 70 142 0 22 234 177 43 114 58 73 154 253 125 233 139 260 2 193
39 46 116 280 261 85 79 3 158 88 191 52 273 296 241 238 138 73 2 124 97 119 212 67
251 282 293 176 227 232 169 146 213 215 213 215 146 169 179 235 261 803 193 57 57 124 163 220 68 105 136 241 28 261 20 103 128 46 125 39 200 224 43 169 42 287 185 26 49
158 160 210 270 165 70 188 215 171 252 55 228 25 85 153 97 109 57 128 118 75 27 241 245
31 39 74 115 120 137 206 256 55 105 170 239 64 4 250 64 64 232 98 44 270 153 242 120 406 228 215 41
83 152 237 281 178 243 246 271 205 129 4 163 222 99 257 89 168 145 144 153 92 141
235 375 129 60 176 252 271 283 89 274 71 242 127 213 15 255 28 38 11 142 250 149
3 276 0 40 30 243 266 288 284 287 226 228 183 115 7 234 264 13 37 126 260 250
89 2 119 160 272 208 272 103 281 222 32 63 489 253 224 316 208 194 248 498 794
33 210 290 139 192 224 114 201 237 40 85 31 286 173 23 190 42 80 66 37 279 154 51
865 10 139 116 113 103 209 87 135 149 52 60 42 223 178 210 288 25 239 124 33 93 32
76 165 209 229 279 249 220 185 220 220 265 279 249 265 147 281 958 133 692 286 785 166 477 280
189 225 215 32 75 47 275 162 149 233 8 138 163 249 13 88 4 274 153 259 54 20
46 89 172 108 259 241 207 237 279 82 200 292 225 21 231 30 288 250 55 75 69 177 173
85 149 261 196 209 4 238 47 84 184 183 0 278 192 135 259 206 286 36 12 252 202 154
18 111 114 117 154 203 88 141 141 140 88 88 853 249 853 189 189 803 147 281 958 133 692 286 785 166
97 117 116 176 207 271 295 198 26 264 127 157 132 177 284 280 219 213 41 53 95
47 77 207 53 160 10 234 296 227 19 220 273 94 60 173 84 218 182 22 64 66 225 229
62 132 136 150 222 164 24 117 122 288 139 182 291 169 8 281 36 123 256 215 144 13 233 84
65 90 210 241 264 128 218 223 231 0 139 12 6 3 166 134 153 76 156 192 173 70 98 137
240 375 222 160 178 229 48 88 129 92 176 44 271 267 84 83 261 76 78 66 28 110
132 164 190 19 274 274 19 99 99 205 60 232 98 44 270 153 242 120 406 228 215 41 107
209 269 222 60 232 101 101 222 232 101 99 232 98 44 270 153 242 120 406 228 215 41
2 18 23 141 212 274 99 197 197 60 101 99 166 217 101 232 98 44 270 153 242 120 406 228 215 41
958 134 52 100 68 116 241 64 5 171 30 118 76 286 193 26 261 117 207 18 172 85
6 75 167 74 293 0 21 155 174 182 161 156 66 15 129 109 64 61 135 153 4 126
33 159 247 149 113 241 52 80 192 266 44 60 189 235 175 191 202 1 141 63 244 296
16 103 161 15 200 259 229 22 243 223 125 29 107 82 68 81 289 224 166 133 227
35 82 139 213 229 20 141 23 137 149 207 6 253 272 101 51 90 247 94 219 36 111 178 127 287
156 157 252 286 803 803 174 803 219 286 240 20 55 214 85 251 208 123 23 252 74
6 188 233 116 96 134 17 173 154 151 165 186 71 156 157 269 89 211 206 49 253 268 4
38 119 152 293 167 210 93 215 131 158 115 113 23 63 39 80 104 70 13 198 79 201 182 15
198 231 375 53 235 78 53 78 916 91 53 232 98 44 270 153 242 120 406 228 215 41 107
144 41 160 234 206 116 101 270 129 115 261 48 23 295 194 258 259 178 122 0 133
865 13 58 258 103 239 260 125 232 159 65 20 112 20 52 6 232 15 125 101 90 195 673 175 580 215 178 105 130 197 131 113 296 265 298 86 195 293 283 191 0 42 88 208 47 25 268
68 176 235 289 291 37 283 147 40 64 155 262 57 261 279 84 206 82 69 254 150 85 223 273
71 79 115 236 256 375 196 84 69 116 18 0 20 200 188 51 122 242 227 92 174 240 219 197 53 42
74 124 133 149 224 253 130 137 96 93 37 122 139 69 102 112 282 186 22 178 272 108 162
191 237 269 240 222 258 39 29 299 103 225 133 27 134 159 108 296 293 179 89 33 227 70
217 279 157 26 163 81 157 254 37 157 240 20 55 214 85 251 208 123 23 252 74 199
10 102 157 292 203 119 94 197 97 74 15 197 226 222 32 63 489 253 224 316 208 194 248 498
152 275 253 138 132 18 107 277 90 240 110 60 32 226 262 163 206 26 215 279 243 273 1 256 180 17 97 164 108 114 115 248 210 147 122 130 155 44 134 244 212 268
33 158 600 143 53 19 39 175 175 49 498 222 197 228 280 61 162 202 110 107 193 790 254
181 237 263 266 44 267 265 93 251 21 182 155 146 167 24 222 109 12 115 275 175 188 122
63 101 143 116 75 100 8 211 43 253 184 193 161 216 128 25 151 27 41 295 87 299 200
43 264 280 48 75 36 236 183 157 249 149 37 134 15 199 299 98 31 293 158 41 255 168
18 130 187 32 208 21 248 14 82 265 48 195 260 86 151 90 166 180 132 51 140 52
168 229 282 86 109 99 269 28 284 247 281 217 158 245 81 183 237 12 142 129 43
865 34 58 163 103 153 255 201 222 212 171 214 148 111 86 297 268 128 26 262 146 117 100 294
865 14 54 135 53 166 195 252 242 56 121 12 116 148 69 293 289 164 219 5 3 284 208 234
154 215 266 126 31 107 172 218 263 173 8 212 182 88 52 166 18 232 106 161 159 56 49
9 17 52 298 178 185 118 153 121 164 100 281 262 71 171 69 168 35 36 192 126 224 210
48 59 68 231 237 250 173 286 218 192 129 188 110 287 191 108 45 227 240 205 15 112 1 144 64 246
31 246 224 158 177 168 1 220 82 198 38 92 42 200 236 226 97 188 267 105 16 59
72 194 200 279 226 126 105 235 139 234 58 160 106 25 94 9 147 208 120 110 220 74 12 230
104 180 34 215 66 118 17 204 209 187 38 67 254 178 80 101 290 188 179 286 292 171
105 112 197 92 101 30 296 251 66 288 98 107 72 4 223 86 268 68 45 215 113 7
58 69 194 0 194 12 284 132 284 284 132 222 32 63 489 253 224 316 208 194 248 498
163 234 14 112 185 279 186 44 260 85 80 34 142 213 29 285 225 90 13 117 108
129 162 235 297 1 40 204 43 265 293 296 224 53 232 184 266 260 87 289 119 139 42
278 12 477 180 477 477 0 98 0 222 32 63 489 253 224 316 208 194 248 498 794
111 221 281 95 84 132 20 201 296 177 261 147 45 169 171 205 81 59 78 33 107 10 125
144 185 207 285 293 215 28 253 211 125 280 83 294 66 173 187 285 163 299 16 200 47 81 220
113 172 184 808 703 74 477 98 0 703 958 477 790 222 32 63 489 253 224 316 208 194 248
31 189 283 295 187 60 292 221 68 246 145 201 154 101 87 296 19 130 228 238 27 195 25
207 253 296 150 32 121 74 140 244 141 299 98 214 84 145 228 194 218 253 131 240 292
34 133 71 138 63 142 282 58 69 13 62 49 161 208 288 145 213 146 86 284 152 293
35 51 38 292 146 233 99 24 255 246 150 96 17 30 15 224 25 82 103 65 229 126
130 142 241 272 37 109 61 291 261 130 6 116 192 203 255 69 132 274 293 290 284 102
10 12 131 148 54 54 179 165 244 54 165 101 135 179 240 20 55 214 85 251 208 123 23 252
26 180 216 48 175 290 5 159 115 205 1 183 147 110 263 206 225 24 190 149 177 215
37 89 124 179 7 235 226 69 58 233 27 48 257 10 5 202 275 120 11 211 249 178 294
76 107 124 208 237 2 80 173 99 298 158 98 236 81 31 201 18 250 16 291 42 54 113 222 189
99 186 265 64 271 204 294 18 136 242 127 59 161 283 26 181 207 105 61 221 289 184 2
74 278 201 191 15 186 47 14 31 294 78 272 57 187 289 249 104 282 150 127 179 218
112 243 31 51 164 8 54 78 66 210 253 224 7 135 128 130 194 39 61 160 105 41
95 204 216 243 8 28 23 66 154 299 117 256 282 129 94 250 203 220 196 141 176 237 113
3 30 106 135 141 155 152 93 128 48 282 243 113 62 124 202 244 164 76 206 168 292 138 210 253
81 178 251 100 39 194 227 185 29 11 144 244 52 94 179 60 230 221 283 123 85 211 44
0 224 65 126 106 289 36 199 110 286 254 208 141 194 209 71 7 158 90 57 33 261
124 129 152 197 178 24 189 152 259 191 120 132 247 221 254 200 295 125 169 69 159 131 140 205
11 19 55 141 174 193 241 110 83 160 60 285 207 156 125 42 66 270 261 140 224 180 249 182 186 62 5
865 2 54 178 222 259 210 158 48 7 129 130 32 250 56 123 216 67 232 112 214 197 230 265 266
187 217 101 159 147 17 121 148 231 198 292 253 285 43 278 25 19 219 3 244 237
63 66 183 191 259 142 241 180 230 34 145 69 285 228 214 188 17 116 165 100 168 31 67 161
95 165 136 291 79 199 87 95 153 157 264 152 279 213 86 28 234 164 146 59 29 141
122 286 84 20 269 186 51 298 133 208 73 201 251 10 66 49 130 46 63 227 225
160 121 212 31 69 37 109 100 106 241 166 214 196 227 209 80 54 192 85 146 64
8 55 72 139 259 281 28 87 37 164 299 113 258 160 133 63 189 209 117 193 247 107 199 54 267 25
45 215 238 290 290 159 295 123 290 22 288 240 20 55 214 85 251 208 123 23 252 74 199
22 43 200 56 15 143 283 246 241 70 280 11 292 73 284 28 149 86 2 173 156 108 219
274 95 257 67 240 14 7 64 209 286 157 56 284 185 45 196 234 85 254 146 259
194 113 148 118 47 211 279 226 59 245 297 85 43 38 236 14 207 89 205 93 274
54 156 215 178 77 179 147 212 115 224 186 218 89 102 201 239 36 161 78 275 252 113
49 167 127 39 1 184 150 175 79 72 222 159 260 275 206 40 70 223 259 80 201
1 34 199 276 196 178 297 201 29 181 127 41 79 19 238 217 289 83 254 146 230 28 58 103
174 233 160 281 136 277 236 46 59 105 58 248 31 144 183 158 44 223 130 164 271 176
82 242 264 298 21 125 210 286 183 289 208 49 185 252 31 143 158 216 264 219 128 237 202 192
1 38 124 226 308 1 56 308 204 419 889 221 762 67 299 901 41 670 369 135 310 752 215 642 566 502 18 903
845 153 271 634 993 10 645 360 982 639 978 577 53 686 135 118 271 914 463 573 869 207 967
265 68 205 292 475 949 966 61 678 195 678 141 46 678 4 195 177 211 141 287 966 61 860 257 227
122 145 185 74 674 232 820 182 187 55 591 292 202 147 674 209 186 292 252 202 820 811 645 182 281 60 266 231 135 277 291 200 216 10 84 96 299 19 158 111 108 139 14
257 577 43 212 220 903 903 527 903 903 36 388 211 324 709 314 511 332 12 13 566 559 198 52 352 67 83 36 108 27 213 12 20 236 262 70 79 34 78 272 231 202 211 161 139
845 68 132 152 164 226 559 77 55 197 214 11 15 203 91 238 211 13 170 119 53 257 181 70 20 130 182
188 207 294 101 6 151 65 124 31 118 70 77 296 179 106 41 25 219 60 241 258 200 37
845 7 96 98 170 209 288 148 211 189 293 181 122 129 59 8 279 236 150 183 275 197 100 91 98 19 194
140 156 282 291 102 6 91 106 101 29 214 258 188 125 208 121 46 238 292 63 237 203 283 47
59 107 176 215 164 88 26 148 145 174 23 176 235 7 172 212 132 57 289 140 130 191 293
50 151 198 216 97 176 7 285 285 285 31 80 44 236 186 186 108 26 16 54 285 144 746 145 175 321 212 50 234 257 283 199 81 231 92 21 211 269 210 198 189 11 143 226 72 123
110 151 15 35 176 259 264 189 134 123 106 188 25 122 160 245 95 46 194 6 36 222
205 120 214 124 138 31 228 29 160 198 215 152 79 148 109 56 134 213 177 116 281
24 189 275 182 265 207 207 106 19 101 207 190 15 152 15 152 236 27 30 77 31 961 203 961 361 249 299 89 115 67 191 289 148 212 216 14 146 186 134 176 101 135 84 246 53
179 203 223 40 217 294 83 1 227 112 92 0 123 9 251 66 48 175 193 108 183 199 256
57 238 246 141 283 283 141 261 141 162 141 66 158 64 288 23 45 283 54 157 728 223 271
37 268 0 50 38 40 273 48 131 54 102 42 65 78 19 230 149 228 123 6 17
167 262 64 162 46 264 64 28 79 100 162 289 198 242 205 193 205 157 92 53 223 190
15 176 219 256 298 139 90 123 204 272 191 45 47 197 259 37 206 33 242 234 53 263
106 263 803 89 803 153 173 251 116 229 183 144 205 42 288 37 168 45 193 242 157 223
62 159 52 194 271 72 35 275 86 12 82 199 8 41 209 288 38 173 261 37 292
845 113 291 15 99 52 153 283 32 74 110 42 290 5 217 85 205 128 23 180 46 193
34 253 296 105 230 127 16 201 157 35 79 193 185 224 95 158 23 163 272 147 255 235 148
68 256 90 245 147 72 138 281 36 185 16 126 47 232 266 222 235 169 110 66 261
75 276 164 129 25 14 201 207 52 160 213 38 116 275 86 210 6 27 190 203 229 17
10 151 209 220 250 278 3 185 225 223 258 52 27 103 73 16 256 298 46 6 230 51 269 254
120 190 82 220 282 279 250 214 168 112 281 5 210 88 198 175 239 293 25 268 22 159
169 193 276 287 176 39 294 254 15 64 156 292 48 185 295 95 38 215 8 282 291 896 48 49
54 68 206 234 245 175 133 278 70 185 36 170 239 240 153 75 30 178 289 27 229 172 52 122 103
31 111 134 147 238 273 559 292 119 112 83 153 194 159 165 149 101 282 87 299 209 192 205 58 285 7 81
811 53 71 192 216 3 84 93 131 134 258 169 163 169 102 151 23 64 133 133 64 36 268 133 215 194 53 145 52 285 106 2 258 67 100 122 295 296 6 60 158 201 108 44 180 73 184 147 175 89 65
58 104 163 260 283 101 158 162 61 281 57 60 73 237 54 49 134 9 21 233 86 291 32 102 76
289 106 106 271 236 16 159 260 163 226 282 859 86 58 95 170 38 49 8 168 118 120 25 164 230 205 191 40 212 0 7 95 60 119 16 177 286 45 263 158 70
216 14 298 76 215 206 51 65 267 165 5 42 87 124 219 101 282 280 251 35 157
45 22 201 12 234 40 266 104 147 264 173 285 71 131 127 293 103 21 33 98 167
85 94 249 143 245 174 56 90 73 118 134 148 101 82 232 17 44 37 209 120 278 248 267
15 216 7 106 28 91 112 52 160 14 185 257 63 56 293 9 31 229 0 253 153 202
27 30 93 37 18 201 206 189 35 262 123 79 167 20 287 273 100 251 197 255 246 2 17
112 138 164 292 169 27 153 196 296 189 185 8 286 19 294 188 16 238 126 233 190 130 144 295
7 187 208 271 181 31 110 221 148 232 149 55 199 293 5 280 18 106 283 25 118 246 59
108 203 137 196 59 205 23 146 57 190 186 91 252 72 47 24 8 200 80 58 15 14
73 154 271 245 116 38 156 177 174 140 100 123 218 260 246 88 234 79 16 13 155 107 167
107 108 220 267 209 217 242 197 188 213 222 165 142 155 103 162 202 263 57 271 52 268 240 278
46 94 108 136 286 129 94 198 228 22 158 132 25 76 11 134 179 287 2 68 299 212 251 237 203
234 238 267 103 151 148 61 243 1 147 100 181 122 171 235 99 88 66 43 278 259 40 24
559 286 31 187 268 1 47 218 195 76 209 29 140 120 265 205 0 293 231 122 117 133 203 137 77 46 97 15 240 102 112 168 206 220 7 227 5 284 208 136 18
6 169 193 559 101 21 64 179 156 265 179 179 140 233 131 716 411 250 265 13 51 716 36 258
32 66 127 154 197 104 26 165 146 87 161 144 104 146 144 236 361 263 16 31 30 961 233 87 133 73 167 164 220 8 132 113 48 32 67 98 277 227 194 134 187 43 84 180 27
845 19 106 155 206 264 274 16 116 144 165 89 172 248 8 182 82 164 239 262 80 0 29 191 92 156
1 94 129 181 226 242 299 65 141 65 177 161 71 199 199 161 69 33 128 99 357 181 283 118 131 95 191
240 43 227 205 211 86 111 64 121 133 87 206 181 21 202 31 225 24 39 242 132
6 12 26 119 124 257 58 186 277 289 214 244 32 43 70 56 245 162 149 227 281 66
75 87 104 229 559 30 190 175 85 32 126 266 99 245 39 111 292 2 236 1 135 178 254 240 120
61 291 35 107 14 77 203 39 122 266 98 81 126 240 212 289 80 276 134 298 262 163
811 208 0 220 220 0 206 118 0 0 223 136 223 134 241 276 75 38 169 77 178 286
559 184 234 63 289 215 3 166 274 72 264 233 120 291 158 11 66 210 54 35 260
32 184 101 202 30 151 292 225 117 181 206 216 29 44 134 212 285 74 13 241 148 231
30 87 144 184 94 217 54 114 132 211 245 6 170 225 223 252 235 295 107 198 277 17 96 48
45 114 212 245 229 196 256 122 80 131 21 36 63 142 164 294 76 216 130 247 94 252
0 35 191 214 239 23 238 125 191 174 47 261 151 162 217 296 117 247 189 142 181 52 147 9 176
2 83 141 251 52 292 63 245 159 112 136 148 233 2 103 161 171 295 258 119 219 105 167 123
1 151 190 269 297 107 12 287 289 95 43 20 51 121 296 97 71 207 224 174 197 201 11 79 165
192 298 122 30 121 212 248 7 115 89 24 203 81 113 249 191 214 60 231 106 174 108
63 99 195 204 35 188 298 279 19 198 106 154 130 173 117 105 250 72 48 203 192 189 278
45 49 160 85 15 97 118 120 185 194 133 58 82 20 198 269 236 24 116 57 299 96
41 93 209 275 57 127 185 228 207 50 140 137 207 237 137 243 193 13 13 13 216 201 112 30 17 27 361 16 157 270 272 135 74 45 56 247 122 6 127 1 64 96 146 292 189 32 206 143
234 282 184 166 120 132 116 235 23 283 135 227 53 84 237 62 66 214 261 230 78 21
28 248 295 171 156 162 173 9 216 91 96 78 84 94 276 44 183 61 203 227 136 149 79
12 18 30 272 172 36 260 32 250 14 228 257 9 222 125 169 288 291 289 24 56 96 157 211
219 291 52 34 66 163 269 134 8 231 19 276 117 272 94 46 285 108 150 42 157
145 199 216 253 262 276 66 287 207 258 72 139 58 186 40 62 106 47 111 15 29 160 157 291 293 63
52 140 220 183 229 116 11 8 113 285 160 231 140 141 213 153 280 64 78 243 77 255 168
118 131 242 253 210 241 44 45 227 142 151 148 66 127 27 209 154 225 255 115 179 62 107 265
39 53 80 153 219 286 221 7 31 265 281 81 92 260 225 28 175 177 49 1 35 207 230 275 199 232
895 260 177 141 167 173 247 168 220 224 296 31 60 93 245 123 162 105 273 249 279
26 68 90 239 274 200 73 264 54 156 51 25 70 185 48 218 91 152 63 100 227 189 123 249
52 62 276 55 227 290 255 82 159 45 176 184 293 198 76 165 40 218 127 251 211 101 272
30 90 106 204 39 135 158 204 199 73 222 275 28 197 206 10 35 220 230 277 129 265 126 175
76 108 174 139 246 43 237 274 207 245 71 254 22 10 213 186 129 15 235 170 36 191 90
87 112 285 145 151 262 225 135 289 107 7 148 14 75 87 117 97 78 182 49 154 242 294
283 38 239 200 115 130 176 198 79 265 264 186 11 144 37 30 101 227 222 98 236
14 89 109 173 174 278 299 292 131 241 80 145 142 222 231 217 143 70 51 269 115 295 218 283 53 201
95 129 212 225 6 272 58 271 238 203 99 296 45 281 62 202 261 119 130 8 72 169 12 243
153 202 48 14 258 15 175 62 8 146 265 190 174 127 140 67 143 208 235 222 161 187
56 83 166 210 64 164 219 108 39 15 81 6 86 217 33 191 193 215 212 179 26 253 271 256
201 209 44 101 280 215 13 198 1 143 53 192 24 178 277 193 64 274 14 86 87 287
47 289 282 228 39 83 210 74 67 256 70 123 15 25 42 127 227 133 19 214 174 198
181 146 277 260 251 114 188 82 18 120 152 48 156 199 280 195 96 291 49 190 247
63 210 255 284 285 194 33 45 145 168 71 97 253 81 254 285 114 292 207 258 204 52 7 39 49
110 216 262 259 181 26 142 261 116 257 263 151 139 256 137 133 224 253 230 108 182 109 84
29 19 4 31 193 18 117 72 83 217 289 222 99 251 274 286 29 13 81 37 110
242 257 26 46 209 76 9 231 97 156 39 109 180 195 298 267 281 292 282 255 89
14 62 104 230 231 269 270 290 37 233 220 42 299 259 99 162 79 281 115 288 78 222 242 269 216 56 275 28
112 141 169 220 28 84 172 292 25 21 88 74 260 199 136 87 257 17 31 101 287 140
174 281 284 268 238 186 191 174 291 29 153 2 169 61 43 133 126 97 129 184 247 155 9
67 141 260 273 176 85 95 215 128 26 274 213 46 254 232 171 179 287 239 250 34 87 53 70
110 180 192 133 105 298 196 158 222 216 178 146 86 35 181 10 282 229 6 237 93 297 186
193 196 260 86 261 71 107 246 98 117 279 209 170 181 175 235 60 15 47 258 62 263 56
51 133 288 77 261 272 243 117 149 270 35 140 107 190 169 148 209 58 271 69 203 219
29 111 126 6 6 114 196 114 933 114 114 196 282 48 49 170 859 206 95 348 86 38 226 270 47 106 3 251 195 199 62 84 59 151 83 197 1 41 196 72 16 127 11
235 242 392 178 98 48 3 260 54 84 91 71 206 41 166 256 223 42 163 186 32 92 39
217 145 91 222 112 23 232 67 185 195 41 231 55 69 11 47 216 139 88 276 193
120 193 166 296 253 275 7 240 245 112 148 160 54 237 251 192 183 266 181 247 201 78
4 22 197 228 248 191 119 182 30 37 226 254 39 95 51 105 163 72 106 148 43 299 135 160
38 133 225 258 129 240 240 294 129 129 202 284 185 996 38 129 419 257 113 885 170 280 126 126
833 16 49 84 155 167 198 203 207 243 101 145 36 95 220 287 148 241 237 105 116 297 69 94 19 175 1 176 208 248
85 125 223 274 212 196 93 278 273 216 185 137 218 200 101 248 290 166 232 251 190 107 89
43 87 102 110 126 136 34 167 15 75 86 219 107 50 52 153 245 78 236 265 128 283 238 21 8
52 104 250 274 99 237 154 71 2 155 290 267 25 288 185 186 189 86 24 209 199 213 197 3 200 135 274 283 9 183 79 180 261 159 191 275 203 246 141 173 258 67 189
112 223 392 46 249 235 83 279 10 99 6 189 74 193 5 205 48 49 159 211 1 62 268
56 161 177 109 179 244 78 104 215 282 150 72 241 212 210 125 40 224 37 76 77 16
23 239 226 45 233 262 159 251 279 78 16 249 31 250 260 189 213 184 181 72 46 253
53 137 110 1 14 282 270 170 109 188 112 238 130 213 174 275 226 227 99 65 10 215
38 58 204 206 222 559 395 16 131 16 247 131 395 203 133 100 77 30 201 361 27 87 27 233 16 31 67 224 200 295 63 274 31 193 195 192 62 173 11 15 49 68 90 64 79 130
89 238 392 293 246 37 297 32 40 239 182 277 248 234 163 285 155 141 51 74 161 169 150
77 123 204 172 123 85 135 274 259 173 5 228 94 147 95 220 205 209 76 45 224 185 163 105 58 89 151 103 20 232 73 185 57 77 148 81 54 131 213 179 170 53 87
83 114 281 286 84 81 116 4 21 102 182 19 145 91 87 7 237 36 128 114 282 188 125
83 164 235 299 243 148 252 41 26 13 35 195 284 138 51 291 16 217 232 98 274 238 73 131 259 164 95 298 92 136 264 117 19 56 25 287 26 16 223 52 213 197 17 41
811 68 155 166 279 82 184 276 201 228 109 56 257 196 23 174 55 113 163 275 277 222 200 141
80 175 251 221 138 28 260 77 64 267 196 257 94 254 179 78 198 190 180 206 255 92
833 19 172 185 203 205 169 158 248 79 72 224 199 0 275 27 52 171 164 197 281 298 120 196 229 109
270 280 93 258 142 56 142 208 808 200 744 54 200 142 660 18 36 458 367 131 258 900 943 104 62 211 209 188 273 279 2 79 164 52 125 136 173 181 266 32 212 154 108 20
69 141 169 244 125 204 164 88 271 204 204 159 58 859 348 168 170 215 480 282 896 226 206 137
5 39 134 137 181 142 161 71 194 97 52 121 101 203 218 39 246 143 205 191 20 289 285 144 148
204 95 231 250 200 193 215 245 36 235 27 73 63 251 291 48 60 44 253 260 125
10 44 85 179 216 245 148 189 121 259 106 62 224 185 47 146 296 207 48 152 44 40 244 85 256 225
811 82 889 207 293 272 160 382 219 61 198 198 61 269 257 141 64 73 198 43 223 71 303 479 243 249 13 92 42 259 69 156 29 273 224 212 208 155 129 134 298 135 209 88 126
224 265 127 40 95 260 202 239 5 168 134 66 106 182 205 217 296 15 246 188 271 74
100 239 274 293 171 275 176 172 281 262 298 285 65 210 84 11 10 192 110 169 212 156 144 97
16 151 293 294 836 1 163 256 392 709 250 876 289 62 272 289 126 876 133 52 194 266 996 268 35 273 554 384 244 145
61 94 223 171 803 138 17 171 171 896 896 17 220 171 87 236 263 30 169 31 133 77 233
869 298 933 171 111 869 803 869 933 419 220 111 133 263 112 201 233 17 77 100 169 236 267 27 262 70 138 89 264 155 17 224 93 103 185 168 283 294 84 133 101 7
34 35 58 218 221 44 159 118 206 32 75 265 226 66 288 280 61 74 105 135 16 12 22 170 152
76 126 287 278 222 235 248 164 176 272 218 210 118 290 297 193 265 207 107 299 160 146 110
5 129 217 175 19 142 145 12 145 95 239 145 141 956 229 230 163 655 6 101 87 113 7
49 123 164 239 250 148 179 115 69 45 65 148 772 239 172 211 115 282 650 118 516 9 91
47 78 255 256 239 73 295 64 267 37 179 28 88 8 269 118 35 69 202 247 183 101 280 60
35 226 55 143 69 212 132 86 240 120 283 69 296 212 20 168 61 361 118 176 188 113 178 754 269 168 72 9 267 66 260 102 51 256 134 175 201 233 7 245 255 150 162 232
57 105 273 287 151 4 296 9 68 154 244 213 180 298 10 261 214 39 102 234 281 85 32
38 77 182 206 672 204 86 88 113 100 91 243 13 257 288 38 232 158 111 239 206 191 98 110 231
198 233 213 30 87 195 67 32 133 115 239 160 91 186 48 92 212 290 263 76 254 152
179 57 115 57 196 196 172 112 112 268 152 148 91 9 115 20 451 100 650 249 211
20 60 74 222 244 268 79 121 122 224 276 650 691 2 74 53 92 153 286 92 53 153 263 77 31 216 27 30 100 112 27 361 133 57 71 77 63 191 183 91 50 286 69 219 12 80 214 180 118 247 70 124 15
13 41 43 75 161 254 285 18 133 256 13 125 212 111 75 283 188 58 14 16 64 114 168 260 11 147 214
79 80 231 276 100 290 14 109 230 182 259 171 294 188 212 252 238 228 88 27 240 275 156 46
871 889 22 225 64 104 123 18 19 191 211 16 273 82 26 255 73 155 272 89 178 67 17
105 153 65 235 81 35 151 76 120 53 74 149 56 224 84 141 218 166 85 42 111 95
871 181 213 257 283 416 186 876 42 142 42 485 389 348 247 95 206 168 215 86 291 348 48 8 282
55 67 88 290 487 157 274 13 78 199 105 111 137 294 139 224 277 8 187 70 15 107 159 240 100
71 487 626 261 241 136 126 161 226 159 4 218 140 141 181 189 48 117 269 274 73 213 24
94 113 151 548 95 294 291 71 51 171 279 156 123 204 178 220 177 2 53 193 24 25 192 161
24 28 100 151 161 176 173 253 95 252 93 222 74 175 196 48 28 34 157 37 27 228 72 122 12
65 67 135 966 380 281 255 153 281 966 153 89 128 208 591 186 255 922 168 144 137 604 909
15 198 392 291 47 193 183 154 265 213 285 185 101 142 258 210 238 16 257 211 200 231 135
46 57 70 111 173 609 122 127 43 124 263 34 154 297 197 48 158 250 27 75 49 120 299 271 159 145
2 22 121 196 228 246 119 161 39 150 198 162 99 63 267 250 182 224 253 24 127 288 206 287 256 92
916 16 18 101 143 165 171 231 284 333 0 165 170 12 297 188 158 199 167 202 131 227 126 198 175 121 116 173 157 285
64 83 98 195 219 277 283 299 392 583 87 166 128 128 887 583 380 166 128 24 12 92 246 411 107 177 22 56 408
102 132 166 200 292 110 270 44 150 23 206 189 38 125 190 210 30 168 278 99 276 102 85 103 295
2 36 229 232 11 186 226 174 2 274 174 2 22 2 171 22 175 274 900 123 943 51 131 288 258 51 978 91 253 179 149 115 160 64 117 88 275 112 271 44 143 9 29 114 162 151 274
390 272 184 231 200 86 204 257 66 46 97 80 5 95 76 259 106 288 158 75 136
35 127 183 172 175 229 212 30 180 242 32 86 182 262 215 81 293 104 2 178 285 246 203
29 82 95 115 176 235 18 28 83 279 274 268 2 86 268 268 2 175 225 2 288 123 76 233 131 13 716 367 250 900 89 285 270 154 184 267 170 123 272 226 186 197 156 110 96 103 43 104 294 277
33 164 213 230 113 10 10 57 655 655 56 59 57 221 69 149 82 523 373 982 408 329 18 320
71 139 406 131 84 159 235 243 224 157 271 286 200 41 205 176 99 8 5 93 251 297 206
61 132 295 735 160 60 781 402 781 116 718 58 215 876 291 49 8 168 170 896 206 38 348 908
115 278 284 295 735 287 279 177 172 102 113 209 149 224 173 255 226 284 258 161 124 235 265 183 25
78 86 166 207 638 3 299 101 88 288 56 230 260 78 286 13 112 77 184 256 206 277 173 217 181
3 19 268 288 66 23 21 95 208 100 258 245 56 12 143 109 115 136 187 265 82 36 228 219
237 273 185 60 130 74 249 257 270 120 165 54 286 199 260 39 141 266 80 151 252
221 275 43 260 131 63 234 16 103 250 123 66 164 178 60 251 151 156 160 152 270 297
811 85 114 717 54 136 246 161 130 55 59 142 58 152 288 24 210 22 285 140 162 156 15 269
128 157 199 233 234 866 801 128 683 128 106 73 801 293 200 136 203 253 242 867 820 628 58 133 655
42 101 112 182 243 190 6 263 49 98 27 171 119 137 297 30 121 147 126 56 12 255 70 120 207
237 155 122 441 515 186 131 515 469 706 265 471 298 183 62 369 245 727 18 37 755
46 140 227 255 15 79 548 727 369 535 727 40 960 232 6 207 126 897 254 67 489 464 126 266 740 770 843 139 587 17 212 30 587 382 382 212 587 382 169 286 2 187 226 25 826 254 683
