166 3 61 123 140 218 279 125 196 267 401 787 72 256 136 996 102 545 389 355 390 437 898 865 342 259 56 668 69 47 825 890 302 176 293 232 144 575 65 500 945 745 411 877 844 440 774 335 721 143
40 173 222 223 273 151 604 409 409 151 322 29 881 322 881 604 901 273 151 785 634 414 713 139
723 176 221 23 232 118 281 85 23 179 739 392 96 993 321 720 171 412 118 245 125 295
913 469 228 127 154 39 86 58 159 685 289 416 838 357 86 289 39 735 39 285 58
79 106 213 28 28 66 56 4 219 26 227 56 28 114 295 118 171 245 151 66 993 4
38 118 125 205 247 230 230 23 260 70 98 81 176 296 616 110 110 379 241 664 596 36 245
94 199 268 202 11 254 79 225 77 174 41 138 179 299 165 186 120 168 232 63 135 279
128 178 151 39 15 63 133 64 285 128 213 124 264 157 292 105 226 296 102 13 70 114
78 99 184 225 239 122 253 121 209 258 6 260 24 128 215 188 93 69 131 184 139 250 269 218
110 175 249 13 276 147 52 230 233 14 135 262 4 112 81 295 40 109 258 151 67 236 293
18 27 36 105 225 180 294 44 137 106 192 34 30 30 34 281 137 131 296 426 228 126 23 115 296
727 142 235 281 295 170 63 222 174 41 27 56 196 230 164 172 188 12 176 202 151 190 263 246 269
769 207 213 271 164 231 14 143 133 69 297 117 88 279 24 213 277 298 177 185 264 49 202 26
72 222 200 155 120 218 291 29 267 145 284 99 279 134 178 57 5 259 64 168 58
911 35 118 187 164 251 49 257 210 262 280 2 4 44 208 94 100 35 238 136 63 101 169 120
111 253 225 63 257 182 238 265 97 59 209 242 132 234 142 202 59 4 172 233 49 241
85 157 192 262 49 4 249 210 269 64 89 187 180 84 55 11 81 8 78 263 264 142 236
75 268 86 20 159 74 76 140 291 61 52 194 226 77 2 139 223 14 154 84 272 58
178 214 284 260 213 164 28 254 29 272 118 50 150 96 282 91 75 245 220 112 99 78
45 87 108 183 158 146 137 283 97 226 76 39 107 54 24 66 21 165 272 40 112 157 67
632 10 101 275 233 279 142 4 132 34 10 113 52 45 35 254 243 244 255 247 97 65
113 162 190 190 272 113 283 135 154 190 222 110 379 154 426 115 190 435 273 296 241 21
45 70 139 175 187 72 107 36 101 111 291 278 25 274 49 139 48 38 175 117 201 50 53 114 61
133 177 296 36 263 3 236 78 136 242 262 87 63 42 45 210 166 41 146 147 51 106 129 101 291 158 194 121 228 119 292 280 97 200 217 178 87 15 27 136 289 113
