67 72 128 214 295 503 643 867 11 252 555 963 29 816 70 93 889 743 610 132 470 542 337 102 229 59 661 264 954 151
8 15 108 503 55 191 148 248 187 234 91 221 25 236 219 19 51 150 186 294 207 11 247 185
929 15 180 271 63 285 734 178 642 106 10 63 865 734 758 742 327 642 966 724 141 186 966 866
19 197 111 251 71 116 142 18 172 20 76 104 296 33 108 5 9 97 208 3 90
77 183 130 128 271 81 60 36 14 97 134 276 110 153 209 152 278 148 58 83 193 208
181 261 287 153 85 104 253 61 199 133 239 202 112 207 12 50 154 221 236 142 272 26 165
92 202 286 277 185 39 10 118 90 148 153 44 125 27 143 85 109 193 63 243 37 41 26
52 53 84 142 172 258 181 23 157 289 116 166 3 199 59 216 119 33 14 233 156 191 158 185 182 133
44 72 75 78 183 261 290 61 224 258 210 56 240 185 108 257 63 275 296 120 176 164 104 234 66
84 157 214 14 9 190 272 94 157 90 117 160 212 6 200 161 125 167 57 45 66 174
128 168 255 90 34 31 260 128 94 60 115 190 148 98 213 288 291 205 149 246 62 26 209
32 118 110 142 35 82 6 183 138 254 165 151 83 89 274 145 99 193 288 201 283 286
87 130 125 81 100 41 207 291 199 294 277 11 205 91 150 224 108 156 194 27 128 50
125 203 205 9 120 246 33 109 202 118 172 11 197 18 146 222 294 83 44 181 269 51 145
40 140 221 156 200 231 35 57 118 4 17 19 30 38 257 104 263 260 134 42 62 178
148 175 265 110 265 85 240 66 174 153 199 151 122 257 237 184 32 69 147 11 276 151
32 295 71 234 288 92 206 74 2 227 102 192 244 88 16 294 89 173 162 14 70 55
98 116 249 22 54 248 211 235 67 147 252 189 70 87 10 47 296 224 118 11 39 139 138
54 69 287 295 158 249 181 100 25 264 0 72 46 41 219 1 176 124 64 102 255
9 107 169 144 153 172 242 151 278 45 219 212 166 147 175 30 149 38 120 29 62 162
8 266 99 203 231 235 103 15 205 44 284 123 91 148 117 280 85 124 299 88 158
55 66 158 264 19 230 257 260 14 132 21 109 101 91 290 73 235 270 284 166 113 241
136 161 210 277 172 180 116 234 4 47 283 106 25 96 113 197 103 146 0 15 110 273
29 107 146 85 211 266 142 24 72 166 274 124 276 222 227 126 56 25 293 116 200 288
55 120 159 149 78 199 294 240 27 227 224 30 214 85 160 2 182 296 247 147 87 6 44
