5 105 135 230 12 31 54 60 109 16 937 808 782 562 884 230 200 104 202 67 654 442 681 134 981 329 639 881
736 951 19 104 113 131 178 249 341 590 354 132 927 129 103 585 829 463 890 195 916 307 723 64 435 953 514 365
152 257 258 99 603 604 185 690 690 612 42 183 554 843 920 982 294 183 920 604 426 969
13 129 156 23 146 847 549 213 163 768 942 414 847 207 385 71 247 522 768 221 133 167 914 222 228 215 208 51 164 62 26 286 38 271 96 54 20 276 71 109 254 123 218
56 59 112 131 241 267 268 95 255 286 198 103 145 271 57 169 228 183 98 88 186 232 143 191 56 93 217
110 210 272 262 188 244 169 10 112 212 297 28 239 68 128 218 171 123 214 129 166
45 86 114 216 533 68 134 261 236 123 66 251 234 110 170 77 279 198 104 278 117 85 142 13 73
71 193 233 264 216 30 90 80 277 192 149 76 212 108 124 167 138 264 133 204 193 88 274 68
44 110 150 160 268 290 96 91 113 243 187 2 172 60 122 241 37 42 296 89 97 258 288 45
84 92 94 229 42 96 168 117 258 5 229 180 22 276 59 82 228 71 159 215 212 273 101 214
16 192 296 243 248 87 131 286 259 223 229 287 127 283 5 179 160 290 225 289 27 36 2
5 299 298 189 233 149 208 53 106 73 49 123 279 293 40 248 234 24 85 174 3 52
44 124 212 112 93 38 182 86 257 43 299 139 269 30 120 174 132 240 239 37 248 155
8 49 117 191 40 250 162 12 196 223 112 159 294 204 71 240 170 149 202 199 61 179 189 14
111 832 79 187 260 171 36 171 81 7 31 18 281 16 463 130 204 645 236 190 131 46 24 25 80 278 140 135 72 272 247 106 242 108 98 203 224 109 96 178 121 216 218 233 113
211 53 207 133 86 253 11 155 120 119 63 102 52 82 87 99 140 17 132 221 166
85 242 533 57 118 253 42 109 224 280 247 187 137 135 261 117 46 250 0 52 131 11 25
196 200 237 221 204 288 0 132 280 296 167 49 200 56 252 110 151 101 48 243 92 6 184
98 262 230 169 256 45 10 204 223 90 0 189 279 179 175 117 27 67 181 22 154 227
107 127 144 180 184 235 250 350 37 127 37 116 88 101 47 199 104 26 123 399 232 128 19 190 77 493 375 78
133 142 419 107 231 9 144 159 46 66 110 242 35 254 165 227 2 68 91 185 89 251 25
9 188 225 121 260 289 140 173 200 53 52 150 92 88 196 56 23 37 76 252 46 71 191
69 144 150 263 350 219 101 12 192 53 66 291 17 39 138 96 32 249 226 160 252 24 225 201 16
29 276 42 49 114 177 191 234 276 277 398 113 230 232 269 304 322 340 355 401 655 307 704 751 966 46 872 55 148 224 83 621 647 364 708 787 798 851 64 934 415 365 265 730 601 727 732 116 238 26 788 398 188 170 745 995
737 817 28 181 256 981 490 83 490 616 218 944 463 912 379 223 95 338 650 95 216 222 170 750
652 36 157 577 74 124 197 109 80 97 260 86 29 294 121 279 224 28 57 230 267 171 270 139
212 233 262 184 234 210 127 74 181 89 239 288 236 269 299 163 110 170 21 6 117 72
75 238 39 258 59 260 196 294 12 201 289 31 173 186 34 122 205 292 17 132 13 217
120 261 285 135 150 63 69 298 23 85 133 37 191 187 111 231 234 259 89 221 7 274
13 72 151 172 215 47 163 110 207 266 56 98 134 165 36 64 216 154 113 265 117 262 37 245 57
756 817 273 272 220 154 241 213 56 141 209 110 51 86 204 277 274 37 13 65 244 67 188
937 80 157 294 187 64 289 295 82 165 125 224 121 247 84 61 205 288 277 200 135 142 130 106
3 17 243 282 136 136 97 53 161 290 269 136 263 86 167 263 89 78 150 872 219 391 45 45
138 218 258 285 297 187 227 14 129 181 14 155 164 211 226 14 219 84 841 239 84 244 231 212 163 4 27 282 34 14 124 70 89 227 267 72 88 44 288 113 32 272 60 1 248 90 174
14 148 287 133 174 145 112 60 238 202 211 43 146 159 36 221 181 189 65 195 264 278
158 202 221 270 169 237 227 232 137 70 78 262 268 57 49 133 185 290 288 77 175 197
69 142 279 288 288 58 157 174 183 2 2 58 288 171 127 162 252 76 216 169 739 299 157 158 131 262 191 103 191 191 219 219 57 509 569 184 68 78 100 872 111 860 89 263
52 58 163 21 118 183 237 183 38 65 125 322 11 247 118 398 102 127 131 70 37 174 87
48 271 184 176 222 95 188 242 257 204 207 197 181 131 183 266 61 194 185 4 18 72 288 90 268 191 203 21 169 100 46 207 134 145 110 33 14 295 23 236 128 277
78 225 268 27 23 27 183 254 254 27 242 247 268 241 860 273 78 68 123 56 89 167
39 230 280 201 273 191 25 233 283 149 85 224 197 143 258 80 136 295 210 215 7 74 281
663 107 199 296 226 219 137 274 123 174 103 72 241 21 104 270 194 68 1 245 48 149
4 290 116 121 219 139 231 278 175 283 156 129 154 22 32 38 80 50 201 111 249 221
10 226 238 253 61 59 166 254 89 227 250 81 130 98 124 276 201 299 57 9 40 28 291 218
157 188 189 280 149 35 88 57 215 167 172 46 5 123 262 34 169 110 254 277 177 65 51 185
761 11 87 145 187 204 98 260 145 220 102 111 69 73 170 25 235 151 174 121 188 108 295 277 72 46
31 133 234 86 62 252 191 54 200 239 212 18 150 208 259 33 272 276 180 131 25 221 125
96 239 20 52 155 5 5 233 291 139 106 5 141 268 966 258 833 261 424 6 215 299 230 102
103 126 136 226 229 8 38 280 181 16 254 225 254 8 187 261 126 271 123 120 635 296 67 281 444 227 235 57 4 163 114 240 16 104 281 121 77 52 66 157 276 225 93 115 249
248 218 252 234 108 79 173 47 299 55 226 253 8 137 159 113 125 89 135 92 171
19 35 124 204 293 14 54 244 218 154 95 24 186 264 117 69 60 174 135 55 194 132 105 231
47 635 1 63 4 121 97 33 273 294 65 147 29 124 153 159 289 215 194 181 175 113
727 222 254 176 147 209 16 186 0 212 202 270 26 104 239 224 150 95 55 277 158 296 127
82 99 240 250 273 2 248 177 117 92 234 86 147 212 219 107 25 102 82 72 135 116 55 183 298
16 169 189 121 248 29 37 200 120 240 226 91 3 145 219 18 201 272 157 27 167 87 67
3 51 158 265 273 176 158 281 3 131 106 58 108 24 120 214 125 74 146 257 271 217 124
62 64 82 231 266 284 290 0 101 84 142 261 49 14 236 16 151 194 148 279 207 204 102 206 220 165 32
188 108 87 117 39 246 4 179 283 159 229 174 78 95 113 194 188 257 115 296 5
98 206 239 280 228 201 17 0 136 98 31 241 162 40 53 185 29 15 283 215 274 104 77
154 276 253 296 249 124 145 126 290 109 125 74 3 156 106 263 292 92 6 178 83 85
164 198 204 259 25 49 77 223 263 214 74 209 128 198 229 165 150 282 160 191 92 285 2 103
253 512 272 220 145 198 7 9 239 71 146 224 172 180 19 104 256 99 183 285 276 90
64 76 94 121 122 184 195 35 281 273 167 22 131 169 125 132 159 217 193 64 47 3 280 19 90 73
51 92 253 132 229 164 253 229 229 164 45 132 229 255 84 184 392 465 175 178 983 128
22 241 267 294 17 167 83 59 254 226 159 16 231 26 98 94 139 203 76 151 162 212 0 114
94 223 275 89 117 101 265 35 145 20 22 153 215 211 126 40 120 260 52 10 157 141 113
26 38 157 185 209 221 236 222 52 14 250 275 54 45 41 276 98 172 2 130 160 128 80 284 260 126 140
100 165 75 128 111 92 227 46 31 191 194 134 240 296 106 176 256 276 238 93 186 45
663 51 94 162 224 137 142 135 271 153 179 138 264 83 213 166 144 188 61 203 118 54 79 100 65
53 60 109 192 180 35 89 122 120 41 241 290 7 227 178 175 61 91 197 63 173 99 13 260
24 34 136 155 175 256 259 262 6 32 193 129 202 134 263 260 138 182 238 299 10 208 85 42 283 79 99 245
50 92 93 128 36 103 195 243 29 248 82 52 171 269 135 163 20 8 151 286 224 15 97 75
45 105 147 153 116 149 97 20 48 181 49 227 189 31 140 162 221 84 220 117 232 171
160 84 132 154 21 122 117 195 52 201 153 290 80 75 184 138 95 223 174 254 236
107 175 203 265 63 200 41 269 210 283 103 31 245 84 78 72 6 25 186 287 273 149 27 241
31 131 135 169 240 105 47 39 178 186 234 228 229 223 261 204 166 53 123 268 177 111 253 113 40
78 122 245 271 286 133 111 119 211 90 12 291 43 116 18 110 276 257 144 215 46 173 54 95 101
298 132 270 228 243 185 211 268 175 200 101 231 245 1 181 267 187 38 98 89 29
43 257 274 296 212 81 3 280 125 251 107 140 173 117 231 145 224 88 218 287 110 154 101
93 177 7 256 124 66 11 156 207 225 265 136 103 33 148 295 229 110 49 180 195 299
162 205 137 135 11 159 196 112 182 141 55 158 168 185 190 222 66 278 252 98 20 260
150 203 109 53 262 229 15 155 292 22 20 43 119 118 26 96 13 14 203 197 150 31
128 195 215 262 299 154 73 169 69 47 271 104 292 106 216 83 182 109 195 108 150 164 57
69 84 109 163 171 114 51 140 209 266 71 186 271 169 156 292 113 282 82 119 291 59 70 229
96 133 134 225 237 248 239 202 229 71 81 214 270 117 129 64 11 206 255 96 159 22 155 47 189
79 106 186 291 244 277 139 197 58 177 71 110 146 198 118 131 186 184 34 135 91 103 220 187
42 69 146 148 175 279 110 110 148 94 30 148 94 966 833 215 650 258 219 299 295 230 24 207 271 149 174 99 98 195 243 92 173 107 169 159 257 191 269 265 193 150 73 276 153 266
173 206 199 249 264 211 273 22 94 6 83 197 224 169 297 121 129 191 127 205 76 124
25 56 232 183 245 239 19 39 7 80 165 45 8 227 275 161 11 141 71 194 34 77 246
39 99 102 109 142 203 291 292 17 199 136 244 240 29 75 106 52 141 221 47 209 212 3 144 297 298 263 252
222 230 262 159 143 135 14 265 2 16 267 179 24 208 291 112 172 27 36 171 255
13 18 186 282 229 75 48 7 168 85 99 44 265 270 68 153 94 45 216 38 135 277 37 173
60 147 90 239 68 155 213 118 114 202 116 232 58 121 71 80 251 15 246 275 66 192 52 128 143 42 193 255 294 257 17 244 97 225 8 12 101 190 180 228 194 125
47 88 124 143 222 139 43 183 193 164 81 10 76 66 168 170 279 111 145 131 157 268 16 0
109 226 242 180 232 254 183 3 266 114 112 110 266 266 3 169 24 75 193 271 110 252 198 276 212 158
80 122 114 188 266 266 3 114 152 76 152 24 110 58 299 271 191 17 139 739 169 252 134 183 295 10 20 19 22 161 173 80 138 110 109 139 227 82 190 81 58 124
26 101 159 230 256 14 221 114 125 202 267 61 249 265 155 297 276 219 173 108 77 86 129 225 23
255 166 149 267 16 50 144 239 154 255 291 153 5 298 197 9 292 160 102 257 98
174 278 256 284 116 41 135 72 119 127 115 244 208 175 190 64 275 298 9 252 68 218
663 125 215 224 19 17 180 279 10 28 236 32 213 173 65 128 6 175 286 206 276 227 211
117 152 175 188 237 335 23 198 87 46 172 241 14 223 182 230 183 84 286 22 77 43 116 273 277 107
761 243 252 80 255 200 206 199 235 7 88 145 96 28 95 262 180 259 190 128 155 130 149
50 232 277 48 205 173 96 142 105 269 299 164 35 224 75 201 103 149 204 26 34 113 91
16 109 121 160 205 67 9 167 225 129 6 50 258 117 47 97 188 34 139 284 298 83 111 263 123
663 33 48 234 294 248 111 10 179 37 166 224 212 71 186 88 165 210 200 148 222 59 79 163 143
70 279 18 189 166 100 134 66 68 69 278 206 44 113 269 222 109 76 132 215 40 203
181 182 198 242 269 221 141 146 190 170 36 93 246 11 49 68 120 72 196 104 155 148 162 70 229
39 100 90 223 69 153 107 16 134 285 60 133 189 12 251 161 74 112 30 117 234 156
15 130 189 87 17 101 273 128 73 228 94 184 285 43 154 9 147 296 52 138 146 212 120
76 136 215 120 28 175 120 749 112 749 370 12 165 749 161 55 58 771 156 391 181 48 196
7 28 220 236 252 277 78 21 238 259 132 223 122 191 265 54 66 224 20 245 149 184 64 219 35 211
46 78 285 289 24 579 10 579 62 189 24 104 209 579 24 196 202 42 250 320 370 127 190 113
122 251 285 109 19 279 232 19 32 17 193 58 541 110 75 158 191 212 198 139 216 17 739 277 213 5 135 295 225 236 193 297 50 52 171 244 74 93 272 185 99 249 68
6 73 155 187 243 112 280 112 66 175 211 76 85 27 214 12 156 48 196 71 391 161 749 58 209
43 144 216 60 49 68 211 268 92 24 55 240 172 197 183 157 202 280 124 98 200 203 213
103 152 162 178 276 277 206 292 189 265 196 96 152 233 68 96 140 320 42 202 127 117 77 56 370 120 207 113
146 215 176 228 96 242 68 279 402 176 217 279 29 250 207 202 522 120 77 161 190 320 27 227 91 22 111 254 89 259 216 10 60 298 13 162 262 47 76 275 108 242
35 761 28 227 230 104 225 41 104 734 104 734 225 90 630 966 258 833 271 215 591 650 230 261 99 105 68 88 78 206 4 65 37 117 24 120 30 106 179 19 57 231 40 137
167 175 235 171 33 11 107 230 235 284 28 256 51 262 186 146 178 90 16 221 183 261 200
256 177 276 172 234 290 7 252 106 60 52 151 70 190 281 82 132 173 98 283 75
117 127 161 194 218 512 187 244 222 25 58 166 284 22 246 122 194 204 6 67 153 36 185 30 299 162
86 169 227 4 254 283 238 79 165 31 14 139 140 201 77 90 21 255 236 35 179 163 219
91 125 192 219 297 76 142 267 15 200 240 244 165 210 249 286 19 277 169 21 231 278 35 91 101
0 133 239 9 145 116 83 58 10 27 121 46 240 35 117 275 66 65 242 59 191 280
113 296 60 94 175 260 58 37 88 108 37 140 199 270 230 650 271 966 6 215 219 299 258 207 94 196 243 2 77 160 287 156 259 61 129 157 31 4 45 163 268 11 288 8 158 12
761 19 27 54 270 335 250 186 269 191 3 13 164 237 56 171 26 8 223 199 17 224 229 4 22 245
71 50 36 263 23 59 154 284 261 216 235 18 88 250 14 81 33 197 98 271 157
23 151 178 286 263 249 25 57 131 93 184 186 5 225 85 198 143 101 94 185 72 288 250 273
33 154 227 144 212 113 124 113 180 156 871 180 214 124 156 274 281 261 181 30 544 16 120 296 635 236 42 269 156 250 23 178 19 146 246 14 50 265 222 290 147 106 173 228 247
31 54 132 137 174 233 168 276 74 196 88 4 47 222 58 60 253 195 40 139 243 69 101 187 37 235
35 137 233 134 237 113 258 48 131 128 229 136 99 116 267 211 209 67 199 121 10 153 196 212 141 37 207 224 287 137 149 63 61 209 95 173 66 297 247 120 74 80 225
217 90 301 25 225 301 97 301 25 188 301 405 997 246 25 511 24 841 182 239 163
90 113 295 201 273 298 202 268 290 96 160 151 234 217 62 52 126 85 288 162 218 82
9 93 598 268 81 204 15 108 33 161 273 232 215 225 188 58 155 87 102 44 218 7 235
159 161 184 211 15 59 191 18 104 223 67 18 67 240 18 223 18 18 44 957 199 343 222 188 168 108 79 273 277 15 7 0 292 41 121 14 29 43 298 214 88 104 122 251 253 23 262
6 130 274 153 67 1 275 205 62 134 105 198 214 245 146 56 254 298 185 265 27
176 219 254 298 64 293 128 125 234 81 82 220 28 121 274 230 286 104 196 9 146 41 43 209
73 183 204 153 39 264 4 153 39 137 370 55 196 5 209 964 71 174 48 771 156 374
71 132 146 245 46 298 299 29 13 230 181 5 131 242 25 43 110 95 177 195 228 102 17
17 56 67 98 292 212 253 130 266 21 153 60 56 116 251 101 83 71 268 89 65 148 284 122 285
6 90 154 52 165 205 175 62 279 159 271 277 196 187 172 236 109 268 293 20 255 66 272
92 250 269 244 23 23 10 34 34 244 23 269 105 192 210 158 294 15 170 23 233 146
28 133 142 150 239 260 293 162 116 200 101 53 258 129 274 96 40 232 111 238 151 264 46 290 39 169 87
34 230 76 89 87 3 10 110 231 163 284 15 135 154 146 118 126 216 67 173 263 68
27 61 83 190 282 137 290 296 34 270 85 55 77 40 271 287 30 220 37 65 114 96 199 198 211
663 66 212 663 61 87 213 222 134 295 295 2 57 29 97 104 295 104 83 141 75 299 110 271 169 252 216 58 58 45 226 66 189 18 6 262 28 56 267 72 130 123 116 83 20 279 159 153
192 271 34 165 209 251 180 30 120 46 15 294 252 168 100 160 236 176 283 106 88
274 264 204 254 188 144 145 158 205 160 273 291 247 255 174 27 187 289 197 196 58
115 194 236 255 257 539 81 277 87 19 86 212 249 298 63 250 256 99 10 272 223 136 261 266 121 52
6 65 69 196 283 32 179 164 31 24 169 271 249 23 180 133 185 25 224 103 182 19 73 160 28
75 173 268 284 153 136 70 67 210 263 4 184 244 146 142 82 5 279 233 127 188 261
49 91 112 118 278 22 79 40 134 227 281 187 113 108 241 269 20 197 27 299 116 223 246 118 210
26 225 285 134 277 277 277 138 42 134 208 0 75 276 139 24 157 193 169 58 541 198 252 112 187 295 160 34 173 35 128 262 122 270 100 283 293 247 103 151 0 176 294
107 252 253 53 152 83 13 240 95 149 80 119 244 139 52 247 202 47 42 212 161 248 236
957 100 163 263 289 159 197 8 129 256 174 290 263 225 34 265 52 205 221 74 151 53 140 173
43 111 137 145 150 209 271 274 298 94 289 256 43 227 296 208 191 262 297 213 25 125 145 185 123 293 36 231 11
131 175 240 8 77 79 181 208 174 134 170 208 222 138 208 139 58 158 216 299 24 157 271 541 252 739 259 41 87 14 246 281 266 210 180 146 191 111 34 163 49 273 105 194 261 218
184 219 216 151 58 117 32 127 15 236 242 13 295 204 68 33 7 122 53 181 56 160
101 23 180 207 164 246 53 190 32 17 46 118 171 73 97 277 139 101 89 65 248
33 49 177 35 109 164 252 212 211 226 146 124 196 92 219 200 202 54 145 10 250 9 123
738 25 139 140 201 261 269 106 82 117 293 228 22 21 80 59 203 243 195 154 187 88 294 87 136 66 72
62 68 142 227 23 204 375 173 375 173 835 165 375 102 322 131 223 57 247 398 11 206 189 588
97 121 170 173 179 265 187 512 142 224 28 180 243 123 224 243 123 138 28 224 198 24 17 157 299 212 139 252 95 284 158 271 214 19 172 134 200 89 122 208 212 268 43 224 44 245 199 62
761 150 275 143 11 76 117 120 172 284 74 79 234 73 47 283 44 255 197 253 156 35 175
22 176 129 270 143 124 123 88 149 183 109 46 111 34 48 277 52 271 141 234 108 114
56 135 261 146 215 194 113 215 194 94 123 128 84 465 82 178 173 2 255 392 288 184
14 55 132 146 245 28 143 123 273 11 158 138 135 115 93 285 164 69 167 42 187 106 133 127 295
5 128 274 293 236 36 179 136 4 130 263 204 235 149 47 162 297 262 12 97 146
81 163 273 207 293 218 77 209 293 199 167 200 89 78 82 100 241 800 273 61 230 111 68
4 99 136 183 247 293 118 70 268 288 238 202 98 226 39 279 239 233 216 77 42 112 271 168 166 90
59 204 291 297 43 110 164 194 243 257 167 15 138 165 123 200 255 15 276 541 139 198 212 17 58 193 110 299 75 271
221 242 246 263 923 44 44 896 65 86 896 525 82 724 837 29 110 342 582 130 218 165 103 168 183 75 234 234 64 234 270 326 158 81 24 236 179 155 280 218 188 205 965 170
50 135 139 244 98 188 144 232 250 248 86 56 213 209 12 257 280 283 33 159 55 299 275 197
66 219 224 225 133 42 0 141 241 183 299 261 104 89 88 264 60 283 79 188 291 78 129
30 148 228 258 25 86 169 357 224 181 357 224 199 960 357 181 258 273 295 219 424 24 833 650 261 207 196 204 101 144 158 216 114 198 258 129 93 295 207 284 18 263 230 279 43 75 107
52 193 148 222 292 98 166 157 274 166 148 197 166 263 38 162 551 147 202 215 427 65
53 63 172 161 198 69 125 278 3 222 88 256 113 127 73 2 42 31 93 171 239 221 99
646 91 159 194 233 247 11 64 200 296 174 210 120 260 245 159 113 202 106 171 256 146 172 261
3 60 75 155 234 278 242 211 149 29 93 13 53 38 9 2 61 125 288 295 18 254 239 153
76 91 249 427 189 34 263 207 130 261 125 151 46 296 183 233 268 47 0 192 3 81 271 194
992 4 20 72 75 147 176 427 116 227 242 169 85 247 289 280 137 203 148 103 253 27 115 246 16 87 221 215
126 248 298 32 70 138 189 293 287 123 739 293 289 139 133 287 290 739 252 216 139 541 276 58 75 169 158 288 18 214 128 160 275 120 125 54 184 38 64 3 156 82 181 94 182 198 174
235 271 107 816 385 284 791 443 357 7 598 235 162 22 789 259 408 197 472 583 345 129 94
49 169 175 25 284 284 598 81 167 945 157 983 157 167 189 94 3 129 235 263 472 154 58 131 115 8 206 39 184 71 298 111 270 128 148 78 121 40 149 100 293 85 63
35 248 48 164 230 192 286 76 19 203 36 72 144 222 266 243 90 145 9 242 89 204
750 236 65 225 105 204 277 207 39 214 200 291 113 245 99 81 131 5 9 280 18 275
5 26 201 176 61 99 77 61 28 388 297 108 82 470 111 241 89 509 263 872 230 123 78
81 83 135 276 134 115 277 21 32 223 163 126 141 55 273 160 0 293 35 69 176 208 170
128 141 150 201 231 5 84 146 152 223 265 278 327 148 406 95 710 744 297 710 258 261 196 295 6 219 24 230 273 966 833 424 141 41 114 152 261 178 148 227 44 87 291 166 187 205 206 265 144 280 78 107
105 228 264 970 13 150 220 243 263 316 375 148 148 406 744 18 73 517 18 517 196 966 833 295 369 215 94 650 230 271 379 235 282 284 262 18 115 161 69 68 59 52 191 1 292 73 103 222 165 179 182
927 951 25 250 362 761 116 225 113 364 105 41 103 978 16 41 31 10 162 43 213 449 45 740 928 197 825 191 1 121 201 229 260 133 243 20 224 166 96 85 289 259 278 38 70 184 100 234
663 17 140 22 221 113 61 272 195 291 63 246 205 60 269 247 54 100 167 156 76 554 159 159 97 554 97 123 159 931 439 235 99 1 190 812 227 908 7 376 958
13 180 598 803 598 502 103 405 405 472 598 58 263 884 59 123 99 308 130 764 207 57 591 611 297 591 263 671 438 591 57 611 139 139 147 173 27 215 671 126 632 207
128 265 276 411 646 164 168 274 11 257 19 33 146 130 214 96 49 256 81 142 39 173 151 286 196 152 14 22
88 186 226 403 156 108 732 440 286 440 174 492 492 378 174 909 91 236 133 489 445 732 852
64 65 95 539 217 51 166 10 233 26 132 188 187 201 33 264 1 18 42 9 137 164 289 61
690 143 226 195 25 258 260 138 75 7 10 114 54 80 72 12 282 244 125 289 143 123 231
690 36 77 221 225 234 198 173 52 67 21 238 14 246 33 12 230 147 111 42 144 26 195 167 16
100 167 6 240 230 205 87 78 298 31 267 202 67 116 99 169 10 273 89 209 73 284
5 58 60 193 198 437 91 20 117 233 8 260 264 73 137 53 249 11 103 248 125 28 196 22 121 31
52 60 430 196 281 1 90 223 289 253 293 261 124 244 275 122 121 209 238 106 74 198 290
891 76 91 115 263 430 508 276 285 218 116 185 23 69 242 68 240 271 279 130 196 129 230 269 60 98 197
72 234 266 450 141 8 13 220 98 82 87 266 71 247 159 93 136 38 50 187 276 132 67 213
55 214 259 145 98 162 22 33 37 240 97 127 18 132 204 32 73 72 56 91 294 110
150 207 248 99 158 84 136 239 271 268 125 202 17 63 5 210 109 97 261 23 191 171 276
75 192 236 68 16 265 40 112 96 177 102 72 284 21 138 283 247 24 23 156 159 173 75
101 183 218 289 34 234 259 116 40 64 250 215 258 209 141 17 28 257 236 18 21 221
223 254 122 112 207 239 232 78 104 108 231 283 116 217 255 259 129 39 260 26 142 159
266 297 189 265 105 99 290 232 191 151 198 95 112 109 2 38 93 10 136 148 89 282
97 151 123 299 282 270 47 172 81 239 268 13 175 265 4 92 157 204 136 117 71 214
0 227 266 15 196 205 227 188 0 179 255 35 27 19 235 77 67 201 33 71 75 258 279
10 34 127 135 251 108 59 36 256 76 287 64 88 123 295 134 84 91 261 171 139 211 199 26
16 221 202 258 166 27 194 205 260 144 272 179 113 31 38 2 227 133 271 139 216
21 83 198 450 89 46 116 147 188 244 63 84 264 137 108 132 93 95 251 175 170 268 92 37 266 146 110 141 284 106 202 278 145 42 2 209 241 37 121 230 31 161 286 233
799 84 101 119 296 112 254 250 46 125 94 129 12 117 247 199 203 58 23 36 38 173 159 158
78 130 154 295 87 71 3 252 239 48 68 133 5 46 161 136 238 221 79 137 162 156 254
38 72 106 117 226 102 155 57 200 50 174 276 65 142 238 2 289 158 198 92 51 218 40 215
195 201 274 296 147 291 155 177 36 135 77 158 198 66 124 247 181 260 217 183 78 193 142
27 49 52 234 238 205 238 286 48 73 231 222 218 71 237 82 23 52 39 216 203 295 91 93 49
4 238 196 15 179 179 230 15 287 196 55 118 270 287 134 189 66 154 34 225 635 540
48 147 280 133 219 115 215 2 116 47 155 217 235 285 15 120 113 102 229 258 7 59 250
34 81 146 218 450 123 192 65 290 102 67 226 124 19 68 255 209 175 232 73 193 201 83 78 134
115 169 176 201 214 252 189 253 29 68 288 36 17 120 5 184 175 212 85 242 113 163 157 198 180 195
138 284 253 249 248 88 74 128 228 204 108 158 189 266 193 80 244 6 183 40 294 48
90 125 245 430 16 221 202 151 195 143 60 71 249 50 176 34 212 261 251 179 9 110 155 275
160 128 34 297 279 230 243 245 283 257 74 70 131 244 33 281 58 22 207 269 152
45 83 155 1 87 89 31 252 209 145 78 21 92 272 15 134 185 284 103 138 117 55
799 2 30 113 269 411 139 2 209 158 165 120 198 257 143 227 177 24 18 77 72 295 288 82 290 299
37 66 112 130 285 275 197 122 288 148 64 283 263 208 143 273 207 264 191 149 211 115 17 124 50 259 253 45 51 0 87 27 218 207 174 258 118 180 199 228 292 246 34 59 43
172 263 288 208 42 103 50 114 136 150 276 186 22 44 224 283 131 290 261 109 7 191 95
37 40 90 100 104 149 171 182 294 104 95 77 53 180 106 212 286 234 9 209 43 253 258 129 94 86
33 69 70 222 78 76 229 136 26 166 67 248 117 91 250 185 50 144 13 296 208 184 37 116
770 285 430 79 25 259 88 288 274 275 257 6 250 239 136 154 202 197 7 127 190 9 230
70 213 98 282 220 222 272 85 288 49 249 176 124 147 41 297 152 99 104 107 97 185
37 40 153 179 184 82 171 251 86 7 73 125 269 289 130 13 296 22 35 199 49 281 123 163
106 145 98 161 291 28 79 134 49 27 86 290 90 185 40 250 139 43 54 117 271 227
0 86 271 278 183 44 160 275 128 289 297 124 177 193 46 65 159 97 229 135 181 36 186
17 167 296 71 83 116 126 241 411 286 176 223 167 190 163 888 173 225 20 127 227 228 59 943 430 585 6 964 196 121 45 80 180 133 26 154 151 92 44 52 229 270 106 167 95 135 25 174 226
10 190 508 82 52 133 3 15 291 243 26 39 149 165 98 268 220 288 53 48 179 57 103
24 27 121 70 168 77 244 27 203 104 73 259 139 214 96 146 215 13 164 120 225 63
10 46 207 269 290 133 150 126 130 255 151 267 74 72 237 260 75 298 194 41 71 23 38 154 219
123 154 411 46 30 73 261 102 202 137 143 157 295 213 172 79 24 253 92 220 4 84 254
799 75 6 92 117 227 163 186 22 45 199 216 224 188 242 8 7 185 283 21 17
9 96 145 205 267 411 163 164 153 12 256 172 135 113 115 239 29 1 20 268 212 162 71 27 120 214
193 194 246 249 285 28 181 49 281 212 95 195 87 39 22 46 43 177 255 178 3 81 229 83 278
17 120 169 241 274 156 237 224 270 11 242 121 271 136 228 238 22 297 161 117 248 177 291
3 191 248 57 152 225 121 107 72 294 69 177 39 75 88 151 64 185 187 74 113 148 4
20 74 135 262 125 68 263 116 271 182 18 204 200 98 214 196 226 19 30 102 243 48 154 185
74 275 568 106 205 238 27 268 158 276 133 273 12 275 79 251 70 221 139 96 5 43 88
58 124 131 197 232 295 287 49 156 242 72 269 98 296 112 110 221 3 62 228 165 252 70 171 33 161
45 59 148 204 216 251 508 13 168 47 215 276 264 171 298 245 70 65 157 78 132 85 266 234 29 236 186
31 94 204 250 13 255 293 273 11 201 181 156 171 157 94 294 20 177 237 164 27 242
49 55 83 123 239 251 116 278 160 203 177 237 215 146 31 61 37 127 269 17 4 88 147 211 49 248
53 54 61 149 202 157 164 183 290 238 64 150 60 192 217 56 269 242 130 22 246 291 55 208 170
19 128 177 2 249 28 279 45 299 83 209 111 103 224 195 31 71 206 168 132 130 207 258
133 218 220 182 5 234 272 35 291 108 259 26 82 197 80 122 2 248 252 156 98 84
16 90 225 266 612 113 48 166 14 80 119 53 33 259 269 200 205 178 218 271 202 273 82 128 104
126 233 164 90 277 235 21 173 217 246 147 157 203 242 195 166 145 15 297 252 218
22 29 42 143 151 266 188 122 281 4 163 116 277 128 192 296 141 74 53 154 137 191 250 159 85
86 94 221 146 191 190 107 129 150 104 176 235 211 15 154 281 133 76 293 207 18 55 202
11 177 52 128 34 213 90 164 288 200 85 94 197 101 184 239 237 145 168 77 75 233
799 19 450 585 74 114 19 47 24 75 166 293 10 40 64 219 224 271 102 217 260 122 35 38
770 124 269 585 168 136 42 187 236 35 183 67 158 121 141 37 63 48 197 6 111 45 289 7
13 57 90 152 91 203 290 261 4 285 78 272 209 134 192 234 204 25 214 64 102 63
108 165 288 140 78 201 252 252 201 78 635 901 105 154 361 120 770 56 209 225 265 559 272
51 104 134 185 259 196 245 72 288 171 261 164 157 287 252 49 80 13 263 188 84 227 273 250 56
140 162 258 23 31 218 134 104 28 195 3 68 275 265 122 174 43 2 6 213 200 1 45
94 113 241 411 568 52 152 167 99 61 189 245 177 9 151 241 276 132 149 92 97 7 110 83 256
114 209 262 270 272 251 87 108 242 245 105 275 133 144 9 219 280 164 232 266 28 32 57
60 74 123 186 563 294 150 194 212 207 98 278 64 120 25 170 221 13 203 191 241 163 14 22 9
177 195 196 283 100 120 118 90 133 273 234 2 124 180 244 216 164 206 4 88 227
16 145 17 13 70 137 32 1 20 73 296 36 249 285 145 268 202 93 48 64 143 78
68 199 568 277 196 25 55 260 194 88 163 61 30 20 268 93 210 102 109 80 37 256 1
92 145 152 166 411 134 189 200 53 195 79 155 59 295 87 228 125 31 10 128 239 23 224 58 38
799 155 161 274 450 38 299 120 155 204 148 208 149 102 10 159 282 146 40 99 18 242 77 178 135
47 61 120 147 174 377 126 28 37 127 131 1 82 135 202 236 94 117 69 160 23 10 26 279 77 99
278 221 227 202 269 277 104 203 278 125 18 153 49 118 173 233 204 15 132 245 299
34 38 137 176 243 148 111 32 294 220 82 113 241 234 129 230 194 170 214 102 229 270 273 90 261
87 185 283 277 239 112 12 53 115 214 66 218 194 108 83 88 290 271 133 114 291 247 97
98 113 185 219 265 293 147 295 252 204 23 75 223 52 181 255 109 149 8 266 292 229 4 50 251
124 48 99 201 55 105 210 50 38 267 39 165 226 30 191 19 54 253 68 138 209
47 79 99 104 208 508 234 24 251 115 162 220 298 197 154 158 229 289 274 108 84 291 18 123 250 290
43 51 54 82 115 206 250 267 168 271 26 166 11 44 15 259 261 103 125 273 199 260 276
690 273 291 99 154 140 270 210 129 69 293 242 240 279 280 104 57 259 214 244 275 116 166
94 109 179 275 236 117 229 124 44 55 297 213 92 4 122 146 274 287 104 121 9 11 39
110 142 450 102 250 277 109 247 94 179 110 93 26 190 133 103 147 10 261 212 158 286 182
690 82 235 237 38 111 52 101 230 228 160 283 282 75 3 251 25 109 114 175 264 17 199 164
34 129 168 170 125 78 61 277 43 14 142 91 25 241 217 141 227 13 47 194 40 168 246 212
6 113 126 235 282 6 63 175 83 148 110 285 159 232 16 131 57 177 155 60 26 267 119 117 113
5 148 117 220 79 205 260 46 295 181 293 38 93 123 271 202 126 43 45 107 146 29
50 61 86 113 114 2 286 40 100 178 23 258 297 225 252 181 237 125 137 99 114 140 117 239 0
137 198 210 266 82 259 15 162 25 95 57 299 114 12 165 290 156 191 72 126 293
34 135 234 275 568 99 250 107 59 84 108 164 193 262 284 237 242 191 87 89 149 150 55 162 267
110 163 247 450 195 162 50 88 46 270 123 200 61 2 221 260 205 207 241 250 274 257 139 38
799 183 249 165 120 11 201 79 68 202 258 231 83 259 7 38 287 197 180 279 262 1 194
411 267 152 144 214 181 93 249 250 61 194 269 137 79 88 112 217 121 225 251 255
142 411 568 40 298 87 249 146 108 226 247 159 182 47 239 246 267 18 189 292 156 176 212
249 184 283 258 126 119 94 150 0 187 246 25 127 106 37 191 202 284 74 158 153
182 298 259 79 123 240 105 130 248 192 103 229 94 33 66 268 137 249 208 172 8 102
28 213 3 95 91 36 170 166 19 211 62 163 45 188 156 140 204 129 48 139 121 223
42 79 276 174 234 29 136 36 258 298 30 135 179 108 50 60 242 165 88 235 98 139 294
167 202 219 95 194 1 204 269 112 153 89 258 51 151 179 252 98 122 35 91 161 227 198
26 121 220 225 553 16 126 255 224 7 154 95 228 173 54 220 287 38 188 282 181 128 75 264 225
203 215 411 177 187 192 184 272 25 199 185 258 216 227 168 156 178 226 118 18 233 277 255
948 102 160 188 112 5 287 251 109 21 105 113 32 110 118 150 189 117 71 179 98 135 157 132
14 78 161 230 241 273 139 193 82 50 248 52 225 204 10 36 59 96 103 81 75 33 241 62 148 222
895 66 93 172 44 126 224 144 74 14 86 148 196 77 290 99 96 295 217 154 110 277 240 49
109 32 116 50 260 251 272 135 101 155 30 280 256 193 279 250 252 159 269 231 183
87 22 170 171 14 3 234 17 263 236 89 258 66 86 152 139 278 201 130 151 177
53 112 259 30 251 232 251 266 508 174 508 243 225 635 901 105 154 940 120 770 56 209 225
94 169 450 568 585 122 149 165 144 168 43 198 220 83 82 56 6 58 186 236 38 24 123 130 91
112 127 24 19 248 85 198 183 219 45 12 101 53 218 178 214 231 223 138 234 241 253 169 130 284 299 266 170 230 74 185 22 194 99 258 54 216 122 174 148 180 201
21 124 183 200 259 150 122 277 129 138 123 147 240 238 72 82 7 260 73 181 48 91 23 65
175 189 251 271 208 203 119 292 267 299 83 285 293 113 73 99 273 118 155 100 34 204 270 58 164 105 8 199 14 151 132 117 172 143 276 100 278 227 82 2 272 53 157 111
32 82 167 275 292 140 145 115 174 115 205 278 298 115 278 8 247 114 328 568 874 18 251 982 262 153 106 159 95 156 128 209 97 42 287 179 116 44 202 102 129 238 250 277 226
690 23 149 242 508 260 87 50 5 281 283 128 228 246 69 282 261 138 0 277 229 293 174 48 202
155 180 191 226 251 585 151 151 96 2 96 166 253 225 39 4 168 283 406 241 311 43 278 138 135 179
197 83 165 59 91 6 124 223 106 222 99 192 3 267 197 111 70 136 26 175 156
205 585 264 178 175 24 193 134 167 219 235 3 107 220 45 187 276 144 213 117 268 227
103 298 299 508 269 181 243 66 281 297 226 109 30 217 16 119 10 94 79 89 93 257 164 198
30 151 126 292 46 15 51 88 171 87 24 48 53 131 190 242 152 38 111 57 135 84
248 254 273 224 585 231 231 231 231 230 8 172 226 241 279 222 229 14 87 59 221 766 189 19 165 28 151 198 280 103 43 178 156 263 15 131 121 296 142 27 275 268 91 200 14
85 88 120 286 568 69 114 109 109 277 284 109 52 277 86 102 293 228 6 282 292 933 113 88 196
185 508 73 253 585 119 8 119 614 209 241 211 283 222 229 14 87 59 221 766 189 19 165 214 126 120 23 193 238 21 164 255 19 163 18 273 98 256 45 210 224 219 62 228 116
799 24 112 192 199 278 411 292 61 163 59 159 173 177 210 102 290 94 24 172 20 114 150 181 136 198 235
14 28 187 114 63 157 26 205 184 236 41 267 21 128 70 244 34 167 197 194 201 119
53 144 112 166 283 17 283 228 241 183 283 222 229 14 87 59 221 766 189 19 165 214 126 257 290 225 114 267 234 64 185 145 88 159 29 103 262 42 4 215 208 72 213 71
15 260 141 170 121 299 19 62 216 61 246 240 48 181 176 262 164 272 171 154 285
49 54 243 585 0 54 219 33 130 55 181 177 272 278 124 123 96 138 207 245 112 145 26 274
36 103 290 20 250 264 256 199 194 137 207 28 49 42 35 27 244 11 238 280 242
42 266 296 411 201 197 133 933 155 60 201 155 60 51 201 635 901 105 154 940 120 770 56 209
163 224 15 283 75 12 7 13 240 86 108 125 24 257 225 286 298 260 96 191 289 46
25 43 68 171 33 79 268 190 288 15 41 293 174 68 70 261 184 13 111 269 275 88 182
25 64 242 585 230 69 153 29 280 168 237 22 130 227 31 155 95 242 34 39 85 209 245 68
17 145 218 244 271 70 112 278 62 199 118 240 132 288 14 270 206 268 285 55 150 217 254 146
140 156 171 508 110 297 59 158 233 296 44 121 179 193 224 178 27 263 214 215 133 225 119 3
99 411 267 47 50 218 77 221 209 114 19 136 53 170 38 288 159 131 118 241 194 116
208 296 322 508 115 297 61 134 108 87 95 208 19 155 152 243 6 102 250 24 97 286 255 7
30 52 199 101 113 224 83 79 0 227 154 54 122 98 169 24 112 239 278 6 15 80 120
60 89 99 104 155 281 180 127 277 265 247 101 93 11 184 200 22 156 141 21 149 49 271 213 248 228
47 159 215 83 97 284 51 31 197 41 101 202 24 168 251 100 82 180 209 285 120 267 293
61 236 281 233 144 48 54 48 185 140 270 54 270 270 54 129 86 476 88 180 942 212 585
67 188 127 121 89 203 71 149 115 68 242 234 272 241 97 240 209 289 285 109 92 66
4 7 57 186 193 195 60 71 39 54 207 166 132 120 223 127 21 119 73 263 93 240 284 202 270 1
50 113 568 93 106 142 106 299 71 106 291 152 128 59 143 255 182 52 285 267 80 150 132
63 98 151 166 189 197 248 228 4 11 298 1 124 97 89 186 285 196 91 244 109 208 94 165 270 25
99 154 237 252 280 242 258 177 156 285 211 115 43 270 280 93 78 1 299 42 276 256 154 47 99
265 631 91 67 125 196 264 197 15 63 262 57 65 239 54 83 241 100 80 11 285 188
10 57 61 189 290 167 238 284 146 155 286 215 200 257 12 103 195 225 14 47 65 186 178 152 214
59 105 162 508 178 165 217 288 246 104 70 56 124 65 274 83 240 0 156 247 202 61 278 17
50 282 286 87 233 231 101 180 233 87 67 768 204 236 177 25 776 268 211 173 65 96 507
140 195 161 209 236 253 254 278 568 154 4 154 41 108 4 172 252 62 761 298 76 940 111 42 200 47 612 7 217 51 21 120 100 262 24 180 232 38 169 271 199 93 188 172 23 2 192 200 130
9 131 1 214 87 234 91 251 261 128 272 41 156 110 122 123 94 78 180 111 74 288
690 286 33 101 105 124 147 167 203 327 172 154 962 81 154 962 172 62 761 298 76 940 111 42 200 47 612 7 217 172 139 143 70 254 85 186 40 91 230 120 110 190 67 280 118 111 68 20 296
70 88 106 123 226 266 281 208 233 279 65 14 147 199 279 65 200 14 197 249 171 1 101 509 27 97 67 285 239 252 7 138 80 159 266 11 111 36 234 247 293 59 273 53 121 268 232 271 195
233 260 690 84 57 34 247 116 116 154 239 168 99 168 286 177 961 267 612 213 170 50 151 0 13 70 238 269 60 247 67 189 132 211 248 39 190 177 109 165 221 95 27 41
11 254 901 901 288 100 901 118 56 165 226 177 129 6 109 124 585 4 163 175 1 10
79 4 53 106 106 81 32 38 231 152 128 59 143 255 182 52 285 267 80 150 132
31 102 237 200 173 75 245 180 230 35 223 189 31 133 62 43 101 140 216 207 256 197 53
54 65 82 117 263 568 30 153 285 200 156 17 32 46 212 260 295 88 65 231 267 228 151 162 203 66
98 222 11 145 286 223 143 141 135 169 9 198 44 203 254 231 51 37 95 73 21 277
25 212 224 260 272 299 283 252 68 88 199 136 245 298 263 205 280 159 70 2 228 27 278 34 182 118
6 223 279 234 135 58 3 92 78 40 32 162 105 289 233 172 255 89 2 281 112 186
757 32 77 132 206 264 164 262 250 35 235 217 167 187 56 10 272 107 86 64 280 123 268 26 22
114 901 246 237 288 118 901 901 84 237 237 118 134 177 129 6 109 124 585 4 163
14 124 225 227 411 237 237 118 84 115 288 237 84 84 177 129 6 109 124 585 4 163 175 1 10 281 229 181 293 217 14 268 49 30 219 199 46 235 208 214 60 23 270 158 273
150 154 450 476 267 153 296 241 183 192 18 214 140 3 125 122 176 25 193 96 292 148 281 212
799 78 192 226 257 64 59 182 271 160 24 88 113 116 96 137 3 215 243 8 180 275 259 5
7 69 89 194 233 163 158 46 47 297 8 67 276 184 223 142 240 288 78 84 10 217 290 140 214
81 101 173 274 42 100 297 266 244 84 153 246 282 60 238 82 160 34 267 16 256 234 163 149
835 248 263 508 100 292 214 159 283 245 273 68 106 199 237 243 61 267 9 204 171 230 117 56
925 13 51 233 237 58 80 264 37 244 88 52 13 134 151 228 123 207 205 35 239 269 170 122 15
799 835 889 4 26 136 227 236 635 256 757 132 670 256 256 132 54 63 757 124 635 901 105 154 940 120 770 56
195 117 235 20 205 196 11 182 249 193 123 15 156 229 79 122 197 271 222 292 150
77 186 74 168 635 132 171 276 104 54 635 635 901 105 154 940 120 770 56 209 225 265
940 11 53 234 278 466 275 290 160 295 274 235 269 56 298 17 45 240 106 221 135 140 122 208 163 157
297 69 79 122 242 290 133 292 113 277 181 107 210 242 87 193 122 224 138 44 137 16 206 164 95 144
4 146 254 431 164 281 56 203 127 79 262 214 165 253 187 23 251 233 263 48 105 121 38 257
770 13 163 196 236 23 139 171 153 132 254 45 190 137 93 114 229 67 13 183 18 7 247 202
1 274 296 79 76 14 115 108 273 280 98 244 240 86 133 276 251 157 49 10 221
220 126 51 155 289 258 284 186 217 247 87 295 13 128 143 116 127 97 44 290 144
22 93 260 299 289 171 23 77 66 29 287 18 245 44 233 210 37 172 16 71 264 114 226
178 205 288 353 120 154 276 25 192 294 190 195 280 162 183 115 219 87 230 262 6 90 82 32
223 281 151 140 298 110 150 69 229 34 11 160 263 214 234 121 79 152 196 189 128 31
15 64 136 141 113 162 195 278 299 145 42 214 286 214 73 20 164 11 225 920 531 139 295 144 820 170 743 793 468 134 261 98 77 190 136 112 210 161 245 242 230 121 268 258 288 237 118 269 52
8 134 204 64 1 23 11 93 171 193 178 73 187 115 138 166 61 86 58 26 145 229 180
23 147 130 176 41 23 121 244 251 217 144 280 275 137 26 42 43 6 297 225 218 80
1 14 25 152 156 173 189 228 253 266 374 463 9 259 245 108 92 169 131 20 61 156 114 289 231 45 244 122 1 200 51 147 255 243 93 24 82 182 39 214 42 104 70 94 137 163 144 65 253 15 7 114
780 9 54 65 254 104 132 273 74 172 70 297 241 243 208 46 186 284 19 122 143 161 149 272 214
168 226 62 204 170 19 207 24 141 108 26 249 27 151 282 53 91 193 148 260 120
91 95 205 215 290 275 177 75 79 76 126 218 269 205 27 188 147 208 297 271 22 53 132 42 251
21 46 80 152 295 41 64 93 17 236 142 198 118 263 92 220 84 216 81 104 163 166 270 234 298
52 297 218 162 37 219 60 186 249 287 114 244 262 285 278 246 298 272 8 11 240
25 126 276 374 287 75 284 67 253 259 180 232 137 202 70 110 163 50 92 82 160 78 293 174
113 129 136 226 211 3 163 230 46 220 70 259 229 208 174 56 25 285 288 169 13 16 199
157 252 353 39 101 251 276 132 106 129 261 86 260 84 249 295 146 151 35 4 168 274 113
163 266 287 165 31 152 229 132 5 18 225 238 168 70 208 197 6 159 98 60 86
54 132 134 211 84 20 155 130 178 187 273 255 138 8 123 12 259 31 156 22 232 149 260 229
295 28 69 233 190 15 245 101 278 211 72 222 42 126 139 226 292 258 240 0 174
255 137 44 134 204 136 274 222 273 27 7 72 117 31 219 235 259 255 249 113 138
43 90 193 239 289 131 59 218 54 100 134 12 231 7 198 215 247 216 160 258 92 27 177 222 285
23 61 245 105 290 227 69 217 266 80 200 295 177 264 225 92 153 66 107 180 283 186
64 179 269 93 250 215 68 98 204 41 201 158 118 284 9 138 130 27 193 209 92 115 13
257 123 143 201 24 282 92 242 288 6 110 155 124 122 47 137 8 176 25 53 270
47 73 243 47 96 249 132 54 243 75 87 213 200 151 4 194 221 55 169 95 138 272 162
120 172 183 96 49 157 48 120 211 299 270 116 35 72 234 185 189 141 114 84 109 253 37
121 279 0 78 297 124 119 112 262 150 99 18 144 208 110 66 19 286 199 122 143 134
106 205 271 255 196 289 224 64 195 187 10 154 125 48 249 213 2 225 198 142 39 15 160
2 84 103 245 278 292 293 228 41 69 207 81 43 33 5 154 168 167 28 61 114 260 161 133 24 269
73 82 211 278 154 243 163 253 171 247 66 229 16 138 72 114 109 10 201 224 192 32 286 284
19 108 169 235 40 230 73 195 190 16 116 181 219 229 223 122 258 75 48 136 294 88 58 97
963 12 45 102 119 138 168 87 222 295 26 225 289 175 107 193 206 169 40 250 100 144 200 173 177 79 110
17 87 128 227 254 294 144 145 274 164 159 88 205 46 196 69 55 197 62 285 161 276 131 289 213
62 68 88 228 263 68 77 50 63 214 168 86 113 40 112 264 15 251 224 130 52 83 288 263 98
94 104 117 181 198 260 188 267 295 101 59 289 193 256 15 57 167 139 3 262 60 240 48 10 80
34 57 266 147 0 3 269 274 297 241 281 119 84 212 171 216 38 172 54 96 232 278 123
36 54 90 162 211 292 252 96 1 197 115 287 164 84 88 256 253 184 142 123 297 211 158 74 264 278
963 119 126 160 202 374 93 106 10 129 189 141 159 265 17 256 105 31 25 62 198 244 225 165 251 185
21 104 193 120 64 152 227 240 181 293 168 230 175 258 135 32 296 92 71 242 281 117
780 21 14 0 144 70 197 247 217 268 42 155 50 11 241 289 164 90 212 61 110 238
77 206 210 120 264 34 294 134 27 257 118 86 124 65 112 3 54 247 235 57 51 89 242
10 162 199 209 283 164 5 227 149 106 164 283 283 164 258 155 46 68 149 194 354 178 297 799
205 206 251 104 141 215 97 43 173 298 126 34 41 196 162 136 174 225 165 232 155 297 221
16 49 109 127 227 258 258 29 164 29 5 246 871 227 297 152 48 257 226 46 354 194 886
676 255 270 150 227 106 81 241 20 129 171 283 258 297 252 72 16 278 110 232 294 74 98
142 156 257 266 174 249 63 117 168 166 38 21 118 247 121 104 119 19 262 263 5 264 145
44 112 244 283 233 115 262 5 283 82 204 204 283 841 564 210 573 249 18 173 29 52 102
0 93 98 122 177 260 374 213 166 152 32 160 247 16 145 43 218 171 134 7 286 105 121 99 123 54 26
68 292 18 62 200 85 246 119 6 71 244 129 209 45 292 135 211 140 104 289 274 66
191 102 91 178 60 36 166 21 298 173 163 136 180 88 299 198 17 47 289 164 94 15 151 156 278 227 292 190 269 92 264 138 135 63 140 59 172 291 60 223 163
97 132 180 206 291 292 219 190 47 275 285 244 17 84 261 120 145 188 130 214 222 78 150 246 292 44
285 232 28 211 160 200 9 156 111 175 197 296 275 5 47 252 1 15 137 223 4
171 271 95 157 231 133 298 35 74 158 207 215 77 182 57 154 69 178 227 33 40 191
0 29 45 55 187 255 143 291 6 64 13 28 278 168 273 296 171 67 108 230 74 177 80 16 62 85
1 28 127 141 353 63 20 9 287 77 120 207 176 80 23 0 24 247 183 65 105 240 169 264 221
86 102 48 72 116 257 212 284 274 266 42 240 62 246 147 130 196 1 226 241 159 99
70 119 203 57 62 19 187 162 73 213 172 214 268 163 299 99 199 121 254 126 38 276 114
10 79 266 87 149 298 163 59 120 184 64 208 145 79 212 95 106 169 294 112 277 81 165
50 293 216 247 196 270 180 15 176 272 170 119 205 132 186 72 215 295 286 115 169 212
40 214 296 40 138 95 1 189 228 273 244 212 190 142 218 127 152 118 57 150 161 28
45 131 147 240 243 108 167 43 258 101 185 83 215 159 64 264 9 14 133 289 39 193 132 60 238
74 297 62 15 74 5 149 244 260 68 145 17 194 161 158 224 267 43 248 182 58 129
72 120 262 109 32 156 118 287 59 107 13 295 35 44 286 51 183 128 73 106 10 258 47
198 201 160 167 243 285 123 110 234 60 133 13 217 61 292 119 169 223 172 19 229
33 271 463 77 73 271 238 291 225 11 57 179 151 277 253 178 129 46 219 298 251 101 174
26 49 176 186 261 264 284 218 278 250 245 216 185 54 160 281 169 196 229 141 170 184 174 288 237 85 18
141 247 208 227 231 174 279 290 52 36 148 176 3 239 66 255 192 232 139 77 46 218
0 16 80 183 256 64 107 215 9 267 35 214 225 248 147 95 54 20 266 122 40 74 171 7 291
98 132 292 35 264 63 199 26 256 11 179 285 150 178 188 5 122 68 236 207 76 275 293
106 164 231 183 212 180 238 0 243 246 148 26 143 12 2 72 248 31 103 200 140 285 126
23 278 234 272 202 4 236 263 271 101 100 192 57 112 213 235 180 260 111 160 32 60
780 135 36 244 212 33 297 246 24 195 155 200 265 183 202 275 90 126 42 264 34
91 111 108 248 26 152 218 131 68 215 240 214 167 15 231 74 133 55 42 245 135 188
292 49 291 151 228 270 77 194 234 111 160 226 76 143 247 145 104 243 89 223 127
18 198 87 287 203 164 75 60 104 189 269 267 247 292 41 50 205 40 121 156 171 68
163 285 374 42 12 250 244 226 287 140 256 296 27 38 93 192 11 125 157 13 8 102 110
92 197 18 48 12 193 206 184 287 113 74 16 142 96 182 33 108 21 129 294 38 77
40 141 164 69 287 8 37 211 119 71 95 194 170 252 204 261 17 212 60 193 23 156 237
112 447 291 185 6 295 20 170 54 210 4 111 133 32 263 173 71 80 82 34 189 26
180 234 295 281 252 40 240 296 118 244 58 32 299 36 93 204 267 129 3 262 10 96 143
64 70 214 217 173 35 135 231 123 131 45 276 292 155 171 176 226 39 143 23 76 158
14 226 92 263 9 287 186 108 293 275 34 116 94 81 91 241 6 27 156 266 248 268
1 25 185 74 288 169 5 123 186 138 181 270 211 36 209 90 104 72 221 20 10 63 193
32 62 142 196 40 229 15 91 247 147 127 190 148 69 39 241 285 270 182 97 262 22 237 169 236 202 172 141 299 200 233 107 296 11 33 209 102 224 275 63 210 95 68 183
67 374 280 53 281 270 230 99 243 179 203 218 171 116 259 105 198 65 190 219 15 210
82 202 204 239 24 188 269 135 92 25 11 0 260 208 83 14 288 172 53 13 12 169 72 140
88 115 205 294 225 66 247 164 292 98 271 141 36 186 278 151 4 107 204 119 78 117 30 272
192 264 180 284 252 184 43 254 239 158 178 90 120 143 119 170 139 210 292 167 255 141 169 195 30 272 109 207 183 49 153 295 299 72 20 292 176 68 171 247 130 83
23 213 284 172 92 9 40 274 295 19 194 232 179 254 247 285 211 93 165 250 240 296 212
780 226 277 236 196 62 153 268 239 228 43 214 112 96 166 208 122 16 48 37 253 61
134 149 160 169 118 217 231 74 39 277 93 253 42 27 13 136 161 249 108 4 56 146 260
11 215 280 281 195 179 134 49 68 268 113 67 245 227 126 137 282 272 47 31 7 234 279 15
141 160 175 231 181 40 60 56 197 267 153 131 81 15 59 42 2 232 262 61 188 140 78 104
30 44 152 202 251 288 157 208 177 67 135 88 82 174 180 261 203 288 248 2 53 183 265 85 249 173
106 125 463 225 193 116 236 288 191 104 165 135 110 158 210 124 125 79 88 293 264 287 72
83 98 164 193 240 58 112 257 283 59 159 84 0 109 195 223 71 30 62 44 113 52 72 289
0 19 194 215 273 255 109 146 41 101 86 295 34 65 250 29 40 92 105 175 111 261 258 119 47
182 199 263 283 49 153 234 15 77 35 290 140 16 275 244 269 182 163 8 273 284 176 37 72
218 263 92 261 193 268 220 111 49 138 20 12 216 101 219 123 23 297 18 267 262
256 291 146 32 43 227 52 113 105 235 40 185 245 246 49 266 170 220 118 71 91
2 10 136 192 288 235 62 138 263 70 148 45 76 183 91 67 221 217 233 122 182 209 204 251 197
22 100 297 18 83 71 272 172 136 117 56 31 112 234 264 50 221 2 188 76 145 86 14
35 463 270 215 288 64 65 135 107 41 245 52 176 271 63 67 32 164 82 143 231 191
118 203 293 20 77 41 106 82 107 69 24 161 254 243 133 68 60 59 44 75 109
26 127 19 248 176 287 156 32 251 114 76 213 120 140 22 186 1 165 74 63 96 242
32 169 194 294 177 4 278 239 97 217 140 38 21 248 250 96 80 276 125 82 187 87 39 147
18 112 159 91 40 100 97 81 9 57 2 299 294 36 47 242 229 233 46 149 237
963 75 103 137 18 40 129 125 5 251 201 157 178 168 96 87 188 209 281 115 148 218 33 152
963 55 41 120 38 273 179 208 63 92 296 266 74 149 79 188 15 42 154 196 252
27 248 16 52 193 278 166 104 200 62 208 267 177 222 194 86 60 81 172 158 159 113
198 200 238 197 155 30 111 15 3 169 74 179 183 174 272 120 23 35 150 2 101 184 33
126 208 212 261 117 159 267 225 25 185 237 150 292 190 91 99 232 38 269 181 260 286 125 233
154 267 374 121 5 153 9 84 154 299 214 272 1 67 201 254 178 193 192 191 97 123 238
3 14 100 127 163 2 90 192 238 92 45 50 175 72 236 267 140 287 220 87 109 276 95 55 19
83 119 251 192 120 66 12 165 256 270 148 147 101 209 77 104 276 144 208 159 132 28
47 159 204 243 121 39 26 245 135 287 251 155 293 55 226 148 72 102 76 42 117 160 247 218
53 129 222 45 54 256 155 55 83 235 40 157 81 63 44 181 211 268 170 98 76
100 218 88 63 42 157 145 4 147 184 236 140 36 65 289 113 98 261 210 108 155 169
226 294 297 268 210 199 166 29 38 183 8 252 146 289 276 68 209 61 208 110 283 188 52
780 92 231 275 155 193 265 78 24 165 125 21 219 208 271 263 105 150 44 23 158 191 16
76 224 218 45 240 35 284 205 56 17 278 186 250 2 30 147 73 95 198 100 11 27
676 1 99 224 236 287 87 24 47 82 234 103 9 80 253 146 179 208 195 222 26 10 269
780 94 150 179 200 242 177 159 51 69 244 197 22 97 52 194 40 62 240 56 277 221 145 2 7
3 58 150 194 272 290 143 53 261 155 187 69 285 134 173 121 189 156 233 44 278 74 99 42 119 275
222 242 51 10 177 253 67 222 87 185 112 99 75 290 195 73 134 260 168 232 223 230
52 84 167 193 230 180 106 83 251 281 245 250 237 142 138 213 139 216 12 282 179 228 168 119
52 73 177 191 250 281 265 289 205 168 203 110 159 177 11 274 222 0 79 73 164 156 174 186 41 7
113 125 170 189 262 63 56 64 231 23 79 76 150 297 229 192 53 133 155 286 252 157 28 274 37
30 59 20 200 35 114 130 244 280 118 108 163 162 235 75 81 221 119 242 203 143 253
43 62 139 198 217 233 34 94 131 243 96 184 15 5 217 68 264 220 87 231 188 193 91 235 213 145
5 184 265 100 78 191 76 197 61 194 48 200 137 140 146 88 32 138 2 51 81 160 50
963 218 252 202 172 182 262 272 170 253 167 99 101 80 16 59 54 261 256 238 82 257
36 149 234 187 207 37 270 130 163 74 178 136 164 153 283 291 9 109 165 69 268 125 218
13 17 42 170 231 253 270 274 270 173 100 239 106 119 141 214 176 205 190 42 193 227 283 34 22 139 138 60
149 165 214 66 209 293 38 240 45 169 226 231 292 298 94 90 32 105 72 10 187 141 262
62 181 212 228 30 35 124 291 20 282 161 0 156 4 121 91 202 143 264 286 66 295 192
116 229 187 26 64 6 152 282 13 164 184 73 60 210 246 157 292 80 37 206 255 250
3 11 43 41 76 161 243 69 276 297 145 223 142 0 248 190 128 217 263 292 157 191
81 138 147 89 194 142 156 228 96 129 57 104 25 146 1 28 160 209 190 106 222 186
129 239 25 281 172 64 234 125 223 32 193 285 94 91 194 85 293 0 207 22 79 133
160 208 214 228 284 260 53 168 204 230 296 278 0 158 52 294 23 165 80 298 289 169 64 252 183
86 209 265 4 64 264 166 114 214 246 236 213 55 130 99 56 132 12 183 49 83 112 77
139 71 42 285 295 167 50 290 48 251 107 222 259 175 12 275 297 5 119 197 56
0 28 86 98 1 137 139 168 200 82 35 160 108 68 117 231 270 186 104 41 177 249
50 91 353 29 150 243 157 20 293 48 239 222 281 197 179 124 240 236 101 144 52 244 146
207 298 12 226 214 209 47 21 85 141 25 77 135 112 81 190 62 126 96 164 58 60
13 126 210 144 298 161 264 213 83 104 190 167 60 255 112 168 289 180 185 153 291 156 107
676 64 89 248 57 132 267 47 276 92 230 117 217 0 5 142 185 51 79 233 275 18 49 158
65 252 222 220 162 39 194 91 195 50 131 237 24 186 42 155 127 172 221 104 109 119
142 209 17 48 119 271 9 242 260 59 80 158 16 87 161 133 189 47 12 266 44 132
294 80 104 28 33 0 223 16 247 279 125 153 295 219 103 8 167 54 2 203 74
106 145 104 102 86 280 180 35 216 44 75 242 151 274 232 171 29 21 262 237 92
26 111 174 223 19 204 58 17 127 80 156 81 285 70 125 36 222 73 31 86 99 126 140 93
119 120 146 232 144 282 184 239 172 228 12 106 201 209 94 77 223 221 242 95 112 103 51 171
128 184 256 292 234 41 207 9 123 142 247 5 1 212 153 297 216 232 261 124 10 250 161 99
676 7 12 22 81 147 240 47 214 87 122 76 31 56 280 288 25 106 232 74 257 181 174 90 15 189 80
272 195 177 170 221 172 131 173 289 133 215 115 16 75 44 19 149 143 295 278 268
59 272 236 51 199 44 47 207 86 296 20 76 110 35 269 285 75 265 276 247 262 158
91 110 183 224 280 269 18 77 152 24 283 53 55 185 181 131 264 248 143 208 3 284 98 266 264 204 35 74 186 292 82 280 254 169 124 162 79 261 122 233 202 230 246 270
50 65 123 276 290 297 212 245 153 192 112 57 179 26 0 203 62 73 290 59 136 99 193 43 33 145
69 85 294 109 58 232 229 179 63 221 11 145 123 293 245 183 44 38 167 151 237 192
29 125 184 297 27 2 9 1 49 86 149 207 261 0 124 112 96 284 193 136 157 70 288 249
80 109 220 238 73 166 136 235 226 260 101 259 247 34 297 28 284 75 138 231 43 147 243 53
128 202 178 153 185 181 50 100 173 176 224 114 130 177 45 240 151 163 239 282 135 20
160 292 293 140 216 242 180 171 182 68 267 177 18 164 240 156 93 52 125 128 142 299 29
226 252 268 349 67 285 255 48 189 43 156 152 118 100 79 169 102 172 46 278 154 281 146 14
39 97 111 124 270 97 121 19 189 154 206 124 87 249 29 123 192 2 18 48 232 55 57 49 239
15 112 2 291 143 80 13 81 96 83 262 295 166 256 219 238 293 135 99 63 283 79
39 275 99 0 95 123 2 128 224 142 138 246 218 31 233 248 228 110 76 169 278 176
73 74 97 94 269 117 141 257 152 17 101 160 124 288 279 159 260 19 235 33 89 162
0 21 59 76 120 175 250 74 16 239 136 227 279 259 125 290 120 273 24 27 185 132 56 215 168 203 124
56 111 159 203 215 93 243 282 260 183 215 205 62 34 217 168 232 178 111 171 221 293 30 124 142
187 244 33 99 135 186 67 185 47 43 294 65 267 248 229 239 187 220 203 290 63 214
83 120 150 176 267 209 227 251 117 85 265 289 131 29 64 114 292 298 40 205 100 122 223 2 80
32 116 215 243 34 266 247 174 107 18 258 202 16 55 204 185 161 171 264 93 208 14 94 220
676 259 30 225 210 145 103 42 33 245 24 75 80 244 215 189 116 275 44 62 239 279 117 260 40 190 105 175 29 268 11 204 282 19 219 292 299 142 249 266 48
40 56 233 463 24 262 273 56 189 81 92 295 126 170 129 30 198 54 103 71 46 59 16 68
53 219 252 297 131 80 266 74 82 229 238 278 133 205 16 61 76 139 120 182 55 47
0 281 106 46 88 96 19 145 40 286 59 293 111 6 90 107 294 58 176 198 166 78
174 214 269 157 45 151 201 131 11 112 235 20 214 253 195 207 30 38 191 188 37 296
74 236 255 270 170 277 248 259 210 156 192 130 254 159 135 116 194 202 186 295 245 231 87 283
39 127 154 161 179 292 232 262 114 64 3 182 37 122 38 142 20 133 234 162 78 47 74 275 87 194
48 68 113 295 534 118 261 62 35 57 25 156 270 9 207 272 164 71 190 274 233 266 162 282 209
21 90 139 101 17 288 173 6 29 282 81 24 156 7 177 199 184 256 151 52 258
743 780 68 79 119 208 277 133 100 119 53 45 10 268 270 116 17 161 145 114 224 141 68 162 117 235
107 183 12 99 166 104 0 130 209 140 207 298 205 243 152 123 85 62 287 258 117 217
17 262 110 67 180 109 237 83 266 248 280 41 235 32 270 261 113 276 56 128 238
