625 82 241 258 273 54 154 163 289 947 102 758 133 633 31 376 164 717 156 780 949 571 576 371 475 390 365 981 277 6 30 296 85 55 227 94 80 154 172 145 191 129 34 208 33 248 212 188 285
15 55 58 161 183 1 194 238 8 194 107 244 83 73 111 439 448 249 246 132 882 93 523 48 439
109 287 328 199 220 290 179 220 290 169 866 10 266 850 191 3 7 152 3 272 188 28 27
154 204 21 636 999 648 643 751 904 260 300 66 231 24 76 751 22 848 241 24 154 43
219 269 249 280 241 181 120 80 290 175 241 176 237 547 15 170 517 162 80 274 437 216
5 44 60 45 228 233 119 293 93 230 212 294 53 96 59 281 117 11 61 32 273
244 275 162 18 914 107 316 241 29 110 662 60 165 273 282 147 193 12 180 53 202 606
15 34 68 170 153 163 1 46 98 158 114 118 91 48 165 37 112 5 270 298 174 0 219 279
114 176 259 243 11 170 21 43 280 185 184 53 49 211 1 166 68 285 290 111 72 276
113 189 149 282 122 53 143 250 204 268 299 207 117 115 64 100 36 63 85 256 158
51 207 235 189 176 13 80 161 81 220 12 283 259 252 36 245 106 280 18 159 143 267
118 129 7 63 253 253 183 253 278 115 121 223 225 576 169 229 164 272 154 79 209 104 253 288 80 194 256 51 161 222 45 277 99 119 43 236 4 19 155 123 261 243 208
96 184 96 168 54 197 93 100 166 237 89 210 251 272 115 199 182 136 70 4 0 212
26 36 41 51 108 243 254 120 141 232 193 21 77 276 110 89 85 26 56 186 116 86 195 234 122 161 224
22 111 237 262 181 233 190 32 9 117 97 113 50 257 244 211 287 59 39 204 66 18 21 214
5 131 238 201 177 152 219 223 266 50 168 261 212 228 11 158 198 82 120 130 265 234
32 106 174 206 24 99 288 248 288 153 123 248 289 255 132 101 84 117 589 119 679 5 5
43 74 200 274 295 91 93 169 282 253 183 178 176 165 88 231 151 90 278 203 5 214 10 87
192 248 73 165 194 231 162 109 63 57 111 107 69 108 144 222 13 290 166 278 238 15
142 242 248 220 52 145 240 36 149 102 209 195 56 163 99 284 184 176 78 221 199 250 294
132 144 189 197 222 244 253 208 4 117 245 102 16 105 169 63 232 149 153 229 231 210 96 12 115 43 255
3 18 94 93 109 143 92 214 289 25 5 247 278 279 235 265 36 277 56 24 88 3 217
28 68 82 136 191 281 230 75 40 78 212 186 35 89 88 59 51 14 10 19 179 292 36 294 114 296
48 85 144 199 94 130 238 223 298 274 27 285 169 192 86 128 142 74 176 49 297 183 191 202
22 61 99 256 284 351 965 287 17 40 213 210 551 755 573 783 140 606 974 556 750 961 379 91 901
89 647 774 761 107 798 327 749 982 978 540 810 393 936 129 668 730 776 36 263 71 687 513
55 121 248 596 35 235 270 647 179 685 972 82 548 221 102 221 82 604 234 414 474 256 234 517 595 474 414 221 51 258 156 32 11 282 296 220 159 237 20 190 245 43 177 285 202 141 192 44
61 74 773 826 0 182 122 150 58 118 21 37 74 283 104 10 169 164 201 50 92 264 155 197
124 130 140 157 158 103 103 607 607 762 103 607 280 183 294 85 656 637 287 13 170 85 427 77 341 168 256 168 101 242 101 101 628 623 428 155 173 252 71 71 194 12 194 545 191
7 12 129 298 22 217 1 28 22 127 53 298 363 728 912 18 63 214 795 217 988 65 79
101 138 207 229 167 238 18 93 82 235 268 153 19 90 74 294 86 256 131 136 96 278 219 166
115 140 366 183 84 273 78 27 248 44 218 81 234 14 291 158 193 190 258 289 137 191 246
95 99 262 53 284 134 239 68 72 92 174 151 157 103 8 184 139 82 277 114 62 60 67 247 104 291 66 0 163 203 77 140 99 248 139 4 180 218 28 5 68 285 280
0 69 82 796 36 123 5 140 226 196 159 54 267 48 110 266 206 295 166 235 58 16 171 96
136 233 283 259 209 52 197 147 22 192 33 161 216 82 235 9 251 43 166 108 267 165 145
45 76 183 185 796 186 15 7 73 229 93 24 71 223 256 177 212 203 152 65 92 149 53 150 158
150 243 275 134 113 113 34 61 275 134 38 193 155 71 292 428 12 189 218 193 231 194
55 168 187 233 286 143 90 187 130 209 266 31 256 168 44 138 136 235 63 93 260 129 4 19
223 269 76 197 154 12 134 12 170 12 260 194 231 155 218 71 128 253 292 189 193 428
20 46 91 274 36 294 51 7 221 149 154 215 135 289 104 66 29 113 201 121 109 70 222 182
176 230 774 26 84 185 61 199 166 164 92 234 121 81 141 33 25 172 42 114 246 187 95
99 525 120 254 183 39 229 275 27 167 38 147 217 169 284 149 14 178 55 77 134 21
137 85 242 55 36 219 170 180 131 134 98 214 121 295 40 237 89 255 103 163 249
58 95 110 109 249 253 207 162 8 243 129 212 256 47 122 284 15 261 21 53 221 236 279
252 33 230 41 157 76 13 94 16 45 277 256 129 63 184 213 122 285 214 15 132
24 129 105 220 183 299 282 236 216 158 119 41 197 153 17 229 132 295 290 55 34 111
92 109 164 167 215 224 267 18 209 143 123 269 274 187 298 223 204 296 264 107 288 161 267 131 69 31 212
51 60 152 285 774 288 232 210 129 65 47 94 174 154 95 272 151 6 270 164 39 128 197 291 216
156 170 239 114 170 54 247 164 41 26 191 69 251 117 270 228 241 38 294 298 243 129 218
17 80 225 227 196 84 155 79 180 47 273 163 35 112 228 4 194 199 19 52 141 179 49
161 215 285 215 220 79 173 182 263 58 121 267 260 201 192 88 54 37 210 299 59 205 272
104 525 796 186 179 218 39 137 60 217 13 290 100 295 293 147 230 92 122 205 280 23 102
134 175 143 73 191 91 270 224 281 238 278 8 282 78 280 209 289 159 274 226 68 234
82 181 181 13 243 121 244 45 54 213 632 998 208 23 202 335 210 42 921 121 178 241 59 180 63 65 141 202 33 144 232 208 194 287 103 46 230 122 248 128 299 139
41 57 163 180 225 43 190 133 81 10 260 58 289 105 178 8 69 207 200 44 278 21 141 199
51 264 260 292 457 225 91 225 279 260 260 279 260 159 69 755 56 268 105 218 136 158 21 235 77 211 82 173 247 68 14 277 11 253 116 221 218 293 200 40 291 229 233 150 13
45 64 147 268 20 83 146 614 145 253 76 284 145 76 284 39 37 733 64 225 101 246 16 285 207 180 854 139 60 243 213 249 77 197 250 138 148 210 183 127 125 232 18 188 33 49 118 176
109 131 174 195 177 222 223 195 56 198 171 256 1 116 4 269 182 279 136 172 70 148 247 55
64 100 186 256 280 252 280 254 195 280 105 202 153 372 335 894 42 64 998 208 77 151
251 265 11 192 157 276 53 210 0 90 82 6 71 72 243 289 268 110 2 194 93
212 259 298 177 70 23 126 147 76 264 0 191 4 28 290 121 20 89 286 46 74 200 91
17 173 614 224 129 27 20 68 259 290 292 223 71 137 285 299 123 61 211 78 278 202 249
12 166 177 67 109 278 104 249 23 167 176 208 269 87 297 222 11 114 177 213 271 221 205
74 248 713 166 95 184 99 279 143 155 181 236 120 242 41 214 29 132 8 170 299 172 9
3 233 243 105 42 30 248 176 194 117 143 161 271 111 239 205 298 168 6 240 90 36 283
0 50 66 131 233 30 189 30 137 34 62 19 282 244 898 9 695 101 190 187 131 17 570 105 40
15 236 201 129 77 87 94 288 187 88 46 24 121 114 239 105 130 263 168 285 72
196 260 614 796 110 157 80 11 38 278 211 187 164 44 296 96 17 112 138 202 256 225 47 94
23 37 106 227 237 244 249 115 225 205 5 76 108 70 261 133 274 242 20 200 226 58 237 254 135 213 19
14 20 165 257 285 0 170 94 285 285 216 147 126 147 254 0 10 284 796 89 83 153 898 168
6 47 53 108 134 163 203 167 85 115 245 11 177 61 178 75 212 201 206 38 181 158 288 199 93 14 268
101 142 71 153 226 6 43 217 220 137 31 197 93 158 21 123 36 13 87 96 230 218
121 132 457 4 276 271 190 115 171 35 208 172 124 29 232 194 38 61 2 290 53 141 129 35 241 30 140 223 45 124 75 189 67 150 58 159 11 251 208 262 79 195 89
255 774 173 27 101 263 263 600 188 101 173 27 132 42 495 121 210 72 998 241 372 77
21 129 292 159 140 293 90 238 149 37 35 83 209 46 43 103 232 253 116 218 111
0 154 215 245 38 17 257 78 252 90 239 172 141 89 180 244 99 160 20 290 85 114 95
23 51 74 294 240 11 151 140 58 113 96 178 170 267 129 67 253 231 288 20 119 35 61
52 249 280 148 280 280 175 15 4 272 43 495 294 38 573 232 44 61 130 443 184 480
31 84 137 183 209 227 244 67 47 70 130 50 111 229 109 98 80 83 156 262 235 17 212 230 282 79 133
131 187 269 296 183 189 27 27 183 116 514 253 280 162 171 275 146 29 44 85 243 114 136 136
16 197 216 282 178 136 125 84 268 115 298 24 81 273 80 75 155 109 93 272 297 9 57 113
59 156 274 299 6 256 275 182 58 24 21 224 84 259 185 65 234 83 205 271 39 227 96
31 81 137 197 200 265 182 48 296 275 36 42 204 33 206 268 123 20 80 87 178 38 146 168 197 295
230 163 138 178 116 240 286 265 257 66 40 290 17 157 106 34 36 148 6 22 20
84 85 216 218 155 108 149 191 284 111 97 295 256 12 291 92 124 14 50 23 145 115 82 293
38 76 98 126 140 3 174 134 96 26 132 102 115 265 14 268 219 226 64 118 147 54 243 175 48
119 131 222 240 92 55 230 31 243 227 175 212 156 193 171 213 207 277 62 81 164 219 11
156 189 201 213 206 133 181 170 290 249 23 230 62 76 126 64 66 49 82 112 87 284 40 0
246 63 228 113 141 234 277 194 211 243 192 195 225 107 159 242 33 185 116 40 241
122 228 88 48 68 26 187 227 1 67 125 169 203 122 213 208 282 228 41 180 110 97
293 247 34 292 119 268 37 230 133 45 161 206 92 73 282 28 62 118 113 82 86
158 188 171 260 296 52 191 115 262 40 85 276 90 272 109 254 231 31 140 149 13
50 100 161 188 53 227 78 263 109 286 10 122 134 194 258 54 232 59 204 11 84 100 114
93 117 195 23 23 263 117 72 117 93 211 93 72 239 239 243 253 146 280 162 411 189 171
132 174 203 252 264 179 180 31 71 135 238 251 298 79 154 34 187 112 190 115 271 138 53 274 50
110 176 195 240 8 103 75 163 45 124 115 65 256 152 224 9 130 175 250 249 55 225 265 20
72 86 68 54 22 125 158 278 156 112 150 262 33 94 209 135 236 190 116 72 210 47
190 234 239 260 36 215 137 191 94 168 1 227 73 234 295 223 15 255 190 105 192 135 242 244
76 138 187 292 248 148 130 120 68 223 208 7 293 16 99 254 3 205 295 270 32 218 164 91
232 156 171 34 178 254 236 151 180 69 127 157 202 57 12 71 206 61 46 155 181
47 119 117 69 161 296 187 207 255 55 16 103 92 186 235 267 57 14 284 20 254
41 84 242 255 68 30 60 208 117 12 39 18 54 296 87 149 279 194 257 109 202 56 81
117 157 234 258 525 713 237 207 177 173 122 214 113 211 92 168 73 127 287 160 146 223 91 299 271 151
277 7 250 30 293 147 28 185 34 262 202 239 20 171 177 287 76 276 126 38 135
170 225 525 67 259 79 178 100 0 106 229 10 7 193 172 37 158 253 240 228 24 58 47
38 40 83 94 147 230 211 280 27 75 108 161 203 116 170 289 64 81 156 290 124 148 97 102 112 98
54 103 230 270 299 11 65 55 220 236 231 91 269 87 118 110 241 146 45 251 206 257
144 205 219 274 21 280 278 115 147 119 146 180 14 230 130 238 125 95 277 209 27 296
56 97 162 243 277 278 53 35 59 51 79 151 255 52 248 89 80 55 93 179 233 47 213 44 196 170
774 88 127 179 88 56 56 127 56 153 42 77 208 64 598 372 598 894 241 72 921
80 198 243 796 161 210 201 267 137 188 189 203 195 264 155 275 107 199 176 90 270 59 109 150
3 124 177 212 235 241 261 525 796 37 46 270 268 175 65 129 180 162 141 294 160 215 50 49 103 184 242 171 116
16 148 204 222 774 86 193 240 178 246 254 123 293 153 96 265 125 42 157 224 131 250 15 170 268
124 137 205 269 272 84 66 61 150 166 244 231 83 272 44 294 12 67 212 238 55 104 89 262 175
22 230 170 203 252 129 36 299 174 49 91 59 242 46 259 1 121 74 14 245 256 211
84 123 14 66 184 118 162 274 11 224 193 223 231 186 20 35 53 60 38 695 600 4
229 283 10 137 179 152 229 250 75 152 26 152 250 163 391 190 139 168 796 70 35 153
32 57 194 207 14 53 299 200 242 251 38 225 61 146 58 151 95 22 136 40 169 240 32
525 40 167 85 118 57 10 102 254 64 279 18 1 190 217 250 248 269 14 65 156
113 62 95 30 86 99 115 229 72 85 43 194 183 109 195 263 119 156 277 15 276
47 66 192 774 213 269 140 208 226 180 47 1 155 130 79 13 80 168 77 48 111 231 247 100
22 57 123 224 16 211 223 256 22 166 294 75 36 201 95 46 66 292 80 105 93 32 136 3
8 15 156 213 285 88 10 283 181 29 229 32 87 69 132 4 23 99 224 24 120 220 51 44 236
208 282 297 196 222 283 254 275 31 241 134 198 56 252 260 141 126 69 150 135 192 195 163
12 70 114 224 289 158 60 245 122 155 242 89 131 56 296 226 110 219 116 137 203 111 83 299 38
16 65 175 193 27 289 7 59 270 268 276 62 189 102 157 141 261 214 15 170 216 204 4 30
130 132 147 266 130 225 16 264 150 56 46 244 157 52 69 252 121 246 4 249 109 297 254
223 251 70 234 36 192 288 142 228 259 88 232 63 38 127 71 25 86 289 266 208 16
10 65 147 220 938 245 938 244 293 245 27 139 27 191 293 38 60 125 35 200 223 7 4 20
101 30 72 223 59 218 204 249 162 55 160 27 10 202 239 143 163 103 275 31 132
156 223 282 280 280 5 110 5 112 113 5 232 428 128 232 105 71 12 247 193 71 167 231
71 184 186 218 132 36 184 260 71 50 255 160 88 66 291 54 208 155 210 16 47 33 29 135
15 181 130 17 5 197 171 290 275 163 26 67 13 111 38 239 155 170 172 253 10 11
39 115 117 206 247 282 20 242 159 202 131 290 255 77 297 32 114 236 109 183 96 278 158 125 195 174
40 135 145 242 131 192 213 49 81 211 251 207 65 102 254 258 105 296 34 14 157 224 60 162
90 525 112 52 105 124 243 72 179 57 69 282 256 171 125 294 257 196 229 51 149 22
179 136 492 121 121 132 121 359 359 121 492 14 232 71 2 247 155 194 128 218 292
9 36 55 210 296 11 225 544 225 154 78 166 544 240 86 240 411 275 97 44 136 29 103 253 146
23 148 273 282 271 0 246 71 15 294 62 261 6 297 109 11 280 242 21 128 139
9 774 85 155 248 109 159 24 159 125 11 46 24 173 213 245 45 188 276 210 65 135
161 203 215 227 43 38 245 103 283 215 160 279 87 267 25 141 255 86 259 104 192 262 69 294
121 210 213 288 63 223 91 234 199 157 62 17 82 257 251 76 118 244 191 54 286
9 162 166 15 125 23 198 167 169 255 286 41 38 105 195 291 53 251 67 182 58 239 246 267 196 87 83 131 19 211 237 117 116 100 60 214 235 38 108 112 111 5 24
114 216 259 217 249 249 126 136 21 161 217 136 243 275 761 136 29 253 136 114 103 171 97
8 51 275 81 21 16 161 235 189 160 123 5 261 283 155 182 237 214 37 97 185 135 202
25 41 97 202 164 65 59 225 297 11 225 164 159 11 125 160 135 37 188 65 897 221 210 14
85 227 279 12 290 91 135 99 108 130 273 72 43 278 93 225 264 31 87 41 192 234
129 233 39 198 107 112 46 191 231 146 287 264 122 123 160 119 193 196 178 104 144 268
43 99 157 190 116 196 216 41 258 185 272 5 55 70 131 38 90 188 151 18 139 225 147 154
33 53 108 222 228 217 122 57 160 144 72 262 201 278 77 165 236 220 22 4 10 267 189 257 34
66 119 242 796 233 275 233 29 233 178 117 233 237 173 119 22 80 24 98 173 133 493 109 66 28 227 155 0 270 79 1 298 213 267 145 210 192 85 96 143 296 45 202 222
95 123 188 168 286 276 174 205 181 65 77 260 91 9 15 44 273 266 82 198 297 220
62 118 206 208 258 160 169 148 238 248 234 253 183 281 103 292 219 242 71 94 9 259 135 88 60
94 116 122 245 713 137 118 142 182 287 251 120 275 255 232 16 253 298 242 90 271 99 274 277 41
26 41 130 204 255 259 260 190 299 262 223 182 42 131 32 232 52 285 100 236 122 94 227 179 251 281 186
125 492 212 13 98 130 179 172 180 120 107 122 51 227 32 26 100 67 90 43 147 275
88 240 56 237 85 205 124 199 191 77 163 144 299 79 107 249 86 276 65 213 48 78
50 51 62 226 239 294 59 57 67 5 162 244 196 131 295 189 191 75 32 104 142 114 225 43 132 265
5 72 203 106 80 104 43 280 299 292 167 40 289 48 97 78 190 47 93 226 189
66 205 55 33 14 141 277 17 165 282 132 185 251 170 273 64 205 216 90 257 227 244
13 147 251 293 150 187 213 149 162 206 219 283 99 19 40 151 132 15 75 110 21 84 208
17 213 284 492 116 198 89 171 265 4 248 244 28 97 66 140 103 119 258 26 271 92 17 241
66 120 193 222 165 111 80 149 132 270 258 125 175 78 247 277 9 267 271 284 206 115 283 97
277 525 188 95 22 98 126 247 131 293 110 263 70 60 237 241 208 138 291 193 45 104
116 117 223 228 228 247 19 175 171 244 282 215 24 49 68 47 193 210 30 172 290 113 221 260
147 221 28 246 71 183 212 265 115 159 20 249 165 131 111 48 299 70 160 137 89 3
119 207 216 246 266 283 66 169 251 133 166 111 155 136 104 259 145 86 293 116 67 202 20 187 240 75
112 148 239 259 774 201 265 40 264 65 15 87 181 283 52 145 27 246 116 175 176 121 136 127 144
96 161 235 295 774 796 248 7 99 93 13 259 44 275 293 160 56 261 208 210 271 64 124 30 120 119
37 96 292 127 184 219 869 71 71 213 71 869 292 292 241 202 921 335 208 598 72 495
266 293 166 95 177 257 165 11 255 135 94 210 140 40 88 225 169 34 181 19 37 236
19 49 93 167 25 161 25 31 161 77 181 25 4 122 89 796 186 77 163 107 898 70 391 10
28 31 79 102 199 118 249 82 82 249 232 82 13 269 75 125 31 173 210 188 221 65 897 658 135 227 99 195 293 77 192 28 164 260 144 60 24 49 271 4 295 3 220 184 88
234 260 287 52 67 96 272 61 85 98 294 196 213 54 32 73 206 56 279 178 283 97 248
41 89 288 284 135 259 67 105 188 172 49 278 229 251 298 97 76 238 4 276 100 263 113
38 244 247 283 164 166 92 125 15 51 18 62 30 178 279 38 135 5 63 0 28 68 238
61 65 193 793 717 272 210 78 842 240 793 191 442 749 32 210 260 158 196 518 233 58 158
9 41 67 129 228 234 262 188 82 71 286 239 41 251 238 132 101 144 143 243 261 44 211 262 246 226 33
48 93 115 129 145 200 274 84 231 1 293 75 45 32 103 268 69 101 68 123 111 85 273 276 25 141 244
148 166 246 193 13 14 263 170 155 30 35 111 125 115 3 106 293 98 132 84 299 136
139 288 297 175 226 20 72 266 190 246 117 39 41 19 10 221 16 199 235 97 141 114
1 68 113 290 60 140 66 198 124 65 260 186 20 178 35 3 189 112 248 154 13 87 246
55 75 81 492 415 96 446 237 294 41 36 998 151 77 64 121 208 335 495 921 72 23 364 202
37 132 169 171 230 33 204 163 262 163 18 540 33 433 177 18 270 155 194 428 105 71 193 167 218
61 157 165 39 297 96 252 297 4 50 78 96 39 110 205 842 163 77 107 143 70 298 83
24 86 92 492 842 151 11 185 115 151 291 727 146 114 761 97 162 541 29 243 280 44 189 411 136
150 266 154 177 250 183 224 36 36 44 88 232 850 72 201 4 268 304 291 174 275 152
6 121 175 191 39 881 39 4 881 36 50 50 110 231 41 898 107 186 10 723 298 35 796 842
42 68 446 47 67 50 264 247 69 132 146 226 62 204 215 53 76 257 160 95 22 100 275
150 203 84 212 22 28 177 128 7 223 190 123 161 257 232 129 40 179 295 278 144 78
33 49 66 133 141 150 255 261 276 179 135 32 28 99 221 63 195 161 238 8 81 19 231 127 1 2 148 290
167 178 203 203 229 203 64 381 64 175 77 229 37 160 45 276 173 31 135 75 14 598
44 45 62 198 258 774 796 90 136 1 40 131 193 125 113 66 274 106 57 58 144 92 280 46 264 116 228
8 282 167 243 2 19 29 1 36 188 168 185 238 187 203 246 20 102 195 265 117 0 234 93 129 223 253 237 289 287 97 182 120 222 197 150 178 200 34 281 265 176
170 256 563 55 156 156 976 539 923 506 55 248 609 277 397 986 262 88 811 251 142 152
713 122 122 237 55 201 237 188 122 997 821 113 151 208 23 42 364 77 210 598 202
157 163 271 196 965 983 195 196 196 525 240 525 965 29 189 114 162 761 44 280 541 136 103
74 224 837 983 837 965 240 375 30 965 30 85 275 103 29 146 97 280 411 243 114 189
35 52 115 156 908 105 549 582 957 470 342 107 202 218 20 591 184 994 279 277 180 101 181
120 36 13 253 71 69 146 254 174 192 272 144 67 154 171 274 268 258 197 143 68
184 267 796 582 27 305 613 159 159 107 342 473 623 71 163 591 49 177 191 277 67 181 184
92 796 290 54 24 241 259 80 225 217 28 90 263 186 228 84 1 50 16 199 214 3
25 142 27 295 55 135 268 71 255 166 25 64 212 110 81 124 31 200 179 52 149 188
21 257 257 192 212 109 424 896 381 826 993 713 251 231 12 155 2 167 428 247 232
92 119 203 207 267 238 149 116 164 144 296 130 20 35 90 38 82 150 126 7 237 68 282 107 76
91 153 235 213 220 126 231 37 442 264 521 659 696 216 136 217 622 222 201 256 744 26 264 51 213 287 224 67 290 201 53 157 281 29 117 22 127 222 7 132 74 61 66 234 272
64 151 173 181 203 269 83 713 381 896 140 802 903 896 292 167 247 193 231 232 218 2 253 194 218
9 113 192 258 260 796 111 133 133 53 886 262 129 129 111 959 256 293 202 514 492 119 87 405 18 99
87 227 288 114 931 403 146 425 403 764 764 803 284 549 266 13 202 156 232 896 254 228 143
49 128 161 139 25 113 789 347 789 14 738 372 151 23 121 42 998 77 64 153 598 335 364
11 33 53 147 183 216 249 455 492 961 540 693 420 122 154 254 129 602 893 610 568 365 295 668 329 70 478 652 816 912 801 998
84 168 209 237 270 693 875 193 61 288 255 242 90 237 260 241 120 184 123 208 112 22 265 148 137 28 51
95 391 746 308 188 794 220 220 643 684 213 196 196 971 213 657 769 116 755 294 998 342 227
121 186 813 289 121 126 99 181 89 131 282 162 116 220 79 77 146 5 155 233 95 200 258
57 68 236 63 77 120 109 172 260 118 298 94 134 147 165 221 25 242 62 16 75 257 228
63 71 274 295 186 67 138 43 259 133 193 134 40 218 268 165 117 197 104 75 159 178 214 50
142 48 33 59 28 292 203 183 95 16 200 87 128 14 192 191 6 185 173 98 249
148 243 204 130 185 131 149 39 95 59 37 263 233 4 27 253 22 13 221 25 70
21 40 180 233 27 42 160 6 6 11 0 88 88 285 143 268 175 327 236 226 650 207 699 151
50 89 813 27 42 160 6 6 11 0 88 88 285 143 268 175 327 236 226 650 207 699 151
225 270 671 65 164 80 240 167 151 11 183 168 114 142 270 193 54 279 267 121 246 223 293
12 182 272 53 177 33 256 36 166 218 72 273 57 211 0 202 20 284 274 143 289 30
21 84 154 254 65 196 207 211 292 249 171 270 198 173 16 105 74 54 150 135 179 206 27 90
105 126 230 71 196 187 71 187 118 118 290 153 220 208 290 70 127 327 236 226 650 207 699
75 239 177 93 289 86 23 228 45 234 101 270 126 170 255 109 46 251 176 202 293 257
147 203 43 199 115 240 157 183 33 258 117 125 255 18 250 25 209 8 227 40 233 178
170 286 24 0 101 246 29 269 168 83 54 97 234 79 156 204 172 264 89 274 107
73 101 103 111 132 215 247 255 308 280 276 43 168 254 179 229 279 141 146 206 39 205 294 40 77 94 41 166 87
254 296 36 229 30 67 234 184 101 188 244 116 284 198 10 205 83 29 117 271 118 133
59 88 96 132 182 100 102 53 112 103 269 18 221 163 162 222 266 98 203 155 270 224 157 167
9 11 72 88 150 224 628 89 162 251 284 138 219 216 129 172 181 91 268 95 212 192 188 37 245 72 207
62 132 181 268 285 152 297 154 274 183 103 166 204 99 93 150 65 239 135 121 202 284 277 77
29 245 297 108 177 32 278 111 202 204 105 121 118 109 213 2 286 265 296 162 16 219 231
154 243 26 213 244 174 242 213 22 120 299 48 290 70 127 327 17 138 650 235 242 149
51 75 107 161 183 278 90 284 211 110 36 70 100 245 267 75 162 184 94 174 49 134 294 50 40 125
169 171 176 209 263 281 308 119 292 270 23 155 138 104 204 49 217 141 261 103 234 15 48 92 210 198 26
203 205 243 7 235 80 264 29 221 170 293 220 106 294 245 5 12 119 83 88 175 62 148
82 137 176 194 159 289 279 34 235 298 114 27 123 121 22 171 56 3 270 8 106 42 167 250 286 57 164 205 150 200 99 262 277 38 165 258 141 292 201 82 226 64 26
64 72 96 235 746 77 199 282 250 234 69 292 3 82 269 57 223 42 19 170 26 172 216 294 260 16 118 72 162 193 238 109 121 60 202 138 255 27 77 123 98 229 37 271 83
112 238 42 139 179 264 250 86 90 68 130 169 183 170 93 1 161 197 88 275 57
3 33 81 90 130 223 250 291 48 226 163 172 104 53 139 72 229 180 265 107 231 224 276 264 79 261 280 243 138 164 290 122 54 66 142 86 48 223 254 155 43 272 46 177 49 172 130 99 139 74 136 177 230 253 143 71 179 152 259 144 194 56 3 272 261 150 199 17
35 37 232 201 179 14 86 153 132 217 116 209 288 101 236 118 33 102 283 119 158 16 55
73 118 186 261 224 146 79 278 88 170 247 66 77 3 195 253 104 252 97 64 193 47 10 83
65 146 192 308 806 11 57 47 51 28 181 180 21 286 196 146 138 77 226 144 113 172 110 263 104
52 130 164 308 72 56 157 212 134 236 171 91 137 115 246 133 244 251 228 127 252 274 202 255
15 61 80 98 110 203 258 10 149 234 189 248 74 204 86 145 51 35 146 11 115 48 265 163 151 30
77 261 281 74 283 182 14 242 23 198 157 84 232 88 208 227 29 3 152 192 221 171 247 0 144 152 136 155 33 87 52 208 125 103 158 48 261 46 160 99 274 35
109 163 117 282 194 30 183 102 50 28 275 29 254 208 169 247 126 290 271 76 245 229
1 67 94 122 196 216 221 262 164 38 164 38 109 146 156 38 295 56 137 70 127 327 17 138 650 235 242 149
165 172 175 198 235 806 159 237 27 48 139 5 16 242 298 152 248 11 35 268 26 121 223 188 68 102
351 152 121 165 25 53 87 19 172 32 51 167 222 27 232 80 157 179 202 57 122
54 253 39 22 186 162 130 213 273 41 12 47 42 164 274 56 44 30 260 102 127
113 133 246 806 242 25 241 5 148 83 26 249 277 69 210 79 265 236 70 224 278 34 129 134
192 218 252 103 299 112 114 78 259 177 32 141 119 233 285 76 164 81 238 27 287 176 191
31 70 119 236 197 280 252 161 22 181 38 131 157 29 263 5 292 64 45 264 145 35 254
19 47 72 130 155 268 63 204 268 287 268 268 268 171 141 226 30 448 898 351 898 108 116 224 10
40 83 89 106 238 284 142 259 117 299 254 193 191 205 13 225 204 198 266 6 64 227 85 210 183 71
13 88 136 898 65 5 43 200 63 111 196 212 219 271 198 180 149 176 283 122 147 46 160 91
23 283 114 38 37 106 230 195 35 82 100 158 33 23 105 137 124 113 229 279 252
86 119 249 273 898 57 39 205 110 271 87 99 72 214 154 45 103 210 12 251 191 158 234 133 81
86 124 151 267 291 7 85 65 8 52 71 185 0 170 222 133 194 45 76 169 267 5 132 288 289
30 75 274 45 20 152 55 180 179 107 252 276 1 94 181 281 102 192 268 294 79 151 89
29 106 234 293 628 222 265 126 274 292 189 281 24 0 128 197 295 98 56 43 201 87 282 52 70
35 308 159 62 35 112 231 199 226 156 192 117 261 164 98 56 121 175 18 19 95 16
296 219 23 75 257 199 1 245 260 174 183 106 203 130 15 166 274 126 172 182 261
294 18 113 208 73 215 42 228 63 50 131 8 85 71 232 236 292 242 272 218 121
39 109 176 308 30 52 170 45 64 160 186 158 81 256 278 257 83 38 99 22 177 18 9 133
207 298 78 230 898 238 139 238 20 238 898 246 209 327 161 138 81 203 119 140 174
14 173 265 80 146 18 179 185 188 144 105 212 118 55 48 119 250 87 162 36 208 240
4 120 130 195 806 51 196 72 173 94 256 225 180 40 98 247 49 81 134 55 240 261 218 75 36
43 132 196 292 31 169 33 185 153 52 202 7 198 273 67 85 215 22 13 205 40 177
4 90 123 127 147 276 106 263 173 46 286 95 98 230 214 45 91 291 158 234 26 236 163 172 198 103
143 198 223 806 109 124 61 104 15 120 77 105 155 178 205 259 166 88 141 66 139 8 233 282
226 268 281 308 282 268 250 153 268 282 245 171 245 89 246 209 327 161 138 81 203 119 140 174
67 102 164 171 201 247 287 288 201 235 156 2 76 115 79 168 123 165 74 186 81 252 159 132 57 205 172
55 221 294 210 195 133 92 195 169 110 265 75 110 169 137 294 127 327 17 138 650 235
25 86 105 290 48 166 44 207 94 18 297 141 245 97 124 130 178 222 104 15 106
84 255 102 80 0 43 242 227 221 229 95 182 35 99 89 292 214 23 20 44 168 171
34 76 128 162 243 110 23 258 157 47 96 259 299 198 265 99 140 233 171 253 162 69 241 296 101
18 177 66 11 50 72 96 172 219 136 64 54 150 138 264 237 58 104 124 181 168 82
22 126 253 12 169 173 169 169 43 140 196 169 137 294 127 327 17 138 650 235 242 149 246
973 176 224 270 308 221 293 141 93 165 185 34 48 126 204 44 119 210 246 197 223 278 132 295 237 138 746 7 79 122 123 30 7 246 209 327 161 138 81 203 119 140 174 65 262
9 138 45 291 296 260 103 215 299 295 297 252 43 46 60 198 263 269 71 287 67 13
16 77 78 196 284 119 281 76 173 271 292 19 32 99 73 64 241 59 90 291 8 101 260 113 47
188 188 299 16 150 206 59 21 175 89 189 93 42 77 34 143 273 211 298 291 48
119 257 54 89 72 129 66 7 19 126 271 144 275 31 140 221 74 260 24 9 130 147
66 206 270 56 59 291 65 179 293 91 34 229 262 235 269 251 128 127 208 142 283 131
103 118 242 182 134 31 232 62 111 196 272 209 63 15 100 107 16 176 113 159 239
206 222 32 274 119 151 263 11 41 16 156 81 100 185 105 188 67 254 29 3 194 226
26 39 106 266 351 628 806 97 253 207 155 201 160 271 193 159 250 164 115 132 51 86 31 68 101 191 238
71 218 256 102 269 299 36 296 178 266 76 49 26 21 85 191 274 144 152 206 67 239 262 274 289 211 57 118 68 287 180 63 172 74 80 200 239 219 278 257 29 48 114
141 351 136 58 231 264 88 48 97 128 223 261 7 154 36 102 31 226 77 239 50 212
72 76 121 134 628 235 263 299 38 124 156 257 88 100 109 252 266 227 36 174 187 143 21 215 165
130 152 192 246 59 242 77 172 145 217 161 255 135 150 178 235 63 211 55 206 279 16 101 4
30 80 91 248 280 275 278 105 187 97 240 124 155 84 159 108 235 103 284 180 258 129 206 140 131
23 169 98 43 19 23 270 112 297 126 113 282 46 34 41 289 24 58 294 284 189 201
102 208 219 285 295 202 98 24 265 39 207 1 72 36 125 229 163 254 257 73 128
0 71 106 128 271 191 226 134 148 120 185 21 203 293 53 183 91 291 136 34 13 250 106
229 236 26 285 90 32 216 36 186 140 141 48 219 250 275 102 78 100 60 166 72 124
16 308 351 101 101 155 101 155 344 794 8 226 101 137 294 127 327 17 138 650 235 242 149
70 268 70 6 80 80 141 70 124 246 209 327 161 138 81 203 119 140 174 65 262 8
23 221 255 245 34 283 224 147 137 264 37 255 150 267 85 244 88 5 211 198 94 42 1
84 128 141 261 279 60 126 19 203 63 36 231 237 162 51 152 165 297 129 216 163 215 113 141 136
0 111 132 163 89 202 163 291 12 132 12 163 288 33 160 57 99 96 245 144 122 45
973 69 91 128 184 252 259 268 73 228 294 266 261 98 94 29 0 166 126 101 242 216 251 12 55 43 181 114 217 114 181 217 172 223 202 111 137 294 127 327 17 138 650 235 242 149
59 143 77 124 29 158 201 105 209 109 148 247 285 1 225 126 248 51 180 123 53 196
67 285 294 351 806 261 69 239 125 251 121 252 216 57 128 34 185 205 148 253 24 211 19 288 64
61 118 244 201 89 17 267 240 291 253 217 1 286 162 257 109 99 232 197 100 209 141
973 71 156 183 280 279 38 233 87 277 90 163 191 65 278 116 117 83 151 57 155 264 226 272
88 126 344 351 806 290 106 233 91 79 216 297 116 155 28 147 229 235 102 153 223 23 251 278 10
291 184 186 199 232 252 221 121 60 973 121 60 16 215 121 215 202 169 105 134 272 103 284 112 58 66 273 130 279 61 141 124 162 67 113 26 167 30 150 134 255 181 260 197 114 95
54 121 175 197 241 225 222 154 23 61 165 279 29 3 70 197 53 94 175 68 99 65 159 6 63
22 48 72 95 169 116 296 143 64 294 122 0 208 14 236 52 92 277 18 181 139 71 172 149
101 122 254 279 251 247 12 279 270 119 186 38 74 226 188 158 162 34 218 242 269 203 63 213
973 65 100 221 351 237 106 150 63 34 157 239 163 102 24 187 253 58 278 220 171 108 245 116 136
9 94 63 36 159 115 269 226 28 4 144 296 214 160 259 13 233 262 170 165 19 236
2 16 57 76 131 144 179 217 287 299 201 127 16 113 121 63 26 6 139 182 98 74 232 44 157 185 217 67 180 160
6 9 71 93 99 32 136 98 199 262 280 118 80 168 189 198 144 14 112 135 85 252 171 113 166
69 237 246 806 204 75 107 14 75 92 96 92 157 204 137 294 127 327 17 138 650 235 242 149
54 63 152 228 806 52 263 89 201 252 33 84 49 127 173 109 126 290 233 194 291 267 203 93 220
1 146 157 176 253 257 293 288 19 247 242 177 155 260 275 151 183 266 203 228 8 53 298 60 273
14 83 202 243 261 806 51 278 282 155 124 266 254 215 224 4 263 127 281 135 128 76 194 63 152 40
89 147 258 157 131 269 237 29 241 50 143 278 214 228 142 238 16 279 93 182 169 271
94 183 244 274 308 237 192 69 263 45 219 55 212 87 21 16 296 116 79 113 171 27 4 118 82
35 205 821 117 197 65 44 99 169 271 161 294 92 59 276 79 232 247 127 110 285 77 280
142 146 152 220 237 297 210 156 171 109 108 155 38 298 221 11 173 51 222 275 74 176 206 76 126 190
82 96 118 261 275 643 163 643 7 7 224 67 643 163 246 209 327 161 138 81 203 119 140 174
973 30 206 806 293 60 103 194 215 14 288 176 225 184 249 63 157 294 254 255 164 130 64 262
82 185 220 287 180 275 275 275 165 69 44 275 69 246 209 327 161 138 81 203 119 140 174 65
49 351 55 62 88 48 176 60 199 17 87 204 283 122 22 142 123 90 35 208 144 6
973 198 286 130 274 197 85 254 144 269 221 200 270 61 291 128 64 21 50 8 93 65 39
71 101 250 864 5 214 298 118 224 298 7 7 5 69 163 214 246 209 327 161 138 81 203 119
138 229 238 275 291 260 173 84 92 137 111 89 192 284 12 220 178 8 253 100 19 143 62 266 165
973 98 132 806 241 14 218 186 19 93 222 293 257 220 278 149 221 13 286 277 245 32 81 292
6 191 484 484 484 264 535 645 19 264 484 535 953 19 96 535 198 194 746 861 868 102
44 227 60 191 260 221 94 143 16 162 247 15 65 95 296 72 18 208 216 264 0 160
806 43 226 37 284 65 274 114 36 209 168 254 129 16 251 111 2 150 108 182 127 127 193 8 280 131 45 116 36 52 248 167 182 138 6 65 172 46 178 163 2
973 85 286 351 806 98 194 13 120 272 209 97 1 185 180 183 75 59 36 176 71 237 145 238 60
151 189 228 51 43 6 65 34 286 52 162 296 41 242 277 124 107 237 295 142 56
131 645 806 122 236 65 208 52 63 143 101 116 292 78 164 19 130 14 225 199 115 108 33
37 155 159 282 308 24 211 120 226 161 153 84 289 181 267 40 12 259 88 46 224 99 16 76 229
448 645 282 41 193 66 59 130 187 73 70 283 90 138 183 266 121 57 210 250 170 16
448 279 279 362 273 289 174 274 132 264 118 237 103 953 535 78 36 257 22 241 449
973 207 279 222 151 239 71 273 34 203 58 120 129 40 78 79 282 264 257 43 211 153 230
12 146 245 93 140 93 109 196 93 93 4 171 141 226 30 448 898 351 898 108 116 224 10
45 50 244 272 203 139 193 30 123 112 35 64 81 97 173 269 78 41 286 188 29 42
46 271 186 122 222 154 42 294 157 84 164 194 91 173 74 111 264 83 23 220 17 272
32 57 122 91 177 39 275 11 296 34 201 196 269 216 182 165 223 139 36 72 167 295
23 86 87 248 125 206 34 185 191 132 238 106 83 35 87 175 112 21 19 32 38 22 237
67 135 159 196 199 285 362 177 292 64 149 272 199 60 77 220 221 15 242 88 122 87 290 216 156 222 212
936 72 86 227 288 207 27 217 138 5 184 189 60 62 244 202 75 57 86 81 160 9 137 53 278
36 261 72 244 45 49 136 279 248 211 174 121 65 230 86 153 290 283 109 298 199 84
60 101 132 148 662 168 27 119 94 209 278 67 98 162 296 92 140 75 208 215 31 233 52 228 290
54 93 112 270 290 165 11 108 247 180 96 289 67 37 263 78 239 44 260 208 191 160 169 125 137
183 191 223 232 123 295 22 79 80 239 225 107 296 224 56 76 64 122 71 220 130 29 184 172
13 26 102 161 220 68 222 65 257 49 85 147 262 259 219 224 175 274 156 20 165 86 34 298 114
936 56 126 195 137 202 102 271 98 111 270 227 190 203 201 171 129 64 181 193 44 14 114 13
90 162 181 251 79 115 126 198 289 298 148 253 119 179 180 95 57 267 255 167 287 33 54 120
936 13 92 183 237 587 177 19 269 150 102 6 38 47 178 100 5 270 126 228 1 212 97 27 271 73
42 236 258 100 34 28 177 188 136 116 267 209 25 8 148 282 13 111 182 170 42
151 137 250 0 185 248 94 186 138 191 177 16 215 296 270 140 64 23 101 78 259
47 255 285 49 149 169 74 137 268 254 180 12 32 69 221 162 219 245 48 165 264 298 198
64 245 267 275 191 30 172 147 120 221 281 275 44 210 87 218 189 160 48 162 119 200 42 270
57 73 117 44 14 124 19 24 5 215 134 169 166 78 42 155 85 76 90 268 240 271 33 47 292 59 228 121 27 148 172 225 106 57 114 108 5 156 169 262 86 71 94
56 72 152 166 294 936 650 127 454 454 259 650 259 327 269 699 6 121 291 43 898 128 335 67 175 230 178 242 216 267 272 76 293 210 227 234 56 154 26 69 194 79 296 187 58 73
46 56 67 229 232 232 61 145 33 44 237 81 292 283 83 122 1 159 117 75 63 121 23 144 197
32 135 171 111 95 185 43 95 104 104 185 137 294 127 327 17 138 650 235 242 149 246 168
43 280 147 136 78 189 253 84 250 251 164 103 8 276 269 205 299 193 157 241 91
77 233 645 18 3 265 196 24 136 230 297 112 0 279 167 206 39 66 60 162 33 158 49
23 114 217 130 130 750 114 750 180 136 246 209 327 161 138 81 203 119 140 174 65 262 8
172 26 100 135 290 234 223 92 126 177 27 154 242 109 209 131 271 254 233 252 30
139 189 239 273 85 212 2 29 54 283 72 273 57 261 17 132 149 0 52 289 21 227 179 162
6 23 37 62 94 171 173 207 208 258 264 139 149 191 76 327 139 847 936 269 699 6 121 291 43 898 128 335 67 175 230 86 12 8 241 94 114 63 76 192 168 284 139 173 230 101 295 93 201 245 248
1 206 806 279 21 128 136 38 186 36 3 2 260 100 167 286 80 253 37 254 285 292 31
66 198 205 308 201 187 261 158 168 137 23 48 115 135 60 207 58 100 221 222 224 145 232 98
17 206 274 645 112 88 50 197 197 222 179 50 197 237 112 268 203 274 184 104 746 606 95 662
152 75 24 329 936 75 937 198 198 198 620 137 294 127 327 17 138 650 235 242 149
110 158 159 186 249 258 288 645 49 13 72 109 85 244 251 270 106 123 272 23 175 210 7 181 118 132 143 266
134 146 201 287 645 154 124 117 117 262 100 12 75 195 189 262 176 371 246 17 79 568 275 96 2
41 253 351 185 111 244 28 136 299 86 90 276 5 53 271 235 41 178 248 65 217 220 224
58 123 178 136 26 167 286 283 181 228 115 50 138 248 247 31 179 60 193 107 254
121 168 628 105 16 38 49 24 46 222 154 239 138 279 242 52 8 123 183 189 230 79 287
19 128 282 299 190 193 142 57 101 192 74 11 106 0 234 268 14 91 208 111 155 252 278 149
917 35 100 165 255 258 265 180 15 249 151 162 27 31 206 231 280 94 1 230 112 212 204 134 261 25 219
184 193 241 250 628 645 290 169 52 163 19 53 142 252 199 211 90 285 44 93 248 51 244 140 135 45
13 26 272 2 118 116 57 115 129 258 83 264 76 126 281 137 139 47 141 81 133 262 238
45 60 61 176 242 254 112 112 44 32 89 89 89 203 274 184 104 746 606 95 662 267 993 209 267 32
28 29 35 163 223 259 265 351 243 264 252 238 207 204 42 193 240 237 169 177 184 220 68 72 230 179 181 235
41 118 54 83 253 190 18 128 143 240 6 93 216 96 50 53 3 108 234 251 36 105
61 67 99 109 198 209 269 238 391 983 21 114 391 114 503 503 269 699 6 121 291 43 898 128 335 67 175 230 67 219 254 260 133 287 117 55 63 221 273 250 84 19 104 60 69 10 42 211
27 251 176 273 137 138 240 199 85 222 288 98 184 242 32 121 219 8 141 246 131 102
70 184 229 267 308 98 243 286 114 983 182 104 391 391 394 104 394 269 699 6 121 291 43 898 128 335 67 175 169 231 164 119 167 250 57 71 168 235 9 177 206 60 287 292 200 83 197 99
68 150 159 236 100 96 575 265 83 45 53 83 259 45 45 176 371 246 17 79 568 275 96 2
34 196 237 421 87 104 159 195 228 275 121 31 151 235 286 253 178 7 136 33 199 174 257 27 239 105 232 120 195
116 288 317 749 266 196 64 166 117 31 141 259 128 86 173 215 12 223 169 126 32 213 160 87
98 269 261 243 257 188 146 118 54 292 62 283 95 208 276 290 161 239 262 57 149
96 97 136 152 291 138 225 267 64 81 276 28 238 21 230 293 20 127 212 100 226 113 14 45
82 83 192 229 294 37 194 207 88 98 123 293 126 231 134 154 169 219 239 18 282 195 187 101 83
61 64 135 245 132 96 206 287 114 65 79 290 197 152 278 254 269 43 267 298 10 59 270 196
123 206 293 195 233 298 65 91 289 232 228 35 247 8 103 296 214 3 178 31 79 155 165
95 156 229 243 271 293 25 252 54 55 78 154 97 276 58 143 289 152 166 168 278 122 282 41 212 283 254 0 230 19 156 47 217 286 126 170 189 285 68 274 134 162 172 4 269 65
4 285 128 225 139 47 150 133 156 120 197 233 67 234 146 149 279 251 48 194 222 75
100 176 210 199 273 62 274 260 43 279 76 15 268 162 64 186 298 57 131 247 38 68 195
69 206 212 337 199 174 61 220 264 296 249 10 109 76 238 237 38 270 292 171 68 243 107 18
30 48 143 530 88 139 164 69 31 49 239 98 57 115 76 92 4 220 187 86 10 184 126 188
82 108 289 308 207 124 216 32 257 267 276 12 195 284 167 82 235 174 130 142 224 96 140 290
260 278 142 45 99 160 285 118 129 171 79 223 242 169 125 297 130 208 96 71 184 287
37 84 281 29 235 37 41 278 184 75 230 298 124 33 273 112 284 99 67 46 111 24 14
163 180 247 12 176 86 199 131 83 267 89 249 33 97 252 269 73 34 174 4 211 88
171 135 30 17 113 11 73 163 23 130 266 269 183 214 88 255 210 86 59 238 228
108 149 191 284 42 95 187 37 286 93 246 46 231 163 160 255 181 81 175 226 229 94 197 213
49 103 282 308 283 16 173 294 6 135 64 256 290 245 238 149 145 17 156 264 127 210 213 46
46 237 113 284 12 149 223 272 282 130 229 85 294 189 64 11 138 94 283 95 253 215
17 37 144 238 271 278 358 236 236 27 297 27 218 353 71 278 975 674 79 42 292 109 218 580 225
179 206 179 33 76 109 43 81 158 66 105 7 199 2 100 17 224 235 49 153 34
0 81 234 262 112 262 174 8 209 296 192 63 146 295 153 225 274 131 227 35 5 120 10 126 230 151 232 135 237 47 189 78 147 207 75 243 82 262 129 88 279 13 7 166
3 52 83 154 30 100 32 22 287 265 141 177 171 46 74 143 29 278 132 249 165 21 203 58
77 103 119 147 190 255 244 140 212 165 299 276 273 52 71 15 103 151 190 116 225 128 84 213 133 174
25 102 144 30 127 43 212 297 240 252 145 122 124 267 202 56 10 6 84 177 162 149 135
4 34 144 254 285 123 59 221 81 175 238 56 133 239 170 243 261 104 158 289 166 253 235
94 191 272 282 207 109 28 36 173 239 160 24 112 30 39 52 146 110 78 29 138 171 63 223
14 42 181 233 272 290 149 126 258 191 106 108 110 164 167 267 131 69 186 3 225 296 255 160 193
799 63 202 279 16 148 236 298 263 33 84 43 248 38 23 122 278 66 187 17 180
18 76 152 69 250 167 206 120 211 130 218 141 26 188 159 157 217 17 197 294 106 213 65
16 21 32 101 180 267 293 32 288 21 35 49 63 167 229 118 181 122 230 66 247 75 215 67 97 42 177
94 99 209 227 232 55 239 102 247 134 185 24 58 199 201 19 115 290 218 296 136 150 124 64 61
9 21 62 202 252 82 208 132 67 259 104 242 291 16 216 119 101 9 186 1 228 150 160 4 86
246 148 189 207 140 119 13 60 290 8 5 204 181 110 232 151 198 182 212 298 205
90 173 179 193 218 221 110 184 27 263 114 130 85 39 15 117 119 298 65 183 59 93 17 111
5 187 199 271 210 7 288 181 178 270 285 19 52 226 43 126 1 289 100 154 274 260 198 121
67 236 147 149 283 185 79 263 276 150 259 243 295 220 157 191 247 237 75 19 124 164
181 239 288 56 285 260 293 203 174 129 27 245 180 4 114 85 253 97 88 189 107 117 109
57 99 118 123 246 241 97 124 219 203 96 285 243 286 190 284 90 157 22 100 93 260
1 97 119 237 260 37 172 64 0 88 127 173 295 44 32 137 115 289 228 38 291 195 262
39 163 223 248 99 152 285 42 153 167 246 41 131 53 159 262 183 87 79 173 200 36 195
150 120 0 94 93 161 95 129 275 73 66 190 175 280 258 70 105 60 231 166 140
5 70 231 104 272 264 133 140 159 190 2 294 52 30 111 62 226 74 189 267 202 151
48 193 217 269 128 62 164 268 183 118 290 181 293 275 95 47 204 94 2 170 49 88 37 100
70 174 258 308 101 175 6 26 196 173 117 90 204 131 269 122 162 75 267 40 49 229 286 192
5 49 130 139 205 206 238 164 253 31 239 105 228 44 98 15 221 235 128 170 88 62 209 257 201 199
57 125 214 237 252 196 275 20 163 60 119 148 126 260 299 267 283 68 89 100 284 237 255 209 197
9 134 173 253 279 295 188 2 145 164 115 7 32 103 37 203 147 12 149 117 271 290 219 110
0 8 27 119 193 235 259 273 278 115 24 149 35 1 68 29 33 104 262 223 79 288 91 97 268 86 152 99 235
61 172 200 213 121 113 125 2 72 9 268 251 83 66 179 7 74 155 274 97 19 105
41 136 272 250 148 75 134 163 286 34 190 188 64 129 79 9 144 106 17 102 210 267 60
22 29 58 236 13 98 246 50 29 232 39 67 287 216 122 190 140 93 293 147 149 40 118
33 46 70 151 210 237 252 293 170 21 270 291 109 159 264 9 22 141 157 69 131 20 101 156 178 287 16
35 43 217 169 171 109 121 250 13 9 8 34 136 278 152 207 111 61 53 36 187 89 257
34 154 37 4 241 117 96 148 263 115 222 42 272 193 273 22 104 12 247 87 118 191 9 121 135 28 176 89 282 179 95 72 272 46 251 5 113 108 115 210 215 100
135 144 180 219 205 40 146 160 70 48 142 52 276 0 192 141 79 3 13 279 296 273 203
111 252 89 239 153 60 48 154 247 17 112 69 42 277 183 226 19 294 91 281 119 134
75 79 226 260 76 263 252 80 8 42 134 205 212 296 92 94 289 218 227 50 157 58
42 137 173 193 278 264 254 239 112 22 142 230 30 88 195 236 216 218 90 140 64 11 290 152 57
53 95 196 277 287 283 169 27 181 263 102 233 112 232 226 289 125 236 64 225 28 188 177 121 75
92 108 238 249 276 18 13 280 48 74 121 216 8 288 92 126 222 9 93 233 176 149 193 47 271
227 276 277 194 23 68 269 156 85 3 69 202 283 170 18 177 228 82 14 118 243 121 274
52 91 158 217 139 55 128 275 10 162 145 295 87 218 7 252 79 58 21 93 259 130 147 195
109 46 179 56 43 48 282 131 73 258 273 249 50 9 294 72 116 192 154 34 33
36 42 121 204 229 102 196 29 222 249 282 36 55 213 138 82 220 53 2 109 163 193 136 119 137
9 98 150 287 159 271 132 207 238 237 2 127 83 284 264 168 80 153 68 87 4 200 121 117
11 42 180 150 294 244 162 16 101 224 266 113 52 176 1 241 222 283 237 81 214 76 249
20 46 77 70 58 261 254 115 50 32 106 195 247 265 117 163 143 234 252 55 167 54 217
192 275 193 159 140 257 125 119 197 271 61 128 46 164 238 47 30 173 138 264 254 82
22 102 109 251 258 289 123 188 198 222 215 60 219 227 278 241 291 26 154 22 108 167 172 201 179 90
98 105 198 209 273 105 260 165 217 286 191 296 114 82 241 183 40 245 71 28 203 24 255 19
44 47 246 177 142 30 200 270 6 255 258 137 55 289 21 185 265 139 232 80 91 298
92 244 250 283 218 180 143 121 290 157 6 21 138 175 292 213 179 97 130 173 1 81 195 266
161 134 139 236 49 255 166 250 289 160 277 3 296 66 290 253 186 16 242 71 201
32 241 337 98 292 267 280 196 187 256 290 50 232 44 160 90 72 113 171 53 81 191 244
136 151 248 199 19 226 264 292 4 259 3 245 163 288 247 297 287 84 8 145 79 272 180
213 216 234 269 297 132 179 47 129 176 27 152 6 101 250 103 153 259 43 228 122 268 265 40 201
56 107 51 294 130 75 121 38 180 44 292 3 285 61 298 277 202 240 81 53 46 248
25 131 221 124 9 274 272 180 265 191 4 65 107 3 275 115 291 0 178 73 70 74 52
254 32 38 253 12 8 299 170 197 282 235 11 155 99 24 248 126 242 159 116 236
24 91 102 145 212 55 244 31 37 299 39 202 90 183 83 232 141 189 0 30 230 125 115 12 133
110 153 135 201 91 20 35 173 55 101 292 131 140 235 129 132 184 211 64 156 82 258
231 37 80 235 61 67 177 217 105 264 199 91 176 122 28 151 233 17 8 198 291
42 156 180 13 83 228 273 198 233 70 174 5 114 33 38 239 101 231 82 58 293
174 206 115 75 217 286 276 178 146 223 192 142 137 94 240 138 19 284 93 149 203 290
177 249 266 221 222 89 69 8 75 192 265 129 18 174 96 216 298 214 137 7 287 272 275
78 225 273 107 127 87 220 296 64 46 248 219 217 241 12 137 299 255 98 272 177
249 258 192 4 202 136 291 219 67 223 134 41 278 164 214 275 206 169 130 70 265
23 192 225 226 245 231 209 172 68 180 92 154 295 125 196 80 85 291 232 281 247 122 97 219
118 196 270 209 148 162 57 244 144 38 32 228 221 173 47 39 6 21 99 170 40 54 128
93 114 187 216 224 198 204 160 278 168 207 81 203 125 88 215 98 68 45 239 16 7 188 171 140
77 155 183 146 271 141 237 37 47 157 164 172 186 231 269 8 43 12 235 66 42 280 67
47 286 295 150 57 18 82 291 69 294 173 234 110 239 237 284 146 245 47 196 247 50 54
87 95 297 295 254 31 203 187 74 20 212 216 226 33 222 238 5 228 160 12 225 9 78
18 40 170 185 164 290 266 222 232 230 40 21 246 160 113 191 98 42 22 34 87 26 283
185 250 295 264 237 252 173 220 203 297 93 68 298 1 76 222 165 184 209 21 223
30 227 298 55 254 28 229 33 96 76 114 80 161 255 185 134 60 40 67 199 87 231
5 77 115 143 199 237 198 132 94 112 149 75 144 8 183 204 26 62 194 142 136 205 9 60
29 76 120 217 220 94 272 37 118 289 246 200 202 11 128 123 199 148 256 212 268 208 125 160 235 29 169 223 16 55 289 205 60 12 148 272 80 147 281 11 260 98
37 70 166 298 17 241 279 194 108 130 202 212 123 78 149 133 219 67 61 13 156 98 170 26
48 100 103 224 281 110 180 259 164 234 72 220 88 168 106 86 136 270 140 155 113 102 116 152 224
210 281 231 124 143 195 80 292 90 250 168 176 185 299 11 13 175 131 20 218 111 213
72 133 181 217 100 171 283 28 204 105 85 221 147 149 262 101 297 108 232 97 226 167 59 46
22 81 266 134 8 106 141 190 7 281 242 291 222 223 212 270 62 252 158 220 90 229 129
169 273 0 14 285 162 49 295 84 70 12 52 270 3 75 29 172 235 247 218 156 111
16 103 192 55 290 33 159 90 75 119 141 107 36 140 145 196 190 35 154 271 98 231
42 68 260 216 133 262 228 279 269 139 171 212 124 244 102 178 127 12 77 100 281 217 128
190 204 240 50 289 24 234 73 159 130 187 208 292 121 116 110 179 162 129 101 17
15 54 92 113 229 277 126 296 0 102 209 161 177 225 117 35 97 36 52 120 223 14 252 289 186 258
24 262 298 154 234 177 18 194 251 247 166 160 73 215 80 242 58 209 214 296 197 57 14
101 149 187 207 229 34 14 183 80 291 268 168 133 173 246 55 92 15 185 79 50 96 213
15 118 16 234 75 252 62 117 184 172 144 12 211 88 43 22 18 240 207 146 294 249
27 141 239 219 237 205 197 244 194 130 135 210 87 17 296 8 2 0 231 203 229
45 99 192 225 229 276 298 93 13 58 45 22 144 52 105 132 221 213 161 272 66 159 236 290 251 101 36
1 14 112 337 763 108 122 0 91 210 103 254 266 157 55 294 190 104 252 188 29 259 89 153 132
184 285 142 186 144 121 287 184 169 21 271 268 17 91 133 143 179 112 233 86 148 205
24 64 140 186 210 170 32 219 242 195 167 160 223 224 46 261 112 206 285 294 258 245 214 178
154 246 91 48 129 136 96 162 18 210 84 157 147 181 248 56 1 54 208 256 268
76 100 104 108 164 246 254 291 5 232 100 58 165 72 63 240 109 175 85 274 290 11 14 54 294 203 244 42
67 105 2 61 55 265 60 214 19 143 25 286 66 295 188 80 184 118 36 76 3 283 119 30 86 176 97 283 103 207 90 180 221 165 27 32 95 226 76 122 74 91
109 241 275 259 45 64 231 293 176 255 195 93 137 201 256 210 107 166 48 8 26 126
2 100 189 268 248 180 54 8 285 176 188 143 167 214 179 225 208 7 80 2 190 75 73 264 156 164 125 94 139 74 213 221 189 143 278 181 8 13 276 87 195 196 177 288
225 135 222 67 247 271 297 240 164 275 245 172 242 250 181 7 155 13 120 207 290
7 96 150 297 25 201 178 66 176 229 65 169 151 8 135 157 165 185 206 197 85 100 215 147
73 190 256 296 289 167 143 173 123 254 51 223 131 137 96 135 232 60 149 64 133 53 156
161 170 156 71 27 63 64 104 150 93 211 293 68 209 145 154 164 134 275 112 221 195
292 252 102 3 268 277 90 219 298 38 185 64 127 23 220 270 248 282 206 170 258
39 102 133 264 34 252 231 95 205 101 118 234 248 15 75 277 56 21 264 294 174 116 238 108
272 237 130 226 49 258 14 109 13 104 53 47 10 113 50 72 120 3 89 267 15
35 69 16 65 106 199 147 254 3 21 273 48 42 159 299 28 52 241 153 247 245 62
4 17 61 190 265 216 159 65 202 181 147 136 73 89 75 76 177 40 264 269 115 94 134 279
13 57 103 107 140 4 31 40 298 61 90 99 128 113 197 295 275 211 254 125 262 292 115 97 170
2 13 111 32 48 239 231 96 232 224 84 277 9 42 172 132 238 135 236 75 100
239 231 71 74 84 208 138 62 97 73 135 56 288 213 6 136 15 76 163 184 248 149 293 271 54 234 248 188 162 142 15 186 245 26 22 148 106 173 243 275 179
53 136 244 273 153 256 297 276 246 130 94 67 21 145 22 101 164 59 292 115 241 126 268 131
103 206 158 53 225 262 85 250 236 213 77 288 261 285 45 206 116 237 286 114 105 297
84 115 337 18 175 81 222 183 201 30 266 21 219 173 149 204 106 270 110 228 170 202 105
109 157 241 530 27 41 164 182 160 129 159 95 242 64 137 166 90 97 35 115 20 139 14 96
23 53 114 146 188 274 299 199 144 168 27 81 98 15 220 248 92 77 226 165 268 134 44 283 269 43 115
23 45 106 105 74 38 215 262 76 97 12 162 230 63 297 21 45 176 48 270 75 173 65
52 69 146 159 191 234 256 183 3 108 120 112 142 1 174 165 193 190 239 128 282 241 233 6 111 140 136
88 180 191 266 184 110 121 180 200 67 50 225 179 35 275 149 26 64 130 144 42 20 55 299
1 180 203 136 150 119 147 13 257 271 88 110 176 56 143 130 189 197 37 231 34 45 4
33 299 46 279 146 184 291 9 260 297 10 239 264 45 51 190 257 205 269 256 185
57 66 211 252 265 233 284 72 273 256 191 6 62 128 153 252 4 53 178 3 105 253 54 106 58
268 284 152 146 277 167 141 123 9 39 130 176 63 108 211 187 116 102 228 151 129
92 173 209 227 246 22 203 276 146 124 81 42 21 121 297 5 230 12 28 239 275 80 100 246 212
73 101 194 281 246 296 223 157 110 146 260 3 196 238 46 83 62 244 216 30 33 69 232 187
63 191 226 105 199 139 37 75 278 46 208 18 182 2 99 51 166 43 71 111 204 52 295
30 60 85 160 162 13 30 206 296 154 25 285 138 11 57 241 204 240 105 250 0 132 121 159
11 87 249 265 221 15 260 165 294 96 212 226 16 23 2 242 89 273 246 205 256 175 185 65
207 249 272 124 274 224 20 210 38 69 207 151 251 85 183 45 0 21 55 141 121 169
52 194 196 268 294 34 223 73 77 192 191 206 283 100 69 66 157 275 12 239 53 255 225 213 278
236 162 35 259 121 13 58 182 189 245 72 242 224 114 241 263 156 90 153 14 255
32 182 216 218 254 530 12 176 177 129 160 149 84 203 195 214 248 189 14 175 221 51 184 172 241 245
52 98 280 123 202 175 177 293 112 182 89 103 84 38 67 297 97 86 24 149 285 165 143
70 72 92 205 131 76 168 169 276 51 29 30 215 19 36 103 4 119 75 35 91 258 2
87 102 203 211 285 107 211 185 17 197 50 98 90 55 134 260 37 174 118 41 192 59 297 83
27 247 275 99 184 167 33 138 56 128 53 64 74 186 208 10 149 291 192 183 90 269 210
83 30 146 11 166 286 266 64 275 134 295 73 181 221 132 264 142 36 27 128 284 79 233 31 107 101 271 258 106 191 295 299 146 119 174 62 82 63 239 84 216
144 239 530 121 273 160 172 48 73 128 262 83 223 7 118 279 287 295 165 209 218 213 137 232 196 239 59 153 211 81 7 121 60 236 285 292 188 118 90 88 213 185 157
0 5 106 295 251 124 55 130 67 0 43 87 25 138 131 150 84 292 276 271 163 93 108 53
162 173 174 234 297 159 272 59 39 217 286 162 54 88 249 149 212 243 130 135 64 266 260 258
119 182 103 69 221 71 157 10 133 64 91 19 169 184 204 297 286 149 65 282 153 58
6 105 121 157 270 127 34 129 3 84 263 258 109 262 179 126 88 243 282 87 205 24 8 215 60
93 146 233 78 241 223 285 156 85 125 282 237 187 119 202 33 64 219 235 193 234 109 289
86 134 257 609 125 219 150 64 163 40 11 257 145 171 55 289 179 58 276 25 99 264 197 192
94 99 156 223 257 4 58 285 252 238 295 20 37 236 115 13 190 104 83 123 38 100 234 263
17 30 147 192 261 292 272 1 66 164 123 229 295 209 159 155 38 219 296 112 238 76 47 52 28
17 169 266 58 288 164 75 97 78 138 103 213 2 41 181 117 235 146 158 231 190 101
71 202 51 224 187 15 217 208 148 82 90 277 27 290 2 291 203 172 53 236 166 139
24 46 108 196 261 240 164 24 127 189 154 186 190 172 109 59 70 117 197 81 278 161
128 129 100 244 20 83 173 143 65 175 285 148 190 124 159 78 187 111 122 253 54
18 84 290 90 220 28 145 236 195 165 39 217 238 284 122 297 45 65 183 107 42 94 250
83 106 133 232 308 40 265 207 93 50 125 132 68 70 88 24 243 134 251 71 296 34 203 231 278
44 67 75 79 175 208 284 224 149 134 165 156 130 171 72 221 232 36 70 277 125 200 84 8 68 163 79 194 111 248 42 154 295 171 179 240 239 202 79 69 230 215 260 172 110 0 118
66 96 97 111 156 228 290 39 101 224 291 36 106 134 128 95 65 173 144 277 191 117 153 12 114 210 253
17 58 241 7 232 147 106 179 36 256 109 192 200 150 29 156 152 153 164 261 278 81 4
87 192 156 62 268 6 209 108 246 121 76 10 287 242 244 255 247 202 55 38 33 144
58 126 199 79 7 47 67 69 188 265 11 58 209 82 60 140 40 57 242 231 157 96 99
81 102 153 41 102 244 177 271 38 25 77 83 275 255 195 228 287 272 3 26 291 299 207
26 86 255 160 177 108 97 38 275 180 226 148 115 72 174 192 228 9 289 287 200 202
65 149 214 201 37 256 69 112 145 153 298 132 59 96 285 118 225 105 159 39 262 61
53 239 57 66 55 106 101 110 102 36 278 232 93 30 142 151 214 206 215 269 94
183 176 252 170 209 108 25 61 64 3 54 128 32 124 266 295 38 169 298 75 16
136 168 194 294 19 239 41 93 269 232 98 222 227 153 228 77 206 203 56 42 117 9 287
101 221 177 273 236 174 226 11 128 161 26 162 151 97 184 293 88 290 156 234 258 222
