8 83 91 145 230 268 71 76 79 161 640 485 411 998 954 778 561 314 887 177 446 40 960 225 727 427 558 241 948 386
13 22 180 198 257 619 777 990 693 244 794 936 504 653 905 263 247 271 897 457 183 310 863 29 278 409
104 159 250 116 65 186 215 122 112 203 255 183 222 224 56 23 174 158 296 270 214 123 20
989 16 102 105 191 296 680 67 217 207 67 135 221 67 67 1 248 192 2 407 85 137 278 93 125 207 206
59 183 229 25 90 114 17 79 235 28 253 25 456 787 10 307 251 159 873 827 492 233 105
58 63 251 274 104 135 54 61 165 64 33 214 216 3 119 56 52 136 195 81 106 172 47
27 79 97 115 125 139 261 272 177 266 266 97 266 233 283 233 233 115 220 233 17 71 735 685 167 327 196 504 472 291 77 272 53 249 46 79 175 100 106 143 135 144 269 30 18 212 151 6 80
85 205 221 106 57 274 191 61 17 223 299 9 284 227 243 59 217 96 258 170 256 192 287
148 165 224 272 297 14 67 33 219 184 286 67 144 144 676 213 735 271 54 198 190 54 258 361 265
71 113 213 294 295 275 142 154 85 26 80 115 23 39 138 36 125 100 139 18 216 263 197 261
146 172 38 75 20 89 9 284 157 152 26 130 34 21 102 256 122 13 60 68 19 138
117 215 164 149 31 94 123 80 7 296 213 79 170 23 46 37 36 209 249 226 165
55 236 10 45 62 204 67 82 227 56 117 32 169 192 287 7 59 6 12 51 195
107 139 208 232 8 46 294 294 269 46 8 182 214 46 1 274 188 492 47 159 234 47 127
62 170 258 232 146 146 269 182 146 108 202 8 232 6 46 274 281 234 204 131 492 188 47
252 59 276 87 39 15 287 63 283 117 16 143 214 197 17 168 182 218 123 266 2
67 73 168 174 225 265 92 290 98 232 66 251 229 135 159 79 158 110 264 195 202 278 180 134 103
6 46 48 70 103 184 285 57 293 253 272 244 169 290 224 126 151 234 252 56 207 208 206 80 261 119
5 36 213 115 299 37 20 221 162 92 85 53 99 24 243 297 285 45 68 101 96 79 258
109 164 218 50 138 137 97 209 100 169 91 203 162 270 125 167 207 12 208 243 49 283 143
107 173 184 90 70 78 248 104 206 275 10 130 95 263 197 87 244 86 128 71 69 181
203 251 254 266 282 58 42 211 241 40 147 230 11 172 201 295 13 144 18 133 238 252 259 30 251 162 129 45 199 130 227 90 149 133 295 259 247 112 72 290 151 145 35 67 191
206 299 211 254 78 39 187 185 219 74 279 87 225 44 7 171 130 117 136 256 165
4 158 172 173 180 161 213 226 238 196 240 92 220 32 233 299 141 235 84 43 243 219 140 190 168
136 933 16 57 110 168 676 731 804 74 720 108 320 939 899 13 619 336 998 871 392 139 687 510 586 516 760
20 131 266 545 296 705 16 378 402 296 91 16 146 876 588 510 860 539 115 42 811 985 732
408 975 33 68 70 151 190 190 808 166 187 166 233 722 699 857 187 119 263 263 574 191 344 726 691 147 220 866 942 452 815 516 329 776 100 500 870 137 772 452 171 742 154 267 82 210
273 327 203 209 123 205 122 10 224 189 71 109 157 2 192 48 103 6 61 158 176 173
85 117 165 173 199 227 790 19 206 305 299 299 671 542 299 209 406 392 811 406 382 521 996 240 183 364 141 282 242 30 163 208 218 190 183 189 0 18 125 219 110 180 157 74 227 243 56
68 80 25 200 26 23 77 70 46 58 36 44 66 14 275 34 132 234 22 172 220 179
30 39 219 236 168 127 254 173 288 4 271 74 258 149 115 62 107 278 188 154 112 12 21 102
8 40 233 105 218 8 253 255 256 69 82 15 90 248 110 249 176 50 6 106 83 104 151
144 229 230 285 294 205 268 134 167 122 59 213 46 254 149 53 27 47 6 62 256 243 7
246 263 245 203 133 12 2 26 237 135 20 269 293 9 206 5 112 177 56 0 186 148
278 165 87 158 60 216 51 99 287 148 140 160 52 115 220 10 42 168 155 219 257
9 16 49 155 153 54 123 187 114 237 49 13 96 40 195 109 258 169 289 268 92 106 90 273
108 168 176 213 293 745 78 46 24 218 216 222 257 298 31 62 167 22 65 143 106 63 191 215 193 259
74 222 72 90 198 49 135 91 247 233 54 192 41 168 241 296 207 137 36 219 21 130
46 186 237 29 294 191 182 162 257 296 214 37 39 2 45 250 196 66 112 286 43 232
200 245 260 261 63 167 50 94 95 77 71 35 56 66 82 260 266 194 92 224 255 161 198 142
25 73 135 169 169 265 256 200 227 121 126 150 87 82 293 129 276 167 204 60 65 94 41 260
237 754 11 146 249 228 165 75 172 184 264 173 279 202 233 273 263 197 76 283 153 136
18 48 203 220 229 238 228 100 130 171 189 140 160 144 89 203 272 1 65 225 297 221 231 123 75 107
119 220 255 840 74 62 255 298 20 158 69 278 105 288 156 127 120 214 250 274 160 194 24 56
975 103 560 278 203 69 276 49 74 255 295 162 289 148 23 165 267 281 173 241 253 21 176
30 271 290 11 98 11 286 7 290 21 161 56 13 76 302 118 17 360 216 124 13 214
96 106 754 6 594 263 263 271 6 114 298 193 21 127 427 168 38 208 393 56 99 7 766
10 140 171 251 285 563 754 213 3 246 226 262 22 207 255 278 197 216 41 248 191 196 9 136 60 145 172
94 164 169 299 195 85 289 77 92 96 236 139 33 48 5 489 157 906 241 7 286 488 144
12 13 84 290 33 155 154 115 45 56 298 256 228 81 65 135 37 109 43 208 62 143 167
76 134 172 187 190 212 260 181 273 78 196 59 264 80 53 6 130 102 173 110 52 190 221 86 63 23 162
123 163 255 227 187 249 9 115 41 112 164 2 78 137 119 207 153 284 274 24 32 168 179
790 10 113 20 12 38 173 119 97 146 275 215 239 105 234 265 235 259 138 169 98
38 126 224 293 87 59 180 216 200 142 14 146 3 260 57 122 105 123 236 11 82 226 74 193
4 166 228 192 214 161 211 68 175 45 155 109 134 28 270 297 114 195 299 101 259 41 42
4 67 89 220 251 285 209 295 148 295 145 256 149 47 145 149 56 13 13 14 302 76 214 199 894 7
102 199 224 286 203 2 88 82 113 22 242 55 189 78 37 44 126 38 97 95 273 235 182 111
198 246 71 64 260 128 32 58 37 162 13 39 266 109 69 68 52 91 180 282 225
899 26 63 178 203 754 0 20 0 0 1 261 272 175 218 218 272 38 192 56 242 211 119 99 427 216
110 145 147 164 190 266 272 288 290 840 13 116 198 259 200 279 835 284 260 284 106 136 63 200 35 186 231 125 20 53 60 695 237 193 65 11 16 5 276 275 36 243 168 35 33 240 41 105 108 27 146 17 262 211
50 65 75 275 182 66 161 260 27 110 100 23 47 104 183 235 299 108 91 171 205 215 11 64
148 211 243 253 279 790 150 894 81 195 40 188 188 40 188 190 81 600 194 240 199 674 95 985 53 81
286 754 43 73 162 227 252 73 286 167 115 145 126 155 288 1 85 81 282 85 248 20
16 258 166 292 227 132 146 105 198 233 170 297 202 0 156 20 80 62 239 106 155
899 144 153 249 281 233 41 103 6 103 118 40 69 25 286 290 36 44 147 230 259 47 185 141 68 259 274 274 132 85 33 0 85 62 176 221 33 187 181 288 20 8 197 772 85 1
72 140 189 205 296 302 840 119 30 83 243 104 180 269 118 164 45 241 23 284 237 5 246 262 77 217 186
24 118 154 299 162 10 156 177 169 3 170 37 222 289 235 253 14 8 194 241 116 211 281 127
149 200 231 33 196 65 144 181 21 102 103 179 270 119 132 135 0 107 6 98 69 20 8
32 167 271 25 119 82 46 281 197 39 72 141 232 162 16 153 188 91 71 233 250 205
10 149 184 242 205 186 115 79 57 130 280 74 144 222 56 117 5 159 247 200 275 202 147 289
116 153 101 171 44 171 71 42 251 44 131 7 56 124 199 13 14 76 214 161 13 118
1 109 174 209 278 250 4 264 162 206 207 145 208 168 222 22 292 1 76 48 180 14 153 69 90
64 123 139 163 227 78 160 255 118 53 237 99 143 234 25 163 264 71 70 269 119 100 4 244
48 285 291 50 244 18 146 32 135 197 170 89 64 201 73 248 46 53 249 142 199 8 237
263 274 279 41 0 269 58 193 139 67 159 78 125 101 210 37 7 247 243 179 184 192 56
33 69 153 283 180 223 152 26 156 18 273 216 246 207 98 257 208 172 22 112 110 197 28
55 280 37 195 12 80 177 224 35 22 294 102 215 279 149 112 227 284 186 143 114 84
115 202 205 190 192 105 239 52 124 71 191 40 111 83 130 290 269 1 252 113 231 98 118
144 237 4 57 133 194 133 111 111 270 194 133 133 288 600 20 248 8 282 280 81 85
100 40 41 152 263 245 218 43 86 227 88 122 230 238 112 53 293 71 198 59 158
131 165 258 563 156 86 121 142 23 180 74 289 103 149 31 70 276 245 275 255 45 14 290 106
899 29 241 291 64 50 64 139 292 50 270 50 194 270 145 197 81 288 249 282 248 85 181 8
975 114 213 239 166 166 269 93 269 180 140 70 166 1 85 101 85 197 288 600 115 282 155
61 168 22 283 8 13 256 169 192 48 280 262 182 264 245 9 267 189 68 153 66 256 188 114 237 112 209 119 238 167 245 127 281 242 117 61 231 227 81 214 241
113 140 112 140 146 88 214 129 42 269 185 121 160 22 192 27 89 226 183 250 235 155
5 51 244 230 266 232 162 86 132 202 238 271 124 53 37 270 67 208 283 243 133 58 15 173 266 145 269 151 270 157 216 235 267 99 56 65 250 13 158 288 254 226 174
74 173 563 247 258 263 221 7 241 250 132 59 260 184 255 188 115 113 178 159 168 6 292
16 33 80 139 209 267 174 82 15 214 247 185 268 156 286 32 95 282 31 6 84 207 261 259 25 62
30 292 302 86 276 202 86 276 237 168 276 170 1 695 56 129 97 812 14 52 258 268 293
17 212 296 563 210 89 180 129 225 191 228 97 95 85 258 134 34 237 93 200 162 238 9 113
233 267 175 86 94 175 43 190 267 50 251 86 85 288 115 109 85 126 101 249 197
256 84 262 282 268 210 61 57 141 185 297 283 245 281 10 12 121 99 202 37 234
294 302 257 295 170 262 150 103 180 98 272 69 268 115 278 184 133 175 292 34 193 164
1 20 159 171 790 177 225 243 161 204 129 246 141 247 64 240 69 238 86 219 117 297 3 143 135
17 36 60 62 48 62 62 50 48 48 185 262 287 48 50 249 85 101 181 288 280 145 248 81
33 79 108 110 160 178 197 151 45 171 169 287 148 231 89 127 16 122 98 190 269 278 43 135 179 193 12
8 104 163 166 192 201 560 102 288 58 31 242 64 127 227 179 117 7 260 257 100 193 89 38 57 99 277
91 150 193 293 136 264 229 63 135 273 194 49 200 237 227 207 170 76 58 256 267 60 19 163
64 105 234 19 73 275 147 180 166 50 188 52 257 171 211 6 152 118 297 143 249 221
126 134 285 94 255 156 196 50 29 153 53 114 137 286 204 278 274 228 186 167 46 123 27
263 254 148 35 168 203 63 41 183 171 26 165 151 285 216 45 227 81 232 297 13
77 115 134 144 253 23 193 155 165 228 213 171 97 250 177 269 38 36 280 70 35 183 189 244
117 164 175 213 290 51 52 36 6 275 11 89 134 273 75 93 194 9 298 137 29 59 154
95 114 232 288 12 18 56 291 180 45 15 95 17 34 248 9 140 85 298 7 274 142 126
107 276 790 61 289 95 164 205 214 267 299 84 109 122 26 253 218 35 269 259 144 179 96
9 75 139 202 239 44 187 125 219 10 236 296 5 260 59 46 174 107 85 163 211 154 215 68
242 253 17 273 104 213 209 129 124 143 214 229 169 27 173 118 5 114 234 63 25 41
83 197 65 117 127 217 141 92 18 145 168 260 203 192 245 3 224 201 79 266 173 297
126 258 295 2 65 246 32 25 81 24 222 191 122 204 164 78 106 163 41 234 213 177
20 196 222 249 250 275 293 41 82 121 50 288 294 76 218 289 37 140 158 139 190 201 182 217 7
163 191 227 274 286 671 209 102 276 205 264 172 101 185 232 173 191 59 297 206 11 194 229 111 135 294
41 116 169 197 19 29 33 41 72 9 9 234 711 87 42 12 68 141 47 259 36 109 256 44 147 15 230 295 279 155 147 23 176 129 154 211 45 185 0 229 132 283 33 206 6 148 207 290
103 148 237 196 26 9 146 77 199 215 180 104 59 187 276 14 193 74 111 241 92 257 249
13 146 226 840 162 189 112 188 112 188 112 52 98 44 812 258 695 36 97 812 56 268 258 14
46 281 121 238 67 236 250 282 199 33 117 113 79 289 140 214 171 101 216 248 109 45
19 21 66 111 120 172 252 25 122 80 41 18 179 268 158 228 211 116 263 231 236 51 243 203 52 242 13
32 259 260 199 145 146 67 66 219 83 100 259 97 65 175 285 274 127 279 26 231 293 104
899 190 228 247 259 283 112 112 112 96 178 136 812 14 129 293 268 52 36 98 89 44 258
71 283 104 93 81 169 277 298 87 294 228 136 271 163 240 218 159 137 50 3 243 86
44 65 205 111 169 111 14 232 206 232 124 17 360 302 199 214 7 56 118 21 111 76 13
150 215 243 80 118 290 273 61 221 202 223 79 43 278 93 237 191 194 30 268 208 244
68 281 840 44 129 248 282 130 25 182 101 266 29 59 286 125 270 97 237 166 218 114 4
36 233 36 127 244 193 179 100 246 18 141 148 185 34 248 229 16 40 178 171 184
260 790 104 271 217 254 141 218 198 165 56 286 92 15 199 260 134 215 241 96 201 80
79 122 166 149 271 52 45 10 4 132 5 231 179 267 270 261 212 21 277 182 181 192 228
241 273 65 65 207 244 244 207 237 237 766 56 38 427 143 192 427 189 168 242 30 73
196 231 272 575 14 169 151 2 151 87 2 256 47 141 68 127 272 44 290 295 15 109 185 186 200 112 296 162 85 172 257 168 256 117 4 40 183 50 109 64 217 205 219
287 298 113 71 188 8 190 761 302 183 44 162 773 114 189 146 85 411 243 136 97 29
120 204 51 192 75 265 235 154 268 95 251 220 3 160 62 272 82 202 15 261 105
109 93 132 230 189 46 125 255 200 188 57 77 214 16 245 206 115 296 246 164 236
210 29 116 225 5 99 270 121 234 255 15 246 260 288 290 44 294 130 16 264 224
46 93 109 173 472 0 263 331 419 184 184 331 419 331 259 15 730 0 230 147 272 44 185 127 250 141 36 213 199 288 280 240 49 104 135 242 225 283 194 8 108 102 3 149 111 169 143
199 224 109 180 73 170 227 128 272 298 191 0 263 289 6 248 43 77 122 140 176 156
180 195 100 170 39 222 23 288 230 271 235 21 242 290 253 120 283 166 163 219 186 171
167 222 124 69 111 225 111 225 225 69 37 105 93 258 56 293 52 190 695 258 812 268
294 100 20 104 121 68 66 91 73 164 178 71 179 109 112 78 185 263 158 15 226
64 88 259 175 168 39 193 227 89 231 53 246 126 201 141 286 45 290 121 77 204 73 223
8 81 134 218 228 259 174 141 51 183 297 114 3 102 96 246 129 232 265 82 5 26 147 202 47 61
16 20 35 36 45 131 148 276 125 230 121 267 63 247 245 237 232 285 98 270 62 201 258 107 244 235 67 49
17 87 129 149 185 252 24 104 47 18 107 123 296 228 3 167 78 122 161 240 188 41 136 196
188 149 70 51 22 117 8 244 5 221 139 142 78 273 74 202 1 123 75 239 103
229 31 93 13 58 211 139 186 38 181 215 180 161 177 288 163 277 267 138 287 68
90 435 79 24 114 166 203 250 120 167 131 232 101 156 128 44 187 275 71 230 30 222
36 754 107 21 101 102 0 260 50 225 210 53 163 106 187 95 259 118 179 164 150 70
93 117 146 182 435 118 857 857 108 130 277 277 12 277 211 286 161 112 271 56 202 424 204 4 361
118 131 134 150 16 94 265 156 154 163 45 214 199 114 98 251 297 170 216 176 238 226 59
10 115 563 159 175 20 90 112 83 198 137 57 282 199 49 174 187 230 156 298 14 125 227
268 225 111 168 250 110 238 210 130 263 153 283 162 159 170 94 207 299 266 21 106
46 48 236 283 206 296 282 146 286 81 100 72 84 57 204 127 272 288 125 19 226 277 105
16 79 80 268 35 208 216 252 173 180 175 124 177 83 263 76 220 288 290 221 20
14 45 108 171 272 156 113 205 236 81 114 181 112 78 144 50 214 253 127 282 152 40 270 53
48 134 145 754 99 2 25 299 61 93 129 101 0 191 31 150 100 229 59 40 242 65 192 76
148 201 215 298 240 39 210 21 35 211 113 199 238 90 187 99 120 59 60 153 146 47 53 114
39 236 239 563 157 157 225 147 61 155 61 61 155 1 101 248 197 85 600 155 85 181 288 280
153 156 170 281 54 13 215 252 103 83 125 108 5 205 161 260 286 249 39 68 154 128 222 214
41 48 167 191 208 113 297 23 92 31 298 154 155 97 238 40 17 118 293 166 291 290 98 141
26 51 80 173 295 85 216 163 39 16 362 16 362 39 223 120 678 600 38 237 20 297 4 203 216 125 186 82 78 148 50 89 232 110 228 115 295 268 96 163 253 166 204 207 165 168 102
51 87 138 143 178 539 8 153 56 139 5 170 184 195 52 173 37 252 250 287 79 205 2 93 120 31
170 237 245 278 84 132 280 59 26 118 9 18 88 92 218 146 206 265 23 161 110 169 157 172
20 56 226 794 128 67 213 30 17 146 192 128 192 111 175 156 221 56 299 594 6 660 643 177
29 61 266 202 175 282 55 151 153 78 150 135 265 251 260 99 288 284 59 292 19 31 222
88 115 762 601 115 5 111 5 69 794 762 5 929 101 294 153 298 92 809 137 64 134
52 241 259 79 255 99 224 273 265 145 36 179 102 25 171 234 228 142 126 199 86 218 166
62 220 263 153 167 73 48 0 188 284 120 290 112 149 248 9 41 6 230 102 191 5 76
166 285 69 363 762 285 363 82 857 719 25 204 294 299 809 298 53 826 929 64 137
24 37 80 104 188 222 276 219 190 19 155 273 12 170 211 10 277 104 282 230 146 295 165 276 88 288 144
132 187 226 62 163 127 58 194 119 192 184 103 196 260 236 68 53 258 134 226 17 12 222
100 267 258 145 209 297 287 91 275 187 279 106 30 150 58 87 151 274 131 31 291 173
18 118 140 70 302 133 273 56 989 133 53 125 96 133 4 678 120 695 186 216 237 600 20 35 38 54 38 262 121 96 219 154 258 198 58 157 206 87 249 161 82 289 285 22 62
53 127 137 163 55 282 272 177 121 281 72 80 158 106 200 271 138 74 210 143 174 165 100 290
11 190 250 790 809 30 179 179 109 51 963 30 30 30 29 47 43 59 8 766 128 186 594 134
19 119 189 198 45 127 176 535 297 297 275 107 297 113 249 275 214 286 182 172 174 246 62 131 26 183 279 296
7 174 189 166 123 120 120 803 803 120 166 181 120 120 188 270 291 448 43 661 122 590 272 177 35 85 158 278 202 134 91 148 130 120 124 218 0 261 135 29 294 160 41
8 16 114 224 233 129 7 7 274 63 274 7 281 67 220 93 136 293 258 56 98 52 695 190 812
232 129 292 27 27 292 975 266 202 826 87 73 61 229 801 135 190 176 142 471 298
246 280 275 158 237 235 217 129 179 271 256 199 70 89 117 51 206 143 210 113 61 104
174 115 114 240 55 79 157 73 75 68 87 283 83 130 227 229 110 281 111 8 288
67 115 297 204 204 109 204 302 155 219 168 109 109 173 33 266 185 52 146 149 298 793 260
37 108 157 280 173 212 101 219 196 157 199 197 180 190 251 129 260 115 250 84 161 249 2 154
29 189 653 852 281 109 187 63 59 202 3 176 253 36 282 249 143 163 271 153 80 123 186 161
111 175 264 132 276 227 269 182 295 54 278 81 181 10 62 221 26 213 0 290 299
100 118 140 141 164 230 233 212 71 75 100 231 233 50 245 111 4 80 89 193 76 164 228 185 53 151 244
42 109 147 569 840 97 23 20 101 151 278 156 131 14 277 45 4 251 69 285 165 53 87 198 281
852 170 862 66 87 74 66 87 70 66 351 988 790 44 114 168 206 468 157 23 183
13 74 163 177 188 220 285 247 284 69 136 9 189 144 67 253 118 223 272 100 13 98 115 167 141 297 28
19 79 156 247 206 82 23 114 297 219 224 99 40 279 27 266 183 79 29 107 284 37 287 103
115 187 230 268 801 54 164 220 209 182 183 242 22 259 242 141 239 975 24 152 743 260 382 137 155 259 226 235 25 242 168 30 32 266 136 176 148 7 59 273 213 212 71 193 218 51 67
39 179 191 153 245 245 116 132 153 276 60 231 49 132 58 244 93 246 98 83 154 302 62
899 189 252 65 245 11 33 132 191 218 287 180 193 294 89 0 30 53 252 257 292 289 19
29 93 122 133 156 449 243 128 71 299 243 128 71 57 149 280 144 193 791 261 51 291 32 114 80 862
6 72 120 299 382 60 175 45 198 139 221 13 81 32 261 78 42 298 232 270 285 155 98 89 21
9 175 125 163 30 299 263 4 46 281 22 173 247 80 44 16 226 229 158 271 50 122
6 172 281 97 248 11 294 215 40 289 149 80 268 158 156 272 23 296 9 236 41 164 74
156 212 242 292 176 302 850 852 619 22 808 152 259 942 246 259 274 942 186 35 695 231 20 600 193 120 53 38 4 193 230 152 238 43 208 135 252 33 23 144 117 155 218 278 41 35 221 109
43 208 840 569 903 351 988 351 988 51 903 288 276 857 242 903 210 154 79 22 246 58 62
10 209 225 246 318 840 198 888 722 231 11 906 906 30 888 888 198 258 672 117 73 235 26 129 23 109
90 179 192 208 87 136 230 241 220 46 125 258 55 178 153 79 256 191 39 88 148 273 44 275
13 34 75 112 197 210 267 79 79 122 122 236 552 526 552 978 236 45 199 289 192 16 47 239 129 41 14
48 68 261 183 213 239 118 33 118 943 762 762 109 762 516 102 174 204 668 94 233 323 177 180 674 741 245 244 150 76 111 260 278 54 18 151 184 12 144 115 275 212 259 123 197 230
101 181 293 107 142 1 236 92 67 273 109 203 260 178 292 256 6 83 170 39 281 15
123 139 186 243 48 218 132 109 135 176 79 118 262 164 230 162 103 177 296 157 84
113 185 214 282 250 268 170 199 280 261 260 214 109 161 287 286 15 58 66 60 123 243 67
82 175 83 4 61 104 168 9 195 89 3 68 202 54 13 143 272 239 299 0 218 48
79 783 375 360 648 375 37 360 539 730 972 278 135 93 999 247 233 282 226 328 95 568
15 183 184 254 284 74 199 96 199 2 74 310 310 768 74 271 242 578 57 229 876 61 73 475 142
60 111 175 199 369 436 563 823 823 727 823 23 268 797 208 727 189 119 242 30 493 168 7 216 797 143 727
96 153 158 291 36 233 450 433 712 751 572 855 354 282 639 762 957 796 871 916 331 734 508 341 599 970 739
980 94 136 170 281 905 244 187 653 549 355 830 136 632 454 371 190 348 799 511 359 159 224 813 250 624 237 2 2 61 198 2 308 253 198 253 198 886 886 492 42 970 58 150 241
70 110 148 260 724 710 816 816 770 257 666 55 56 240 181 207 342 151 212 9 410 200 992 571
49 132 164 279 564 158 568 297 340 724 212 97 953 746 271 158 79 113 261 284 97 603 17 824
50 231 236 282 169 69 171 241 244 25 42 226 2 63 156 90 144 272 84 266 19 35 143 243
10 36 297 3 61 652 82 19 132 212 181 105 61 205 995 854 285 222 817 205 656 132 18
129 132 154 256 269 282 60 165 165 29 269 269 60 34 23 327 135 282 81 229 77 140 53 65
21 92 101 211 138 61 129 283 277 140 45 111 252 240 158 172 91 81 199 106 187 134 9
54 253 274 177 73 273 152 197 145 44 179 6 104 212 91 288 69 138 216 259 87 251 11 163 119 245 160 234 119 188 223 228 156 207 804 116 94 122 998 204 887 191 1
0 58 109 149 188 190 227 234 1 154 287 287 893 893 154 1 254 1 60 228 60 68 804 116 94 122 998
114 191 208 215 291 207 9 118 199 100 141 137 190 3 124 97 235 165 104 66 156 85 8 26 170
144 155 212 272 29 122 187 52 138 144 48 247 55 54 60 200 146 38 63 225 249 73 84
80 492 88 186 73 72 277 133 85 111 225 102 17 152 283 203 32 95 165 255 148 123 233 60 179 121 86 91 251 45 230 181 223 13 273 200 158 267 132 145 287 17
69 175 198 219 250 284 200 102 185 289 171 163 87 172 40 144 101 5 27 88 81 217 230 298 149 37
111 255 131 245 153 195 51 857 51 8 51 231 47 140 216 125 274 83 42 154 278 4
53 198 278 195 138 35 0 239 16 70 168 221 119 104 215 289 24 277 81 290 105 34
27 115 137 217 21 100 157 164 65 73 80 48 250 220 257 294 253 83 202 181 133 136 170
67 107 513 110 201 135 54 121 201 243 941 287 847 299 169 886 886 32 11 122 58 150 241
93 182 210 133 244 42 238 110 202 252 204 246 214 46 122 289 73 298 15 6 201 294
30 123 203 234 290 47 291 275 49 47 162 162 63 254 162 971 32 857 511 180 76 51 274 74 184
1 73 165 228 297 162 110 108 207 103 199 27 80 279 137 227 247 135 164 271 19 73 171 35 46
513 69 220 33 220 30 30 187 220 194 886 886 32 11 122 58 150 276 965 65 63
45 206 245 291 76 260 175 74 148 195 114 15 273 100 250 33 237 256 279 56 116 294 266 297
11 104 126 219 267 123 170 5 199 263 235 125 282 261 68 272 114 187 59 96 42 91 88 297 39
82 158 164 228 255 9 214 148 114 80 109 176 156 171 93 154 172 133 195 108 175 190 208 84 32
106 296 43 176 266 65 141 192 101 82 277 286 92 233 20 49 214 100 268 116 50 146
10 78 143 249 36 254 90 113 148 230 155 279 143 257 175 232 63 15 67 26 274 295 185 197
244 248 235 71 245 249 64 132 109 192 181 262 87 145 221 182 70 138 122 299 156 53
113 133 299 262 16 241 186 6 168 160 138 35 243 4 170 114 255 175 137 154 216 80 64
12 21 31 44 104 182 196 297 284 201 86 269 171 282 66 73 52 191 214 53 185 153 4 71 228 253 267 186
66 77 278 287 222 265 222 225 108 261 41 222 248 886 32 11 122 58 295 276 965 65 63 89
12 35 94 108 171 215 250 255 284 293 193 294 251 39 98 220 261 42 296 197 72 223 160 213 188 26 288 71 295 32
57 159 229 272 283 173 112 288 48 130 272 61 145 178 220 258 206 13 278 57 189 49 263 241 56
126 13 1 204 211 17 229 227 291 281 224 283 136 267 176 81 202 128 78 250 130
35 73 271 285 56 239 125 96 281 250 4 189 222 211 144 193 151 165 138 199 2 40 200 188
73 197 236 47 60 21 130 193 259 128 197 57 187 298 95 177 182 86 264 207 218 34 290
27 88 94 102 237 278 10 100 191 56 47 251 179 218 52 142 230 232 53 167 81 128 84
174 224 45 270 299 113 190 44 258 38 243 242 87 238 108 250 278 239 83 271 109
5 109 174 68 194 165 254 277 248 116 259 178 77 246 112 126 187 284 72 275 79 131 260
47 57 85 37 173 152 90 143 70 260 244 104 196 146 19 106 59 191 176 153 24 138 130
213 263 186 253 7 33 54 30 22 176 287 153 26 123 131 66 82 172 169 87 55 97
56 178 254 141 214 90 249 232 33 27 131 228 132 112 11 162 107 121 108 252 269 30 297 29 84 283 109 19 213 29 213 222 239 47 140 216 125 274 83 42 25 278 4
181 245 278 130 148 45 55 227 247 31 272 245 110 268 271 127 195 159 54 223 69 11
66 5 44 100 183 126 172 123 262 106 172 210 44 210 166 157 7 591 231 734 57 57 155 203 62 113 63 202 210 297 294 287 172 199 75 91 46 245 70 204 43 282 259 193 170
42 45 165 62 22 286 297 130 145 50 4 173 85 167 153 152 262 100 58 210 104 63 110
59 70 143 154 161 183 188 265 278 109 123 236 123 22 229 236 8 236 239 236 22 166 157 7 591 231 734 57 57 279 208 291 93 179 207 253 162 227 51 11 193 185 182 41 0 180 57 100 264
69 88 185 192 244 45 30 95 208 113 281 172 30 293 47 43 216 125 43 83 42 25 278 4 262
47 98 201 242 59 258 281 112 225 11 186 52 291 159 213 207 220 107 162 275 134 114 92 172
28 125 226 187 251 131 286 18 9 19 71 189 159 157 155 55 235 122 8 34 240 168 292
4 120 198 212 287 52 173 290 235 273 110 289 99 198 33 26 262 288 73 283 272 180 210 122
0 54 106 287 264 124 94 31 264 163 124 166 157 7 591 231 734 57 57 155 203 62 74 23 183 89 175 114 249 255 291 272 171 140 109 254 265 101 234 64 143 155 284 252
185 193 1 270 120 113 19 91 61 41 146 104 74 250 264 208 73 72 232 281 171 210
232 47 14 298 137 206 127 146 37 76 204 161 275 172 40 173 117 43 208 19 132
29 136 96 180 183 251 237 48 193 175 165 246 249 25 45 66 221 194 55 265 130 153
2 72 171 177 513 52 176 163 4 210 224 66 186 280 42 110 127 250 174 28 24 135 191 260 161
289 133 275 195 265 272 0 103 185 99 78 166 101 13 118 283 139 136 207 188 239
98 513 1 252 232 211 173 192 7 126 297 235 77 250 198 259 247 181 91 109 56 266
21 76 211 273 64 91 18 272 237 32 163 27 102 146 9 296 197 14 279 41 90 229
8 187 197 207 211 80 189 257 39 26 211 194 202 100 220 279 261 18 291 123 177 229 203 218 110
160 285 163 228 105 243 275 45 81 226 282 64 15 220 106 144 171 261 280 167 17 130
13 102 250 281 152 103 157 257 45 265 39 43 198 87 293 164 237 154 176 212 144 54 241 211
8 158 166 291 96 249 293 276 265 6 258 129 16 160 124 180 188 209 237 62 70 287 142 219
39 89 233 266 6 109 93 161 82 267 173 170 153 45 27 279 94 194 179 115 58 35 225
188 208 160 219 130 256 262 17 202 80 289 3 209 16 212 216 26 70 282 218 24 257
6 74 242 100 164 195 46 230 38 153 187 182 140 79 158 175 284 4 65 229 233 66 99
25 62 222 297 199 150 62 298 162 155 239 21 157 271 113 211 57 181 149 54 259 173 249 284
165 298 297 270 51 23 172 267 40 193 33 280 213 75 218 94 205 145 47 143 223 82
128 241 17 116 10 20 221 272 83 135 9 285 196 207 91 30 267 275 101 182 36 14 6 155 175 100 149 82 113 234 193 109 135 279 40 28 245 274 220 201 19 271
11 64 138 188 127 117 264 189 57 89 241 122 212 204 107 32 210 145 95 142 56 144 50
256 281 295 251 190 208 139 236 32 121 40 280 196 273 107 6 63 112 168 38 227 186 0
44 100 140 155 158 172 181 194 153 178 112 101 29 162 205 289 157 82 297 39 191 128 196 100 18 265 192 187
95 157 164 38 71 251 270 250 243 237 57 161 51 268 158 215 210 127 286 137 269 278 218
21 203 215 229 255 258 157 105 245 112 170 47 163 5 117 178 67 20 230 44 26 51 137 35 177
56 61 181 264 84 159 200 297 202 246 286 78 25 141 167 272 277 93 111 160 251 51 68 106
37 62 251 206 162 102 81 182 204 91 254 149 257 251 141 170 192 22 156 128 236 37 5
51 208 284 80 151 239 292 103 149 6 149 57 182 621 621 268 166 157 7 591 231 734 57 57 155 203 62 250 261 169 212 262 3 125 291 240 118 28 130 222 293 195 151 84 4 76 119
13 54 112 113 115 513 226 26 126 174 192 190 123 65 74 252 256 172 294 193 142 112 277 3 234 198
119 151 162 223 295 297 157 214 226 78 63 18 186 40 138 280 38 150 211 201 218 151 3 191 12 130
37 52 102 165 48 71 171 89 168 151 265 182 75 53 146 46 154 123 73 142 5 248 32 193
108 240 513 144 128 239 84 87 236 130 68 59 151 36 133 199 200 95 125 179 40 218 168
121 252 38 227 44 36 168 154 44 253 119 253 119 166 157 7 591 231 734 57 57 155 203 62 22 13 150 159 47 288 263 139 48 196 166 260 272 128 151 60 107 191 61 269
3 81 86 92 223 200 149 135 266 284 133 233 214 209 31 50 117 84 4 54 121 80 236 109 26
47 261 265 145 218 98 103 267 165 75 97 164 186 282 18 136 93 257 209 226 187
159 265 27 150 174 231 71 248 164 270 163 290 133 131 286 218 123 19 224 18 62 265
54 109 197 132 186 30 39 222 214 10 247 97 250 172 18 67 54 268 24 160 83 213
122 183 282 153 246 289 117 24 214 139 53 217 212 90 131 170 166 274 101 261 276 102 163
48 129 168 212 235 100 150 298 128 90 223 50 177 126 197 61 60 208 213 53 258 144 13 240
293 242 7 279 113 43 168 46 154 5 150 172 234 117 229 0 196 290 74 193 206
50 287 134 88 8 242 221 168 189 180 162 30 100 12 125 166 248 142 291 129 39
180 189 287 152 8 212 126 231 210 9 74 284 122 97 283 161 204 193 83 144 143 153 62
71 94 178 194 135 188 66 74 138 184 136 182 110 132 207 145 81 27 224 124 51 255 218 222
117 229 233 252 190 279 216 252 247 93 43 61 113 141 28 101 238 22 126 1 48 231 157 241
47 133 258 258 0 209 26 18 209 209 0 0 995 854 285 270 817 287 11 132 28 810
25 286 207 133 57 44 204 41 292 64 184 87 7 231 240 149 285 127 171 182 38 215
26 24 53 288 22 60 24 173 231 173 173 166 157 7 591 231 734 57 57 155 203 62 74 23 147 91 164 237 165 134 76 175 220 15 236 172 130 53 99 205 32 228 49 287
31 294 98 140 141 293 49 117 277 277 277 137 49 106 232 890 107 255 299 264 256 163 83 203 202 20 134 224 164 9 58 125 168 177 251 34 155 287 294 217 241 122 33 246 52 27
31 170 193 857 279 18 193 205 181 18 205 410 93 763 230 125 118 137 127 525 105 285
177 240 48 9 262 254 75 190 277 227 80 42 269 241 43 210 2 164 287 231 10 24
165 270 275 295 54 223 92 203 246 93 8 82 160 35 149 107 211 243 127 254 234 30
28 296 227 255 299 122 275 172 176 194 215 64 236 112 125 284 197 124 174 130 269 53
4 214 513 284 219 194 3 246 236 275 278 112 10 134 139 119 294 23 160 226 20 212 191
51 80 839 294 53 1 1 53 121 142 1 53 278 666 263 258 69 402 289 296 44 774
211 763 150 211 43 287 218 251 15 237 41 70 117 245 162 76 214 71 13 159 81 89
22 50 250 237 297 297 128 266 160 128 297 266 277 297 47 43 216 125 43 83 42 25 278
5 130 95 50 149 50 142 149 50 149 890 142 95 203 995 854 285 270 817 287 11 132
15 65 513 18 95 142 239 97 142 149 995 854 285 270 817 287 11 132 28 810 185 10 128
196 230 283 18 95 142 239 97 142 149 995 854 285 270 817 287 11 132 28 810 185 10 128
26 69 241 73 268 249 242 122 177 66 237 181 123 36 191 199 285 225 15 148 158 170
106 146 210 263 10 68 294 211 246 111 171 53 224 94 153 198 50 255 7 236 241 112 123
35 38 49 68 88 155 284 292 295 53 238 287 168 161 298 194 114 14 99 296 113 201 131 58 170 100 126 183 48
185 217 224 258 281 27 370 794 941 982 666 27 794 1 705 278 666 263 258 69 402 289 296 44 774
15 109 169 130 200 146 209 216 22 89 166 21 36 35 10 232 257 177 171 92 64 18 33
176 207 266 513 11 38 11 272 190 185 156 248 47 32 11 122 58 295 276 965 65 63 89 150
32 73 173 261 297 117 93 137 276 14 72 239 199 17 189 257 50 138 162 147 118 280 256 213 19
104 131 238 76 267 162 41 180 222 15 157 194 59 247 49 83 104 84 119 166 55 20 145
28 110 114 123 276 188 101 101 199 84 234 101 234 15 890 107 255 299 264 256 163 83 203 202 20 127 213 39 171 286 77 35 127 56 30 226 295 21 196 27 291 206 214 28 20 240
34 41 81 204 231 246 264 861 861 43 43 180 256 126 129 289 293 150 184 392 186 221 259 152 657 274 418
63 69 93 209 16 229 205 20 226 215 280 71 288 64 255 242 23 169 277 210 143 96 216 244
70 118 221 992 297 73 73 992 37 370 477 297 995 854 285 270 817 287 11 132 28 810 185 103 6 190 255 248 248 77 190 276 248 47 32 11 122 58 295 276 965 65 63
112 150 273 96 132 148 219 288 251 118 98 101 187 43 64 102 293 216 3 59 52 254 236
18 82 152 253 267 292 95 27 279 140 165 146 109 230 260 10 148 217 9 138 113 235 233 61 155 201
253 280 287 477 118 37 83 195 43 211 262 148 168 75 265 228 282 129 161 14 99 176 12 17
2 51 81 215 224 284 164 94 239 94 94 217 133 61 269 217 269 410 705 268 296 50 255 19 400 716
162 76 262 189 167 92 265 67 78 122 166 228 46 125 269 238 276 243 294 12 94
29 97 143 163 269 236 232 259 293 77 35 36 37 128 224 168 171 27 197 33 237 221 282 13 181
40 229 252 85 221 62 141 111 281 240 216 260 51 1 237 110 220 87 15 14 96
96 153 161 264 107 22 279 40 77 297 134 114 187 177 156 63 112 65 155 62 180 195 35 15
1 85 258 136 223 194 159 90 61 120 107 0 78 156 70 135 35 124 269 49 188 275
103 272 68 197 131 136 64 171 107 48 100 132 298 73 218 275 15 289 144 26 2 10
150 218 66 180 211 190 5 4 98 272 37 202 17 283 287 123 234 128 179 129 35 95
24 283 108 766 174 174 400 160 716 109 254 995 854 285 270 817 287 11 132 28 810 185
70 127 157 267 294 299 278 132 239 104 0 48 24 10 93 196 9 73 175 78 67 72 35 282 181 115
63 99 138 139 197 284 231 44 987 149 284 149 44 227 167 919 39 165 173 53 17 367 754 188 104
111 165 194 217 257 246 184 101 212 158 30 252 120 26 224 14 38 170 176 206 237 136 298 235 72
24 101 120 191 97 55 67 16 192 163 230 261 102 74 41 113 23 105 182 273 64 15 267 299 192 54 68 15 156 204 280 38 244 78 49 87 245 199 257 67 267 214 169 201
131 246 180 284 297 255 158 233 2 89 254 214 18 90 75 77 299 266 124 274 212 367 367 280 280 766 211 86 995 716 211 90 1 995 854 285 270 817 287 11 132
117 141 86 995 141 211 995 86 995 90 367 1 367 995 854 285 270 817 287 11 132
135 267 296 7 126 72 190 189 291 272 25 159 28 298 165 124 45 23 177 227 70 268
941 1 17 29 31 274 210 36 26 119 185 23 4 168 296 147 79 80 113 61 57 266 244 279 34 122
28 138 210 108 222 225 172 134 130 264 190 128 280 109 200 270 166 39 88 262 244 92 216
177 259 10 19 112 857 224 146 129 250 146 857 83 127 122 224 166 157 410 591 231 734 57 57 155 51 90 142 86 179 186 294 33 57 211 39 235 272 183 292 21 11 173 53 48
122 141 295 495 136 170 495 203 60 285 614 39 995 854 285 270 817 287 11 132 28 810 185
95 157 215 235 290 104 29 271 105 251 124 61 293 37 90 121 97 110 95 261 2 192 264 273 180
180 273 70 285 211 229 15 105 221 188 77 280 26 158 110 73 159 182 266 220 0 251
265 185 185 150 284 168 289 168 168 289 280 284 47 194 283 144 143 211 31 87 20
103 155 165 213 117 9 134 271 233 171 171 233 171 117 47 43 216 125 43 83 42 25 278 4
138 148 24 209 205 179 260 226 165 85 268 181 130 192 258 289 140 13 294 58 94 99
42 100 299 265 204 104 153 220 281 116 27 278 189 98 233 178 109 60 167 215 39 163 89
200 259 198 290 216 124 141 44 35 79 14 2 73 279 215 12 84 54 232 95 230 294
228 289 857 281 47 99 15 155 231 81 98 76 217 237 153 130 264 273 82 192 168 265 194
30 105 191 108 67 161 131 237 72 169 83 2 153 85 194 66 95 15 48 45 248 9
142 143 241 857 72 72 87 87 261 261 89 198 271 68 410 221 941 529 284 115 98 257 796
9 156 169 198 96 116 38 299 91 100 135 72 85 229 121 95 166 226 8 192 25 199 14 240
64 203 193 205 66 189 212 46 209 77 106 76 109 61 99 171 71 279 70 238 74 243
127 141 283 125 201 92 161 294 277 50 183 284 11 273 38 58 86 158 271 222 249 135
80 113 190 216 251 269 131 209 297 89 253 273 144 219 235 243 293 271 117 153 96 239 91 187 274 188
62 103 174 204 268 214 253 64 57 224 8 221 144 47 43 216 125 43 83 42 25 278 4 262 229
19 107 187 286 284 169 203 134 62 295 60 182 211 29 200 50 69 9 122 232 129 299 182 10 235 119 86 4 167 246 45 71 258 60 163 52 149 105 74 169 176 89
65 86 198 297 214 292 94 82 233 240 96 276 220 154 262 89 2 56 49 42 121 54 206 247
40 190 277 94 106 173 286 147 131 40 103 125 161 145 225 246 9 196 210 3 66 188 191
169 34 207 107 8 212 225 144 202 174 106 214 187 249 134 288 152 90 281 129 280
270 80 129 100 197 2 157 279 56 31 159 230 236 91 29 271 155 142 188 174 275
35 76 176 292 278 99 147 278 287 225 222 292 248 47 32 11 122 58 295 276 965 65 63
11 29 171 267 276 164 226 265 211 87 261 380 261 296 111 211 145 166 157 410 591 231 734 57 57 155 203 62 171 291 92 72 150 99 261 201 257 26 233 198 8 216 189 85 73 100 125 104
75 89 162 225 278 203 265 22 272 155 70 198 80 249 188 161 255 165 87 162 88 97 294 176 76
84 124 155 123 66 190 248 294 77 111 42 144 152 159 287 86 0 108 205 197 175 275 204
43 56 267 269 285 21 227 33 260 48 158 225 153 236 38 248 211 1 5 169 229 49 241 137 86
147 225 257 180 785 87 269 282 785 42 180 111 111 995 854 285 270 817 287 11 132 28 810
28 68 106 150 202 229 194 281 154 204 174 76 24 10 96 257 170 4 209 117 212 286 35 248
72 173 274 178 111 267 32 64 86 74 28 137 165 25 224 184 24 133 158 94 242 127 31
19 167 145 61 101 259 299 70 202 159 233 279 11 57 29 281 36 212 276 292 245 95
41 59 113 236 137 79 154 137 116 1 214 116 116 1 106 32 59 104 122 86 410 177 151 156
11 102 158 159 243 266 203 4 83 209 70 51 2 271 3 61 142 210 29 174 89 269 43 10 274 102
40 45 65 95 108 270 154 40 40 128 64 137 16 116 106 32 59 104 122 86 410 177 151 156 185 298
12 24 200 200 173 48 218 142 290 95 227 178 64 44 15 99 191 65 18 143 37 229 271
73 106 28 68 253 217 175 235 251 207 18 224 206 50 99 157 233 281 69 242 269
46 129 216 279 214 40 296 259 231 244 276 17 293 223 20 277 56 263 62 271 11 142 8 220
2 37 164 195 250 282 128 12 130 21 112 123 259 5 197 287 295 216 219 273 241 291 165 193 242
245 61 60 155 298 170 83 30 296 261 231 9 103 73 172 31 48 3 210 152 187
9 215 304 518 2 157 234 253 994 651 52 460 21 260 809 566 565 50 932 29 978 491 615 261 408 755 155 803
104 119 157 297 299 502 625 29 110 271 296 433 218 589 496 948 245 351 882 769 417 821 256 570 426 184 265 128 916 501 141 203 202 51 179 273 152 262 67 286 10 45 230 251 175 186 94 135 174 40 50
15 149 174 217 130 130 633 828 71 130 25 828 68 593 338 633 130 259 27 540 68 19 19 57
191 112 140 151 247 268 691 7 54 7 3 203 7 299 71 71 218 192 238 141 218 233 862 162 31 3 129 111 33 236 8 48 170 16 37 20 292 82 178 141 215 228 13 196 267 121
50 180 241 216 66 199 253 7 182 136 154 203 188 235 269 256 146 37 248 210 293
86 97 120 186 281 121 226 204 190 215 214 231 168 8 62 159 156 38 281 280 289 153 116 66 107
101 230 257 87 265 255 64 291 149 142 158 200 264 173 65 251 159 221 266 52 243 2 253
544 10 125 59 235 135 237 286 31 35 74 51 96 284 201 99 180 163 68 77 69
118 196 53 7 120 220 133 191 82 154 168 170 247 176 52 233 180 201 70 153 296 283
11 30 220 77 23 68 77 67 17 86 17 67 199 122 262 272 234 717 184 63 251 380 116 191 50 43 757 16 6 6 154 50 233 659 3 826 36 477 121 232 122 153 59
31 174 184 242 49 133 125 81 153 165 202 126 137 141 245 132 244 239 0 136 110 71 197
0 46 72 102 243 34 295 285 28 260 52 49 144 276 82 227 23 65 15 43 146 208 158 172
51 502 95 226 39 188 201 62 65 200 58 96 26 93 29 210 141 281 205 92 9 112 40 54 134 56 197 274 103 59 228 9 20 71 291 170 2 182 55 112 290 129
154 161 26 223 55 241 29 48 234 110 139 39 138 70 252 87 253 128 175 258 213 117
27 44 57 97 185 255 272 201 39 269 25 137 22 72 233 120 135 236 187 209 1 47 267 177 158 248 232
271 278 116 281 256 41 279 81 122 211 15 169 216 147 18 137 235 106 161 76 84
29 246 252 272 159 192 149 17 151 259 284 276 186 127 13 38 251 208 273 126 91 184 44 40 104 156 288 169 80 221 189 253 247 64 235 128 27 134 161 93 111 127 65 218
28 41 253 299 255 32 240 275 184 75 253 102 137 163 204 73 81 36 153 266 175 207 118 293
257 107 282 137 223 39 290 180 197 250 263 271 124 179 245 116 136 102 293 159 58
25 83 194 296 218 13 235 40 163 34 295 217 239 182 183 299 145 72 176 242 78 253 269 73
32 101 109 85 155 134 216 292 23 180 246 273 245 107 283 92 279 190 127 213 103 120 264
235 286 147 25 186 4 188 152 41 21 113 62 50 144 166 64 171 292 208 44 76 83
201 18 67 210 143 55 193 188 211 175 126 287 123 40 20 282 114 70 118 233 185
84 93 172 190 215 192 220 12 41 108 159 185 234 61 177 235 253 174 242 188 88 263 147 26 14
61 71 112 156 165 185 186 193 101 211 256 288 69 4 219 139 233 261 162 29 274 6 145 270 128 172 116
67 203 262 267 177 103 23 116 256 55 158 143 8 279 125 192 36 251 148 297 142 5 41
285 294 296 113 120 172 276 67 75 182 250 240 190 135 29 260 38 87 199 107 195 64 185
24 51 171 270 293 5 134 2 88 290 288 209 166 133 35 161 197 175 186 218 165 185 79 69 200
104 201 268 112 101 225 70 18 46 236 64 226 289 55 250 156 181 196 243 144 136 89
84 170 260 2 225 209 223 163 132 279 151 224 190 143 69 281 234 197 294 64 100
39 60 164 198 178 150 127 41 209 272 119 285 238 90 253 69 262 89 182 36 144 70 278 297
77 96 189 213 271 255 280 271 197 288 117 25 275 21 90 190 287 252 195 65 268 32 256 94
69 96 102 247 280 107 37 127 104 53 296 225 73 204 256 242 33 233 144 151 241 164 100 126 270
51 111 190 296 276 294 267 221 13 98 217 254 290 155 19 184 64 97 212 95 198 260 59
894 191 277 285 95 146 293 283 130 27 116 225 105 39 243 170 21 280 186 25 172 182 134 155 198 25 170 52 11 189 258 80 139 45 156 164 131 185 0 115 111 21 297 226 202 19 161 149 143 223 222 282 4 65 5 259 227 116 91 40 298 113 25 154
166 202 229 230 260 211 192 179 95 87 279 109 94 20 53 168 202 70 6 138 61 289 131 201 111
252 67 32 267 270 75 3 147 60 215 80 17 4 160 174 284 246 153 255 11 124
21 84 120 125 133 180 168 263 252 120 69 166 139 266 195 236 213 159 137 242 146 297 193 74 2 176
32 106 199 274 285 96 174 9 213 236 256 161 107 259 111 183 53 155 101 34 57 136 18 10 294
21 82 201 271 246 245 200 45 94 87 181 208 227 59 33 72 119 21 173 170 67 112 18 131
190 279 101 239 63 202 11 275 199 187 212 167 220 156 117 232 195 291 40 233 79
22 72 88 147 106 156 230 128 291 198 40 268 196 148 235 296 66 244 105 51 162 144 238 98
39 77 88 129 264 292 195 257 262 213 19 34 18 62 63 147 189 241 293 224 93 100 143 127 287 76
76 165 172 72 159 50 112 286 69 55 66 189 276 214 220 297 294 44 231 285 203 176 154
57 59 63 250 74 226 285 259 241 219 167 104 146 158 133 56 186 145 89 148 220 202 195
18 123 150 288 137 119 216 178 197 17 289 293 194 86 116 229 105 191 53 273 63 146 157
292 80 227 254 94 123 185 195 64 81 83 282 150 231 40 138 108 13 142 211 127
79 240 285 57 289 0 74 234 171 247 279 214 210 78 227 189 266 135 17 149 101 29
174 267 117 185 85 299 113 14 247 195 257 182 216 271 120 254 189 166 32 67 263
66 90 112 41 197 139 261 187 67 23 17 109 204 47 80 144 131 291 7 167 108 205 81
25 175 19 249 204 51 59 18 56 138 0 91 269 87 215 271 222 134 16 207 20 64
3 21 112 171 275 280 200 200 173 173 197 261 280 200 261 695 188 380 234 272 9 116 251 277 56 717
189 247 269 262 33 133 295 131 8 217 54 123 21 38 90 66 106 276 145 62 268 25 53
95 165 229 211 195 209 107 138 68 239 285 73 71 118 217 176 151 222 235 228 94 20 253
85 135 41 254 49 202 30 31 90 137 142 273 193 40 55 17 279 171 72 127 242 32
91 230 248 270 18 152 250 201 275 147 75 58 124 8 41 295 107 12 117 33 290 255 159 40
155 89 11 44 59 245 269 103 246 70 210 50 166 46 235 229 257 267 158 289 290
200 261 6 0 5 46 126 31 10 4 97 151 185 144 168 137 105 24 7 43 266 292
204 226 274 32 146 184 29 225 245 166 240 69 106 257 233 246 57 50 123 234 251 90 110
177 207 44 98 202 121 236 245 206 17 219 107 10 117 156 47 136 127 6 23 272 290
39 86 166 200 275 131 154 135 289 246 137 117 65 99 46 125 238 297 253 201 282 72 114 115 293
13 50 231 299 294 69 129 269 64 165 195 53 262 208 286 24 52 143 32 118 87 298 71 63
11 18 117 34 107 21 225 268 113 242 117 220 199 62 270 237 258 161 251 61 114 122 274
10 172 198 82 250 51 176 109 173 126 232 91 294 259 61 118 5 46 289 75 214 206 181
53 236 278 246 197 84 223 259 130 112 271 71 104 43 265 180 291 67 219 145 242 188 182
180 253 213 188 100 8 251 175 36 60 109 267 121 66 260 274 106 243 194 16 54 210
0 93 208 4 148 195 197 91 15 266 263 16 221 275 159 125 269 201 230 27 210 242
233 239 284 151 251 206 155 170 289 93 40 86 221 279 115 196 281 24 226 6 250 209 112
138 224 255 76 61 194 59 72 236 83 91 22 46 4 180 245 124 216 239 106 57 237
26 152 286 289 107 99 52 247 46 105 239 147 45 154 244 90 181 298 146 58 265 296 21
53 130 173 257 178 79 54 56 293 43 189 81 15 27 156 129 74 63 134 141 286 148
42 60 122 139 190 268 149 89 281 266 96 113 263 275 95 50 203 270 233 224 147 231 250 114 100 191
21 32 42 48 88 247 250 272 258 155 128 259 17 129 133 44 171 64 251 161 52 45 80 165 275 29 157 108
124 223 147 254 114 17 141 126 248 231 59 82 40 215 42 187 110 271 264 31 165
37 74 163 192 271 193 200 204 170 189 12 54 30 43 272 100 290 166 174 9 209 103 249
258 65 52 58 144 113 33 108 79 119 49 159 75 25 158 125 67 15 12 95 245
180 198 290 89 243 16 109 210 118 106 65 265 95 129 120 289 5 281 292 41 139 7 83 131 265 277 215 187 233 275 163 293 296 96 135 73 188 223 116 272 85 124 283
50 92 241 117 206 43 233 224 151 192 191 287 17 155 139 181 127 168 196 108 204 199 130
31 56 127 226 191 213 14 239 186 87 116 65 277 86 21 67 130 200 44 199 66 160 41 139
144 288 90 106 77 48 298 32 260 55 282 3 107 50 132 96 211 237 217 256 57 283
181 281 236 270 147 32 55 53 209 260 263 103 290 133 255 168 80 214 90 154 157 22
161 248 296 110 11 26 292 176 163 148 146 184 155 104 77 175 38 64 88 205 1 253 12
13 194 254 73 214 233 194 180 28 264 122 153 266 257 81 289 93 59 38 32 56 23 39
109 239 121 199 149 232 264 135 155 35 16 231 126 294 255 154 99 38 64 208 130 106
23 33 68 70 209 255 290 288 179 45 50 295 9 115 122 157 153 172 181 264 260 275 142 120 216 220
48 122 222 65 174 220 9 254 154 118 222 3 268 149 231 111 120 148 40 147 134 123 135 99 191 185 232 287 206 221 210 4 182 34 62 283 150 204 7 162 103 194 273 140 29 5 228 44 273 234 143 142 231 24 10 160 181 43 141 113 134 83 221
22 36 79 96 218 234 238 247 198 154 14 192 110 215 51 50 264 46 164 119 228 55 254 216 74 26 45 94
58 66 113 269 98 105 142 274 225 243 19 287 54 256 248 49 167 267 39 226 227 63 211
54 237 282 249 225 164 100 226 59 187 55 153 25 99 230 30 231 11 262 279 250 159 40
60 149 278 102 34 114 217 216 168 218 48 269 55 193 198 162 64 15 77 153 295 267
33 246 182 173 288 200 102 18 256 87 150 54 101 292 158 267 136 129 244 230 223 228
36 121 147 212 244 253 191 217 158 23 247 21 42 52 163 178 238 93 45 71 221 50 291 219 207 272
13 100 196 149 156 267 230 251 78 274 139 292 246 1 100 13 245 234 236 2 118 16
211 250 294 502 97 9 102 150 282 121 254 287 220 62 228 57 239 11 139 291 46 124 187 116
44 86 149 236 141 10 58 102 250 14 280 69 16 137 100 203 223 218 293 64 228 65 140
14 130 246 252 587 12 164 260 187 291 18 148 159 46 216 292 79 88 165 267 122 202 67 298 115
30 34 188 141 251 192 108 106 153 263 12 172 271 250 167 14 90 125 19 75 122 102 39
81 116 58 264 150 161 74 188 236 57 108 193 80 26 126 88 267 7 38 140 171
102 127 134 176 6 194 213 183 857 90 268 202 183 286 347 15 670 823 709 50 502 84 33 108
21 265 257 82 222 235 217 111 73 119 137 121 66 299 50 164 145 114 86 249 171 174
47 56 129 142 147 202 205 120 150 266 229 235 48 125 163 80 216 164 124 233 91 31 171 295 181 215
9 81 107 159 185 193 195 196 208 194 8 185 31 40 39 267 192 67 258 167 11 89 191 82 15 127 136 118
104 258 197 206 155 259 123 53 145 91 269 20 296 235 210 54 23 31 158 190 1 148
145 186 186 53 100 186 186 53 261 63 63 263 62 129 50 56 232 293 120 118 252
28 82 98 162 267 16 55 294 189 257 141 229 201 299 58 198 295 67 167 11 34 174 85 114 243
145 292 281 135 199 107 209 102 283 30 293 240 89 141 286 85 227 230 226 34 99
174 277 282 670 50 20 857 252 8 857 857 82 155 252 82 285 136 252 347 153 127 259 101 120
23 161 207 228 244 271 178 37 59 281 79 2 50 1 162 151 119 201 184 69 161 137 31 140 246 263
154 670 228 9 113 102 71 223 250 33 41 117 240 298 149 127 199 287 175 241 107 239
894 144 179 271 35 286 21 261 225 42 64 147 135 173 94 177 277 143 36 268 56 118 284 19
36 83 105 117 279 5 197 80 144 153 33 287 189 261 130 284 262 43 235 157 252 167 122
22 94 246 195 52 242 69 262 109 299 25 247 145 122 128 36 284 131 7 30 235 208 64
175 294 151 133 40 237 286 129 234 21 87 31 132 166 248 102 172 177 66 268 75
894 9 13 15 205 251 129 263 158 10 158 10 168 10 287 158 263 194 483 49 166 232 98 129 62 293
45 127 154 255 241 93 207 177 39 219 121 271 263 62 296 125 175 194 95 228 94
107 145 165 174 50 233 42 52 274 282 15 220 102 230 70 11 165 24 299 266 284 1 289 135
94 145 157 128 128 263 296 192 45 296 128 15 245 235 192 49 50 120 98 130 289 233 230
2 88 118 276 267 37 147 271 5 260 275 222 0 234 146 174 251 213 191 272 42 298 290 35
49 163 299 283 258 280 7 243 6 104 206 141 40 89 230 169 203 225 271 297 126 77 8
18 94 142 281 190 311 290 101 296 311 42 104 10 10 51 286 285 487 555 199 297 220 123 217 293 178 118 81 88 101 80 109 51 85 127 63 228 206 150 46 292 2 152 156
15 56 115 161 269 86 56 44 216 18 125 184 188 237 255 212 198 78 145 169 283 112 231 228
74 94 189 235 149 263 153 146 185 129 49 272 78 119 181 80 242 162 145 14 79 151 237
64 97 111 251 252 605 282 147 31 147 282 190 282 232 31 716 0 64 548 38 188 22 270 81 252 203
20 50 281 292 191 62 237 68 279 219 111 272 116 290 0 218 190 59 264 95 80 157 135 112
11 46 47 104 267 195 157 278 169 1 75 194 158 3 84 114 254 113 205 173 6 140 247
115 158 261 287 182 272 107 222 289 102 222 222 137 593 281 56 527 61 346 141 73 232 124 90
39 61 176 204 251 211 69 246 213 45 206 265 203 155 113 134 274 27 272 157 117 140
116 118 135 244 289 826 14 194 122 292 259 116 166 11 249 199 117 28 210 63 241 39 4 21 99 245
205 247 293 181 216 160 183 75 50 55 196 140 128 76 241 56 231 70 38 16 54 250 143
1 94 96 99 101 297 172 172 255 66 66 20 255 281 217 285 168 61 24 59 125 109 111 196 168 987
54 154 216 248 109 169 216 181 119 267 126 101 291 81 7 45 236 63 277 135 73 171 77 21
11 136 272 293 283 178 251 209 208 271 84 181 284 224 52 38 180 235 288 18 291 276 112 31
138 159 186 652 285 175 254 78 170 160 10 159 131 156 97 73 249 47 257 161 244 243 27 113
260 211 39 281 227 110 39 110 555 355 211 118 49 98 56 62 185 230 50 166 289
232 266 502 287 220 106 71 67 101 127 180 210 224 110 137 198 211 4 159 295 145 51 73
171 243 281 122 37 254 1 218 177 220 117 21 182 30 216 16 165 145 90 223 215 211 278
51 58 118 213 219 262 299 267 160 298 65 274 118 257 19 122 20 197 266 256 222 123 113 96 154 278 89
3 71 147 164 187 286 201 226 238 151 46 253 27 249 48 167 174 12 189 75 224 89 26 124
60 66 223 244 281 268 194 173 203 10 81 293 256 243 297 14 130 96 89 229 121 249 277 212
98 136 143 232 266 273 284 182 229 252 129 44 110 293 180 73 242 255 158 6 221 86 148 257 248 295 32
44 785 177 281 69 214 240 83 138 207 10 200 5 108 231 261 151 0 114 233 46 299
36 113 118 502 83 19 142 86 50 147 27 49 279 66 38 126 237 293 178 172 176 180 4 18
25 101 148 32 86 132 43 105 276 138 1 116 295 127 155 118 146 117 45 288 7 229 122
233 273 25 125 180 36 193 184 127 232 190 183 245 281 242 221 227 19 21 275 70
23 230 247 98 17 55 153 73 203 72 180 169 39 143 110 235 210 243 262 95 105 58 174
26 30 239 274 502 44 12 274 13 0 128 290 56 146 91 248 182 283 169 268 108 163 106 198 261
1 54 258 83 25 85 228 58 277 109 130 243 274 86 285 280 128 5 155 138 164 188 35
9 81 212 254 286 236 288 91 134 288 91 124 114 238 823 15 481 196 45 181 274 239 137 57 85
196 628 168 61 159 91 148 146 283 224 290 186 242 239 118 104 185 60 288 80 34 49
57 60 66 176 267 168 49 50 26 283 256 71 222 289 55 223 198 111 209 60 95 172 231 127 257
124 140 232 91 285 158 157 183 105 292 20 124 54 123 15 116 117 199 57 177 154 136 189
19 195 778 285 33 126 206 62 270 162 133 52 262 138 65 54 60 255 47 176 259 13 218
118 186 143 10 49 81 11 256 289 101 160 174 222 193 99 109 221 77 104 17 211 212
191 244 286 207 244 56 98 120 155 270 19 83 174 74 96 282 32 292 203 284 20 21
128 182 237 15 65 183 174 57 122 163 188 137 238 235 83 74 60 75 47 116 4 84 119
9 36 112 208 230 280 131 179 247 275 129 108 213 212 26 239 186 22 70 24 293 140 240 276 95
260 147 142 250 78 290 268 76 124 100 238 202 122 72 25 68 66 188 131 6 278
150 127 224 157 70 224 224 127 256 64 432 251 272 380 491 836 116 56 717 122 9
37 64 165 182 15 86 100 31 252 110 269 129 70 53 83 275 215 150 28 39 130 297 225 181
65 216 297 177 209 95 72 9 59 25 243 13 68 161 39 168 282 111 56 108 283 181 119
160 228 228 223 228 191 94 191 191 112 223 483 184 146 97 290 204 159 159 173 504
87 174 187 283 77 224 240 183 274 278 168 71 97 5 246 177 157 266 135 252 47 250 38 241
50 179 194 502 211 114 156 140 56 279 201 50 33 18 230 299 250 78 98 164 176 125 8 6
927 222 265 144 37 90 219 178 32 245 244 194 200 241 282 132 299 153 31 162 57 107 196
58 79 298 34 191 109 275 215 144 162 111 29 230 53 175 41 133 248 153 149 137 277 26
78 68 596 912 145 217 68 591 483 596 437 231 259 529 159 684 934 27 218 215 32
238 205 228 86 168 128 154 60 157 73 162 30 253 217 34 221 290 159 32 19 272
71 108 226 245 270 57 124 261 136 89 149 186 232 171 250 50 43 142 205 249 23 271 120 41 110
62 141 179 176 101 12 209 283 274 134 29 287 26 199 251 86 179 298 53 78 225 121 55
151 87 265 53 121 16 52 227 168 234 109 94 281 231 136 76 49 250 274 220 8
9 39 218 238 38 170 121 154 5 140 233 241 190 264 74 225 87 296 221 67 20 152 180 78 225 41 295 237 48 231 46 166 20 197 155 119 142 288 244 3 60 213 16 211
182 186 140 296 145 173 133 171 262 42 272 141 125 26 177 209 179 295 109 101 164
69 209 227 107 154 215 82 150 112 204 185 119 11 201 159 46 95 118 254 67 106 19
103 130 151 157 194 241 31 107 48 160 195 227 184 144 168 231 120 98 235 176 205 71 198 171
16 156 162 225 180 180 338 266 233 338 955 225 955 225 618 139 226 66 181 410 892 46 271 673
21 74 115 289 242 158 184 107 127 13 701 857 162 291 250 83 33 197 101 591 112 240 763 255 232 136 183 145 17 111 127 131 225 75 59 117 175 158 94 247 283 48 14 235
76 291 4 107 168 233 253 155 81 729 729 729 729 352 967 74 155 120 136 111 221 846 279 94 285 695 239 266 220 846 586 846 220 14 220 147 22 22 245 410 181 168 226 200 139 618 99
53 183 215 238 223 140 122 243 164 216 100 243 100 61 290 209 170 161 297 166 107 173 134 185
49 115 173 254 234 138 35 290 30 40 122 204 139 39 5 249 60 296 273 118 215 45 143 156
894 26 40 208 168 257 84 172 299 186 274 63 118 72 136 290 208 267 66 111 143 233 131 158
169 269 266 40 183 242 282 272 100 246 17 182 2 236 18 208 169 3 133 79 44 281
76 129 157 215 223 164 28 164 542 223 230 138 93 271 106 247 224 76 46 54 171 31
19 56 80 137 192 203 205 108 251 294 114 159 42 134 208 128 297 154 274 110 239 82 172 23 268 67
147 43 46 237 211 174 17 86 141 151 62 234 56 259 266 87 210 92 284 35 215
