12 20 163 226 588 934 108 162 164 280 193 268 182 36 230 282 194 289 68 43 40 48 229 34 275 152 149 24 52
411 22 30 89 133 233 158 48 256 118 132 73 40 7 9 29 20 165 90 229 194 249 147 85 277 135
143 173 201 247 273 979 18 65 78 115 141 213 189 903 707 174 87 903 931 501 501 125 451 501 490 878 73 174 274 213 451 46 5 99 292 17 116 123 257 140 84 105 48 168 67 109 219 148 76 275 131
222 249 265 132 113 207 94 189 83 13 208 31 106 192 82 173 271 95 34 68 139 130 131
635 22 107 237 192 248 149 242 44 129 271 112 117 231 229 158 136 204 220 97 181 115 126 199
161 18 118 45 224 236 227 251 166 288 157 291 92 183 21 1 17 279 85 274 99
238 85 259 40 5 90 63 122 72 181 258 292 295 12 138 61 19 29 45 52 284
297 9 147 107 85 124 63 230 191 269 236 92 259 146 278 49 279 71 264 23 211
473 208 52 102 206 299 274 190 202 64 210 227 120 223 187 156 225 84 86 36 167 211
2 111 142 163 265 143 169 246 191 45 199 0 213 279 62 298 223 289 268 160 156 112 210 287 173
165 220 191 214 28 89 60 282 61 263 174 207 244 153 22 178 131 50 80 268 169 284
133 244 252 220 294 202 25 68 171 148 219 172 78 61 42 1 184 27 194 176 289 164 292
886 95 130 7 160 250 272 232 255 293 241 249 64 176 285 210 0 120 33 254 288 224 122
101 280 89 6 237 172 225 151 88 255 221 179 108 124 247 60 166 79 213 8 7
109 286 287 296 16 177 195 150 200 174 89 22 299 174 115 845 110 339 200 25 71 851 71 197 175 838 90 119 273 219 126 20 106 261 231 249 238 145 211 288 297 283 1 74 43 75 114
84 106 173 216 294 11 272 144 268 165 284 143 121 119 70 265 0 190 201 113 5 257 71
203 258 286 52 33 61 293 196 39 268 222 237 97 30 43 105 158 262 71 197 135 248 218
55 243 45 262 285 128 231 114 50 246 144 18 223 287 58 278 29 72 145 248 129 162
87 116 273 290 77 105 87 72 52 143 285 197 218 4 41 290 262 54 99 177 195 2 88 164
620 262 83 223 159 25 116 265 50 287 69 197 203 5 272 54 277 107 268 15 259
15 105 124 173 180 180 103 119 227 261 248 63 298 200 202 64 160 50 21 108 38 268 269 271 122
76 174 237 250 101 161 284 64 240 293 94 187 80 162 247 165 159 118 160 218 138 166 271 72
6 48 53 135 197 233 278 105 98 22 73 26 170 201 151 84 137 4 293 166 114 111 291 82 251 112
23 82 130 175 214 318 429 138 318 349 393 713 55 67 87 218 255 265 616 948 113 129 201 605 756 814 466 672 732 361 103 640 199 544 330 596 687 997 223 214 85 99 60 263 77 225 289 118 141 153 114 31 284 75 15 78 139 176
77 169 208 79 317 379 113 125 125 62 167 142 228 827 333 731 345 345 408 513 423 142 591 333 118 170 49 201 65 7 148 128 50 176 165 225 56 79 74 182 141 95 179 255
102 127 167 195 232 89 176 42 59 242 285 65 159 95 299 235 124 99 295 68 229 60 117 164
730 205 37 141 181 99 25 146 6 165 264 67 86 38 297 118 170 208 186 44 206
121 154 169 175 271 291 240 258 272 22 168 36 188 259 174 215 281 133 23 208 204 24 255 295 28 90
32 84 159 144 265 123 131 155 288 170 112 169 33 223 140 293 26 274 153 101 233
250 266 261 52 298 246 55 251 19 60 77 80 183 270 276 20 107 10 94 105 203 178
25 204 104 78 289 174 138 157 3 215 286 47 116 165 244 26 54 261 23 135 42 175
108 340 274 288 180 285 188 279 156 80 75 27 142 223 257 162 110 112 99 227 173 249
42 180 274 285 125 237 18 278 101 228 157 128 164 34 118 261 181 113 291 158 17 121 71 263
82 150 165 39 171 291 90 68 16 4 38 274 30 237 164 181 285 134 139 114 284 253 193
257 266 207 202 117 203 50 34 175 95 282 76 164 293 51 163 238 160 152 271 103
17 85 207 263 287 122 249 46 45 199 95 145 177 614 164 4 296 47 348 144 117 252 233 197
299 340 134 199 84 238 95 95 183 183 238 171 157 134 4 214 348 233 197 177 252 237
31 32 96 175 256 60 235 60 188 141 188 98 141 170 693 216 21 853 354 141 276 213 234
442 21 137 212 132 243 182 132 38 287 82 226 55 184 236 499 146 13 650 299 225 589 62 276 64 78 25 146 42 164 174 4 245 252 141 130 273 274 251 212 58 105 183 239
442 180 18 225 82 91 136 8 148 220 31 119 288 157 122 188 162 297 134 214 228
31 83 148 216 53 263 93 260 178 65 102 41 51 214 155 36 290 59 256 255 77 159 201
5 24 267 242 199 161 58 2 120 270 104 73 122 207 165 217 130 147 264 96 47
171 196 23 925 43 0 295 126 263 3 79 60 296 151 754 544 274 682 99 49 201 125 287 293 19 22 294 254 146 255 80 17 31 39 153 273 187 3 248 45 155
14 120 210 44 258 246 279 68 120 206 223 43 54 78 156 67 62 262 4 196 110 236 90
23 187 611 161 275 238 299 70 161 161 279 227 84 169 205 557 106 29 720 258 744
40 73 227 15 71 0 164 292 26 146 168 246 115 111 58 268 5 95 165 214 289 229 11
203 261 270 116 181 46 168 293 208 258 232 127 24 278 19 16 60 0 119 23 143 97
113 276 100 215 19 225 130 241 96 299 56 135 99 67 271 296 196 264 73 111 127
249 250 12 74 235 49 65 124 81 43 260 93 63 224 28 287 154 157 67 21 0 31
24 134 137 226 272 180 296 151 258 208 227 102 110 26 132 169 51 228 250 254 219 222 121 224
44 48 99 108 203 264 261 185 71 50 53 130 204 243 122 228 292 164 111 30 116 279 285 225 119 291
102 141 265 275 31 235 269 179 229 113 141 230 296 53 132 199 115 41 184 208 164 266 228 180 29 125 53 226 212 88 166 19 228 221 95 83 209 216 242 49 26 158 111 194
157 198 242 243 131 89 8 296 233 212 142 78 239 79 137 99 275 286 168 201 237 92 153 222
125 269 58 248 25 254 277 133 125 241 80 198 173 274 29 268 115 124 159 35 163 104
99 145 21 253 2 258 139 278 287 259 93 46 216 140 299 231 19 148 250 129 154
206 274 254 213 75 168 185 216 184 193 93 138 26 294 231 250 288 5 187 136 31 66
187 211 235 109 43 98 166 243 154 83 11 185 104 100 41 269 129 117 177 293 287 233
184 200 88 211 90 5 20 64 94 114 0 6 157 37 161 178 270 97 76 246 14 284
28 30 49 114 292 133 247 134 109 48 2 256 106 238 227 146 241 183 192 15 230 258 35
190 230 47 33 68 184 169 183 254 78 233 160 148 276 195 61 281 291 86 21 124
54 79 105 165 204 216 218 11 239 249 141 57 65 211 115 224 174 169 184 124 64 140 117 30 223 60 109
0 159 170 246 7 56 145 131 129 34 127 167 135 161 10 190 182 82 17 232 166 22 207
27 101 136 177 110 170 270 133 277 82 199 26 254 70 123 94 267 5 237 255 62 269 147 152
340 274 19 34 275 209 210 216 277 217 13 260 118 293 120 109 129 62 86 156 178
920 1 58 239 161 226 49 76 226 49 29 95 228 354 744 227 38 244 106 169 84 205 67 264
176 90 227 270 187 235 286 222 126 174 151 17 274 238 231 163 255 12 212 119 44
664 29 102 236 288 12 182 66 9 106 53 144 235 83 61 201 25 62 272 3 184 114 121 45 248
109 134 135 35 242 202 208 20 78 228 235 141 163 166 59 87 294 153 168 205 209 52 53
170 182 215 205 227 10 109 4 73 66 261 102 272 122 18 286 230 236 59 257 226 289 278
23 37 152 220 235 1 91 91 112 91 270 19 12 12 112 130 189 151 219 0 254 354 768 442 227 33 107 231 159 148 122 241 288 212 43 28 71 112 161 92 115 125 29 68 188
664 102 266 110 134 250 175 137 260 137 81 12 687 734 19 270 175 565 795 145 219 442 254 227 354 972 171 169 232 60 87 18 41 277 239 29 118 97 256 128 126 172 235 297 159 56
66 261 6 81 252 206 202 219 42 221 116 158 223 187 5 143 200 193 117 129 126 287
177 96 201 137 216 216 134 72 54 16 1 651 12 154 261 643 623 177 23 585 287 15 254 112 8 243 294 264 15 239 24 232 245 163 41 106 131 270 3 50 206 54 278
18 58 69 73 252 258 225 248 51 94 171 26 72 284 217 28 290 108 54 294 43 99 63 265 267 204 60 107 50 101 16 279 233 162 116 15 230 235 199 93 132 51 260 234 188
5 340 46 7 251 94 217 154 237 13 257 133 30 213 271 74 134 114 265 23 107 272 107 122 112 236 23 293 97 66 237 80 220 247 78 223 265 245 239 158 33 15
72 150 22 39 32 273 256 32 256 214 114 200 78 531 450 188 29 264 289 7 292 776 123 190 296 226 139 156 216 25 243 3 63 240 33 146 263 189 225 34 41 114
141 216 220 299 110 173 145 281 72 172 258 266 273 65 26 214 45 169 276 49 179 193 154 5
27 68 85 187 224 246 252 137 114 240 264 262 203 261 176 9 81 83 293 226 46 123 112 283 74
664 77 173 238 48 111 189 173 278 226 152 15 5 149 148 240 201 200 162 169 204 227 34
161 245 270 95 213 205 297 251 231 31 198 249 253 241 147 217 28 108 8 172 169
62 167 178 185 186 199 257 221 238 8 232 193 252 66 160 47 170 282 178 271 120 212 251 4 71 42
142 178 114 170 152 6 243 143 274 113 63 130 162 127 40 237 37 296 173 153 176 39
18 86 116 220 271 291 297 223 120 34 47 298 99 72 219 59 237 96 252 281 169 166 122 80 76 38 3
149 61 156 6 192 256 102 11 42 182 162 249 131 112 34 165 73 240 290 267 245
65 231 209 39 88 210 221 27 60 204 288 175 26 37 254 101 119 268 195 280 223 229
115 128 134 150 197 90 278 260 212 175 43 72 137 88 23 248 144 156 243 231 11 275 215 269 119
98 141 165 174 237 276 155 260 286 250 58 35 183 64 270 208 287 199 232 139 3 140 0 66 246
67 292 204 111 132 243 60 135 197 294 119 100 21 273 267 237 117 173 27 272 92
53 57 88 159 273 290 153 87 96 38 271 100 173 183 292 8 148 234 217 216 137 172 22 90 207 123
25 212 215 249 262 286 182 56 176 207 128 166 90 69 98 221 137 50 239 185 263 244 14 82 124 54
82 253 279 758 69 209 82 82 758 38 69 222 898 265 172 38 70 744 244 106 169 278 183
38 82 223 263 274 93 51 299 178 150 137 210 255 167 102 152 284 145 298 266 215 164 160 254 127
201 79 15 276 52 156 214 290 162 288 121 31 178 43 33 233 209 208 118 66 210
112 175 135 277 298 143 54 54 177 143 90 117 90 90 115 67 28 53 172 97 77 78 256 216 183 35 79 275 232 118 266 155 62 103 206 17 65 220 133 276 48 285 14 69 149
32 98 177 237 251 253 166 64 38 188 136 277 291 190 168 257 153 43 276 227 296 28 172 72 34
27 271 1 93 35 2 90 14 26 77 255 89 20 197 220 153 145 96 219 117 85 119
88 241 50 170 240 242 161 154 105 12 240 173 76 121 427 146 796 139 49 573 210 239 776 155 125 212 161 94 71 209 261 162 177 224 97 129 6 190 175 104 1 108 171 182
115 205 294 57 125 213 23 174 165 165 23 213 98 215 6 92 163 107 997 196 223 841 26 182 182 292 142 265 4 207 118 48 151 45 192 188 288 95 14 128 210 67 276 247 133
89 130 194 146 298 232 141 48 104 224 272 291 171 144 205 142 274 65 246 203 253 151 84
134 215 231 232 9 107 127 196 285 340 3 3 144 270 144 269 217 204 247 894 121 42 372 23 151 598 335 72 64 153 5 31 195 260 193 169 194 178 27 233 295 274 216 160 22 243 282 261 207 175
40 100 118 169 273 69 225 226 61 270 293 277 289 5 220 38 295 177 114 75 138 105 63
36 284 340 106 112 9 31 233 206 192 202 69 85 54 298 291 283 111 133 87 200 121 172
115 288 188 182 3 102 224 223 129 32 17 89 68 42 226 293 6 104 214 220 176 186
664 250 269 82 91 137 8 62 110 57 180 96 292 108 297 37 52 13 217 131 214 26 3
59 71 218 268 207 275 20 104 265 9 52 274 61 273 21 190 213 191 31 247 22 85 23 18
986 7 81 233 188 48 149 54 118 72 177 180 159 143 264 270 166 158 0 290 155 229 86 284
168 200 213 215 305 255 232 18 2 294 238 264 253 9 124 160 206 32 36 171 223 90 120 234 154
109 255 143 101 97 229 123 204 176 94 222 140 137 271 243 287 86 289 81 225 113 208
24 55 130 151 189 30 144 194 198 299 148 222 295 170 39 119 41 115 238 242 99 146 2 58 272
8 36 59 234 165 274 167 293 297 133 78 208 251 183 198 156 70 259 12 154 286 92 49 213
27 107 150 232 182 79 175 221 170 109 96 126 8 262 286 259 58 43 233 252 123 284 159 280
44 234 36 120 195 292 163 8 71 27 213 166 289 38 44 66 237 272 73 288 19 10
664 273 65 107 204 144 147 57 131 119 50 114 36 268 105 112 176 151 292 85 174 77
147 155 85 292 83 65 128 78 106 30 53 272 118 86 271 96 94 297 35 51 42
734 38 54 50 127 128 248 131 296 254 136 672 73 254 185 566 254 131 185 657 737 252 291 194 301 281 293 277 270 187 183 118 255 206 92 117 95 278 252 30 246 6 49 281 254 294 160
21 51 257 147 253 161 39 65 286 246 142 214 178 45 154 99 106 158 177 295 75 281 102
80 208 5 115 164 168 253 379 683 379 133 138 405 27 137 200 161 116 262 841 222 107 71 762 80 768 405 21 153 133 228 3 149 25 279 269 288 186 107 38 5 245 298 104 116 267 94
5 75 137 246 219 49 250 228 153 202 209 189 186 229 124 176 254 141 77 64 30 15 275
79 84 120 212 278 159 124 292 277 198 21 31 205 199 163 30 252 150 57 68 15 69 84 140 214
35 94 22 78 234 276 572 62 202 202 144 59 218 29 62 218 62 134 285 15 287 224 156 164 220 210 238 86 192 96 223 217 154 288 82 219 204 215 180 227 188 141 22 109 48 167
100 123 257 273 282 108 86 14 165 70 176 39 59 89 148 78 257 124 293 192 161 53 177 9 85
10 13 14 201 218 225 230 274 280 118 119 194 16 224 219 3 69 249 29 89 213 172 50 1 209 94 183 294 237
7 170 154 557 108 557 227 118 108 194 118 164 294 134 244 236 156 287 270 203 285 15 141 36 65 237 58 103 296 3 211 217 242 153 59 29 26 139 255 187 208 254
37 44 77 129 235 273 137 63 216 27 98 144 217 74 125 131 155 6 120 218 171 30 287 152 257 86
29 127 293 140 108 81 295 198 43 267 144 143 26 28 100 159 16 113 272 181 55 34 239
70 104 229 240 273 39 168 67 151 105 75 20 152 57 291 298 245 123 228 299 261 21 34 32
69 189 249 40 71 228 249 271 20 76 137 138 74 282 132 59 273 183 221 139 169 234 28
617 178 235 221 284 178 62 146 218 99 274 134 155 224 103 290 143 136 90 298 118 9 5
100 178 206 237 683 89 220 154 268 241 232 38 255 38 68 232 503 162 217 88 236 974 891 594 971 835 175 207 278 52 185 244 183 220 76 168 82 13 229 261 103 266 45 104 241 239 280
130 296 132 142 41 194 91 37 119 272 254 23 90 38 72 136 241 103 24 4 42
102 254 1 72 61 272 188 109 200 258 52 204 29 146 259 233 229 189 147 161 49 15
246 94 63 57 21 190 288 0 9 264 13 3 110 98 2 163 219 135 106 281 73
30 107 110 233 242 228 207 204 72 245 32 200 266 167 258 278 64 92 45 292 54 158
79 281 105 156 227 28 217 171 213 53 42 266 66 81 22 132 39 104 55 3 206 183
757 55 116 186 94 132 207 123 163 175 10 191 27 14 82 265 196 109 217 71 121 249 278 13
125 263 185 241 297 32 97 239 73 288 16 39 279 9 227 135 224 18 155 292 277 178
697 51 272 248 201 299 170 270 237 105 183 21 144 191 74 89 224 169 240 35 282 65
32 56 93 340 22 65 119 149 253 282 77 85 85 77 119 10 354 10 52 197 246 282 203 842 109 25 15 83 259 20
21 132 183 210 163 162 36 80 957 36 116 36 197 75 781 732 123 252 31 96 477 261 267 197 44 119 123 132 54 107 81 72 239 218 245 43 179 202 78 121 158 275 71 235
664 131 39 166 282 215 96 140 191 247 11 153 279 248 83 241 138 12 0 210 48
57 270 175 195 214 212 114 230 69 122 142 187 157 213 177 227 13 35 16 232 127 31
25 163 340 168 215 191 184 261 53 23 252 24 60 18 193 274 30 125 3 177 109 114 4
86 67 31 13 333 184 184 31 13 67 136 205 211 497 250 229 80 126 103 200 230 196 114 253 279 194 263 172 120 105 104 24 262 292 298 30 266 135 251 143 20
57 105 145 159 250 144 71 88 142 68 241 269 18 96 277 73 77 25 55 107 133 65 13 258 12
102 50 139 154 169 103 114 127 244 53 127 114 271 24 92 107 119 557 246 182 151 239 163 960 841 298 2 229 9 133 13 45 138 231 146 25 162 280 18 114 168 127 196 253 248
230 914 30 126 731 71 9 146 146 731 635 635 710 927 635 168 21 172 29 342 110 281 724 82 246 103 6 73 244 106 121 56 34 221 50 239 15 60 37 26 5 120 99 201
111 173 199 234 241 285 148 115 251 294 14 290 184 171 217 234 254 253 212 220 53 143 107 56 200
66 133 240 283 340 37 265 623 623 27 233 95 11 196 660 106 93 149 33 21 227 409 165 285 5 90 280 56 276 63 135 20 199 177 111 267 37 26 60 0 294 174 53 25 144 292 36
164 173 211 42 115 63 0 65 84 73 31 5 77 50 292 281 118 185 231 276 249 188 55
664 23 58 195 209 7 43 138 198 288 16 266 150 279 266 167 5 5 279 663 144 884 214 601 130 841 308 627 122 299
198 254 157 212 154 276 157 298 174 225 276 43 179 219 956 143 25 836 149 146 261 210 136 291 237 67 282 176 53 49 192 194 248 102 261 122 126 255 226 81 74 221
25 183 19 92 238 69 122 245 56 101 34 41 173 111 46 251 151 137 288 266 25 206
100 206 267 109 145 163 743 743 718 147 32 749 732 708 605 147 217 188 175 155 835 971 891 253 254 594
35 131 140 165 184 244 266 266 26 244 206 244 73 190 202 61 801 87 242 142 135 298 229 176 826 93 61 74 87 124 14 299 60 130 278 182 57 113 293 11 0 236 215 152 50
29 146 196 278 308 62 35 233 256 47 253 87 194 70 173 185 150 296 92 159 293 170 186 140 234
0 43 122 129 206 265 9 59 113 208 340 60 90 42 216 60 42 354 184 417 60 417 233 20 267 157 281 18 370 262 225 174 1 226 248 49 45 31 61 2 216 166 119 153 250 93 186 291 138 180
1 41 213 260 98 13 72 236 69 38 292 70 3 134 29 189 146 133 276 213 221 137 173 289
13 65 109 181 167 210 124 110 124 20 9 288 20 659 526 20 197 291 4 281 288 119 97 657 289 737
627 246 659 659 694 137 288 573 57 137 659 194 480 4 281 293 301 289 657 23 16 914 283 251 290 34 51 117 20 22 271 164 170 144 278 219 276 123 159 73 114 38
50 198 205 249 214 14 263 212 127 112 131 116 273 206 160 36 156 60 13 12 283 150 67 103
40 94 240 100 233 38 187 200 98 179 166 25 146 67 201 127 149 298 5 202 204 57 32
66 179 236 160 133 58 196 89 211 48 110 205 154 13 214 16 72 260 23 12 34 265 279
94 125 68 238 11 227 210 249 96 277 160 7 267 239 36 293 66 117 258 16 24 106
71 107 289 295 340 73 128 223 283 340 601 601 405 258 659 64 659 185 601 155 214 111 289 263 292 284 237 905 248 206 257 180 86 202 162 290 82 117 255 104 134 121 115 233 38 299 242 203 209 139
55 68 117 143 286 23 106 127 174 239 270 232 184 254 254 607 951 254 146 223 92 960 511 119 246 239 151 997 107 111 20 164 85 28 80 272 4 277 275 282 192 169 170 42 66 131 211 64 38 278
33 224 86 49 187 207 109 126 63 12 32 90 249 11 20 155 176 195 174 59 57 284
914 10 43 291 207 125 298 88 146 196 42 41 276 155 39 232 272 174 27 221 257 141 213 167
340 249 116 284 259 110 174 77 128 224 233 232 36 285 253 205 48 175 3 84 46
34 56 79 155 44 90 297 122 104 262 277 254 33 296 114 128 202 107 72 204 175 236 0 201
83 89 197 54 220 237 181 181 205 11 222 936 231 270 277 737 289 301 288 293 657 480 145 291 16 119 279 148 243 282 208 138 120 20 107 139 293 131 265 241 250 198 275 98 204 3
49 76 287 340 126 131 252 71 275 221 269 235 230 277 44 202 298 285 225 254 129 208 117 63
2 13 33 110 144 200 868 10 121 281 213 482 482 153 180 279 213 86 781 279 35 238 694 503 95 225 145 95 995 111 101 15 155 230 55 158 143 114 294 146 172 245 54 103 272 29 164 175 206 44
7 10 67 170 218 198 36 42 14 30 84 295 52 169 249 11 259 61 187 232 110 247 40 19 230 139 193 269 20 33 14 28 299 287 195 50 255 215 160 189 231 6 149 108 38
385 11 270 70 33 130 158 84 32 61 249 219 154 76 221 256 170 238 208 7 97 50
532 132 385 868 78 83 119 132 228 51 296 101 30 91 157 296 104 157 104 99 250 200 18 80 240 230 15 26 130 252 234 215 275 181 220 90 268 205 19 71 101 108 207 225 38 195 295 20
664 0 81 82 204 264 32 189 227 170 56 94 24 265 214 46 47 25 57 298 102 204 134 225 85 159
192 246 288 602 29 92 199 235 279 965 914 503 130 389 389 472 400 383 130 965 67 845 134 627 80 277 272 136 207
11 82 386 110 12 582 110 515 194 370 549 251 43 282 358 799 185 868 295 244 410 229 242 293 79 112 61 164 299 24 119 260 127 209 212 18 236 140 139 203 225 237
71 34 103 111 174 221 271 284 107 150 271 284 284 102 150 281 281 192 49 940 281 156 224 871 67 145
126 255 505 511 511 737 341 316 31 255 568 264 13 38 575 57 112 257 233 928 55
56 147 280 30 138 138 133 211 30 198 174 626 256 167 188 40 144 545 223 42 238 255 42 267 89 257 294 229 291 191 129 62 170 17 47 58 288 177 195 247 11 109
503 71 214 178 35 286 127 248 12 245 241 86 204 153 222 18 291 65 44 212 90 9 92
40 171 173 190 148 66 254 152 292 94 118 17 38 128 299 242 87 187 216 276 289 192 50 218
914 32 160 231 52 285 183 135 133 78 33 154 65 255 127 290 98 168 106 159 241 201 153 221
44 135 170 189 251 61 185 276 704 177 688 305 260 160 582 598 834 492 702 474 40 965 266 16 629 650 486 112
56 121 151 253 276 402 874 604 97 169 109 716 278 29 932 764 90 922 199 484 139 340 206 746 691 156 22 94 114 298 134 105 136 23 204 21 267 185 218 35 271 77 282 128 138
91 150 261 265 180 260 177 11 214 196 258 231 290 92 12 30 244 142 96 206 295 182 89 126
35 105 139 154 91 299 138 76 200 47 170 88 159 145 0 140 261 294 239 61 185 232 203
61 197 124 85 257 109 129 140 117 213 36 131 18 103 57 287 171 151 160 134 250 76
187 212 228 195 141 1 69 277 29 6 169 151 20 33 181 299 164 120 42 205 270 194
716 8 70 227 5 196 262 224 131 189 105 108 157 191 165 133 146 51 22 290 222 48 21
15 64 247 109 286 24 152 185 253 129 240 149 194 213 27 137 68 252 67 107 116
119 94 86 153 218 96 92 19 193 31 276 171 146 230 164 133 88 214 184 101 167 270 284 90 297 185 29 72 22 267 210 66 150 205 17 196 289 167 156 64 187
61 159 29 64 285 115 32 265 250 282 151 198 188 186 236 94 61 239 296 252 278 194
206 217 229 290 92 171 210 107 269 86 77 127 135 18 266 36 280 228 186 85 148 245 176
794 193 232 281 290 116 247 230 219 262 88 176 47 157 61 27 186 98 225 283 202 6 212 164
10 19 109 169 173 272 31 245 17 101 243 161 179 0 297 87 167 138 32 109 279 130 195 48 214 19
602 194 216 221 11 112 90 156 127 21 290 249 220 111 152 257 272 39 175 266 296 173 5 245
60 92 124 253 262 221 169 202 91 178 296 199 217 210 201 170 94 177 145 223 187 274 128 153 106
660 147 184 158 249 56 22 160 292 283 75 78 267 119 252 217 156 240 6 123 290 37 174
32 110 155 254 294 110 98 198 256 0 91 260 132 71 120 147 208 203 11 144 154 10 23 183
7 103 102 112 156 158 194 106 284 185 152 270 18 64 2 71 35 61 144 22 274
602 9 80 86 134 137 250 253 279 80 173 84 99 7 26 60 156 276 170 42 224 61 212 49
4 90 128 208 266 148 17 273 91 255 172 221 244 167 90 204 55 101 242 88 197 141 110 284 246
188 263 287 191 102 167 143 45 176 103 32 94 226 185 133 52 286 116 254 76 123 36 40
173 277 218 137 188 115 114 25 188 926 219 83 886 886 32 11 122 58 150 241 965 65 210 290 32 177 157 208 5 191 149 255 105 227 179 22 200 298 107 143 254 127
193 198 250 16 135 204 62 81 296 73 54 245 292 107 143 248 44 238 250 221 266 234 264
42 245 250 117 31 292 16 272 201 200 251 238 100 121 158 280 256 97 253 21 75 27 140
126 148 155 240 279 114 281 29 43 170 259 141 163 159 271 96 239 54 103 280 132 5 225
139 145 265 108 28 47 129 186 252 284 101 33 38 42 174 190 273 54 116 249 242 84 246
52 205 6 192 175 13 221 15 104 227 211 102 206 71 291 244 282 3 172 293 217
274 18 263 220 150 99 4 245 60 49 233 256 122 34 146 197 63 93 1 10 159
123 232 7 174 178 211 299 34 18 226 174 226 243 34 70 70 830 104 158 276 101 81 213 742 78 99 38 276 102 274 101 104 115 269 97 271 106 201 40 14 244 63 70 255 153 186 114
5 267 263 289 158 287 290 245 168 2 156 22 132 163 52 242 194 65 67 115 31 71
2 219 224 231 82 211 72 106 112 285 147 173 165 83 47 63 174 98 196 50 293 17 180 29
113 231 3 215 11 133 237 282 152 166 95 211 155 174 257 223 181 206 241 65 177 150
27 276 259 150 181 250 188 13 19 206 22 186 98 272 276 178 193 125 279 236 80 156
25 78 202 211 240 65 202 187 217 107 155 10 233 35 130 121 262 263 70 232 291 175 254 91 142
7 120 139 205 231 258 38 61 46 512 190 255 61 270 118 83 58 89 227 158 220 244 591 279 643 79 218 254 23 175 261 71 33 271 157 44 250 67 60 134 160 108 20 193 5 243 131
22 51 52 92 141 201 277 195 214 7 256 72 112 32 239 15 297 249 67 120 85 261 116
95 178 230 267 268 22 189 243 253 236 26 37 107 292 279 230 126 217 134 52 190 296 153 132
70 137 64 163 166 242 290 163 115 140 278 121 115 278 140 127 140 278 179 298 58 733 609 210 27 230 143 209 43 281 12 62 180 47 96 115 280 287 235 120 149 178 263 224 247 78
155 217 250 176 4 71 141 165 91 204 25 267 47 279 151 281 63 132 118 100 287 224 231
102 132 190 157 272 283 8 199 39 78 250 291 208 237 7 113 277 141 216 263 170 104
194 27 279 55 53 132 266 278 250 222 42 113 145 1 128 14 32 162 239 297 119
161 28 226 30 240 84 268 12 219 273 55 56 166 205 256 61 33 129 21 136 41
2 31 87 104 140 186 270 199 208 85 171 297 165 29 178 168 44 129 64 193 154 241 130 77 272 33
26 68 97 154 207 229 272 51 20 72 233 15 152 38 104 258 39 170 253 168 237 124 109 52 160 112
20 118 123 215 220 258 261 136 31 77 14 296 255 245 37 221 293 289 71 158 294 86 94 120 116 162 248
602 111 82 67 110 163 224 43 96 122 166 287 75 265 151 232 201 159 176 92 106 182
40 133 138 166 197 295 95 167 194 231 179 65 82 19 289 298 23 30 67 267 138 90 196 280 233 225
179 231 37 0 142 263 155 26 284 165 235 204 57 23 187 95 295 59 136 33 127
123 178 245 8 289 296 279 213 257 11 194 246 39 112 43 70 196 207 245 143 291 35 2
258 58 250 21 94 233 3 47 247 132 147 257 42 249 220 234 211 15 183 256 153 193 209 231 115 17 195 7 77 9 293 16 165 51 82 169 13 127 25 255 34
48 60 104 241 110 146 289 48 161 120 223 255 31 259 2 103 153 83 47 43 11 200 148 57
18 25 194 195 163 3 251 18 114 110 291 80 229 43 68 244 148 261 266 278 147 220
3 51 103 147 261 268 167 283 4 150 183 74 263 288 224 281 165 37 249 264 120 198 260 186 44 135
8 81 116 153 154 190 2 29 43 188 277 207 207 101 299 299 86 146 299 179 298 58 733 609 210 27 230 591 358 47 91 297 237 137 33 259 79 117 2 272 109 110 155 264 120 279 4 214 16 269 277
50 54 61 63 209 227 149 187 33 6 54 186 111 139 98 189 12 113 133 76 11 48 154 145 87 59
141 195 258 114 136 48 299 290 51 183 124 244 0 59 97 194 266 247 75 293 44 102
39 270 110 21 129 62 149 118 76 51 206 200 40 86 284 222 119 89 229 225 107
109 120 154 208 45 65 95 168 270 152 282 39 85 234 165 13 256 112 4 34 255 92 199 23 138 60 201 169 53 93 56 209 142 120 149 197 74 211 8 250 171 245 165 181
660 245 263 299 142 164 92 193 55 81 100 49 257 63 101 186 46 192 203 230 52 127 23 268 178 223 56 265 137 148 126 98 240 36 75 158 134 192 174 177 20 187 37 62
27 104 169 0 247 193 196 87 243 170 156 269 257 285 3 82 249 131 2 233 90 242 225
276 208 238 240 248 142 285 230 51 184 283 92 256 111 206 267 147 266 236 186 284
146 266 216 86 190 66 19 79 220 128 169 25 15 275 270 163 50 21 137 196 106
660 239 237 86 177 79 36 270 257 134 206 193 25 188 296 207 106 254 144 175 299 13
250 106 149 115 643 116 643 191 115 286 280 80 184 247 184 179 298 58 733 609 210 27 230 149 200 257 272 244 19 228 9 40 281 6 41 215 220 241 180 43 16 36 80
102 38 43 189 43 38 38 28 246 78 58 89 227 158 220 244 591 279 643 79 218 263 70 60 182 158 164 151 256 36 200 128 111 209 172 221 189 41 145 226 61
56 182 225 278 18 67 156 123 45 33 232 235 134 86 253 145 75 82 226 298 160 174
228 193 134 188 95 44 263 103 25 208 233 261 224 4 225 112 50 2 176 65 218
25 225 258 292 0 34 167 249 166 38 150 256 239 297 57 254 91 59 89 61 99 78 130 266
36 42 128 220 14 38 70 146 256 142 194 149 290 252 149 234 142 166 176 830 104 158 276 101 81 213 742 78 99 41 143 160 253 22 101 238 248 102 112 216 274 192 14 291 190 282 258 121 126
29 188 269 273 138 16 76 7 66 20 46 269 290 233 70 251 120 227 96 84 145 152 43 224
39 46 137 155 243 41 63 95 236 205 182 179 102 104 257 113 277 278 157 91 60 48 27 74 152 115 122 199 196 58 48 223 17 147 73 124 208 253 156 286 22 231 191 5 82
207 188 298 172 234 294 264 288 73 42 90 204 150 116 38 277 33 221 251 200 291
69 149 201 236 258 128 1 38 252 297 153 243 154 119 100 84 140 86 249 152 133 7 271 287 129
742 1 12 60 103 173 286 9 218 251 281 41 49 84 279 265 208 148 158 297 141 35 134 29 127 108 174
184 188 262 96 233 40 287 91 52 247 187 32 150 249 286 107 2 143 274 205 226
210 241 269 186 40 275 90 17 24 118 53 242 207 1 138 107 205 13 292 115 14 130 213
602 660 78 72 231 108 237 237 252 46 168 248 74 168 78 58 89 227 158 220 244 591 279 643 79 262 177 195 299 83 211 5 2 63 241 275 45 156 27 113 10 286 94 69 221
84 140 204 254 239 108 290 24 281 223 133 289 57 25 17 89 38 70 153 20 76 216
63 78 175 118 238 247 80 12 149 246 178 70 263 34 244 172 90 124 288 72 28 272
234 53 65 79 204 279 118 286 182 182 176 176 286 179 298 58 733 609 210 27 230 591 358 47 91 229 297 59 289 41 231 38 220 267 61 40 132 182 117 270 55 118 31 299 65 115
72 82 84 128 222 78 41 274 169 117 47 254 261 209 131 216 218 73 50 128 86 112 260 207
131 152 220 255 266 128 261 116 217 131 255 135 230 214 23 188 205 184 264 219 77 160 54 134
20 104 144 243 29 32 67 210 296 89 175 243 42 236 275 206 84 146 260 145 57 135 244 23
232 292 91 139 163 90 51 117 27 276 100 76 107 110 238 120 186 44 96 222 1
9 286 201 78 33 55 46 242 161 243 292 240 117 215 173 99 284 150 277 63 289 190
14 100 121 195 221 123 163 85 258 141 103 277 94 58 143 173 198 82 102 31 202 219 200 17
34 116 90 131 229 290 119 103 93 29 49 94 226 148 58 100 77 283 23 178 297 116
602 108 136 275 229 152 164 88 55 234 167 193 131 139 204 219 100 104 297 232 124 227 190
125 183 290 171 42 295 65 205 230 210 52 280 259 115 176 265 56 175 139 212 216 68 120
62 193 268 232 6 90 103 214 7 13 82 220 162 37 76 173 174 61 191 182 284 247
660 40 164 285 261 74 92 112 101 135 4 191 2 215 82 33 91 264 190 81 210 12 100 30
22 87 230 69 131 36 260 211 217 21 8 93 189 294 60 138 66 48 158 273 259 119 79
7 44 88 92 155 196 203 162 296 117 258 84 185 252 280 109 105 231 102 291 95 65 134 100 261 156
63 124 243 255 290 175 132 131 6 136 75 130 275 224 271 118 97 238 190 196 122 51 147 152
15 60 266 289 76 59 58 190 2 202 239 89 195 114 154 185 281 286 121 223 41 192 103 210
602 211 233 275 120 24 83 64 93 50 125 299 75 109 32 146 62 237 194 245 258 116 249
280 289 80 54 287 155 62 117 251 297 195 29 227 223 145 114 32 278 78 68 94 163
95 276 98 64 128 146 175 124 160 288 13 251 83 263 296 44 53 194 235 39 87
186 193 204 28 151 121 21 205 269 110 38 267 280 93 40 111 286 122 15 131 153 91 16 203 13 151 275 128 20 181 94 125 70 59 157 33 230 239 156 52 226 64 184
44 120 212 225 228 16 38 92 157 204 251 283 70 76 80 64 236 234 298 285 31 58 122 295 18
69 88 151 174 192 263 261 205 260 296 157 126 52 59 234 228 124 40 87 213 8 170 151 169 112 283
71 78 220 216 232 245 283 71 595 83 297 83 35 35 83 110 71 595 222 179 595 58 733 609 210 27 230 70 256 205 63 262 143 152 217 200 297 222 271 274 155 13 41 266 212 0 91
70 111 213 285 72 127 117 143 198 155 196 110 272 69 141 151 147 209 91 132 190 164 195 89
15 233 255 267 166 142 116 155 203 22 114 281 206 292 3 81 85 218 212 112 19 198 105 189
12 160 192 243 83 246 107 194 77 196 56 29 63 230 66 113 54 219 284 89 280 247 132
142 172 175 229 118 249 77 121 43 84 82 109 204 106 141 281 147 183 280 210 216 122 285 111
124 139 164 285 235 43 260 225 158 41 83 224 28 215 50 209 297 100 250 121 51 298 149 42
72 24 158 194 9 102 223 118 221 250 31 199 48 20 140 261 147 281 133 175 154
20 89 121 178 236 177 153 255 292 87 164 105 283 69 17 21 106 176 48 231 130 298 257
97 123 290 602 32 101 122 226 224 190 222 254 199 190 190 157 190 199 71 179 595 58 733 609 210 27 230 591 91 112 105 66 200 48 288 78 292 282 43 179 13 153 218 189 55 60 20 192
192 277 8 60 28 108 168 21 264 54 230 274 111 25 13 260 244 150 160 163 55 293
104 126 190 278 51 17 64 215 99 284 273 138 226 213 199 221 11 107 255 230 282
155 165 270 602 22 141 246 276 287 293 43 43 76 273 73 172 142 142 73 273 76 78 58 89 227 158 220 244 591 279 157 59 246 222 226 23 256 275 266 145 46 31 242 243 253 276 160 165 134 182
87 163 200 272 40 157 88 251 266 188 185 46 197 183 30 155 264 64 123 212 14 124 225 221
602 66 191 272 217 5 291 159 201 120 145 299 79 50 19 59 275 166 256 223 248 3 183 130
56 83 170 55 283 184 41 292 121 117 133 198 151 128 81 203 264 212 268 39 143 52 86
67 120 151 191 200 7 89 283 221 105 51 0 254 261 285 88 119 194 101 298 72 85 256 134
82 109 269 178 293 87 111 243 287 216 290 105 51 10 106 220 59 5 208 74 295 259 18
6 143 252 256 219 70 209 77 132 168 96 162 253 221 290 185 229 178 273 283 123 25 76 68
265 272 299 10 217 23 253 225 27 169 182 288 257 103 251 283 2 189 4 49 186 15 9
34 60 171 241 602 56 172 231 231 52 52 52 117 231 110 78 58 89 227 158 220 244 591 279 643 79 218
43 106 141 113 113 274 186 52 80 80 13 274 179 263 71 179 595 58 733 609 210 27 230 118 167 53 154 90 46 69 201 198 132 165 122 43 220 74 242 269 247 50 4
150 254 271 260 236 195 49 291 289 194 141 66 241 25 34 70 185 198 196 57 230 228 210
25 127 219 213 250 145 43 237 52 82 130 12 35 179 11 79 123 272 1 29 158 246 239
86 128 136 192 206 159 280 89 93 177 188 273 172 76 27 140 274 41 211 0 164 16 184 88
2 189 194 29 136 58 251 46 280 212 0 215 22 274 31 97 174 201 270 226 21 12
5 29 241 289 108 242 81 195 52 59 261 285 224 51 178 95 214 246 171 220 255 228 172 212
22 76 198 125 25 23 107 44 33 118 171 19 2 213 141 203 112 297 276 48 69 163 21
128 136 259 33 67 238 241 263 281 245 237 34 230 149 34 289 118 213 34 245 237 934 236 354 293 199 33 254 835 63 227 76 32 253 62 89 50 85 207 262 298 137 115 194 223 292 129 84 4
187 197 288 28 221 293 198 1 179 69 126 226 56 82 6 279 153 167 123 49 37 120 277
660 32 109 246 94 136 164 6 220 1 32 213 145 267 76 256 118 239 116 186 80 70 221 117
134 218 217 151 209 95 24 168 89 197 70 199 85 81 82 202 216 44 94 11 187
37 92 93 174 194 44 153 112 269 204 26 101 73 273 232 176 171 63 208 94 109 117 185 111
100 207 246 77 227 246 94 77 246 94 175 150 90 511 980 19 221 225 217 45 293 296 157 42 19 204 141 112 123 84 30 32 83 142 99 282 197 78 167 286 6 250
212 228 249 211 147 128 183 23 241 257 121 287 108 129 194 10 209 132 49 246 139 76 83
36 45 105 147 145 202 144 117 83 71 154 23 108 239 91 1 18 207 165 210 195 249 268 173
96 217 253 55 159 199 199 19 72 251 152 20 19 169 152 78 58 89 227 158 220 244 591 279 643 288 98 179 165 28 209 131 58 266 299 32 33 10 150 252 137 201 79 294 277
93 130 174 193 41 22 6 147 266 297 180 140 154 272 33 137 58 232 27 285 132 291 126 200
22 29 87 259 291 77 195 291 193 75 85 144 193 64 253 646 75 64 64 179 595 58 733 609 210 27 230 591 96 191 246 261 9 229 181 198 201 116 46 70 134 231 35 209 45 241 275 251
69 136 270 283 140 96 125 72 115 129 225 278 85 277 245 3 63 230 153 19 10 273 290
276 186 170 189 263 135 274 293 219 207 24 129 202 193 267 111 175 5 6 88 25
153 155 602 223 259 140 140 53 298 160 55 55 53 150 90 511 980 19 221 225 217 45 293 296 226
35 94 211 56 26 55 160 354 116 140 53 274 26 26 150 90 511 980 19 221 225 217 45 253 143 27 242 121 285 231 23 163 220 292 51 233 15 184 165 171 89 113 67
22 79 155 190 84 138 168 254 293 272 269 269 112 269 269 293 264 269 8 173 277 159 150 226 111 112 507 68 36 12 290 121 193 132 279 249 144 196 171 99 147 271 106 109 284 242 134 91
40 59 116 232 278 5 205 220 207 200 35 75 4 116 140 215 813 106 811 380 221 158 137 12 749 238 129
1 17 24 28 221 290 187 186 186 66 212 74 253 253 204 884 384 988 101 78 104 146 420 30 5 27 172 265 143 70 79 294 231 41 268 213 238 120 109 200 125 104 18 84 134 282
511 148 173 258 219 211 169 133 269 226 21 49 124 126 122 183 34 38 109 101 290 9 207 10
52 98 105 170 185 207 286 186 160 262 45 242 126 286 290 199 16 55 267 119 288 11 170 167 205 260 132
61 6 64 263 14 161 243 14 616 161 25 439 243 385 284 179 595 58 733 609 210 27 230 591
196 199 264 868 28 223 306 28 306 17 295 17 28 223 252 881 31 261 65 280 737 146 160 136 117 30 80 125 95 277 223 202 52 46 88 279 61 144 2 171 75 79 152
207 258 198 8 287 206 77 91 120 246 61 96 153 245 183 228 226 69 165 251 281
141 169 235 20 219 13 68 33 211 283 3 237 39 198 279 80 167 51 268 2 76
119 288 12 268 184 113 233 203 139 92 27 91 183 71 235 258 272 267 198 152 227
299 18 31 67 0 262 262 214 31 157 830 104 158 276 101 81 213 742 78 99 209 175 291 135 198 142 212 255 128 57 20 81 267 3 164 62 276 8 1 295 180 166
602 107 174 295 35 50 177 178 282 213 126 23 22 213 213 126 284 22 23 196 111 975 200 234 907 109 791 286 73 162 66 138 235 29 104 254 272 103 70 260 225 245 136 234 44 130 96 23 105
82 170 195 100 96 134 270 68 171 130 126 21 254 109 10 118 232 193 135 83 82
29 55 284 276 64 169 53 92 162 106 186 62 271 95 86 2 139 21 42 189 149 289 249
379 112 294 185 243 358 144 676 75 66 555 512 235 144 944 737 384 988 101 737 104 146 420 30 169 134 117 238 54 151 232 295 56 8 86 214 61 236 84 59 108 173 294 109
103 223 235 944 944 737 70 358 75 70 737 38 235 235 384 988 101 737 104 146 420 30 23 296 134 188 199 285 248 256 146 63 7 107 15 234 33 136 292 39 276 17
66 118 185 282 103 65 267 262 4 31 267 742 206 213 159 172 27 134 110 129 195 595 680 37 283 142 128 184 243 23 1 35 146 47 145 30 207 140 254 60 114 176 175 204
220 107 145 380 58 58 31 137 147 488 380 380 284 380 58 179 595 58 733 609 210 27 230
90 154 274 263 202 269 65 172 269 465 65 276 65 78 58 89 227 158 220 244 591 279 643
465 12 184 233 242 512 512 31 256 256 65 158 206 213 159 172 27 134 110 129 195 595 680 37 255 167 48 143 170 22 23 168 95 2 134 24 188 139 15 153 293 101 102 97 10
141 146 280 286 292 498 355 549 922 250 205 607 647 303 7 251 778 775 369 390 975 673 16 766 153
844 846 105 121 166 193 268 64 104 105 187 239 246 293 107 969 594 268 644 714 921 754 66 996 573 574 700 565 467 283 18 402 828 653 71 241 146 296 55 236 189 45 254 217 31 83 176 139 235 150 8 164 70 178
719 60 75 96 236 189 272 174 268 187 3 110 83 63 269 38 131 91 208 296 100 139
2 69 122 6 13 72 160 258 95 141 74 83 218 217 163 271 101 75 65 238 124
182 232 265 161 24 166 148 211 286 251 157 243 110 70 86 265 284 280 10 122 173 45 252
9 113 251 8 15 98 158 294 28 12 284 193 206 181 91 285 206 8 564 925 266 193 177 193 652 748 14
178 224 249 109 249 249 850 71 512 349 493 116 131 283 133 914 67 103 124 192 178 195 111 103 42 52 81 191 77 131 134 166 133 168 1 141 227 172 285 54 283
113 207 233 93 84 127 55 266 128 233 215 45 78 267 7 220 221 280 204 48 89 175 299
49 99 157 167 39 183 161 49 197 167 267 101 256 92 236 188 6 283 198 45 76 46 113 179
48 92 279 284 188 124 43 146 270 296 107 66 37 245 181 209 61 201 220 226 173 207 17 15
249 147 225 258 264 40 93 141 207 68 115 91 121 227 114 184 17 72 63 27 129
106 129 164 254 8 68 224 237 19 19 241 19 19 31 78 299 211 354 274 112 26 258 54 214 223 205 951 647 143 188 251 97 41 29 275 127 39 235 3 78 197 44 12 99 141 96 232 72
640 152 250 294 183 259 9 172 30 219 52 211 234 43 12 282 29 156 267 24 13 162 71 54
110 13 281 237 2 192 72 215 51 175 124 77 205 102 92 25 26 208 73 188 39
196 100 20 181 109 48 163 125 9 28 94 6 275 15 160 285 252 192 224 276 139
24 79 147 203 223 163 177 26 82 226 57 276 184 2 147 67 222 249 133 162 20 90 7 245 151
112 250 111 239 163 222 28 119 219 164 35 224 194 294 234 58 98 270 79 174 212
44 92 282 135 215 184 128 239 114 35 292 200 211 14 220 84 109 269 278 93 262 214 237
24 92 157 258 165 255 181 273 9 263 251 188 84 161 297 30 197 288 44 150 242 221 21 236
4 190 188 41 59 4 196 216 27 153 138 67 234 264 210 268 158 22 199 90 102 244
627 101 142 174 128 197 198 190 116 181 297 153 246 115 62 285 135 151 132 33 100 276
95 63 140 70 152 243 194 97 190 113 155 204 145 14 137 176 19 197 285 288 257
2 290 23 235 36 178 122 90 74 210 93 95 169 249 283 239 46 148 4 183 272 219
105 36 127 181 279 297 235 163 155 222 56 246 216 24 236 257 201 280 138 238 74
12 39 229 293 25 154 5 18 124 136 234 81 225 17 88 250 129 34 257 171 14 178 48 207
7 151 197 211 204 36 11 48 174 207 215 108 288 125 131 210 218 172 242 23 289 88 259
671 102 63 198 191 191 242 172 209 209 115 242 179 37 179 748 220 147 99 132 104 173 257 144 266 162 272 208 291 58 257 286 129 32 51 199 245 92 206 108 251 171 8 254
143 169 201 55 59 39 184 4 173 287 8 196 254 220 237 172 147 252 49 290 235 295 195
51 57 138 190 292 77 224 207 94 205 5 23 259 222 11 136 211 107 103 73 191 71 158 61 208
145 196 98 293 1 132 23 113 138 121 63 222 289 168 100 85 55 128 204 195 14 207
33 188 245 278 113 163 245 225 244 219 15 88 57 165 91 295 36 212 236 156 144 243 230 159
83 233 278 18 248 172 158 214 256 45 103 262 12 101 199 271 182 39 111 49 295
18 146 169 183 278 162 29 97 113 74 253 132 69 52 206 32 161 223 83 158 25 150 163 31 13
105 185 228 33 12 274 282 276 16 37 199 45 103 181 79 190 260 249 93 259 50 101 244
671 26 99 115 97 140 243 84 36 53 35 264 82 288 212 68 276 170 183 156 32 245 67
108 118 278 294 200 167 204 128 13 222 133 91 122 210 262 218 182 273 163 50 188 187 26 22
32 130 167 185 56 88 269 102 295 153 70 108 259 33 283 124 60 65 122 25 216 6 2 112
8 60 287 294 103 159 154 63 220 149 104 187 52 284 278 113 39 199 96 43 111 136
141 159 162 48 158 89 124 113 269 55 68 160 108 167 179 26 201 145 131 56 215 230 298
113 75 254 251 19 249 192 13 224 44 127 274 270 52 99 55 20 212 210 6 231
113 146 244 79 111 224 42 131 156 2 213 184 260 175 274 208 106 285 238 267 116 38 93
69 244 247 627 135 265 272 198 237 271 198 272 220 147 144 44 262 173 13 925 132 257 275 39 234 11 95 258 111 18 163 188 289 152 104 140 159 245 4 154 109 198 53 15 19
209 255 92 169 189 161 146 173 26 86 20 40 23 121 57 231 73 154 118 68 261 217
51 135 238 272 134 141 58 12 273 2 261 90 24 164 241 27 200 69 235 70 80 52 283 296
68 149 178 232 295 65 84 118 124 245 131 15 243 42 114 101 184 58 101 115 214 205 157 477 24 236 54 204 112 184 106 83 33 54 139 103 82 187 283 168 86 233 192 298 27 255 289 216 205 184
103 118 169 235 112 202 228 50 5 187 132 194 87 19 226 209 212 110 89 237 72 229 116 282
26 66 103 123 227 267 272 110 272 161 41 196 43 75 77 185 171 51 118 21 1 197 179 2 119 88 148
60 94 112 266 287 117 101 39 115 190 202 128 8 155 2 177 166 275 246 222 114 226 9 138 298
21 236 231 18 47 216 100 265 284 288 185 38 151 81 282 46 143 116 94 39 30 286
11 145 160 178 105 40 2 102 3 163 225 166 184 9 136 50 171 253 46 137 262 257 38 189
14 63 29 32 89 266 12 196 255 59 117 227 43 132 250 215 291 37 106 97 62 274
196 298 117 204 21 170 270 24 206 294 87 243 174 121 94 232 73 34 250 201 130 239
238 13 15 47 52 134 137 137 151 181 283 241 252 293 241 184 103 24 205 477 143 213 647 24 204 240 18 105 93 23 276 200 251 63 244 159 272 153 267 148 209 107 55 125 247
4 5 135 189 298 139 242 217 110 214 254 236 276 134 169 198 158 81 270 235 289 94 19 200 54
184 151 147 99 212 28 110 143 187 214 68 145 72 111 200 44 148 176 173 227 2
83 251 130 67 185 21 298 247 58 159 249 275 250 36 91 140 122 1 49 108 118
26 50 181 4 14 274 3 97 27 46 12 197 23 5 207 41 239 32 33 142 189 28
5 89 189 228 202 183 239 119 130 148 231 295 150 46 16 166 138 204 157 110 64 49 215
121 127 160 231 28 146 245 137 209 127 134 246 223 90 287 72 213 121 30 20 295 3 266 120 225 184 86 1 222 235 140 43 141 265 161 60 285 95 48 91 115 253 72 167
374 64 140 146 171 129 189 5 45 234 128 105 169 107 240 25 248 34 180 261 237 139 121
30 81 157 198 206 130 33 24 268 29 142 228 136 273 34 128 187 174 264 100 28 293 107 12 183
22 87 150 214 73 282 159 259 168 104 71 101 193 98 271 105 260 242 44 152 228 60 155 275
33 130 294 61 26 133 193 157 208 260 278 116 95 120 245 210 291 251 199 24 163 42 229
181 270 267 155 273 118 178 5 211 163 142 215 50 223 146 221 89 216 9 67 239 286
83 111 227 278 273 162 259 163 237 171 186 117 88 291 223 133 142 275 26 299 264 201 205 293
108 122 94 195 238 145 177 136 227 246 51 143 55 279 258 108 157 194 84 87 221
253 136 187 239 291 287 51 17 255 287 255 149 255 48 255 152 24 258 276 477 24 647 214 213 143 107 253 294 288 282 42 203 293 43 153 297 162 86 48 149 210 204 216 194 174
143 36 84 100 215 294 290 268 290 179 142 20 179 21 268 93 143 199 179 26 170 81 24 210 31 668
40 43 78 54 55 106 155 155 39 155 231 182 155 13 262 44 99 257 9 218 147 925 48 181 42 96 283 251 299 12 6 88 112 69 147 9 54 212 261 257 252 234 18
573 45 102 222 93 185 285 16 228 213 62 266 77 203 149 9 8 202 245 260 33 49 280 163
23 37 142 189 218 246 22 137 83 204 166 137 238 204 886 263 918 272 169 321 145 162 299 233 140 172 162
100 148 190 148 44 143 17 185 364 13 154 185 627 199 103 259 95 231 670 215 170 81 26 262 286 35 12 292 96 246 175 6 18 58 171 110 206 266 54 197 253 112 130
12 180 227 82 291 75 49 118 293 268 51 140 40 34 162 116 136 93 1 258 186 171 276
69 172 282 165 290 196 247 89 115 14 152 217 246 27 97 203 136 75 154 173 266 298
101 134 45 243 277 134 198 166 51 2 285 201 298 205 22 65 161 202 137 195 262 222
178 198 279 65 172 21 99 274 165 168 59 191 56 194 289 175 83 30 245 124 214 182 138
20 98 216 284 282 269 104 34 240 229 277 158 76 41 127 145 167 69 281 182 197 236 164 209
166 293 296 111 133 260 123 214 4 29 115 282 50 279 163 119 1 271 146 241 129 35 34
96 172 158 154 57 270 247 4 285 143 197 240 138 242 128 136 266 92 251 48 274 17
96 97 101 148 161 169 219 279 59 248 191 80 57 133 133 267 293 215 81 26 210 259 179 31 194 143 170 163 231 199 141 296 171 66 58 269 68 201 271 294 127 71 240 230 45 13 126 160 272 172
39 82 85 266 133 278 204 8 64 291 74 136 101 95 185 40 197 140 67 112 123 173 90
103 158 298 246 256 181 51 294 159 234 204 183 287 217 35 233 123 257 79 113 23 44 40
40 55 221 14 89 94 35 260 107 239 120 290 135 227 108 76 272 291 228 296 18 265
108 213 284 249 169 138 147 77 173 83 128 132 267 7 279 99 202 89 284 162 71 270 0
89 109 158 214 287 275 95 237 48 141 46 17 88 195 292 112 218 103 97 220 98 256 201 154
11 6 74 144 185 76 218 93 289 247 267 211 219 80 212 208 92 243 96 126 66
44 171 195 259 81 44 225 194 162 216 119 54 160 295 279 60 159 278 47 195 102 290 170
17 25 145 237 17 28 175 194 30 43 230 25 277 59 122 267 290 71 78 86 168 120 87 149
18 24 98 178 227 265 40 146 241 19 211 292 106 284 53 116 133 135 64 243 122 288 118 11 199 193
61 72 153 245 197 156 223 289 185 29 75 77 98 121 249 281 226 209 290 41 154 95 97 271
65 112 223 87 238 276 278 81 158 162 29 3 267 95 259 178 289 134 32 98 297 237
80 157 192 212 95 259 91 30 238 67 162 123 35 210 158 152 15 102 145 118 230 222 141 262
61 108 131 153 14 106 222 33 189 115 43 227 171 258 16 284 274 158 262 113 109 71 7 206
374 271 168 258 33 102 205 262 196 283 94 122 68 35 91 81 213 16 284 246 23 61
65 76 95 97 161 249 277 4 211 245 43 198 293 242 265 114 75 54 1 98 50 121 191 100 175 37 284
136 176 290 66 108 297 100 296 18 277 245 128 252 61 273 251 254 89 240 255 279 135
88 214 239 257 157 286 83 162 56 203 254 224 9 39 201 135 244 119 280 137 168 28 281 122
75 87 100 119 289 90 44 170 25 22 232 133 37 256 54 194 150 101 149 230 238 249 122 255 288
53 92 102 191 231 47 265 216 82 193 71 293 123 113 59 112 262 252 238 40 161 204 108 277 247
137 142 159 85 22 97 205 262 209 136 52 163 274 187 206 268 258 34 54 17 219 19 96
90 238 38 176 48 15 125 14 183 4 30 158 12 199 139 249 63 148 133 53 114 24
51 148 108 107 43 108 43 186 37 830 186 48 577 38 276 214 24 24 112 184 236 223 221 73 297 235 204 15 137 150 27 284 57 117 118 83 258 217 76 51 136 139
60 63 68 83 134 267 285 106 1 95 172 210 240 54 123 162 94 212 60 295 251 37 246 202 278 31 118
13 35 48 134 201 260 33 215 90 83 27 85 120 23 47 158 84 122 97 94 131 14 280 214 203 216
123 147 240 285 27 29 98 299 128 32 218 96 97 245 3 235 20 158 0 30 265 267 33
627 54 121 52 94 118 5 220 227 119 202 186 69 289 147 291 36 90 200 192 31 154 97
627 148 190 196 243 254 266 226 186 29 96 254 56 195 239 278 113 39 42 18 154 241 170 173 256 268
76 115 4 169 192 70 57 127 197 54 14 275 153 21 203 291 124 32 96 91 128
84 188 74 185 287 244 147 221 79 237 154 261 122 144 13 53 80 89 152 123 19 23
178 209 273 133 28 52 18 149 76 236 195 57 181 91 80 105 183 89 70 19 186 50 170
46 223 261 112 128 173 278 154 37 233 176 162 81 166 150 190 297 89 145 266 27 152 161
50 76 246 278 136 91 151 13 28 278 23 155 80 245 45 159 220 99 190 58 76 222 225 133
537 26 28 40 135 169 174 671 6 41 42 127 283 175 264 175 293 264 119 208 203 237 210 143 31 199 146 670 258 26 81 231 194 271 295 158 38 30 48 31 27 74 259 197 273 231 34 49 248 219 277 70 290
32 225 228 259 289 84 105 280 99 86 94 104 65 108 49 191 206 234 124 143 27 92 150 183
15 243 11 15 201 30 137 264 289 121 63 178 230 290 8 57 12 17 188 213 37 34
18 131 138 208 279 640 10 32 54 152 184 73 388 97 214 246 24 297 388 130 228 106 179 824 674 423 860 996 82 74 237
52 227 249 461 293 27 87 250 58 461 214 111 65 233 145 140 175 321 162 263 253 299 272 298 187 52 136 53 171 153 252 93 85 164 201 191 148 216 239 65 122 68 48
147 292 252 169 0 102 125 214 278 17 185 71 150 11 196 77 218 250 199 222 239 92 49 170 249 273 127 272 236 113 271 30 81 193 141 285 68 73 28 108 189 57
16 27 43 90 189 2 123 221 263 113 139 39 218 96 215 201 87 88 36 52 252 135 63 181 71 264 205 230 215 270 199 115 129 16 145 106 102 39 175 97 249 177
26 75 236 131 101 241 172 255 259 12 11 56 38 105 284 9 176 53 298 97 96 247 7
7 131 239 251 295 208 65 280 168 20 281 156 286 218 9 189 106 192 148 178 250 6 285 239 295
54 63 194 210 60 106 286 223 171 299 255 75 230 184 126 115 160 10 225 254 137 220 192 272
259 291 80 232 58 91 45 65 2 121 263 194 154 295 201 89 114 148 196 73 262 21
18 100 150 172 219 257 262 152 107 69 250 97 212 283 295 98 23 176 39 198 137 88 35 225 91 54 131
6 9 41 48 124 160 200 191 235 119 230 242 276 13 54 30 28 264 168 56 155 255 98 88 43 212 6
671 296 11 202 184 211 28 161 198 217 85 111 122 13 255 243 74 279 125 210 102 133
627 166 205 260 115 299 269 238 178 65 132 0 102 222 55 272 257 70 64 69 79 264 151 245
17 44 108 152 222 239 246 166 112 51 129 188 29 98 105 72 75 241 170 158 64 159 190 287 234 207 196
841 141 194 214 224 43 131 4 141 101 124 165 34 293 174 97 168 139 96 298 268 292 162 187
1 30 153 90 114 146 160 250 289 354 45 272 289 186 289 272 286 354 13 132 48 208 218 257 144 275 234 147 176 184 195 97 33 287 4 106 112 246 170 169 156 159 190 193 90 185 270 118
8 105 210 270 125 158 135 28 280 102 130 240 173 282 113 255 24 127 123 169 286 61 191 39
103 209 100 243 29 11 292 250 287 212 259 252 173 294 135 232 120 108 298 270 269 32
39 77 113 180 195 99 31 51 93 141 162 6 95 229 248 153 187 136 262 17 123 115 265 172 244
34 217 68 162 75 112 148 124 84 261 139 55 177 142 15 118 231 240 64 201 59 92 119 133 9 109 110 23 226 11 131 159 46 194 71 239 258 75 288 154 115 269
117 209 71 167 196 291 26 286 92 504 999 62 999 504 62 218 208 748 925 44 173 147 257 234 262 99 270 70 214 134 154 133 68 129 150 106 114 36 66 57 21 132 58 175 182 34
9 38 40 179 313 11 44 147 204 29 45 22 48 243 127 219 144 268 77 208 161 152 277 190 238
107 11 285 120 265 214 299 58 245 185 66 76 127 17 174 147 290 86 230 37 197
101 163 240 32 283 58 165 68 63 166 45 274 124 80 161 117 210 219 54 188 157 114 175
63 11 59 15 268 222 128 245 164 28 214 118 180 141 203 280 55 119 76 150 143
70 81 153 242 289 291 23 45 186 10 70 66 70 29 70 24 184 647 236 214 518 477 204 143 112 258 205 54 131 129 99 107 197 67 53 250 75 133 143 101 235 206 11 63 126 271 158 191
31 98 141 212 284 254 178 1 144 220 23 13 110 174 158 153 222 273 146 278 0 274 177 102 149
88 177 217 142 154 187 182 148 117 38 137 287 102 107 195 296 25 155 218 96 265 84 135
50 293 173 250 160 16 124 165 280 255 169 298 229 18 110 28 12 59 288 117 24 10
460 213 274 217 241 214 286 38 149 174 132 4 273 26 52 76 53 276 285 140 225 255 12
39 74 201 246 110 245 266 50 291 189 181 223 101 165 272 150 25 80 56 59 170 287 201 258
640 66 218 108 251 279 89 35 63 113 117 188 245 200 140 74 192 27 269 171 208 126 41
15 107 213 299 192 218 247 75 308 75 914 841 295 167 308 378 249 253 211 971 137 500 248 76 265 298 155
5 115 240 278 194 427 194 273 10 427 24 165 92 166 165 132 275 748 13 44 257 208 220 39
66 107 187 215 216 266 18 159 18 22 646 646 159 998 646 194 668 259 81 103 670 95 170 143 199 231 209 146 57 151 73 292 91 140 185 9 74 269 189 26 40 127 22 43 24 214
69 168 85 24 295 118 271 108 180 217 228 16 129 262 87 168 258 244 194 220 131 211
582 777 203 189 237 183 264 97 272 82 34 250 14 193 0 81 279 102 23 36 55 196 78
112 117 109 88 184 152 97 95 57 99 299 280 220 19 91 21 270 78 18 283 227
748 13 276 198 91 143 291 55 138 37 244 293 213 132 57 180 140 86 148 201 225 144 42
15 79 143 20 273 201 71 188 215 242 299 3 164 171 1 234 250 12 80 258 268 123 66
613 3 76 284 426 40 64 105 285 480 646 292 998 292 480 276 43 841 456 9 130 766 211 31 186 133 78 374 80 280 246 12 105 55 141 123 193 248 177 29 84 135 240 142 17 173 59 145 268
613 65 275 16 30 184 278 280 293 426 734 734 265 84 265 253 84 132 173 275 925 9 748 99 13 234 39 220 44 7 160 194 243 280 188 23 8 45 260 46 249 58 171 227 100 248 85 60 174
28 95 201 265 287 55 66 91 147 191 263 215 219 258 81 115 186 156 178 247 289 15 176 139 39
40 106 184 195 54 46 290 125 279 3 92 68 264 10 237 139 144 75 52 82 94 88 91
249 118 127 172 253 296 295 252 245 252 164 354 245 170 236 209 354 25 182 777 119 81 546 162 163 182 141 263 29 295 293 206 244 98 256 15 219 177 107 32 124 189 109 46 148
58 107 175 207 214 256 198 129 71 172 127 70 78 64 34 49 289 57 227 243 209 149 0 206 260 80
671 44 161 240 244 200 201 126 299 284 124 164 278 158 44 241 272 225 128 188 298 204 127
378 50 115 117 167 187 266 274 288 211 285 38 151 62 266 21 104 259 123 27 207 166 208 233 180 49 236 90
263 188 202 162 282 153 74 125 223 143 85 185 83 79 53 118 10 192 64 147 72
65 67 83 208 123 181 121 10 186 210 100 198 219 174 205 161 5 118 57 82 243 282 6 167
27 75 230 266 149 112 232 117 204 141 111 158 12 115 154 265 20 274 41 91 138 277 177 59
460 764 87 101 117 158 195 40 105 188 63 121 249 252 291 111 156 266 74 223 190 162 55 43 10 227 38
640 87 130 197 244 247 281 299 331 23 246 3 199 209 169 109 86 54 240 164 157 216 210 290 160 274 187 32 249
671 46 150 228 22 172 47 146 26 87 70 154 240 11 170 257 266 262 167 242 264 97 10 59
61 138 293 164 50 51 95 68 247 15 239 274 211 214 280 288 292 65 177 67 105
4 39 112 132 249 199 83 163 156 104 157 127 247 158 211 112 246 37 126 277 111 143 132 44 29
17 78 163 157 66 263 37 271 131 205 185 293 296 286 180 7 282 145 289 219 155 45 249
30 95 184 278 140 123 203 73 81 136 80 90 237 51 280 187 298 118 251 113 138 267
0 29 91 233 136 74 227 39 251 41 278 198 151 24 31 297 47 19 48 28 37 99 189
