106 168 263 69 126 140 264 113 128 263 24 227 29 33 285 194 94 89 238 129 22 27 13 230 142 298 19
277 592 198 198 236 50 202 669 849 427 740 673 967 228 174 740 236 7 808 808 427
195 295 583 158 142 193 88 271 244 133 22 180 280 181 50 74 286 179 81 267 202 201 141
12 14 135 216 233 166 275 267 216 161 223 178 51 83 97 283 5 245 32 209 68 92 72 2 50
121 180 189 254 247 270 206 33 90 92 5 155 4 77 15 120 232 214 26 225 268 115 287 207
275 421 86 79 421 421 287 287 287 340 256 236 223 174 799 934 456 355 872 980 24
131 186 297 283 149 140 184 13 247 19 260 222 37 68 279 270 202 16 282 244 193 276 60
246 10 14 275 49 35 58 146 178 279 48 188 4 260 56 129 163 3 252 90 67
98 123 189 208 240 61 185 238 87 53 60 95 133 233 82 228 39 72 270 120 68 178 203 31
982 25 141 150 245 275 196 278 271 53 223 228 27 15 137 175 90 229 25 176 87 178 161 138 201
42 56 195 295 297 108 175 124 295 199 53 264 125 25 248 48 34 163 141 139 103 220 109 133 97
98 189 128 156 178 170 108 41 212 167 221 174 237 315 187 36 37 306 107 741 332 283
67 90 111 280 296 298 90 246 278 10 247 287 226 48 79 39 36 12 298 31 59 240 17 297 200 250
20 265 61 167 211 76 132 216 83 44 119 130 182 1 15 161 278 77 69 39 63 221
22 60 67 224 265 246 205 232 211 152 223 154 145 76 82 89 200 59 294 162 286 176 231
146 80 73 49 194 279 214 264 291 199 189 93 227 48 190 139 165 222 205 168 234
50 196 227 262 220 46 285 52 217 431 67 196 220 253 473 222 153 22 84 209 243 727 32 287
51 157 228 190 175 230 159 267 63 121 172 110 186 285 221 237 233 48 209 133 227 291 44
127 136 149 196 253 253 176 105 7 187 277 177 284 30 222 32 84 209 765 243 329 90 871
40 134 168 184 235 292 248 90 272 168 48 270 18 269 170 271 186 263 12 203 97 162 10 79 25 121
57 136 139 227 230 245 1 134 38 76 269 91 11 286 156 110 189 92 53 139 41 137 136 34 218 279
286 24 106 16 70 232 13 41 158 233 194 50 59 286 230 287 137 197 198 228 18
201 264 127 292 114 193 148 272 130 20 265 79 50 222 225 284 186 124 122 242 113 117 232 89 70 248 259 280 83 210 150 96 135 136 212 72 217 179 40 52 178 7
61 72 130 249 94 37 204 12 125 48 12 12 12 49 277 99 780 238 191 153 19 165 56 104
40 124 229 61 9 273 257 18 68 162 266 213 128 196 25 3 261 42 154 49 10 297 62
