134 301 897 937 2 46 73 149 238 249 265 403 660 151 712 614 135 232 215 929 642 459 198 484 565 714 110 425 607 851 223 520 675 254 961 903 19 197 61 691 550 154 461 488 612 960 144 348 358 949 844
66 301 269 41 57 28 147 82 165 213 246 106 250 37 172 199 34 149 256 140 44 74
968 276 336 241 15 239 9 70 1 26 279 50 191 59 237 105 263 37 110 231 120 262 49
48 130 275 278 167 13 57 179 124 3 36 114 221 206 129 166 270 52 247 277 228 67
68 86 34 201 110 36 276 271 176 77 13 254 83 16 236 205 132 147 25 217 247
855 10 230 132 267 122 194 26 122 86 697 122 86 654 73 142 132 241 157 606 654 824
45 50 93 108 277 52 62 145 290 137 278 268 268 225 114 60 24 137 139 114 154 92 139 110 0 199 137 13 98 229 98 193 222 76 129 277 224 64 272 149 134 291 143 52 50 122 167 47 179
32 54 101 254 29 298 90 118 269 23 182 293 163 113 58 270 164 76 205 35 143 195 192 81
53 155 93 118 278 296 32 79 204 250 188 253 264 145 137 150 103 54 223 284 283 18
8 14 59 218 235 278 297 247 141 137 183 218 294 123 261 173 119 151 12 142 80 72 124 260 31 292 11
9 24 58 182 250 277 148 14 62 104 175 150 25 33 119 6 133 77 120 240 225 39 136 270 212 196
117 246 14 68 100 278 171 156 296 136 25 67 267 262 52 229 98 73 280 233 195 41
56 111 147 228 235 293 174 194 211 264 5 230 268 291 10 293 278 214 203 51 241 226 90 71 287 162
131 172 248 0 67 208 245 215 14 182 128 61 174 91 122 40 249 20 282 72 175
282 127 95 240 250 143 27 155 89 186 202 237 200 212 279 103 285 152 214 25 260
101 139 246 86 211 81 192 205 149 270 155 201 8 0 246 23 121 196 26 69 293 109 124
4 156 218 565 296 76 255 287 41 240 118 3 152 47 52 264 261 227 119 223 139 15 205 46
53 95 260 82 259 202 29 175 10 293 21 262 125 209 86 48 39 156 219 105 22 256 235
169 285 156 239 167 52 6 254 101 60 71 250 271 112 70 57 287 215 160 170 144 217
6 257 170 231 271 122 286 121 31 280 202 256 270 175 241 251 62 41 23 46 208 298
13 77 92 171 251 281 170 130 240 237 191 58 267 144 229 104 131 143 11 54 251 98 139 188 278
16 48 164 214 297 16 34 269 25 148 172 276 46 203 248 135 54 146 206 127 213 32 227 157
96 223 58 248 46 139 90 258 260 245 106 149 263 98 33 223 103 125 229 111 109 210
108 128 206 243 278 166 138 296 160 155 260 57 105 192 132 27 109 97 53 85 137 237 149 70
95 183 803 118 121 218 339 188 75 208 122 43 157 171 41 71 236 116 6 64 268 292 226 128 31 185 288
890 47 203 6 63 110 769 932 280 74 232 370 599 605 692 458 73 947 249 494 901 78 857 629 36 240 141 250 185 287 14 84 135 213 251 298 222 288 215 276 76 270 133 160 5 140
31 55 58 129 165 231 62 117 285 32 166 47 156 43 165 291 49 217 12 171 90 114 214 85 50 60
72 124 208 263 276 279 227 28 265 275 15 261 248 1 29 293 209 181 271 118 14 88 183 187 239 282
11 75 108 146 74 164 116 128 4 164 186 166 87 179 244 11 252 745 208 3 292 228 239 35
33 100 179 204 178 97 65 136 289 223 0 36 199 259 3 1 212 135 218 113 224 48 5 175
58 221 257 164 229 66 26 15 241 211 177 235 252 169 210 49 76 221 77 246 268 230 218
100 101 156 228 243 65 200 167 151 238 28 29 157 287 20 275 130 195 192 150 154 13 141
11 264 282 78 27 171 121 47 119 110 243 90 113 185 212 126 266 205 7 272 158 146
14 30 129 189 115 14 128 4 249 185 74 20 119 270 79 173 133 193 295 48 19 239 29
14 94 221 226 90 144 261 28 85 272 58 100 197 259 7 167 281 26 109 279 32 119 208 62
62 138 199 250 143 292 40 200 58 91 96 219 132 255 183 107 49 98 5 16 236 196 102 142
64 286 150 26 57 112 179 29 152 43 141 3 111 174 95 147 45 196 192 278 1
102 294 190 85 141 234 63 264 221 201 162 101 51 44 249 70 43 275 239 98 240 65
44 66 228 244 200 220 287 273 132 288 283 0 57 63 239 40 86 158 114 69 212 145 43 138
2 55 198 247 284 213 7 24 89 207 60 27 236 209 0 291 284 139 242 33 222 248 5 48 36
112 184 92 287 75 183 223 8 249 175 44 85 54 291 19 176 253 209 256 181 193
79 155 119 72 287 170 110 203 260 289 113 236 176 198 168 172 127 86 197 281 100 259
48 159 198 219 166 180 221 59 242 138 210 226 28 228 185 273 276 261 110 195 132 85 133 279
100 117 158 290 55 85 215 249 135 61 229 86 20 257 250 123 36 65 19 253 91 244 220 282
8 129 151 188 209 80 270 107 240 201 129 152 145 204 111 277 252 194 242 52 105 202 225 51
39 209 72 272 101 132 150 37 161 35 45 214 144 78 29 252 112 961 105 616 301 273 209 171 284 115 81 164 86 259 213 180 139 69 133 161 34 174 153 181 63 274 236 240
111 161 138 84 139 118 123 132 262 0 42 100 144 17 242 252 212 257 58 71 110 213
54 76 138 114 190 128 18 143 75 41 68 162 225 133 283 224 89 80 220 76 252 66 96 44 250 143 9 42 246 117 84 213 60 130 241 140 231 238 200 3 230 119 98
282 259 243 83 41 7 133 188 120 101 30 45 132 256 155 257 21 16 32 150 177
27 103 257 469 258 175 68 247 202 205 4 209 295 13 103 224 25 204 105 147 200 144 76 297
31 87 199 108 133 38 145 160 53 239 257 202 97 128 227 204 250 203 79 187 71 2 230
19 108 223 67 128 170 273 118 54 227 126 287 15 194 62 64 230 257 111 8 55 146 184
62 91 162 195 263 316 11 232 272 130 248 103 80 5 132 241 51 249 299 81 218 164 207 143 242 79
64 121 154 172 179 206 216 160 292 11 20 11 292 283 71 81 206 155 193 87 292 263 17 282 205 184 237
13 140 19 291 59 12 95 183 28 65 250 101 136 222 47 199 111 160 21 289 60 105
47 194 266 275 298 35 57 254 132 122 221 93 58 156 286 139 56 285 114 12 266 86 87 199
162 178 214 274 48 144 146 194 206 93 35 150 102 2 78 292 288 126 183 212 25 220 235
29 36 164 202 78 7 167 117 124 128 206 138 232 23 31 130 132 235 58 153 284 61 166 275
21 47 50 78 82 113 185 507 256 217 184 102 86 47 226 74 29 55 172 163 288 117 48 120 259 31 36 224
128 138 187 157 196 273 162 1 272 109 77 26 75 275 99 126 10 23 183 67 276 9
117 249 546 141 115 199 103 29 140 187 215 289 267 171 128 122 209 292 186 107 152 234 93
105 17 79 217 232 26 103 225 253 173 260 131 63 177 37 159 82 137 40 183 85
108 161 274 32 125 35 33 192 38 239 182 105 266 216 167 210 123 247 238 256 149 139 275
196 229 212 123 117 68 218 250 150 294 0 19 102 194 112 202 70 168 61 135 258 122
9 108 193 231 286 214 73 26 255 142 19 186 88 87 93 10 223 21 62 89 190 217 265
22 197 202 67 288 57 73 253 294 56 76 135 258 55 38 296 250 5 298 219 227 80 189
100 205 62 146 80 11 240 186 33 105 33 186 240 161 224 237 171 275 36 134 141 117 248 256 57 41 181 215 251 209 2 271 191 122 94 14 263 24 183 96 4 28 153 32
77 180 238 56 133 104 264 10 222 130 37 282 165 121 113 189 99 166 109 296 6 203
24 135 186 253 546 226 178 274 199 96 132 270 263 259 116 237 221 62 48 192 112 41 280 271 108
167 168 189 205 50 70 134 284 5 32 233 294 120 269 5 5 32 141 23 117 81 594 186 220 969 237 256 138 201 161 33 80 133 204 107 290 129 96 248 29 74 297 117 242 183 261 196
107 182 195 157 211 60 262 96 4 125 174 101 129 208 98 2 201 87 255 205 67 289 88
64 182 271 169 255 49 68 170 12 165 34 76 22 39 279 245 186 297 94 163 156 254 206
240 599 201 20 201 106 203 101 86 734 203 106 231 856 164 69 60 772 362 17 58 809
72 95 101 277 253 243 275 111 51 285 255 133 110 298 37 183 162 174 46 289 230 292 88 121 173 25 25 105 296 133 9 296 834 262 45 150 266 245 128 227 630 154 87 147
240 242 282 214 258 255 97 42 286 0 89 248 105 22 162 31 238 269 191 93 66 76 227
29 62 100 292 151 292 260 200 151 151 108 27 95 155 64 208 97 120 188 102 200 16 16
33 288 212 168 33 25 93 257 45 30 189 85 150 291 12 132 234 266 135 200 149
4 12 49 298 599 33 266 63 115 230 1 201 168 70 43 73 58 42 286 223 17 104 34 135 88
77 137 152 234 255 162 87 200 109 21 143 8 239 89 293 280 177 101 244 225 182 189 241 78
129 144 188 275 282 211 182 31 155 130 285 28 259 135 189 147 286 146 27 66 278 239 23 151 12
124 146 195 254 210 111 156 226 95 30 127 244 0 214 16 259 101 270 42 185 144 117 260 207
193 221 24 143 181 82 20 207 36 215 66 99 287 231 127 166 140 137 210 229 158 258
31 297 278 87 88 193 34 267 132 82 27 85 293 10 154 203 229 39 298 191 204 162
10 65 131 260 43 235 172 77 1 182 22 54 215 172 77 172 54 297 207 236 29 301 662 912 25 144 158 117 7 78 265 237 60 160 120 99 73 263 81 284 212 179 157 48 290 235
43 53 206 262 227 51 257 206 284 286 271 243 147 47 63 114 143 213 73 19 290 37 244 172
246 248 191 237 43 217 287 60 293 195 92 141 143 8 25 203 116 96 101 123 151
33 214 283 56 63 51 243 27 254 144 293 234 226 266 258 68 59 217 30 40 17 125 118
129 165 214 258 296 59 62 138 200 12 253 154 128 262 116 230 218 208 39 57 88 216 123 18 114
6 180 152 69 109 178 25 41 146 78 150 276 173 259 138 121 71 139 210 199 224 230
188 292 214 166 37 60 170 90 139 168 150 167 66 147 100 199 121 35 298 48 2 162
750 147 268 599 91 156 218 186 232 144 119 245 63 238 89 100 76 174 272 152 14 49 172 101
45 132 181 214 133 166 166 214 214 240 970 214 226 4 905 81 292 284 205 248 193 119 184
38 75 145 289 242 226 103 214 298 186 94 203 102 128 14 21 293 272 217 143 281 181 72 104
36 196 45 161 204 174 285 7 162 187 149 280 247 154 229 3 77 230 248 287 198 120
67 256 232 47 172 224 275 286 268 264 193 86 129 285 223 35 296 186 11 32 7 252
176 207 66 170 252 274 294 113 206 113 256 137 294 206 295 77 70 810 501 562 255 81 188 165 170 66 73 207 38 144 65 54 1 81 276 100 286 198 166 130 67 156 165 210 115 52
125 133 220 148 242 546 280 276 11 276 219 638 219 162 109 273 912 297 236 144 252 662 105 29 25 301 103 174 2 186 267 246 32 244 295 250 210 215 194 91 255 5 248 3 167 164
154 271 212 144 153 107 191 28 209 272 180 95 32 132 169 138 86 20 256 204 51
12 273 154 165 204 285 244 171 132 244 215 123 42 171 108 84 141 54 34 572 278 87 296 145 388 159
8 159 168 175 180 196 94 17 2 43 262 262 26 43 781 224 516 81 956 50 248 378 256 594 220 969 102 37 271 182 148 87 170 283 17 5 180 8 14 225 63 114 2 295 28 23
53 75 116 245 174 128 206 235 277 83 181 84 28 80 152 261 13 48 85 37 243 289 82 40
29 200 852 109 109 852 270 195 13 13 262 781 116 103 360 912 137 576 236 109 252 75 275 176 28 283 83 46 277 164 190 116 72 228 27 107 65 292 260 137 259 61
114 232 274 264 174 45 36 23 3 147 179 231 227 79 160 237 217 30 268 84 46 129 214
37 138 44 57 87 6 228 228 189 237 237 87 576 451 274 360 109 775 912 506 104 209 236 75 88 62 292 132 151 57 247 203 64 33 258 221 155 193 267 79 80 137 260 216
4 144 288 298 172 108 20 156 93 163 245 287 77 243 80 161 165 201 117 51 207 211 71 54
153 164 265 272 290 275 89 214 67 163 233 26 22 31 68 42 297 48 122 100 266 71 55 11
39 170 177 231 43 162 162 185 161 149 149 218 163 181 67 251 184 193 20 71 177 191 218 279
8 15 146 254 186 268 65 268 189 11 277 48 506 360 274 109 912 227 775 75 451 103 576 188 215 33 233 79 242 23 81 71 109 43 40 4 290 265 105 108 54 122 88 261
104 148 179 599 261 97 159 26 40 244 246 106 234 86 123 115 172 211 22 153 93 1 226 284
85 124 125 199 253 293 25 203 233 4 25 86 524 213 524 233 524 201 292 193 19 282 248 263 206 169
134 294 212 28 184 80 91 76 157 86 267 143 179 146 90 59 227 136 203 183 14
33 83 218 169 242 275 15 231 206 238 107 66 163 63 268 20 296 79 136 51 270
97 196 262 274 284 35 48 72 2 159 146 169 197 117 296 112 47 295 212 224 214 56 166 158 103
14 213 221 273 117 258 83 123 67 226 9 217 90 251 107 225 247 40 171 116 189 209 279 195
36 119 16 205 233 153 201 289 72 178 27 139 260 98 35 84 105 127 109 91 185 128
70 116 223 283 292 224 97 22 186 37 4 20 222 56 211 220 230 201 159 107 240 78 274 115 207
11 176 208 223 170 292 118 183 233 49 29 23 202 146 173 87 284 17 243 73 225 127 84 79
47 80 274 164 252 206 249 82 105 54 132 219 237 181 14 65 258 59 190 89 27 276 265
148 153 159 213 35 275 77 153 95 46 265 271 131 228 17 236 297 210 260 92 74 52 15 196
38 214 253 292 136 105 99 31 132 298 90 214 193 109 294 269 121 14 249 115 127 38 237 258 278 196 174 218 176 81 3 49 48 276 257 205 247 59 270 128 252 108 83 227
84 271 13 174 129 62 156 202 167 56 66 166 263 169 222 184 291 265 146 130 157 109
3 203 232 294 10 274 95 21 154 88 249 186 14 121 150 216 189 28 194 172 234 152 272 42
256 234 275 40 247 248 87 63 152 120 285 276 162 138 290 14 225 294 184 94 88
38 157 135 72 16 14 216 117 59 179 108 55 299 25 71 232 252 100 293 281 282 171
6 124 196 290 271 290 290 271 196 158 16 151 16 31 108 155 64 132 164 97 188 102
102 126 129 208 216 226 283 108 210 139 280 261 85 0 197 18 279 82 213 44 298 60 277 211 165 143
75 106 136 283 291 120 89 168 82 182 220 165 103 208 11 277 169 276 199 235 231 44 229 279
76 272 7 169 148 20 280 169 20 179 274 227 109 236 252 137 75 360 506 506 103 104 360 31 103 274 27 196 138 144 60 166 55 41 292 258 78 221 140 5 106 83 170
55 173 189 243 289 53 264 221 155 68 135 294 239 206 210 214 217 42 108 212 230 15 18 267
97 235 54 264 206 290 225 224 216 276 263 251 186 92 141 3 130 178 32 169 0 62
37 72 101 132 140 15 7 6 154 20 115 40 114 265 298 244 280 133 201 58 51 120 264 131 95
89 131 175 188 280 295 40 141 244 200 17 291 299 12 39 196 103 223 250 41 79 286 277 113 228 23
47 99 111 148 290 137 223 107 118 171 104 284 173 176 29 197 275 282 33 9 46 70 205 195 200
34 67 113 170 185 546 88 95 163 25 237 256 228 60 58 153 286 129 263 143 24 104 33 297 198 227
6 151 193 228 8 50 59 89 99 184 197 179 105 140 282 43 283 167 45 52 286 189 204 159
19 116 173 227 160 56 170 16 271 149 138 282 17 128 41 258 273 14 276 298 233 25 169 159
74 105 212 181 260 21 20 218 238 140 66 103 253 265 90 44 173 26 269 160 67 215 207
83 190 84 274 211 107 20 172 121 139 62 35 37 72 104 39 219 163 289 101 174 208
6 96 119 149 157 238 5 193 212 230 71 151 29 7 283 122 92 25 1 77 140 86 225 199 213 8
153 254 145 188 85 226 162 94 230 121 175 19 214 18 126 288 222 212 3 218 179 76
37 90 91 100 289 13 229 994 211 81 41 379 81 58 994 32 32 81 134 969 220 141 50 378 997 979 23 44 179 24 149 263 280 155 213 201 3 32 299 152 33 11 148 243 220 53 206
101 140 284 227 131 97 79 14 259 59 148 150 283 252 125 167 231 255 164 223 25 23 106 40 51 44 82 127 157 229 212 214 253 194 256 133 16 274 223 255 277 147 252
56 229 213 51 163 194 299 272 212 22 208 285 246 15 19 268 62 33 165 264 10 64
17 18 25 106 49 151 231 273 262 122 229 87 86 271 197 210 69 143 141 275 201 204 165
17 170 195 244 120 133 226 65 178 135 238 70 256 29 86 280 266 287 213 125 240 147 3 183
6 59 144 218 291 45 271 281 204 260 166 136 131 249 171 178 21 213 78 188 283 71 262 261 196
148 196 235 273 155 151 136 159 237 272 210 184 147 247 178 243 75 146 258 230 206 108 233 263
24 61 159 172 233 7 196 222 124 221 73 108 148 30 75 210 128 85 208 271 159 101 185 266 56
62 173 67 130 92 125 268 201 192 124 97 165 137 70 248 10 12 2 46 244 161
20 165 260 87 281 119 150 279 137 6 201 280 151 122 23 255 244 220 176 166 70 231
237 22 88 279 218 292 267 258 141 177 42 188 17 14 168 264 207 27 249 297 278
73 192 113 298 106 76 119 88 296 20 108 73 259 54 284 131 26 203 249 84 210
67 78 116 113 136 110 77 32 188 222 234 213 3 127 56 151 101 99 232 149 274 287 159 37 11 16 273 285 54 116 46 81 119 25 177 193 148 40 22 183 21 284
25 153 208 23 274 7 269 122 81 130 214 119 212 20 188 75 66 68 77 21 92 197
78 107 223 235 276 39 19 81 52 45 127 33 10 194 232 118 111 296 25 178 11 258 154 67 247
67 120 128 67 268 117 184 284 266 68 235 285 103 218 110 244 296 291 274 167 205 59 25
49 212 249 227 237 44 208 60 103 42 272 11 143 118 10 233 269 253 140 78 96
54 131 171 98 147 260 113 211 192 198 74 79 29 110 278 249 58 186 57 7 31 39 257
7 72 86 261 33 103 178 258 52 146 139 162 128 292 244 187 2 230 28 16 282 232 279
30 46 95 272 93 7 91 231 88 132 190 154 46 233 142 65 156 126 169 90 218 159 92 129
0 30 265 51 102 263 261 9 91 235 25 73 188 210 117 56 83 90 277 57 174 143 221
47 116 241 60 49 133 279 286 42 37 88 48 152 197 296 68 74 277 92 192 219 182
22 51 142 248 105 41 245 235 234 247 217 272 186 53 51 42 4 34 11 187 219 57 188 93
161 193 260 263 266 116 50 75 248 92 257 196 75 34 257 269 75 282 289 214 169 19 263 284 155
261 53 48 113 73 214 255 229 264 295 49 8 45 119 171 226 124 98 242 210 172
76 117 272 546 243 244 263 280 15 837 15 225 896 170 448 252 662 273 171 144 912 97 112 143 214 29 810 422 230 190 53 8 216 31 247 152 115 62 67 189 15 99 186 52 212 243 54 246
89 273 10 98 279 293 233 170 151 161 5 263 162 143 7 209 92 238 152 31 299 37
209 268 212 292 29 21 71 90 22 104 167 237 161 217 19 50 56 221 75 202 83 52
15 194 233 103 119 187 185 194 146 246 63 97 101 139 10 271 212 156 122 289 284 165
5 40 189 50 291 27 277 298 82 163 176 12 138 194 6 255 267 91 43 133 203 189 171
49 120 124 150 180 277 298 78 28 123 153 208 80 244 8 274 264 159 168 262 79 149 95 60 202 229 50
27 102 123 135 223 282 75 147 266 3 70 270 103 245 132 158 239 222 241 258 153 57 164 265 225
66 82 100 112 169 265 237 285 158 299 141 34 196 117 287 40 243 5 234 44 0 225 199 210 264 39
108 160 177 214 226 298 67 10 116 201 179 136 235 165 219 269 76 105 1 178 288 213 38 160 43 293
14 59 134 188 238 261 409 111 54 203 53 43 201 23 268 254 41 184 46 155 139 74 61 1 66 128 123
62 299 270 96 23 22 231 153 41 54 295 228 282 0 254 159 220 34 179 289 247 84
110 185 212 143 132 630 251 174 30 630 407 278 95 119 153 596 77 991 647 240 155 919 37
1 133 422 142 173 19 146 102 92 127 146 92 272 19 146 256 378 256 969 117 248 125 978 220 81 98 246 130 41 180 280 270 191 116 202 53 64 93 90 186 173 278 196 101 295
188 281 296 216 86 124 233 122 127 145 11 64 113 289 281 103 222 256 284 69 22 296 80
66 74 125 142 178 233 267 102 208 118 35 78 73 265 240 187 15 27 166 299 2 59 151 29 221 110
64 73 94 95 197 203 261 185 214 40 119 158 248 220 113 56 2 54 162 194 99 135 110 227 148 83 156
176 207 35 99 183 237 267 283 827 81 999 138 81 827 74 999 138 945 986 236 506 109 576 103 576 209 274 360 100 64 285 48 98 287 19 82 166 23 50 128 9 37 289 111 299 21 24 108
177 256 261 79 280 244 43 64 265 244 265 122 633 633 244 759 97 178 230 293 624 46 261 72 130 58 79 163 113 288 212 282 56 5 70 237 116 280 268 89 27 119 87 164
27 98 115 129 161 216 247 29 126 14 54 235 53 245 122 134 31 92 179 129 273 58 168 161 59 263 66
135 482 277 35 380 233 219 986 134 123 261 448 227 98 320 757 52 404 197 70 179 152
34 96 273 186 95 199 68 243 190 78 58 16 151 140 25 192 207 258 194 224 145 270
63 144 43 95 283 172 72 274 107 110 32 278 286 53 91 1 39 179 14 203 183 271
294 9 220 21 282 95 196 216 127 83 144 136 178 129 131 74 76 295 51 88 56
4 34 65 78 121 42 92 80 296 161 242 160 110 198 91 31 74 76 292 45 105 289 70 227
266 297 90 258 94 142 226 217 216 220 273 12 37 137 96 59 291 97 130 14 143 132
93 150 220 292 141 280 203 200 35 129 163 53 160 56 68 196 293 180 73 153 159 172 158 213
192 286 246 136 283 57 272 208 7 165 209 4 187 218 28 58 62 43 16 199 142 193
924 7 190 261 27 229 234 32 150 237 78 129 123 255 189 274 236 193 270 202 290 93 66 161
78 188 197 277 267 274 227 105 50 157 269 262 261 61 41 11 106 58 297 124 36 184 298 187
2 20 24 259 19 160 69 205 281 84 229 208 138 273 66 245 125 157 36 239 128 197 252
867 140 148 257 166 110 16 123 52 201 283 205 182 99 276 102 165 149 71 206 229 51 78 36 236 28 26 201 128 252 188 272 209 238 237 282 204 288 30 51 221 101 226 260
263 280 546 98 15 248 94 141 206 21 55 153 281 2 196 287 104 227 234 39 255 244 26
150 159 296 503 146 206 37 287 138 228 120 97 1 200 253 105 7 72 24 145 217 68 258 170
731 9 196 599 260 167 69 59 234 112 249 131 252 104 293 282 80 297 14 25 238 178 204 54
84 249 261 277 513 539 761 912 43 440 787 651 671 330 627 765 603 67 751 496 83 473 618 139 741 700 391 569 126 907
799 190 200 321 314 986 901 963 638 407 403 259 681 804 720 467 766 492 721 782 272 273 595 584
15 123 200 267 36 289 57 168 201 89 161 263 41 199 266 55 170 40 143 131 10 140
5 33 42 67 112 155 231 235 129 215 274 273 275 58 51 224 18 222 197 256 218 191 93 13 231 4 19
31 97 98 188 206 225 289 268 263 185 134 214 166 63 275 127 148 266 111 187 213 200 183 81 230 259 217
259 290 358 271 132 288 97 177 282 237 276 117 192 182 137 262 110 63 216 78 94 228 241
187 147 82 129 2 222 258 89 21 119 154 199 299 132 268 248 225 134 262 287 228
158 167 226 262 164 69 132 59 133 224 237 813 236 155 257 85 676 224 199 234 46 961 224 182
176 213 223 259 188 123 112 74 299 179 26 50 269 90 2 172 52 293 161 49 283 96 132 31
56 93 116 187 244 297 66 85 289 46 46 178 186 199 121 55 898 984 74 595 108 126 132 471 609 6 222 984 490
23 258 298 225 60 66 294 235 60 159 133 221 13 60 87 144 225 197 132 118 262 87 147
159 188 188 188 147 40 29 40 133 121 29 144 225 197 132 118 262 87 147 226 106 204 211 134 111 162 201 169 188 286 78 299 67 130 11 205 199 175 165 265 184
79 119 162 163 180 183 63 961 227 209 173 175 204 175 227 769 898 984 34 595 168 126 132 471 609 38 33 74 291 296 31 230 266 262 192 86 231 104 58 279 115 12 36 242 101 137
128 207 247 136 153 258 228 76 297 193 164 83 123 257 135 172 225 106 177 10 209 219
64 71 258 134 40 269 89 7 63 277 204 152 61 138 98 41 96 23 216 18 230 9 88
30 119 5 62 67 206 256 275 261 67 192 67 110 31 221 164 794 222 65 329 192 984 34 595 168 126 132 471
20 58 283 455 329 242 811 161 811 329 164 95 192 984 34 595 168 126 243 471 609 38 222 539 200 153 186 295 260 4 260 25 824 107 184 271 174 119 139 212 220 229 239 630
195 196 209 256 294 10 202 202 115 31 184 10 124 10 824 107 184 271 174 119 139 151 220 229 239
48 58 630 36 269 276 24 180 180 54 171 151 171 151 181 134 15 192 984 34 595 168 126 243 471 609
93 133 174 288 288 22 71 45 45 78 240 162 245 165 23 219 339 170 136 449 153 277 263
104 160 179 190 103 251 35 213 103 273 103 124 192 984 34 595 168 126 243 471 609 38 222 539 166 212 238 284 98 244 252 186 82 279 50 139 240 134 275 90 85 20 121 118
278 92 203 36 248 163 262 128 63 31 287 104 236 133 19 198 290 68 48 185 193
81 229 200 264 285 233 298 122 295 277 108 72 59 297 158 218 164 274 128 176 43 38
60 264 206 850 293 850 293 198 243 76 285 824 107 184 271 174 119 139 151 220 229
151 224 170 148 20 294 252 13 73 55 47 63 95 160 256 212 178 242 33 189 258 91
51 139 218 283 27 245 139 14 198 109 137 95 64 54 116 81 295 107 118 203 176 8 33 41
35 143 168 27 228 0 41 151 249 256 221 64 28 165 297 67 276 243 25 217 239 120 284
104 197 259 262 169 156 260 201 184 46 60 294 92 233 197 180 47 198 52 217 78 227 224 103
135 244 272 291 205 123 86 217 246 169 270 191 236 268 263 208 26 260 105 55 48 64 180
61 70 97 98 124 79 288 234 47 135 213 96 241 6 144 257 122 43 120 173 277 28 295 208 128
89 219 277 107 61 286 291 4 230 228 203 193 252 194 233 192 34 226 24 48 248 99
79 86 96 132 148 268 37 249 180 149 172 297 118 142 202 264 28 100 72 88 261 0 25 108 163 111
64 125 155 240 166 265 33 111 246 197 156 154 25 193 127 115 287 46 148 9 61
42 166 279 290 298 299 40 213 4 180 213 213 270 131 235 16 125 231 824 107 184 271 174 119 139 151
92 126 239 244 284 255 269 70 87 108 268 165 264 212 229 206 222 235 242 178 24 201 279 260 50
8 13 237 108 193 258 256 100 12 167 82 238 1 102 110 10 218 133 255 257 38
246 455 146 72 6 187 103 96 77 180 25 245 149 157 273 155 241 189 205 265 154 76
84 127 166 168 197 69 207 230 209 243 24 282 282 243 25 149 188 100 124 47 188 882 981 868 503 25 265 218 19 33 269 228 118 23 14 46 105 122 100 73 11 69 253 293 146 264 108 221
168 194 215 278 225 30 147 151 46 281 268 99 93 287 196 26 103 91 216 293 241 84 32
199 240 296 53 156 98 243 28 206 42 152 173 125 135 144 185 60 151 43 69 258
14 174 78 298 45 147 159 276 192 62 22 68 10 149 15 148 197 121 205 90 236 155
17 34 83 102 112 146 134 123 251 283 252 5 150 168 209 59 220 173 67 20 162 74 182 56 132 6
163 213 244 206 171 283 83 285 167 252 51 11 93 111 133 159 68 27 162 85 78 118 141
91 143 150 208 196 114 234 125 143 190 31 62 156 0 101 258 115 129 166 172 240 187 280 259
111 254 297 298 203 62 241 151 212 70 213 48 127 49 98 145 133 158 45 247 200 188 73 293
37 74 40 106 132 236 173 82 279 198 44 179 156 297 99 195 151 237 84 3 86 243
2 172 297 298 223 120 230 298 89 155 210 41 6 283 154 144 266 221 198 121 130 133 106 168
71 129 166 281 50 98 11 98 127 278 46 228 98 239 149 188 100 124 47 188 882 981 868 503 25 49 118 153 180 17 266 278 119 171 131 242 262 33 65 140 145 236 148 206 56
121 182 240 133 173 210 225 266 150 135 214 275 5 71 12 235 147 286 85 91 59 99 259
168 209 163 226 91 99 293 75 206 228 204 237 168 73 144 281 89 64 71 278 135 120
47 190 239 275 127 120 155 226 126 178 163 8 193 107 267 206 201 112 154 234 72 78
106 166 217 46 3 103 94 75 177 154 19 172 111 140 292 124 43 48 62 269 52 13 66
66 149 265 32 209 284 206 82 4 178 213 282 36 187 200 246 31 141 245 205 228 5
203 238 65 267 114 113 51 81 17 108 160 91 60 243 109 215 24 177 6 296 83
70 138 4 167 217 75 254 72 286 188 217 180 115 824 107 184 271 174 119 139 151 220
54 94 154 198 227 45 191 296 117 238 283 141 15 184 91 55 20 249 12 203 18 294 209 147 224
81 184 68 245 71 121 48 135 178 169 280 295 158 243 125 191 74 103 151 279 298 230 164 12 10 265 115 5 183 83 109 294 131 129 93 116 146 284 171 271 143 47
70 134 165 11 55 58 187 41 279 42 139 138 0 159 134 258 221 3 184 257 263 270
38 58 119 199 265 156 79 246 67 249 211 242 191 128 101 299 163 220 44 274 233 178 14 294 280 98 113 23 207 89 149 296 54 224 11 236 56 88 87 22 271 42 81
75 105 142 293 207 186 153 258 191 191 186 32 173 32 824 107 184 271 174 119 139 151 220 229
91 196 244 248 250 272 276 22 274 191 178 99 8 267 228 241 108 60 106 289 242 87 117 183
216 130 214 13 112 26 70 36 1 74 102 124 85 191 298 153 94 282 289 142 163
129 222 109 185 261 219 183 293 86 14 37 161 201 150 66 79 209 104 38 214 258
68 150 243 49 228 62 220 197 282 79 223 172 174 173 157 266 296 185 4 73 119 164 277
8 66 209 216 290 90 44 126 281 59 173 204 142 132 186 127 262 52 63 206 237 236 22 118 47
192 195 298 257 86 102 298 88 49 138 200 96 64 27 130 171 127 7 21 286 23 135 237
0 40 156 290 220 204 202 242 40 90 211 55 287 175 178 243 205 280 114 218 266 289 189 144
63 267 292 131 228 207 206 255 96 37 79 120 100 145 222 4 152 132 277 49 95 62 295 54 232 85 67 168 63 186 247 153 275 165 191 212 238 235 182 45 18 11
129 189 202 28 251 143 111 204 70 234 59 60 86 32 277 87 196 271 207 61 47
110 255 23 49 260 106 270 180 289 255 159 126 0 150 134 257 213 178 63 250 245 94
17 44 193 271 293 1 139 148 172 287 200 168 61 222 11 220 168 200 168 200 20 162 245 165 23 219 339 170 136 449 166 192 132 188 244 161 43 37 68 213 56 93 289 230 252 177 165 126 147 100
41 213 63 141 131 117 170 33 256 298 13 215 115 147 71 297 211 295 126 223 205 195
45 138 141 250 286 182 163 246 221 173 212 180 151 144 196 191 265 165 119 249 285 122 242 231 159 20 267 206 148 101 66 50 139 115 133 111 99 219 124 125 281 127 238 144 256
19 200 225 173 86 101 12 38 135 83 103 205 270 20 68 291 294 148 95 287 166 123 216
63 101 238 113 51 294 240 120 92 227 10 112 81 284 78 228 180 232 156 4 7 247 253 124 181 114 249 299 195 229 11 95 217 81 141 97 53 278 125 293 138 236
133 257 287 119 10 296 69 98 248 135 140 51 42 210 117 53 150 76 259 55 218 174 24
25 276 201 146 48 165 61 114 152 100 151 40 214 292 27 236 218 289 297 188 60
19 94 104 237 281 53 60 221 243 21 100 247 221 254 162 245 165 23 219 339 170 136 449 171 102 263 143 270 121 271 60 179 206 173 138 273 149 156 65 295 163 45 160 39 200 96
153 108 140 153 203 227 241 131 650 104 241 276 134 149 188 100 124 47 188 882 981 868 503 25 221 221 183 259 49 49 264 824 107 184 271 174 119 139 151 220 229 239 630 159
136 298 171 223 118 273 6 105 172 170 163 191 95 178 68 0 289 55 115 16 193 9
99 103 82 290 254 263 202 40 106 72 174 29 53 9 100 288 223 224 182 118 214 102
53 69 286 50 58 62 100 103 121 218 222 256 455 212 102 116 261 261 116 7 171 102 7 161 983 270 224 293 91 38 294 92 144 220 86 110 264 82 256 56 69 43 136 154 117 30 63 179 284 17 246 101 164
88 219 235 221 183 47 862 98 183 183 824 107 184 271 174 119 139 151 220 229 239 630 159
51 292 204 287 139 69 286 96 4 232 127 126 47 250 84 214 188 32 68 238 209
113 229 281 297 0 154 120 222 239 189 171 221 244 77 28 130 159 104 9 126 1 64 67 65
28 73 99 245 201 72 90 233 118 53 34 236 288 238 293 218 18 150 74 31 138 193 284 128
63 77 92 113 142 149 258 275 12 177 146 111 201 218 51 247 241 27 19 73 214 255 171 294 281 254 71
59 70 108 268 295 205 118 222 117 126 113 268 83 27 155 81 17 39 293 229 246 43 114 199 219
59 111 154 296 291 269 106 94 238 93 186 230 234 252 52 75 182 65 251 243 114 2 274
41 177 179 268 152 183 42 133 77 73 228 11 249 285 294 104 121 114 278 142 136 255 23 193
138 208 285 79 81 199 291 156 31 212 212 180 180 16 180 212 149 188 100 124 47 188 882 981 868 503 25 174 187 205 250 90 231 184 102 46 210 61 120 125 5 246 113 98 42 67 226
71 86 153 190 209 242 280 297 166 33 147 143 38 106 43 100 285 267 32 69 222 144 159 221 12 245 95 200
45 89 90 189 243 280 53 103 64 100 180 60 289 95 10 222 47 281 32 288 208 170 189 75 39
17 88 265 207 177 175 71 171 111 40 8 49 104 117 163 276 4 17 101 235 211 33
16 40 104 169 227 51 214 295 100 295 46 295 501 824 107 184 271 174 119 139 151 220 229 239 630
145 203 31 189 123 241 244 9 253 127 195 148 293 48 214 128 131 251 286 170 80 254
82 216 268 284 101 271 43 277 233 2 289 110 297 46 8 211 108 236 126 5 227 282 205 170
25 32 112 151 195 150 150 151 295 195 295 55 51 11 824 107 184 271 174 119 139 151 220
149 163 17 168 239 19 57 216 69 263 157 207 103 238 278 99 255 22 7 165 280 138
10 71 35 135 131 88 80 69 214 156 250 260 155 98 223 65 114 275 240 230 248 34
280 179 282 277 260 101 78 100 247 8 262 238 94 218 259 20 129 74 124 140 174
51 74 93 170 215 100 279 298 53 62 14 151 172 76 50 103 257 146 126 71 270 253 58 158
244 285 187 159 11 159 9 81 81 9 202 824 107 184 271 174 119 139 151 220 229 239
106 126 215 199 297 197 93 252 66 265 255 296 243 142 31 130 77 206 241 91 216 204 24
51 94 182 285 236 253 195 286 73 266 49 291 160 186 273 289 264 164 102 56 277 18 176 1
47 63 190 9 186 178 167 9 178 186 167 186 824 107 184 271 174 119 139 151 220 229
19 103 107 121 254 169 129 208 168 233 259 95 279 183 153 255 138 67 24 223 137 62 292 22 224
8 125 206 213 44 175 90 68 5 145 269 279 205 18 264 189 200 297 206 282 252 56 238
20 61 230 270 176 155 284 145 51 202 205 272 70 211 192 92 141 97 64 159 109 108 219 184
14 107 84 204 197 214 21 222 21 197 222 171 171 162 245 165 23 219 339 170 136 449 171 87 287 12 115 61 284 102 191 26 93 197 54 88 270 290 106 138 41 172 222
59 143 205 272 131 161 261 190 128 161 128 131 19 131 148 993 824 107 184 271 174 119 139 151
102 106 278 13 147 227 21 221 167 130 103 15 96 224 134 200 218 246 165 85 14 118 126
203 258 298 229 237 202 248 280 244 290 47 40 106 90 126 3 98 272 141 262 101 82
0 64 200 27 294 244 177 286 64 181 291 99 186 79 173 230 130 268 227 93 12 31 4
39 49 276 43 82 224 11 289 139 129 282 134 76 149 276 32 281 264 55 266 249 241 10
0 214 215 288 38 78 18 130 182 98 26 272 274 67 14 137 173 104 168 4 5 247 128
92 74 55 136 281 194 91 188 242 221 90 152 58 137 146 173 201 202 97 198 269
6 229 256 116 15 127 74 176 10 210 68 255 222 146 193 280 257 107 268 250 70 117 19
239 264 11 125 290 66 0 268 239 87 113 80 297 155 187 212 273 265 279 276 294 146
983 47 162 191 268 192 52 290 118 242 280 170 121 187 284 0 243 39 21 171 254 245 53 38 223
136 4 141 636 636 4 278 80 4 80 141 226 636 149 188 100 124 47 188 882 981 236 287 72 17 94 101 162 259 288 197 210 90 201 200 67 139 104 276 36 263
139 148 169 260 292 114 164 227 230 81 135 80 140 141 187 160 172 88 193 150 133 131 50 211 155
7 228 291 79 175 82 249 114 205 27 67 281 241 131 63 165 94 197 229 237 45 239 168
60 68 238 149 95 84 265 81 128 257 299 184 3 48 248 190 273 189 167 171 150 24 122
13 65 191 194 126 162 96 248 120 259 12 225 117 229 209 148 288 56 210 18 76 38 227 43
10 47 226 41 164 924 32 203 203 32 96 32 96 297 32 129 162 245 165 23 219 339 170 136 449 224 226 14 226 14 224 850 850 73 824 107 184 271 174 119 139 151 220 229 239
125 188 225 238 247 151 255 99 250 256 169 81 79 121 237 17 159 193 48 139 53 136 182 278 55
4 43 182 211 229 265 159 7 283 145 158 243 5 102 47 148 127 250 168 263 285
1 130 153 49 49 293 49 293 571 540 293 186 391 653 44 434 339 92 81 8 746 676 184 236 220 31 265 105 32 133 124 203 200 125 87 259 155 228 49 287 18 86 10
115 257 50 4 71 116 0 276 153 152 65 35 277 15 134 100 53 199 21 139 204 214
71 197 226 16 147 202 540 186 138 49 43 138 275 769 275 350 110 391 653 44 434 339 92 81 8 746 211 219 217 56 89 258 289 73 2 294 236 199 206 74 203 298 264 162 270 152
144 156 265 58 257 296 236 53 183 65 51 245 72 131 233 299 0 208 46 156 37 270 271
58 221 235 244 252 277 142 179 245 245 284 123 15 254 254 993 38 123 124 15 6 22 58 257 273 172 83 291 35 20 235 294 45 291 59 218 145 229 216 160 212 214 203 299 30 168 169 10
10 21 44 62 81 92 136 38 60 140 103 55 20 236 103 55 201 5 37 59 454 279 12 78 324 163 100 138 36 898
27 93 99 297 43 78 132 65 22 78 43 162 245 165 23 219 339 170 136 449 171 102 263 19 230 115 189 2 0 48 128 109 14 78 100 36 236 26 152 114 63 255 66 178
136 210 236 248 271 71 132 270 5 268 94 258 10 103 235 159 279 273 72 248 199 230 131 147 289
91 109 228 209 220 44 93 197 66 82 131 94 202 38 252 164 6 77 146 192 105 119 121 16 184 235 294 205 62 271 156 55 186 242 54 128 153 190 109 270 134 148 297
82 91 133 150 174 217 207 110 157 175 110 65 65 160 217 824 107 184 271 174 119 139 151 220 229 239
159 198 227 195 57 227 155 225 160 158 86 293 189 22 43 98 89 207 33 111 164 114 20
18 95 155 175 277 154 174 10 277 121 73 46 227 0 221 259 282 16 294 228 82 162 191 5 109
36 108 122 140 151 240 214 142 292 160 48 254 290 276 130 217 256 101 248 25 156 20 110 165 262 35
1 42 76 78 105 200 12 114 295 2 581 121 43 2 933 581 162 245 165 23 219 339 170 136 449 171 102 263 19 118 299 30 220 74 115 242 290 148 133 62 116 292 243 269 154 88 113 106 99
132 162 175 184 194 141 86 7 60 95 67 151 256 77 13 58 154 241 111 275 128 134 18 155
44 88 93 146 266 127 194 194 217 277 194 824 107 184 271 174 119 139 151 220 229 239 630 159
32 53 109 125 127 132 156 209 258 270 271 221 147 283 91 216 58 119 35 271 89 227 212 293 257 272 230 101 117 148 85
6 100 143 185 275 158 18 160 55 121 82 276 43 137 61 254 258 90 187 66 20 32 283 99 197
253 269 291 266 78 244 199 267 115 146 69 3 298 188 275 232 86 93 249 22 43 217 60
183 272 247 61 179 94 206 25 253 163 15 260 183 266 221 223 225 245 141 67 21 291
21 81 115 254 289 449 630 109 449 58 185 277 109 185 54 121 148 455 190 65 77 769 105 169 983
6 12 40 65 139 15 277 39 178 105 191 25 161 253 150 227 281 100 231 27 186 56 62 243 17
22 168 271 280 252 151 137 245 131 78 51 7 291 98 26 187 181 170 237 59 145 174 92 244
54 222 455 295 34 66 136 3 288 119 246 202 147 5 29 174 132 92 45 267 271 125 249
67 69 116 117 201 18 276 282 99 197 6 229 164 56 267 117 162 235 29 165 286 132 23 24 46
180 223 42 62 278 282 238 138 108 191 5 183 102 259 45 287 124 147 74 207 120 237
42 185 161 94 63 243 151 198 17 114 171 107 163 74 7 260 47 138 96 37 130 188
73 209 281 218 217 15 201 31 172 119 219 192 70 184 104 227 21 206 45 60 194 247
299 132 285 45 263 1 35 73 14 98 12 197 68 60 206 194 115 180 248 57 122
30 59 155 134 23 273 297 90 291 80 26 29 79 39 22 183 61 52 18 180 214 196 5
8 32 281 123 102 179 31 263 50 22 144 152 219 81 104 253 122 234 13 241 184 17 66
9 44 52 130 203 66 94 140 186 292 50 80 240 259 212 201 8 155 55 166 104 190 236 143 123
135 259 254 182 263 289 224 0 126 230 193 198 276 70 244 34 299 165 157 214 213
53 118 158 174 178 188 200 201 70 102 147 44 37 218 33 14 264 69 107 29 138 206 149 188 38 114 99 174
27 88 118 188 204 54 103 155 242 276 89 200 137 216 8 145 9 30 157 168 191 245
49 147 281 181 66 246 115 25 15 242 269 272 186 60 78 85 55 262 23 233 250 62 235
17 22 101 270 112 141 157 206 29 75 284 65 253 47 216 53 214 291 26 28 125 205 68 33
104 130 164 198 203 5 111 119 118 93 220 110 158 297 97 82 53 291 113 51 253 59 98 126 104
22 33 173 128 224 226 11 168 23 258 263 163 33 114 110 40 55 129 268 214 166 288
44 219 6 49 65 167 191 24 94 269 118 247 269 24 35 94 162 245 165 23 219 339 170 136 449 171 102 242 97 42 218 264 110 251 130 166 84 7 121 123 51 91 260 171 249 229 198
20 170 277 168 122 183 92 270 0 254 215 138 4 31 273 181 109 293 158 246 120 155 101
273 275 129 231 274 15 116 245 100 184 295 22 159 283 220 222 154 271 54 135 143 262
13 76 79 119 220 215 116 87 57 277 154 254 186 1 280 28 174 62 278 32 160 97 51 131 53
293 206 104 5 114 124 43 139 79 243 82 286 98 32 227 274 289 87 13 209 283
101 106 116 191 608 63 108 160 209 586 614 79 46 505 261 257 62 258 771 988 533 993 397 77 543 350 886 305 340 175 125 296 208 196 143 298 207 280 47 3 26 202 121 177 204 144 185 111 251
0 119 148 43 188 350 275 215 173 617 617 215 15 327 523 215 55 133 998 175 55 316 219
27 227 102 102 39 29 262 905 632 116 853 632 102 901 112 478 885 619 619 904 561 340
13 43 48 60 198 280 208 263 25 218 267 264 64 166 189 288 174 7 221 62 75 266 109 141 279 12
50 76 160 208 232 280 124 290 29 296 108 168 6 106 174 266 283 203 34 273 223 121 49 243 12
787 239 221 96 287 285 149 81 146 131 220 38 90 48 49 230 69 145 246 273 33 241
208 91 291 211 147 32 62 207 290 104 269 50 16 235 255 107 295 210 119 66 217
41 66 95 128 131 207 236 248 262 215 86 261 113 267 282 222 191 12 141 283 273 255 217 149 132 197 87 190 287
191 192 197 206 255 69 245 111 270 228 90 184 102 190 65 250 80 91 295 13 254 169 55 28 23
15 49 172 226 251 190 248 37 41 144 232 284 169 25 286 168 287 165 101 29 236 67 126 275 243
9 11 95 97 205 207 140 16 131 181 135 109 9 282 82 1 14 126 80 68 284 134 292 30
59 125 231 296 294 116 261 135 295 53 194 159 62 282 252 259 234 58 256 92 170 176 22
236 288 164 53 225 92 152 230 100 256 37 223 231 148 88 153 282 171 125 66 184 85
82 99 124 128 221 279 20 77 116 298 249 149 141 225 117 72 131 195 187 269 62 167 277 43 147 5
34 234 262 290 236 148 54 195 187 48 107 276 60 291 267 79 244 82 65 255 18 147 90 283
52 98 264 46 44 236 58 11 291 244 33 251 225 202 256 78 6 260 105 74 246 13 165
234 51 109 186 21 280 298 72 208 31 212 37 194 136 137 26 11 15 28 256 294
156 109 58 136 43 86 140 191 211 208 26 240 106 158 10 95 150 187 152 157 90
102 223 269 209 173 229 199 213 12 16 5 71 207 9 210 38 287 92 67 111 269 288 93
260 277 254 75 171 131 11 48 293 176 91 218 62 299 37 142 216 102 273 194 159 3
0 168 219 220 72 100 28 7 72 72 164 187 205 93 416 14 239 90 248 159 136 219 127 277 33 161 53 156 282 58 21 207 102 164 266 137 191 57 160 91 107 258 176 262
64 119 144 24 205 49 39 202 106 42 260 185 200 166 171 197 291 128 10 55 279
27 149 246 254 269 526 122 53 117 60 166 228 48 173 61 0 55 9 249 239 167 112 80 189 293 176
117 96 85 176 296 30 97 290 22 108 170 207 236 156 17 230 15 181 182 261 141
62 110 116 266 283 290 240 215 173 70 82 112 144 171 254 120 16 105 10 211 249 30 64 265 4
30 93 100 117 121 186 208 29 15 19 22 118 142 148 17 198 129 262 1 272 242 130 179 215 180 126 267
91 101 122 155 263 296 27 52 254 175 143 149 284 273 70 252 112 103 162 180 192 172 229 168 91 96
13 80 194 231 299 100 255 274 136 104 264 240 76 60 172 109 296 192 189 208 247 236 78
79 264 295 16 123 46 211 238 4 212 222 164 39 81 71 201 44 241 58 74 245
59 134 51 4 46 122 96 57 273 178 74 230 150 161 261 143 116 258 264 135 181 244
43 70 157 191 194 279 526 222 293 116 29 77 91 240 244 21 43 39 226 269 1 79 173 147 192 291 221
192 280 1 88 253 44 270 293 259 256 213 49 172 159 195 185 65 203 208 51 194 282
35 526 98 190 25 16 242 71 279 131 94 93 171 280 130 162 67 265 259 210 139 0
128 141 183 187 194 176 174 35 159 209 299 272 163 71 259 143 88 202 103 190 234 94 256 22 236
40 47 176 131 4 260 213 278 227 66 37 232 71 23 108 220 134 160 209 38 162 15
140 193 212 226 292 177 129 255 219 22 188 95 76 264 71 237 57 295 58 145 172 134 164 27 68
47 91 117 182 234 236 291 263 105 154 87 174 179 191 195 66 54 237 158 26 292 130 283 36 173 19 199
140 190 106 93 212 157 244 142 77 25 238 19 250 120 123 95 130 240 155 195 59
168 173 276 279 49 145 265 74 115 249 106 204 53 288 34 87 90 243 154 96 173 134 188 98 126 142 258 241 248 32 204 54 253 44 2 56 59 1 23 110 176 198 129
79 169 191 21 62 278 256 30 258 160 187 273 31 170 112 25 118 59 61 297 95 28 190
220 130 131 246 265 60 22 269 96 162 85 238 7 87 243 82 59 241 149 226 284
2 75 285 233 222 219 74 9 110 211 93 48 266 212 15 187 79 254 289 106 169 296 194
30 260 261 297 42 43 108 137 226 295 240 39 40 1 249 271 32 202 122 19 86 236 136
50 178 228 173 24 36 216 229 227 298 103 30 2 35 141 101 292 233 193 226 6 249 58
249 256 265 42 214 209 98 44 224 267 213 187 202 250 269 290 274 72 53 102 91 140
67 103 135 166 45 40 58 177 124 89 147 14 220 295 159 145 23 11 27 68 268 72 205 43
18 40 102 113 136 190 205 231 241 56 284 299 210 122 228 169 213 94 137 272 40 247 230 224 13 234 51 187
240 206 272 246 7 17 2 6 217 284 11 270 96 296 120 35 283 162 89 91 288
34 170 201 217 265 267 271 283 151 27 168 56 54 276 224 237 134 207 219 102 48 163 98 39 82 177 260 234
0 198 47 93 200 226 198 267 17 42 198 267 292 86 101 146 53 248 103 256 132 163 21 11 237 126 5 36 171 47 189 22 263 178 102 165 39 292 274 198 279 96 222 111 144 127
133 174 196 276 75 135 195 127 233 256 59 18 262 99 10 265 279 163 61 54 20 106 184
181 45 226 78 202 177 203 185 244 148 133 205 81 218 287 236 295 18 274 157 80
78 212 233 256 275 173 235 266 106 124 242 8 28 62 172 196 171 272 163 134 279 75 122 27 257
29 260 72 90 95 272 258 27 18 169 49 173 79 140 66 124 126 44 9 189 138
297 160 292 124 281 89 220 225 116 182 158 233 291 48 52 138 92 208 134 0 229
97 112 140 249 281 186 163 179 289 71 236 284 298 75 167 162 224 193 100 160 56 285 165 191 241
32 96 267 142 55 191 148 8 185 294 136 266 208 234 229 20 187 87 150 13 236 144 28
75 184 242 63 117 187 215 64 17 226 144 142 46 231 224 239 236 48 283 13 262 151 266
44 148 256 197 299 260 287 68 7 65 133 140 297 51 119 5 90 3 17 94 84 36 236
15 25 147 163 283 46 92 261 295 183 121 279 285 51 13 196 30 36 157 254 211 64 272 253 218
17 27 14 55 151 161 171 126 285 113 141 257 198 259 131 38 50 51 104 121 294 216
252 119 203 188 245 197 145 290 207 298 5 101 134 79 165 256 230 252 139 144 133
22 284 290 64 272 194 48 296 55 137 213 47 122 57 1 153 106 299 139 274 108 254 45
64 71 111 139 232 130 146 222 277 117 269 71 41 291 162 271 257 132 297 17 150 81 87 14 295
10 116 141 546 164 174 140 201 228 136 293 212 149 117 204 240 247 203 263 154 141 12 68 48
43 49 150 190 46 74 94 6 63 90 232 231 1 146 199 69 126 277 287 225 114 137 197 47
72 109 201 215 237 182 278 106 268 206 59 292 174 270 126 190 160 171 87 39 215 191 220 143 17
16 147 210 294 58 11 190 284 248 103 267 18 212 144 168 184 117 71 107 208 12 119 112 195
259 142 281 93 135 112 189 225 6 265 271 144 126 199 257 173 88 148 161 258 21
32 124 125 265 40 131 195 246 283 198 198 107 123 123 40 123 40 103 146 237 126 182 92 79 11 101 248 58 132 181 150 24 11 279 7 69 172 274 88 72 298 221 220 91 169 171 30 228 204
6 27 113 280 194 72 180 54 231 118 30 193 59 179 104 258 244 38 163 90 80 107 161 191 242 71 180 220 93 79 174 132 232 92 288 251 76 166 208 73 297 101 234 178 210 16 184 95 207 266 15 248 68 263 225 155 294 141 213 187 165 30 73
46 96 207 288 127 121 51 192 90 31 230 274 229 128 271 48 87 201 223 287 149 82 6 156
30 147 182 220 279 163 192 72 287 292 55 31 58 39 44 282 105 136 213 252 131 117 216 297 236
114 214 234 150 72 170 8 55 261 76 182 93 0 50 260 19 245 243 293 180 121 97 65
255 290 271 38 296 50 247 222 103 130 18 284 246 291 23 266 182 289 234 72 272 252
21 97 171 202 213 136 36 198 24 69 240 161 150 66 148 20 87 111 256 183 167 250 176 123 215
75 239 256 58 283 59 160 270 270 210 166 41 87 244 41 160 6 5 54 416 187 14 110 277 22 88 126 210 84 66 281 3 116 144 103 265 267 115 164 45 213 151 222 18 42
31 237 249 251 229 245 47 155 36 298 215 142 241 201 286 123 210 53 97 231 254 259 122 223
38 134 251 276 150 32 271 170 45 21 191 4 152 279 215 68 128 274 225 212 87 273 284 71 204 83 61 242 166 280 113 114 227 247 288 158 282 213 260 46 222 188 164 127
38 276 62 3 4 28 46 204 193 127 39 196 172 57 19 7 211 136 110 217 132
56 112 170 257 68 262 231 297 42 105 82 64 90 59 203 263 254 285 176 113 1 211
235 278 546 287 88 183 13 33 109 55 213 191 66 201 202 50 234 145 162 174 229 107 20 137 12 126 242 40 15 275 244 5 269 205 257 139 188 93 3 100 136 98 52
76 97 123 171 224 220 213 99 55 152 243 76 233 138 273 143 150 197 79 234 53 262 0 50 153
81 85 147 0 139 97 229 183 246 252 141 40 260 33 256 250 249 294 60 191 28 16
113 134 172 193 10 19 298 34 95 37 140 135 111 207 115 49 175 147 200 83 168 283 3 23
91 199 55 177 3 296 220 83 100 179 85 273 62 223 16 245 286 35 199 277 29 143
41 208 243 239 256 44 2 123 235 36 218 144 157 49 166 246 32 178 24 53 221 100 108
87 236 262 278 263 146 98 243 112 37 22 16 177 28 68 206 111 196 242 47 297 23 152
138 209 88 103 180 76 123 164 274 14 228 21 297 253 281 121 215 240 62 166 113 112
30 42 101 110 241 266 38 291 60 115 104 258 279 238 197 184 70 79 63 296 266 9 93 55 96 168
0 2 49 261 286 92 74 90 202 56 298 198 173 287 108 125 257 164 281 46 126 114 136 64 69
28 97 10 55 156 294 39 272 240 69 294 112 69 168 79 619 132 163 248 92 256 58 103 11 53 253 5 190 205 82 278 152 204 101 249 45 244 223 161 105 125 75 178 27 164
44 79 117 130 159 261 264 276 190 69 133 107 178 248 212 143 261 256 259 244 277 33 120 18 208 112 151 254
237 861 423 104 199 141 263 141 199 110 159 261 416 155 205 277 5 219 148 54 84 143 264 36 254 134 13 210 256 280 200 55 59 214 7 45 282 176 27 88 22
198 211 214 220 43 182 148 164 154 238 171 120 218 13 24 293 246 37 166 58 145 142 198 55
161 298 216 60 125 236 200 172 123 127 157 10 101 278 38 111 183 34 93 209 249 54
60 80 107 184 144 122 111 102 223 68 175 14 185 241 47 78 285 67 263 243 87 229 108 165
122 167 176 193 109 128 193 148 154 6 148 130 296 325 227 6 325 325 974 101 182 103 11 248 117 146 23 274 20 25 206 286 48 281 164 186 98 297 22 47 136 52 29 46 124 139
56 141 157 268 247 245 161 23 235 45 266 55 42 142 226 63 209 135 91 287 130 157 73 58
84 197 252 271 224 227 268 12 116 113 22 183 284 38 283 47 281 9 39 60 63 19
80 237 55 53 67 12 198 108 129 132 224 91 20 47 135 137 42 37 8 125 60
125 146 184 287 102 237 510 29 281 252 102 281 179 29 885 106 33 122 208 174 245 129 245 17
37 53 67 99 119 148 61 243 185 156 277 204 97 45 20 299 265 280 157 40 208 94 154 153 63
124 132 293 276 279 207 138 138 234 282 279 56 293 194 159 74 193 231 489 145 245 106
8 24 39 81 157 273 218 196 66 75 207 57 184 187 293 153 202 146 166 56 119 63 128 209 164 54
27 108 285 41 23 23 222 39 23 117 222 94 239 142 198 143 32 782 4 209 106 77 88
62 96 118 289 546 265 238 59 139 246 47 22 277 194 90 200 3 8 143 61 208 263 148 172 205
199 288 247 165 3 278 68 96 56 179 133 236 112 139 261 95 239 249 231 8 101
34 125 263 265 276 86 131 231 93 281 125 257 94 117 246 255 292 280 76 188 13 81 136 9 91
119 150 197 218 291 93 155 126 271 182 296 240 130 111 216 284 119 177 82 149 2 30 297 169
122 135 231 233 89 140 141 197 294 210 270 147 81 3 3 163 147 270 159 223 187 155 84 205 219 54 416 110 200 128 178 230 63 177 151 102 216 191 67 69 85 152 90 8 96 121 210 275 290
88 80 49 227 127 268 45 239 113 152 262 210 184 190 35 274 199 192 186 73 232
35 121 273 294 81 169 257 117 237 258 30 103 243 294 143 280 92 263 273 287 21 72 112 114
9 77 243 20 183 102 293 252 191 4 126 175 83 275 132 141 281 131 222 106 171 152 146
210 231 63 129 228 246 120 98 198 189 190 243 78 255 77 38 140 121 269 70 216 178
64 152 552 104 140 255 182 39 173 292 43 223 269 95 299 134 102 3 279 45 294 168 148
185 216 147 229 295 227 163 108 247 163 108 229 12 120 54 93 272 223 84 110 205 159 6 416 5 192 289 267 124 168 249 98 265 86 11 123 14 126 36 85 257 281 83 129 61
153 192 228 103 47 265 73 101 53 280 203 199 206 113 39 108 213 189 242 146 133 239 255
149 213 248 141 90 207 168 64 86 272 12 164 275 100 235 195 227 137 125 104 238 245 33
5 69 122 261 70 77 199 267 279 41 186 290 202 174 146 265 0 133 252 111 147 263 54 19
40 240 299 46 263 160 208 8 104 107 282 37 238 232 26 205 204 219 120 12 75 13 211
122 169 181 170 284 277 258 123 190 47 176 5 281 68 102 107 12 213 155 268 225 154 74
8 14 41 181 26 161 51 212 196 607 20 212 196 120 15 92 53 163 58 182 11 103 21 146 219 87 44 150 220 152 70 130 101 293 69 131 20 92 8 18 109 135 54 104
278 299 253 31 22 32 30 247 213 49 71 45 204 249 254 70 123 127 202 144 156 74
17 94 98 230 346 38 215 263 10 178 23 23 23 178 144 105 178 105 272 205 148 6 93 223 416 159 261 155 191 83 86 258 65 137 68 192 7 31 27 287 53 93 124 0 108 176 225 179
131 201 244 32 79 11 179 259 55 209 196 275 231 59 227 245 120 242 102 89 260 23
36 131 144 1 170 227 64 267 182 151 186 153 217 245 78 5 250 167 72 105 162 28
32 71 143 275 290 109 270 56 158 143 62 255 41 277 299 65 64 20 18 232 5 271 289 218 181
998 208 163 270 205 0 268 179 213 63 13 211 14 162 274 157 25 272 277 6 21 290
260 12 196 169 31 60 144 147 228 273 243 282 291 58 274 88 183 172 226 10 299
678 100 260 295 295 42 295 260 546 659 403 295 291 85 52 184 62 149 659 232 402 153
27 80 7 44 11 59 240 87 258 299 123 159 253 217 147 30 199 250 113 225 241 228
29 83 111 166 217 292 168 204 204 173 173 250 630 128 250 630 132 79 92 117 248 15 21 101 53 619 11 163 29 184 62 176 273 216 128 73 164 6 298 202 255 27 81 266 155 57 77 262
196 287 5 238 92 129 263 57 14 9 255 221 170 199 120 126 213 97 182 166 296 177
9 203 97 83 101 209 181 183 173 267 74 187 297 35 40 19 28 123 291 85 210 53
122 128 283 291 158 110 280 231 65 182 4 88 256 262 285 293 139 278 20 181 128 13 270 245
195 239 259 231 118 201 160 136 137 43 100 71 41 249 45 294 130 182 7 75 164 104 184
181 219 44 85 25 28 72 153 127 291 112 256 257 171 126 149 225 295 43 39 33 32
49 152 191 217 153 82 259 131 110 94 91 44 39 285 90 207 276 123 99 54 17 258 203
58 59 208 281 119 262 39 123 251 166 3 36 286 277 9 29 295 188 91 143 247 16 182 52
4 101 181 160 214 144 282 77 93 83 251 217 66 283 298 72 95 12 162 143 46 218 157
160 162 171 294 177 255 17 132 117 283 184 80 173 156 234 121 250 215 267 30 165 180 292
30 112 143 158 107 171 65 163 256 239 224 22 278 247 109 228 43 151 28 295 139 110
25 116 164 177 232 56 65 43 192 283 190 241 38 73 205 204 176 168 48 6 127 7 206 227 219
35 70 188 234 171 244 147 239 203 241 74 273 151 207 21 186 262 187 246 271 92 132 255 254
0 75 127 264 87 273 82 247 24 35 122 32 147 280 251 56 178 239 130 173 117 253 53 2 45 296 74 198 221 204 272 124 189 238 294 271 31 227 62 24 90 166 139 171
110 213 245 249 88 28 11 48 200 39 103 213 0 239 126 89 206 188 12 155 26 172 285
22 48 65 214 59 103 297 87 28 48 60 38 203 273 51 207 98 128 245 134 7 129 175 133
105 186 221 282 300 77 235 86 298 186 91 251 132 122 8 14 292 44 19 70 112 195 124 37 97
183 279 243 244 230 179 47 294 204 69 53 11 253 30 46 127 192 37 13 170 157 146
100 198 280 24 126 246 250 86 234 159 130 54 26 5 101 40 77 297 112 196 50 290 262 285 210 292 64 105 75 77 43 142 122 80 123 154 177 67 217 9 94 258 185
32 300 52 33 53 143 229 161 68 108 177 264 70 279 77 90 212 240 73 261 35 105
68 120 150 194 220 258 32 175 207 104 234 81 75 99 150 124 183 69 182 139 281 232 260 227 190 187
26 55 35 133 11 205 157 216 264 260 131 295 165 249 30 16 91 188 68 100 33
206 209 238 216 214 272 139 158 266 293 234 34 31 248 282 28 50 2 187 257 91 227 196
95 178 31 126 81 44 238 206 7 134 67 185 169 155 11 77 237 95 234 113 239 280
19 87 106 118 172 203 253 278 70 274 92 273 173 68 245 287 215 182 254 277 47 181 99 129 165 10 109 13
12 202 282 115 190 1 206 200 222 196 96 176 8 195 4 160 85 75 68 146 76 20 156
71 74 188 255 80 46 92 97 94 241 110 258 122 263 42 196 50 206 164 71 145 107 194
276 204 166 95 213 251 83 148 265 190 177 171 48 209 51 239 215 107 238 285 154
274 41 276 149 190 172 60 203 196 214 25 249 252 161 247 122 9 169 35 113 30
81 97 101 129 139 286 10 53 192 162 82 151 234 148 31 72 95 106 269 80 94 206 254 75 78 2
15 259 131 101 252 170 167 290 130 229 208 63 272 66 146 200 215 35 49 6 91 230
117 133 270 6 192 146 58 17 7 66 291 283 228 279 196 129 159 119 28 75 59 215
42 274 546 43 82 119 69 208 105 289 279 283 177 277 143 219 39 139 0 243 179 236 54
22 68 264 262 36 61 236 254 149 175 68 281 227 91 166 218 226 17 294 235 96 191 65
15 77 222 282 15 118 109 65 86 213 89 0 149 74 95 16 54 108 205 100 76 250 69
36 79 209 234 235 134 142 148 276 172 216 153 295 92 917 250 295 250 6 148 187 110 22 159 84 5 14 219 272 257 199 157 245 105 294 78 130 41 134 166 127 51 204 117 170 62 60 173 280
42 218 212 19 283 37 80 264 71 254 132 235 11 15 43 187 276 117 48 133 125
113 284 163 82 227 107 180 26 150 144 123 270 52 49 42 0 145 146 29 128 225 187
135 185 229 137 149 113 123 44 299 81 187 168 264 16 145 8 42 225 57 139 240 217 203
38 218 233 253 271 98 196 217 12 65 127 258 94 83 234 16 237 193 296 188 62 141 110 212
35 40 41 100 187 239 296 232 2 45 41 118 95 299 210 49 98 78 262 213 129 57 111 70 100
54 111 188 202 299 108 196 204 130 50 124 208 178 76 44 6 84 118 183 126 280 150 298 92 14
42 79 230 35 100 155 9 93 71 167 24 47 121 138 176 157 4 216 148 196 282 251 195
271 201 220 172 956 172 172 20 6 695 996 172 80 126 136 974 182 15 658 117 163 101 146 224 223 196 278 76 113 252 270 78 108 58 146 105 285 191 185 118 124 257 104
