22 55 100 393 404 77 80 159 540 588 775 404 713 121 275 953 382 822 112 510 541 800 87 758 461 812 825 349
55 69 253 296 285 519 929 320 219 712 967 27 138 431 595 763 609 309 190 928 370 940 632 254
28 188 230 279 281 393 947 254 273 281 252 208 95 299 162 252 385 864 621 73 850 850 103 20 760 85 453 508 103 601 154 8 1 213 3 139 264 287 74 58 20 124 233 122 84 67 226 45 125 209
55 149 279 80 228 296 377 377 112 229 688 78 420 346 525 229 155 793 229 146 971 275 581 755 229 860 100 226 161 238 61 13 271 77 5 178 213 205 295 118 147 258 87 141 2 19
985 125 153 164 234 240 257 265 85 243 268 222 64 110 235 82 126 151 102 147 181 148 36 218 261 67
70 58 223 198 203 56 26 180 119 98 89 269 176 72 172 47 213 106 276 111 45
0 168 178 63 97 65 22 134 236 71 218 261 201 213 181 176 76 122 156 110 106 90 211
11 39 162 187 216 224 228 61 157 137 178 56 110 253 120 4 282 55 12 131 296 52 49 96 298 287 266
184 223 247 287 231 88 45 110 297 156 227 51 70 40 159 186 279 176 206 270 235 35 147
60 72 150 279 164 220 29 207 85 39 144 217 56 226 204 293 276 119 285 8 154 252 265 30
260 17 96 96 119 272 111 96 946 154 92 505 227 114 266 199 287 98 209 139 13 47 120 246 181 75 4 256 204 122 243 24 265 28 270 117 200 239 155 49 85
38 152 291 92 82 226 27 15 0 186 99 213 110 283 161 116 184 113 294 199 44 54
30 54 296 24 73 246 162 231 116 78 137 149 243 133 14 280 54 269 71 264 276 247 207
132 211 253 277 1 98 114 193 284 45 20 75 240 163 179 27 185 78 189 123 54 165 205 51
45 200 116 45 21 206 227 124 93 193 297 69 278 139 186 176 153 281 142 292 191 7
1 105 213 221 264 277 95 288 22 193 253 205 113 32 26 225 39 247 137 97 208 73 177 96 140 56
212 71 259 125 10 185 106 257 261 296 175 240 176 212 271 103 119 136 239 37 36 275 184 153 210 299 182 154 42 65 60 269 114 233 259 204 50 32 279 229 54
38 74 95 147 254 119 289 124 53 87 127 105 51 80 148 45 95 299 202 111 56 163 234 255
49 216 25 262 26 199 199 11 11 267 11 25 148 202 181 294 504 281 177 75 852 158
95 134 258 135 293 230 206 75 25 275 175 294 202 67 209 39 177 98 132 274 12 155 201
33 63 128 196 207 246 275 276 235 268 64 237 172 283 299 286 227 252 181 276 30 175 193 278 107 151 125 263
168 289 191 298 110 201 211 267 227 216 121 32 142 10 102 33 182 228 158 85 107 132
