11 43 49 50 144 194 298 144 156 169 187 292 45 148 211 440 993 821 722 648 449 756 226 316 932 443 113 823 108 344 987 715
582 20 135 158 296 939 249 413 345 935 386 682 732 69 801 8 372 383 455 211 301 298 208 3 391 580 357 152 27 197 95 87 193 222 275 76 24 98 33 52 291 297 6 262 277 146 13
32 111 283 223 635 635 635 169 991 974 74 223 684 60 74 284 371 174 256 974 914 338 383
30 41 72 101 163 190 198 271 28 297 239 153 146 273 29 51 10 178 256 107 124 264 136 268 227 75 277 234
223 237 240 271 338 159 247 106 132 41 65 501 115 720 151 372 104 220 111 291 249 191 49 261
6 208 225 241 52 31 143 84 274 165 107 93 228 74 64 106 95 117 218 89 294 144 36
610 59 144 178 252 38 51 285 30 133 64 236 187 243 173 231 172 210 190 72 75 0 205 272 237
99 137 170 8 260 278 178 245 282 290 130 276 80 120 241 271 78 79 27 48 135 72
2 16 97 215 229 272 161 290 161 860 8 206 181 396 161 80 84 39 668 5 63 294 106 67 6
291 32 37 115 13 52 4 280 77 178 224 93 264 69 218 110 235 82 123 91 182
146 182 94 233 177 84 182 120 298 140 115 296 122 173 201 271 155 111 92 171 102 257
20 106 116 221 109 94 149 70 280 214 84 29 182 142 12 225 138 205 69 261 248 172
9 52 169 237 250 254 279 291 23 276 32 214 115 237 69 212 171 107 268 298 210 7 198 11 34 20 224
2 4 150 160 266 32 103 202 38 142 220 241 14 183 7 240 281 21 207 216 249 40 259 145 63
42 92 96 109 110 197 223 250 4 109 124 272 238 282 41 215 94 157 170 263 227 262 84 254 166 281 21 173
56 177 282 29 172 29 104 104 236 236 93 114 280 152 717 422 277 941 259 201 103 157 303 237 94 89 187 193 91 194 191 84 201 37 102 297 281 245 79 168 78 280 292
125 289 251 127 149 91 216 149 207 262 318 726 118 265 208 67 282 138 68 294 120 260
27 268 185 227 250 276 297 171 284 101 168 238 167 127 24 134 422 249 615 103 201 717 176 152 157 49 24 127 170 12 183 201 69 142 56 66 261 204 57 205 48 80 210 58 187 279 285
51 216 218 262 18 36 187 135 145 95 179 201 298 289 209 147 243 107 191 233 278 148 52 297
126 236 101 40 30 98 167 42 126 32 164 220 290 222 204 231 175 104 245 99 24
25 71 176 296 275 226 290 157 32 103 247 93 8 296 272 237 218 116 239 89 2 66 125 184
87 108 282 262 136 165 180 241 117 77 166 21 40 97 199 151 296 270 156 230 204
