113 141 222 286 4 117 150 169 130 185 144 246 11 63 148 255 159 214 55 167 206 33 4 105 70 216 221 34
972 114 110 775 204 904 687 439 921 426 486 247 685 207 721 891 46 772 53 862 959 428 498 65 269 278 208 246 276 119 195 155 256 44 245 212 1 91 19 82 30 17 42
56 207 133 294 52 63 2 8 12 247 80 75 187 147 192 73 274 178 67 169 6 223
7 37 65 63 241 178 47 225 127 99 262 69 261 10 184 146 16 223 19 272 157 62 111
144 197 202 204 209 235 178 206 267 120 103 119 161 118 28 134 262 226 125 220 43 259 46 47 140 45
20 89 136 199 201 178 126 249 278 192 226 133 149 143 204 122 225 66 92 136 65 181 69 172 27
44 164 30 266 193 260 130 144 39 65 188 208 159 141 286 243 178 278 99 287 227 82
116 117 270 33 150 73 91 109 69 51 22 204 104 105 195 96 58 164 60 79 254 138 283
33 51 328 6 253 235 70 25 117 168 259 67 298 192 270 160 280 83 2 225 233 100 81
9 158 162 247 229 225 95 110 128 191 47 77 56 185 214 98 169 159 43 140 166 137 174
941 86 130 164 93 284 287 234 278 158 63 118 152 238 53 57 153 151 225 18 128 55 295 160
77 65 50 250 89 282 80 87 283 60 9 78 188 208 25 44 231 52 110 252 24
122 269 103 275 26 150 47 249 296 168 146 244 223 46 111 57 125 255 224 148 17 28
966 157 227 51 237 284 220 54 50 245 161 166 153 179 42 22 58 7 46 104 182 219 244
165 45 156 246 108 79 262 90 39 46 201 243 177 213 236 242 284 231 226 288 259
88 154 207 260 117 295 162 200 107 28 109 79 201 231 118 241 206 78 236 193 219 38 157 288
116 200 141 282 220 9 206 152 30 244 196 83 49 130 272 296 50 171 283 211 239 48
11 39 67 107 148 248 59 117 34 250 68 145 264 251 227 156 113 195 82 168 119 110 41 64 203 211
22 76 221 208 49 194 179 26 50 293 81 199 130 287 92 20 156 106 223 51 296 278 7
0 100 272 280 86 84 150 134 240 223 114 131 16 222 185 153 207 201 233 260 245 47 172 286
7 264 262 173 255 180 263 109 14 200 145 37 58 45 42 9 221 176 214 92 65 1
119 49 27 117 142 277 145 197 4 72 39 178 215 13 229 173 176 74 290 25 67
37 288 41 254 4 104 250 265 190 39 174 252 76 228 177 123 22 275 138 293 68 197
75 166 235 238 22 209 266 291 45 215 263 106 51 33 135 56 169 54 43 297 222 75
73 221 256 65 2 27 105 45 258 200 210 87 195 180 80 47 252 235 95 33 142 24
166 200 809 60 197 247 22 57 95 248 297 829 614 863 326 843 707 693 2 388 76 364 501 601 87 20 369 637 937 780 871
713 110 214 286 361 456 185 874 382 479 242 522 666 551 338 652 537 396 300 796 419 763 503 703 22 36 949 121 5 121 149 121 723 151 229 629 222 538 542 947 570 347 804 883
767 94 168 178 194 254 101 280 135 16 27 18 215 177 97 143 234 183 289 220 228 53 14 241
24 58 193 713 3 28 40 141 239 124 19 107 163 54 163 90 252 143 252 31 250 94 252 214 121 231 204 841 84
767 94 122 152 185 815 63 250 195 265 228 59 290 281 250 268 884 128 636 272 252 616 257 180
167 215 292 194 278 64 64 194 292 260 61 3 56 6 916 126 125 348 278 56 623 135 132 105 230 146 72 231 104 13 42 101 161 94 68 40 1 273 256 163 267 210
134 271 173 171 56 89 41 44 182 136 204 286 77 199 168 198 10 222 223 220 275
42 172 197 10 216 215 205 112 56 201 212 266 62 203 29 264 53 5 286 38 288 191 193
68 187 19 274 17 269 165 165 165 246 139 189 741 356 173 259 12 228 269 199 271 165
30 97 258 296 147 222 276 276 150 258 37 83 741 201 118 356 84 263 269 139 12 271 672 228
79 277 284 244 48 100 180 93 108 144 483 180 259 159 908 227 285 165 445 751 867 238 3
78 131 132 235 60 119 160 193 256 47 198 198 127 167 256 3 22 59 578 233 762 294 503 122 829 9 69 228 12 172 59 95 113 255 84 15 240 216 24 276 21 250 79 140 158 60 125 226
6 63 75 81 196 226 232 1 53 188 65 170 264 100 138 105 20 278 211 275 260 273 79 7 231 143 228
15 175 4 13 283 81 95 148 292 141 105 242 265 215 163 56 33 11 179 281 62 260
25 70 101 159 248 292 266 96 53 145 85 290 206 181 122 100 248 158 37 107 152 31 43 90 48
220 251 269 287 249 271 43 56 0 89 17 127 100 117 275 221 178 73 92 7 99 264 110 28
288 132 174 231 23 50 17 171 295 242 36 72 147 25 119 187 70 165 220 71 159
24 287 269 105 64 15 197 119 260 30 91 281 227 8 219 56 228 86 172 138 143 80 206 203 29 139 243 63 23 84 123 259 85 88 108 77 204 168 231 58 33 96
92 174 204 289 165 104 210 47 224 275 205 4 40 257 182 292 122 197 194 173 137 259 25
110 134 169 162 10 294 26 139 232 220 48 92 126 81 186 287 191 185 137 111 27 204
41 42 154 244 176 104 71 29 12 286 157 114 153 200 138 296 271 52 203 189 196 218 193 144
196 225 143 127 182 197 257 268 190 32 213 85 43 94 159 266 230 98 117 114 156 163
57 79 133 146 56 174 202 205 39 22 94 216 16 263 243 95 33 272 28 82 157 225 70
138 110 216 81 216 216 216 110 246 445 87 259 62 285 238 572 175 751 158 3 198
79 113 166 110 216 81 216 216 216 110 246 445 87 259 62 285 238 572 175 751 158 3 198
18 19 37 139 154 166 192 133 202 19 87 275 258 234 140 243 48 197 208 84 201 221 125 73 161 28 158
184 192 243 208 57 189 229 223 173 199 258 278 217 262 218 28 292 293 270 226 104 183 227
122 179 218 271 206 133 220 135 221 160 159 194 38 82 51 272 123 281 131 36 34 157 130 13
128 139 200 125 209 71 194 26 7 282 297 239 122 97 273 155 293 245 40 46 208 0 92
50 70 86 220 252 111 29 78 205 64 226 265 123 239 6 278 242 260 271 231 257 112 3 89 197
138 270 70 40 129 177 175 231 151 63 42 127 182 241 227 25 13 32 54 247 142 1
25 137 258 146 264 87 231 108 165 45 120 233 93 158 138 17 110 115 157 132 114
36 151 187 145 218 79 0 287 150 6 237 295 163 91 63 194 214 8 190 291 87 133 284
32 70 98 104 109 193 255 197 148 109 88 255 6 123 234 209 210 40 203 184 72 174 259 5 294 295 80
6 136 124 61 159 126 5 92 288 79 39 1 274 217 37 177 19 27 256 193 245
14 217 251 267 259 21 113 30 245 295 24 258 2 99 54 220 205 186 40 86 81 71 80 150
25 197 247 291 280 128 20 47 233 295 73 149 237 248 198 177 249 225 254 88 84 169 296
135 198 224 282 287 242 243 91 178 169 72 293 6 285 145 227 217 150 24 259 234 188 256 42 247
4 12 39 106 143 212 43 185 246 152 270 110 120 177 0 283 239 285 30 138 203 90 174 8 180 100
258 245 251 289 29 119 196 108 250 295 73 268 263 159 204 58 150 238 281 17 246
89 154 214 295 233 185 97 60 114 107 259 157 299 232 169 50 281 57 38 188 193 270 279 214
40 125 221 236 238 232 261 101 155 64 37 13 166 230 130 215 75 16 270 131 119 243 237 21
177 208 286 290 299 121 51 163 44 99 185 224 84 265 88 205 296 23 87 258 272 229 250 254 108
256 42 180 120 162 25 204 155 115 87 49 116 121 207 51 177 190 213 66 65 200
39 81 139 110 77 260 58 158 102 235 49 27 68 138 46 239 203 219 101 65 100 264 259
23 80 97 207 273 183 59 227 42 218 68 152 194 210 7 220 47 184 111 141 157 274 214 65 205
211 281 72 240 61 100 113 0 8 112 249 20 233 9 291 150 257 254 164 210 80
85 232 234 238 262 133 10 196 74 65 244 226 82 286 273 103 176 249 208 258 100 240 38 166 270
151 285 291 295 223 227 77 209 279 31 210 232 59 89 264 40 34 230 173 86 120 10 76 205
59 243 281 82 264 86 249 136 165 141 297 123 263 45 251 96 267 15 227 202 217 158 163
55 78 191 193 140 1 68 105 70 248 82 281 293 32 134 172 142 35 119 251 174 4 269 93
5 100 219 259 9 82 202 24 196 89 58 289 5 246 276 128 294 117 99 263 261 94 285 83
193 254 292 279 235 2 178 35 28 143 150 134 72 231 190 50 242 272 54 246 262 166 211
8 123 189 263 144 12 73 158 85 52 287 185 223 286 254 256 169 171 241 121 156 268 265
14 23 272 180 144 185 44 58 52 137 28 124 187 40 276 167 299 4 93 160 288 272 10
142 288 90 20 29 21 254 32 133 80 104 272 68 230 192 283 127 114 195 17 256 16
178 40 210 55 202 280 85 153 84 0 290 99 116 16 109 229 205 13 267 8 261
81 265 79 274 239 157 29 261 292 204 174 13 67 66 115 291 173 45 44 84 289 150
10 43 1 151 299 211 297 256 33 259 235 245 260 214 251 100 120 54 154 217 5
45 54 113 135 228 162 130 167 267 211 159 60 142 6 99 168 234 256 278 120 42 13 197 275
196 199 396 146 37 3 46 50 101 158 169 15 243 224 71 255 213 24 79 201 129 219 185
767 163 225 251 42 37 217 220 151 12 55 72 295 123 219 173 214 110 126 254 146
23 85 108 178 216 222 12 297 77 109 59 188 112 29 156 38 20 283 257 85 258 67 201 225 137 49
0 66 163 199 210 144 252 198 146 174 3 16 85 31 171 17 235 92 43 259 98 295 208 79 4
118 172 214 143 269 233 3 48 126 250 222 229 88 260 294 232 163 69 26 52 32 242
115 266 5 578 110 65 163 169 5 65 50 163 578 183 12 165 189 61 199 142 131 186
7 99 130 234 88 68 236 182 151 110 183 85 99 163 79 235 204 113 247 74 166 297 134
6 77 81 132 160 192 211 240 293 108 286 15 231 47 29 52 17 264 83 106 223 198 263 173 75 4 166 94 150
9 22 278 297 298 214 213 264 220 76 93 236 194 63 160 205 252 92 224 188 151 282 133 67 171
102 127 262 124 157 234 150 201 168 102 93 36 226 95 0 149 277 228 261 170 254 203 104
84 124 169 277 293 82 100 272 88 289 192 122 105 109 204 262 41 3 96 138 205 164 26 181
57 75 152 209 30 120 297 171 274 250 170 129 105 209 203 195 22 206 253 73 247 168 65 205 260 112 122 196 183 118 146 163 162 202 173 14 32 238 259 17 284 33 92 124
44 286 174 21 91 54 75 18 63 189 45 118 233 15 230 167 9 8 19 37 59 142
4 286 299 27 161 101 231 243 32 55 121 24 188 111 128 277 25 205 126 91 230 103 174
481 111 264 253 111 252 182 264 206 120 25 222 202 250 233 73 276 118 155 141 200 77 164
54 268 110 96 135 88 65 205 261 231 219 117 169 234 187 111 129 216 35 284 13 167 53 41 183 145 132 265 287 111 204 213 172 119 224 101 48 180 168 245 288
3 45 105 200 263 122 292 223 148 69 141 234 138 202 60 4 99 226 157 165 57 269 253 1 7
767 81 250 262 177 92 21 218 47 136 109 25 54 0 229 280 248 223 194 261 222 166 114 182
190 253 117 71 64 47 283 295 23 57 78 167 261 264 292 297 211 24 19 124 74 266
245 42 845 627 110 139 267 132 110 233 143 27 158 259 28 198 385 405 908 3 445
91 171 224 244 171 33 259 93 176 58 249 263 2 248 206 1 168 119 201 9 192 49 24 296
240 51 174 72 14 17 295 187 0 31 254 149 249 114 215 1 61 259 258 111 73
15 18 30 190 202 213 285 155 112 265 204 55 236 48 61 31 26 49 264 47 78 17 143 292 209 167 189
37 52 134 183 26 192 244 69 29 250 117 264 116 52 128 282 155 240 235 241 124 60 189 263
109 175 230 161 279 193 142 63 101 269 109 1 222 53 67 75 173 100 170 250 23 271 254
81 285 77 119 265 45 14 245 157 173 258 21 280 178 168 238 26 7 107 286 225 211
2 111 227 260 286 24 40 57 137 26 257 194 205 221 298 254 133 152 208 195 266 248 109 9
160 222 124 261 73 168 142 38 173 115 109 256 239 286 149 262 237 159 271 184 212 16
75 282 296 120 124 76 38 261 97 127 183 50 7 186 231 291 249 254 20 213 47 194 12
767 52 211 133 157 15 135 87 263 160 196 281 231 200 175 247 106 220 165 235 173 273 57
44 69 144 156 96 241 119 144 261 206 74 204 268 53 233 115 226 291 255 106 116 52 200 176
49 247 273 272 174 159 270 34 146 4 189 217 202 204 235 158 134 287 64 261 133 119
149 161 162 180 294 115 54 123 168 207 246 188 204 136 268 84 95 194 14 150 28 114 143 241 155
105 133 244 190 115 93 151 18 56 237 11 163 255 280 221 297 136 243 100 215 119 174
148 115 60 272 114 206 75 173 185 287 240 174 78 234 268 23 233 119 67 25 89
5 45 244 123 72 28 730 405 405 72 123 72 182 72 28 106 3 158 238 385 285 576 908
43 83 124 179 18 105 164 138 98 115 2 29 295 280 163 4 92 171 65 55 136 67
15 156 50 284 95 197 86 206 1 164 267 246 124 186 221 155 20 216 299 25 128 187
140 200 146 266 4 73 29 64 191 252 103 221 159 84 54 116 167 175 148 89 75
161 172 132 91 125 62 42 216 203 25 269 0 9 60 120 261 118 56 292 228 113
9 24 259 282 290 142 136 152 92 131 106 83 189 159 234 97 88 71 2 218 127 256 60 100 158
13 95 260 225 41 405 197 290 37 37 290 525 445 182 259 198 174 385 462 572 158 27
0 35 76 81 124 174 274 172 192 83 247 213 64 118 256 205 237 141 158 231 285 143 272 228 44 133 154
25 76 90 252 171 9 18 168 53 25 217 178 279 202 104 273 111 197 106 131 83 151 237 225
188 194 248 261 3 248 85 101 41 26 109 244 69 132 58 0 124 10 105 273 103 188 24 171
253 270 261 108 104 43 207 269 3 146 72 39 59 264 231 57 246 114 89 135 292
0 37 64 101 241 296 229 240 200 90 16 140 122 165 187 219 149 124 279 125 128 159 80 144
203 213 358 31 31 789 213 188 445 259 174 27 158 3 285 572 174 238 198 960 908 223 24 77 122 41 260 6 263 61 18 22 100 298 217 137 62 104 93 226 21
32 77 239 289 201 286 34 259 52 91 48 39 31 8 272 9 135 261 250 112 208 72 225 10
10 52 282 31 525 230 30 15 210 358 31 188 285 751 445 572 238 198 174 385 106 28
113 279 154 31 205 100 223 80 123 172 278 210 281 201 249 213 113 25 83 243 188 232
76 102 242 292 255 123 218 63 407 191 405 405 908 240 294 154 237 163 213 24 949 11 461 113 126 34 65 187 158 4 69 249 169 239 286 250 162 17 283 141 37 280 181 204
74 114 196 205 201 210 147 249 203 16 86 106 118 65 123 43 285 290 37 165 269 9
141 231 284 287 255 95 88 87 0 189 8 283 40 120 51 248 268 76 42 100 53 32 107
44 148 184 230 110 24 70 197 92 81 50 84 133 130 146 269 249 54 117 184 137 191 203 95
167 240 72 10 46 100 122 31 295 144 197 236 94 69 60 134 203 212 43 50 21 281
95 159 181 226 26 58 195 289 30 37 37 37 137 287 137 610 208 253 217 285 224 176 74 115 281 917 271 82 2 167 199 149 248 160 77 116 108 112 111 3 226 217 104 139 287 12 278
43 208 215 231 124 282 30 280 91 116 176 222 181 260 28 241 22 33 58 59 64 283 70
74 256 7 169 278 30 30 32 74 137 265 289 32 34 146 146 115 271 62 177 285 217 917 253 297 20 83 12 226 53 126 86 16 37 280 58 294 151 282 252 191 133 274 150 30
293 296 70 187 60 57 238 31 1 97 32 211 235 239 102 151 296 42 272 48 202 167
46 187 279 284 215 135 61 69 48 240 252 53 225 22 80 190 93 13 285 274 52 115 201 185
29 262 16 162 166 268 98 161 137 22 125 232 50 89 27 117 48 39 175 93 287 250
15 55 68 100 164 246 127 280 225 59 212 58 70 2 118 11 156 56 238 278 93 235 142 284 196 265
167 251 208 226 226 211 710 215 741 710 741 218 83 496 826 637 299 244 190 573 396 4 984 55 47 211 288 33 154 192 102 44 84 291 263 286 51 133 64 10 31 89 180
169 141 160 238 274 58 190 201 288 240 135 118 44 186 111 87 270 102 138 222 134
19 92 139 267 44 99 205 82 121 292 3 219 247 117 286 96 12 209 252 88 15 202 204
77 96 120 264 67 15 43 53 15 657 141 55 203 275 60 10 35 30 202 202 433 599 115 973 11 28 82 136 202 14 240 215 238 103 43 138 245 159 154 88 188 104 194 176 212
60 201 277 132 214 261 253 274 227 282 199 108 88 117 178 85 100 57 254 297 16 70 65
31 285 242 195 280 163 188 184 13 138 209 116 152 66 173 224 11 243 19 12 162 248
40 50 142 194 286 56 51 178 77 26 62 116 172 281 52 258 142 232 209 237 71 182 57 68 166
4 104 181 127 143 96 209 144 32 47 98 114 141 108 79 187 162 172 179 224 174 295 113
96 135 253 2 78 299 181 246 186 298 166 56 262 290 128 82 141 202 212 19 60 62 238
52 112 190 136 57 34 23 156 109 50 287 22 59 180 148 144 276 281 279 112 63 125 210
52 119 149 166 167 221 166 224 201 70 189 155 210 263 223 27 241 76 58 133 187 73 31 274 192
40 167 108 1 142 181 15 10 59 160 12 244 29 96 40 283 159 147 153 289 208 278
77 30 297 208 107 237 297 208 237 237 297 265 856 7 77 495 208 72 364 23 921 598 0 194 141 185 299 135 289 85 163 259 197 6 67 161 212 137 196 55 264 216
168 198 212 263 266 147 363 363 510 234 260 294 510 272 287 46 363 106 908 198 259 182 385 405 285
75 188 215 74 152 585 273 249 219 585 71 213 249 213 856 219 273 42 208 23 998 77 921 72 151 36 227 148 16 238 290 128 79 127 65 47 291 183 295 80 98 247 220 244 157
169 185 193 215 294 110 363 85 110 294 85 960 174 174 238 751 28 445 158 385 405 182 27 198
23 110 194 236 95 250 260 251 296 296 65 5 219 289 34 34 296 182 237 185 254 139 16 64 207 101 854 12 237 272 142 146 23 140 43 194 82 221 210 75 184 25 133 9 170 217 226
216 185 78 10 274 150 279 81 268 237 70 240 231 103 181 5 230 292 152 253 86
185 254 299 110 195 986 949 195 218 110 158 124 111 111 415 187 289 79 511 87 921 142 96
599 24 159 170 43 43 35 133 507 35 177 166 31 35 146 271 130 285 244 236 210 277 224 164
13 214 248 237 156 281 40 167 19 177 77 52 219 183 188 260 208 170 140 78 172 155 220
767 18 25 279 281 249 179 20 243 99 166 181 226 53 128 184 33 287 120 172 234 122 56 211
43 144 213 265 39 144 143 145 89 44 115 149 188 182 100 56 292 205 92 110 259 125 132 285
32 92 118 185 104 694 331 49 185 694 66 52 245 513 137 211 383 11 628 57 66 262 400
20 36 38 69 176 212 282 9 72 9 149 756 6 858 73 182 246 80 333 406 375 178 326 24 65 48 188 238 259 23 249 99 129 80 78 149 37 143 182 108 228 227 85 5 211 27 204
201 240 243 269 187 268 194 141 219 52 118 253 220 70 215 258 282 23 114 60 278 75 17
23 132 191 275 262 108 10 90 171 184 269 57 69 172 211 168 182 266 149 46 218 187 70 111
85 139 254 15 71 99 276 129 95 25 272 269 293 111 235 146 178 297 108 273 107 27 147
52 83 234 40 225 142 56 284 232 211 255 181 180 125 77 248 229 123 138 129 294
145 152 36 33 265 115 27 83 259 234 260 126 190 104 99 217 117 197 32 297 134 16
16 94 150 856 13 142 242 248 64 180 242 64 180 173 22 114 161 637 4 289 296 166 496 774 826 244 573 245 157 224 96 237 200 219 221 151 265 223 194 275 123 6 160 233 22 55 284 62
88 100 188 240 4 3 176 27 160 44 212 261 18 275 247 122 114 198 246 298 26 287 91 45
8 151 163 174 218 104 240 217 95 94 293 155 127 146 117 77 102 74 221 205 137 187 54 2 254
34 96 199 207 228 238 250 276 92 283 210 143 286 95 255 225 298 7 252 70 94 232 189 211 127 2 279
47 86 97 134 252 269 189 27 15 250 110 28 164 171 56 265 107 259 121 223 240 258 11 93 222 38
267 72 64 65 273 43 274 291 126 217 213 209 257 21 195 229 236 196 137 150 27
187 141 6 165 40 154 138 283 265 287 149 229 194 134 69 86 9 113 137 1 258
280 69 94 171 118 275 176 213 280 297 150 269 276 182 225 102 56 7 184 59 123
6 388 388 984 749 749 587 388 194 587 509 194 445 182 28 3 576 385 960 198 158
2 30 99 224 187 192 176 241 39 195 141 23 23 283 218 496 289 4 299 573 637 984 190 245 396 826
767 190 270 67 201 75 561 67 214 965 136 262 151 513 400 57 139 137 66 892 194 271 137 152 58 38 5 16 151 96 51 182 144 64 63 257 155 36 31 137 111 125 285
507 8 13 26 98 199 272 144 253 276 283 26 83 146 256 170 215 54 184 163 290 136 207 67 96 182
867 112 214 299 198 274 205 206 70 226 153 266 94 128 11 39 90 247 68 272 159 257 110 116 241 93 127 267 152 90 94 123 182 66 25 170 237 107 213 129 243 97 54 232
78 27 184 104 128 105 155 64 231 88 229 251 242 124 78 112 113 173 291 17 165
159 176 229 188 103 182 151 126 128 0 36 264 251 240 186 146 180 117 171 162 238 135
148 213 263 189 156 30 165 262 185 299 113 166 193 249 147 139 196 280 1 4 68 60 20 146 44 226 3 295 299 68 119 81 51 12 62 64 231 91 291 179 73 279 257
60 153 869 11 173 223 59 172 220 245 220 220 184 745 222 209 235 27 104 250 274 211 100 130 48 14 137 158 224 177 260 52 156 281 207 131 154 143 74 188 171 87 245 293 21
8 59 173 184 227 65 11 18 207 53 2 162 172 169 198 254 180 123 139 148 49 293 130 21 62
663 843 230 248 29 62 149 559 396 783 396 149 783 120 559 275 396 21 429 263 84 32 195 87 867 180 142 236 21 105 163 261 74 273 194 48 28 219 35 239 57 270 241 68 153 169
13 298 291 72 182 131 158 78 266 77 160 20 210 137 183 100 48 36 51 49 123
29 84 143 249 128 121 115 82 226 220 119 286 21 80 236 270 246 147 98 222 180 274 165 78
126 150 244 347 592 8 13 48 85 200 125 118 33 125 207 245 125 33 251 239 52 33 194 171 68 110 293 415 131 82 47 15 199 284 14 278 290 73 294 8 20 178 259 58 116 164 234 121 184 299
181 329 424 993 11 106 144 181 424 401 119 863 579 738 538 129 919 771 325 793 197 959 503 100 904 239 524 128 121
993 292 60 80 925 871 663 573 801 313 906 447 146 431 514 74 825 912 864 259 223 253 107 280 359 373 19 144 356 95 447 371 199 199 926 926 243 447 79 565 687 356 704 375
112 138 206 294 105 152 220 286 661 130 22 262 262 320 791 22 245 230 624 760 22 513 130 961 262 867 661 156
8 81 216 216 219 202 216 202 99 216 36 86 157 143 266 161 131 248 211 120 252 145 106 31 123 252 252 202 341 252 263 252 157 143 266 161 131 248 211 120 252 145
19 44 124 147 227 273 161 256 343 680 946 946 946 343 325 242 295 653 422 479 371 182 325 161 899 340
42 76 128 160 222 261 162 232 140 279 140 232 292 308 924 699 971 142 292 106 308 192 278 277 924 414 190 291 7 134 49 237 296 17 286 84 267 289 30 20 230 193 98 216 208 198
59 14 49 78 221 188 112 123 113 248 43 123 112 269 184 61 594 493 331 294 181 36 287 170 39 8 281 30 68 298 284 78 41 287 43 228 244 210 223 85 71 181 54 221
84 206 289 4 47 224 4 227 130 130 130 4 194 24 110 306 295 11 49 533 202 81 255
21 31 188 12 187 144 189 124 100 88 281 153 111 56 190 203 107 28 145 270 126 5 195
3 79 95 110 187 189 151 259 58 70 42 276 150 270 159 116 279 149 68 28 124 158 43 98 5 142
17 144 238 200 248 34 178 174 230 277 218 59 138 206 3 134 293 219 53 140 103 161 191
132 234 256 0 245 1 126 230 282 102 237 184 284 123 180 204 229 21 271 3 142 138
34 66 237 250 256 221 7 230 211 298 63 55 263 161 108 72 46 236 6 276 42 128 78 174
136 277 37 186 167 75 152 36 189 86 185 278 249 277 144 49 60 59 14 105 146 281
2 39 200 236 251 157 1 195 10 58 88 150 265 78 255 219 175 186 13 239 35 174 52
29 168 251 114 100 153 34 226 233 202 202 842 121 79 234 104 99 299 255 687 580 199
140 222 263 27 143 225 253 42 224 161 80 245 137 121 70 53 142 239 136 38 265 190 58
154 167 188 275 19 73 217 251 173 107 58 161 24 161 232 24 296 184 229 594 493 331 294 137 36 287 201 189 154 41 80 143 211 79 271 123 136 114 84 287 11 105 122 286 77 96 34 241
5 18 56 63 226 235 208 141 180 176 291 62 184 151 270 27 40 247 116 179 37 262 242 45 223
5 99 294 271 273 237 200 289 284 110 198 191 95 205 105 287 292 102 6 93 235 108
63 75 188 266 181 171 118 277 223 255 105 168 246 148 73 227 89 188 278 245 182 32 14 221
263 290 50 236 78 258 38 88 22 65 131 12 276 151 253 257 298 159 212 291 166
10 19 191 219 241 245 51 142 69 121 73 164 116 11 214 130 221 55 81 205 133 77 187 34 42 82
33 46 186 212 224 79 105 253 113 291 97 137 221 155 250 207 90 34 28 257 289 74 50 87 165
33 83 110 227 241 224 210 255 187 144 154 69 295 42 81 226 197 178 100 80 19 180 157
2 52 90 218 162 205 221 191 278 219 55 279 106 163 91 140 186 102 147 58 159 61 136 104
9 28 37 62 68 186 195 214 257 71 111 277 138 9 176 295 170 202 17 252 141 44 60 180 15 244 258
12 96 281 216 171 67 208 230 94 264 109 41 81 112 191 100 48 184 60 239 156 143 78
906 152 178 58 272 1 114 161 194 171 99 225 155 178 21 241 55 164 217 52 265 67 259
173 208 131 45 1 223 118 35 180 130 53 108 133 135 67 246 168 215 173 121 77
3 124 194 252 90 89 32 71 263 208 219 21 133 95 152 287 192 23 195 138 48 116 65 16
12 71 160 277 13 80 131 143 168 161 106 81 288 26 189 252 147 171 54 153 248 238 16 24
207 297 59 117 210 261 125 183 204 267 135 243 176 72 241 101 156 196 58 155 171 11
33 269 295 221 126 241 288 41 267 21 142 279 32 78 112 3 24 296 131 97 165
83 84 172 3 115 158 16 216 92 35 234 255 207 217 147 59 83 125 258 87 97 109
42 87 136 264 283 124 120 295 57 109 185 253 8 246 201 226 291 12 126 15 177 257 59 236
8 67 84 246 21 254 266 176 189 25 123 55 66 24 158 51 232 288 132 168 69 47
16 41 100 102 103 197 205 90 27 39 167 152 44 1 8 256 290 158 13 209 109 31 11 211 83 202 287
287 167 146 36 30 24 278 168 16 38 195 252 97 285 259 229 240 183 95 171 161
32 283 193 266 57 144 133 55 179 152 229 221 121 249 190 260 136 212 101 222 114
41 87 123 209 264 271 166 198 252 292 240 126 214 111 225 95 188 268 102 288 182 152 197 174 63 75
61 172 267 123 23 182 84 184 21 136 24 249 155 266 126 209 0 95 42 137 185 148 121
96 98 195 283 188 144 116 96 1 73 154 228 152 168 295 218 205 40 195 201 272 270 240 88
42 81 105 180 233 257 72 31 17 78 188 259 42 251 125 92 170 131 200 76 94 173 128 7 46 18
165 219 237 141 282 126 79 97 242 21 286 15 93 204 292 150 46 179 288 209 252 44 31
33 64 83 159 231 280 130 159 118 258 48 110 235 59 143 140 290 250 169 239 234 262 238 103 1 279
2 170 177 249 215 156 218 69 18 160 179 64 296 271 88 291 194 143 22 270 49 186 273 220 259 220 137 182 282 208 115 213 9 201 249 211 14 199 289 253 179 110 24 256
213 230 211 103 94 69 25 19 162 59 71 82 139 179 180 125 53 61 154 253 294 130
183 188 131 186 142 144 260 82 247 128 165 249 262 62 67 212 135 172 224 281 71 20
6 239 246 254 280 134 243 42 61 49 103 298 25 228 204 16 23 13 9 294 17 80 81 31
121 134 144 185 230 154 295 277 196 96 68 90 299 289 296 184 229 594 493 331 294 137 36 287 201 189 16 46 167 56 217 142 240 75 196 26 139 294 276 272 247 129 76 89 119 286 113
188 209 264 143 291 187 131 296 49 5 148 47 189 134 96 262 255 190 141 8 210 151
81 230 284 5 120 138 229 264 272 136 10 296 48 39 115 201 289 141 216 132 32 21 66
98 174 187 23 197 213 136 165 179 138 236 206 68 113 262 144 60 87 275 200 118 96 216
105 180 291 90 102 108 40 0 151 160 91 175 182 78 210 20 169 230 119 67 268 22 84
45 267 248 74 62 100 253 256 99 206 139 126 263 22 159 279 84 233 82 164 258 166
22 41 151 253 240 33 37 98 31 67 196 237 147 296 154 278 140 210 119 3 224 111 106 133
71 148 259 126 5 207 164 65 253 234 281 29 224 122 205 131 263 201 194 83 213 272 243 81 149 14 107 263 167 215 36 228 299 102 76 218 239 72 229 282 243 270 73
34 234 135 65 199 37 116 209 260 139 56 224 197 177 295 172 194 212 71 248 142
166 195 211 279 53 3 91 261 61 74 108 183 81 60 255 248 87 173 277 85 169 145 186 24
47 134 93 142 168 509 389 67 509 389 389 509 223 389 271 129 52 389 239 3 799 254 361 275 239 177 126 53 298 162 153 151 48 106 29 51 238 1 241 236 16 40 251 70 267
104 122 147 263 299 105 68 190 279 140 116 93 74 207 146 185 259 50 235 192 209 281 285 39 227
61 269 263 294 102 34 11 257 188 88 249 199 296 160 253 4 140 106 285 137 127 23
7 125 148 162 285 248 282 103 289 14 229 124 243 192 183 59 93 279 249 61 121 13 157 136
74 298 65 292 9 90 224 143 183 275 110 73 69 263 267 129 207 117 2 174 62 27
32 89 93 125 86 167 104 214 238 178 33 275 293 299 55 3 35 140 95 85 40 206 28 274
176 80 165 259 175 124 295 134 142 21 242 73 283 281 147 2 137 210 49 7 249
46 159 195 198 230 210 243 216 252 89 80 268 238 27 42 277 112 188 12 290 199 82 23
171 257 21 101 36 119 182 118 241 51 120 193 257 29 59 70 116 61 136 139 168 296
44 63 75 215 236 110 203 245 30 248 291 269 216 240 102 238 161 194 185 113 125 193 249 41
143 166 188 113 186 184 220 84 200 281 180 29 193 179 30 106 164 217 229 237 79 256 176
169 247 286 171 226 263 192 222 74 110 46 207 73 12 269 53 109 203 285 249 129 116 77
190 193 234 2 224 251 101 102 101 102 277 277 62 62 182 142 143 121 129 154 87 635 88 124 85 238 156 111 44 208 273 84 125 105 16 191 57 258 102 6 189 48 98 53 269 27
4 55 90 138 161 273 183 107 208 1 130 178 282 225 288 292 271 140 233 200 121 263 44 93 101 158
298 30 148 237 228 82 170 29 91 217 109 229 154 142 124 40 71 205 136 193 168
4 111 49 107 91 45 9 167 174 11 266 157 209 285 210 79 21 179 81 22 108
46 115 264 104 206 279 175 222 52 72 129 243 120 31 145 267 38 36 130 62 63 168 39
13 32 33 113 116 134 298 1 70 248 248 248 119 251 1 271 129 52 389 239 3 799 254 361 275 239 190 105 88 296 65 43 154 243 244 175 220 174 177 133 79 7 97 122 89 78 161
35 137 203 230 285 187 291 176 33 199 165 109 292 53 271 267 59 168 241 153 152 257 207 6
115 130 80 275 59 231 34 283 229 31 183 135 67 216 39 112 126 124 210 181 131 47
34 35 50 225 238 64 23 277 43 170 202 92 21 157 299 130 167 103 175 176 154 188 3 260 62
45 117 123 129 211 213 194 86 64 70 139 201 186 269 45 105 52 134 142 129 107 202 46 83 235
14 58 145 231 244 117 236 157 39 122 13 83 171 192 81 82 290 52 273 152 197 268 265 137 240
42 119 124 414 93 70 276 3 180 273 125 240 197 268 173 148 258 68 233 1 296 130 47 177
65 199 282 0 104 160 279 28 139 192 205 281 236 66 49 110 75 7 208 129 180 211 50
42 58 84 208 244 14 147 276 2 241 97 37 63 269 266 92 168 125 74 170 299 169 72 6 159
27 53 138 253 190 231 176 175 85 101 46 64 6 237 287 27 288 289 161 290 236 205 108 262
90 174 242 267 229 31 66 212 198 277 78 214 158 160 96 138 102 106 258 253 131 164 246 12
42 135 170 213 21 219 218 72 198 9 287 103 138 267 97 50 105 57 126 252 168 134 277
207 221 188 290 197 91 266 139 64 70 152 176 3 181 224 40 26 101 90 252 297 14
94 177 244 246 262 84 157 24 154 23 41 169 27 215 222 46 299 217 207 228 237 47 81 31
208 275 296 203 34 252 231 126 276 284 181 150 226 93 129 13 174 4 113 289 70 178 33
38 113 131 148 163 212 272 91 187 129 204 271 137 2 147 170 31 74 192 174 249 107 121 258 233 158 250
15 111 172 225 37 112 107 39 78 142 196 170 41 16 215 54 161 104 182 18 173 214 20 228
262 121 83 13 99 247 60 32 20 296 216 283 101 252 262 138 100 194 250 238 128
150 165 206 275 221 292 40 44 103 109 60 265 171 187 32 135 17 65 81 247 224 46 280 74
78 187 203 268 10 105 149 254 173 80 280 125 85 188 129 133 114 219 147 83 184 121 274 100
138 149 292 196 262 277 256 283 203 1 145 211 79 163 114 64 230 193 245 57 65 25 131
107 199 216 277 60 190 34 243 62 30 52 7 234 133 43 79 28 88 11 263 46 287 242
150 176 178 204 58 117 298 20 74 228 102 60 14 7 85 242 72 4 222 90 280 5 115 161
223 224 115 152 61 248 77 6 33 132 205 211 127 68 209 120 70 30 265 31 15
1 40 54 266 272 76 49 39 121 118 39 49 87 13 296 184 229 594 493 331 294 137 36 287 201 108 217 165 148 132 84 255 164 63 234 82 283 143 226 204 85 46 68 246 189
126 137 268 86 179 274 283 299 270 5 299 261 270 299 93 299 150 271 129 52 389 239 3 799 254 361 275 51 171 139 231 196 131 245 120 283 291 161 50 66 21 33 11 122 147 47 127
12 136 288 41 9 216 169 150 267 155 77 55 100 292 296 46 103 260 152 112 228 116 265
171 251 161 248 11 256 220 170 103 111 38 131 283 144 58 125 197 19 126 204 199 252
45 73 243 275 234 268 177 252 8 1 250 169 275 157 199 45 255 175 24 21 264 152 263 131
3 35 41 228 173 286 155 50 287 46 8 89 288 289 123 98 153 20 200 79 19 290
50 80 89 130 149 185 165 10 157 87 206 58 236 221 130 108 250 91 226 17 169 86 82 248
17 158 278 230 52 122 93 94 223 74 24 197 9 113 179 192 81 43 90 159 41 46
175 186 264 286 41 17 276 29 285 13 93 109 132 268 254 64 284 82 155 137 144
35 86 103 229 79 189 53 22 112 196 226 31 8 142 72 143 230 16 225 161 148 78 1 0
67 105 172 261 1 216 202 74 26 166 186 94 164 75 174 61 129 284 118 123 196 287 121 282
15 45 176 213 240 77 162 169 287 144 16 163 100 233 7 136 244 189 15 10 297 205 151 281 131
19 154 159 177 121 246 148 217 290 104 132 176 72 23 150 65 174 277 241 10 120 109 14 267
117 161 224 196 239 231 87 124 231 288 243 245 238 894 331 33 277 280 36 293 25 143 34
252 129 282 243 200 78 106 234 270 207 225 244 29 137 58 298 114 40 256 76 127
85 115 128 254 289 187 205 122 78 165 148 41 119 286 228 298 13 16 47 159 29 86 101 179 107
82 293 157 260 55 189 282 37 296 102 269 173 154 171 64 265 214 263 52 273 13
80 233 265 232 11 149 15 258 92 199 112 22 223 94 235 198 14 239 216 219 114 233 139
74 77 182 213 250 90 13 192 222 202 256 203 154 10 76 116 83 226 223 148 65 204 18 201 242
118 178 195 138 297 13 65 38 167 53 6 100 245 152 235 241 217 119 84 54 222 59 169
90 105 62 154 29 221 67 60 198 171 197 286 86 257 102 138 180 91 90 255 163 28
267 286 282 297 123 230 271 162 31 254 296 36 259 137 141 119 261 73 81 149 14 110
126 159 208 292 267 59 0 217 190 52 50 149 168 276 256 64 263 66 130 121 68 233 180
90 203 289 245 47 19 182 12 117 191 77 230 35 154 186 3 187 132 86 91 53 40 18
26 230 207 191 9 154 165 185 277 255 94 260 215 120 78 298 220 284 258 189 72 288
52 127 149 223 171 256 96 91 288 273 15 281 127 173 165 244 155 29 278 216 121 232 114 57
19 83 293 55 75 219 160 159 73 173 24 104 90 121 179 102 152 131 235 246 175 254 144
57 94 142 233 150 176 30 222 220 27 217 183 124 249 175 179 53 47 90 184 94 101 247 236
18 94 272 163 285 56 35 228 272 136 243 94 224 296 252 244 293 62 122 110 74 235 204
11 150 243 186 72 253 141 60 159 258 123 168 96 166 66 291 115 77 252 208 187 209 59
224 243 209 187 266 168 210 271 62 81 21 107 155 131 265 223 65 296 1 121 157 257
28 199 31 153 27 280 114 175 24 81 186 241 20 162 270 139 228 295 219 133 38
107 198 35 34 38 108 256 82 59 164 90 118 123 235 266 106 268 26 216 47 95 0
239 283 167 55 192 286 7 73 92 279 252 241 87 257 224 127 113 144 273 188 86 28
41 185 289 284 138 185 159 67 229 291 137 80 2 69 26 8 106 34 276 240 211 282
13 137 298 107 19 28 82 299 260 32 72 184 130 53 295 50 56 86 294 6 289 65 246
105 168 194 2 33 283 17 14 147 74 124 172 288 215 122 268 149 68 211 77 161 254 98
11 48 231 171 294 205 47 192 257 191 264 127 273 141 162 250 23 152 99 38 113 76
39 84 145 243 90 267 116 76 140 293 17 147 51 111 82 108 103 27 119 126 3 157 229 235
10 178 75 74 79 23 211 100 105 268 175 188 54 34 296 18 146 108 16 91 212 178
95 98 10 100 133 169 286 219 39 86 27 49 35 271 98 21 293 122 218 80 19 148
28 84 255 263 9 2 222 241 149 13 53 125 289 33 59 108 32 257 41 165 193 184 264
10 274 281 187 178 158 9 62 237 6 21 127 211 284 190 14 13 104 239 34 132 122 278
115 119 162 231 234 240 201 23 76 39 76 23 254 240 60 290 235 296 184 229 594 493 331 294 137
79 76 190 290 190 290 65 65 254 195 296 184 229 594 493 331 294 137 36 287 201 107 291 252 206 178 45 273 293 59 68 121 299 120 216 132 112 31 14 204 266
160 290 77 297 133 254 274 277 135 247 241 231 84 54 18 7 88 165 98 152 145 206
231 236 220 85 16 30 284 128 60 153 167 194 224 53 286 103 291 113 164 250 40 92
32 78 250 270 196 31 265 78 52 295 268 72 25 122 212 226 179 150 75 74 270 282 267 11
26 227 242 251 281 289 256 259 42 154 216 194 71 17 67 239 22 75 0 214 295 66 129 18 247 21
14 33 42 54 290 234 26 12 46 16 298 105 61 162 123 217 241 107 280 38 13 127 153 51 8
49 135 231 260 254 23 254 268 164 235 112 347 112 164 347 254 296 184 229 594 493 331 294 137 239 94 83 100 251 215 36 221 154 17 265 167 250 281 185 272 59 64 228 237
76 86 196 289 192 164 125 88 40 251 260 211 109 234 294 270 128 57 190 27 98 9 1 94
11 244 167 293 155 76 280 165 8 54 90 289 21 194 134 132 130 269 0 43 16 70 147 266 255 133 268 148 65 79 170 200 59 95 4 212 271 155 274 20 176 9
117 121 146 42 74 282 242 180 187 138 270 264 208 127 153 175 93 52 67 24 202 85 293 297 74 260 267 37 187 153 282 91 1 78 31 98 144 105 127 123 224 157 108
52 173 231 259 276 283 174 163 2 217 183 78 250 277 228 91 53 146 74 103 22 219 114 198 139 0
154 162 144 213 26 28 106 283 182 97 296 215 281 88 251 33 67 48 37 216 81 288
130 136 274 295 222 292 78 141 8 169 49 297 57 238 61 259 83 58 196 279 193 102 154 164
6 139 161 208 261 197 207 96 220 274 29 76 61 40 161 60 97 152 219 151 17 126 74 72 188
13 73 74 264 290 277 291 7 97 275 209 288 234 65 48 273 155 38 169 214 61 262 176 33 29
0 7 35 60 166 167 128 39 77 102 127 226 197 255 136 270 238 144 151 174 37 148 295 46 2 203
8 87 155 238 286 43 195 46 77 21 222 164 209 213 296 127 232 277 131 292 191 278 63 153 96
87 134 155 157 193 249 265 276 37 253 192 13 236 250 40 184 49 64 225 261 132 185 299 71 193 74 240 112
97 125 275 63 294 58 39 235 179 198 173 51 48 214 22 296 213 252 211 150 289 244
10 107 129 39 267 18 138 122 66 253 245 144 4 210 26 162 76 46 7 112 37 170 79
144 132 103 299 195 199 243 112 261 10 11 108 64 297 125 122 8 290 218 256 81
162 60 221 251 81 265 187 204 274 170 258 178 73 83 17 121 271 272 163 61 120
18 44 53 79 80 83 97 163 211 288 296 48 109 161 289 241 260 186 124 175 89 83 210 59 254 244 108 191 194 184
66 203 28 213 53 52 14 39 32 298 77 256 195 193 134 106 212 11 171 84 93
21 166 43 47 212 173 228 107 157 145 22 136 236 35 193 121 50 165 196 17 238 225 36 106 295 265 148 242 25 18 101 157 1 214 206 66 290 236 99 279 285 61
88 96 248 226 0 173 21 238 34 206 215 234 292 14 245 165 149 72 17 247 232 135 9
24 85 106 215 289 39 46 111 211 136 293 6 228 249 169 163 89 78 30 92 12
125 289 275 115 160 222 97 220 169 262 195 39 157 253 177 214 186 289 85 20 3 7
1 71 74 146 176 179 266 91 229 268 99 149 115 219 71 278 34 138 66 25 279 127 82 32 17 19 179
81 291 222 286 233 244 151 1 30 127 192 267 93 92 126 208 234 52 42 280 199 10
131 226 213 150 70 120 149 294 6 219 95 185 47 30 32 229 169 191 110 164 0
53 73 199 221 53 134 138 241 71 25 96 238 210 259 108 174 284 20 193 33 51 22 46 127
206 280 88 256 31 246 202 60 134 22 142 111 53 129 32 204 124 269 255 203 38 202 129 38 246 157 203 299 135 89 136 209 18 26 41 178 269 176 12 206 275
157 187 295 64 276 204 258 47 109 76 220 277 272 293 200 205 171 98 130 164 116 262 207
50 209 255 147 194 15 27 131 180 224 986 987 71 200 749 701 851 108 905 854 69 609 387 471 869 468 608 762 398 603
35 79 100 141 144 214 254 365 866 718 678 331 308 505 699 737 795 917 594 223 244 58 801 439 42 928 474 105
710 125 152 838 729 912 723 509 710 564 102 46 281 460 974 893 640 854 913 64 948 519 349
54 76 86 187 258 283 326 905 176 715 338 440 444 688 871 338 304 905 604 881 410 604 657 110 532 604 839
196 258 297 148 358 219 252 55 10 435 449 131 283 650 489 651 210 650 554 754 10 616 449 188 57 290 63 176 176 296 229 112 77 313 263 313 218 60 188 696 207 182 401
155 162 169 210 222 6 64 91 151 82 181 168 92 30 127 111 140 285 138 15 162 157 88 206 153
5 140 146 214 262 274 286 55 80 141 262 31 55 31 245 31 270 631 141 255 99 279 261 66 221 200 6 191 198 142 19 63 289 164 65 159 293 24 42 111 157 81 284 82 57 78 61 229 89
13 136 43 306 9 306 9 718 26 29 588 234 9 184 90 203 802 297 169 0 250 565
98 285 78 168 174 254 45 44 223 5 105 10 283 109 233 1 53 68 32 211 162 126
48 250 251 6 26 230 17 281 95 234 4 145 103 135 152 86 41 266 291 53 47 262 179
20 176 190 216 276 283 198 29 223 102 244 130 149 201 131 64 287 43 172 209 253 289 281 10 165 103
167 188 193 272 162 50 198 100 234 295 28 81 45 199 240 214 123 254 138 98 20 24 172
25 131 216 256 102 151 137 94 1 142 85 67 57 101 169 79 73 83 226 152 218 117 277 260
198 90 204 204 41 221 215 195 887 138 172 411 56 113 180 290 201 696 263 260 98
72 153 183 279 283 287 85 12 240 251 217 69 179 51 88 220 250 15 56 31 265 281 296 236 172
30 131 174 258 135 205 63 193 257 136 63 58 224 238 72 113 411 260 26 955 104 57 291 246
239 52 117 123 194 114 121 282 271 194 194 192 27 121 114 238 93 135 150 84 167 84 269 125 299 68 141 174 35 72 203 29 204 190 155 16 18 226 239 235 297 130 233 17 162
0 154 226 102 141 153 129 260 266 203 28 215 239 283 276 72 213 246 11 156 87 133 162
277 429 9 43 173 132 42 236 132 236 132 773 215 95 502 283 99 251 33 131 128 85 207 140 18 71 20 75 79 299 46 162 29 289 13 73 269 152 193 154 74
173 111 64 18 167 117 140 273 31 194 7 8 97 284 24 277 298 124 239 278 130
30 147 290 240 58 123 271 32 229 27 204 136 288 50 68 202 78 177 170 246 38 166 253
21 180 190 206 199 187 222 170 251 215 15 174 123 39 256 158 69 72 61 130 35 49 271 201
29 192 241 247 266 140 49 78 77 158 174 44 60 109 126 152 261 190 45 64 278 268 184 131 176
104 125 240 210 267 160 233 296 82 277 141 190 19 27 155 253 276 84 127 146 170 26
10 32 98 141 202 222 277 205 205 117 205 184 29 29 177 270 161 182 686 216 136 11 934 261 128 30 45
48 75 149 232 239 239 45 44 245 81 139 162 458 62 290 238 160 185 200 92 65 287 180 127 266 252 59 295 27 85 190 186 283 251 271 77 237 280 61 14 177 217 151 67 170
107 177 226 238 8 133 137 129 143 217 87 254 163 287 124 237 37 96 24 185 216 130 138
93 106 249 85 108 249 264 109 197 226 272 291 139 170 30 192 269 37 288 99 223 276 213
28 102 130 160 62 140 6 72 10 39 25 190 242 200 189 64 241 250 257 67 183 198 49
15 74 104 121 148 169 206 247 88 189 248 122 196 134 104 71 28 96 29 159 136 61 146 52 208 260 243 73
31 91 93 97 168 217 41 172 72 6 1 296 252 64 2 298 121 194 63 199 192 116 295 7 258
26 128 131 137 253 11 243 245 55 252 231 268 192 201 69 237 32 149 293 275 8 193 43 80 204
112 272 275 189 259 118 74 207 157 234 233 278 81 119 39 206 158 211 145 166 299 20 21
18 84 96 139 160 263 259 70 251 116 147 31 126 196 176 12 271 50 27 189 199 171
20 164 204 131 126 221 228 120 288 44 289 296 137 215 11 1 41 72 152 235 81 128
23 69 297 111 247 115 217 26 6 254 61 293 202 226 47 66 183 156 13 4 187 195 263
136 150 206 165 254 84 46 154 86 35 209 214 197 185 33 65 274 64 131 265 217 187 184
35 67 199 237 43 174 6 297 251 3 85 109 191 225 279 28 5 124 51 50 81 233 172 182
14 286 240 54 265 186 30 68 171 117 222 20 143 285 36 154 37 44 157 244 113 75
74 198 206 219 207 112 7 118 37 46 149 47 99 275 160 18 55 101 201 57 294 102 158 238
211 249 215 240 237 50 289 212 47 135 49 176 64 139 283 226 218 191 72 187 6
109 169 220 247 129 179 225 34 276 189 247 258 293 106 91 76 116 250 239 270 215 296 169 197
37 175 249 102 95 189 25 220 183 71 258 277 188 168 216 86 142 96 221 204 62 50 138
608 3 72 113 7 264 255 145 16 229 241 282 118 149 297 135 189 261 228 85 217 32 144 260
31 76 144 45 101 105 286 190 143 41 28 93 56 254 159 66 246 52 38 152 2 248 34
47 195 264 269 276 172 232 82 181 277 57 161 76 36 125 46 257 214 271 216 104 203 50 37
116 145 227 276 153 101 206 213 144 180 223 221 111 79 214 88 73 178 203 225 125 61 158 182
96 136 210 281 232 295 116 151 269 194 225 203 107 256 294 114 258 204 1 70 163 83 246 51
274 204 183 78 282 61 30 275 66 11 191 136 230 165 231 114 120 88 44 205 207
172 238 264 0 138 213 276 76 2 232 26 281 140 90 260 52 139 57 153 285 165 236
118 199 206 265 105 268 284 161 261 29 84 59 177 84 250 257 306 62 66 168 160 287 185 127 39 602 180 83 33 162 138 64 144 167 281 229 123 185 211 148 293 81 103 223 1 242 163
82 31 252 193 21 228 105 160 251 108 30 90 92 211 35 24 129 61 162 45 222
48 124 160 266 82 144 70 23 235 226 91 210 190 181 140 13 22 159 97 1 152 245 160 63
56 196 272 56 36 250 42 140 62 169 94 26 75 280 120 40 269 217 157 80 294 223 142
268 168 233 126 264 120 62 3 80 190 21 205 202 163 290 230 81 175 50 207 2
81 144 166 275 163 222 228 279 208 71 25 271 285 164 136 251 253 247 177 9 73 270 244 195
88 132 231 261 263 33 236 103 30 299 221 162 162 221 198 144 129 247 265 764 137 734 944 154 295 162 49 280 165 177 86 204 257 175 200 251 31 170 11 111 230 120 80 286 26 98 121
55 148 215 299 89 3 172 142 75 164 5 79 135 187 26 20 241 108 102 30 19 239 226
185 296 28 32 87 273 126 126 288 55 53 288 66 53 282 35 284 72 108 266 173 45 236 32 119 769
114 261 267 98 35 248 92 118 153 255 204 232 33 591 223 250 212 197 231 763 83 153 161 242 127 133 248 170 210 252 35 144 122 75 13 69 260 124 155 126 225 82 241 254 171 109 113 242 6 292 144 199 90 152 284 231 264 14 25 238 250 93 258
68 124 214 250 59 82 0 292 251 158 134 10 39 193 257 240 189 42 126 166 274 299 38
239 250 257 46 174 96 279 93 123 208 224 221 223 219 252 211 16 277 273 49 185 239 35
17 121 104 85 204 291 266 100 36 287 243 226 177 126 222 101 123 250 96 93 76 154
56 51 103 293 12 260 12 75 48 76 230 20 150 15 237 125 15 20 881 6 272 0 429 84 112 295 139 91 261 221 1 30 230 167 211 146 240 105 254 74 113 233 103 154
591 12 130 194 229 295 109 114 132 98 81 271 47 55 52 74 163 7 146 192 129 216 26 40 162 102
64 90 94 135 199 65 159 114 15 214 51 163 31 215 161 133 24 225 279 284 9 131 202
29 38 103 107 115 166 229 160 227 77 227 227 160 134 164 134 255 240 98 232 250 223 763 161 112 183 101 270 141 182 200 240 76 208 60 34 23 288 72 254 32 120 44 226 126 188 204
14 78 85 157 267 31 212 14 233 129 163 144 1 242 190 173 170 138 111 101 47 157 187 239
148 251 294 205 284 105 90 54 253 52 16 176 203 173 231 122 28 11 280 150 164 56 244
762 121 277 287 46 210 292 8 51 162 175 265 263 106 222 45 207 11 237 91 99 42 161 244
172 227 250 176 179 249 259 3 241 198 224 86 100 251 162 102 174 220 169 101 50 157 170
13 206 216 298 268 99 278 254 296 257 113 185 25 148 179 174 92 156 98 297 127 292 72 104
87 131 143 98 108 179 29 69 49 267 174 51 2 198 142 110 130 3 122 166 163 67 167
99 139 216 32 220 230 194 124 185 212 116 69 87 119 58 223 288 129 109 132 134 284 137
62 110 119 174 208 229 238 241 243 256 211 30 147 178 29 259 25 260 31 209 143 162 109 55 158 287 183 190 229 191
210 250 267 292 298 100 8 179 135 129 185 62 200 228 120 75 255 110 277 299 198 44 126 155 88
137 153 152 73 223 190 68 78 88 158 299 195 34 228 96 262 206 139 256 67 46
94 82 188 209 116 50 28 288 166 145 0 241 2 79 216 43 254 148 11 228 219
90 150 151 272 262 179 154 265 246 248 52 209 36 298 163 148 220 226 219 164 238 225 88 89
101 148 152 184 183 214 17 115 177 201 38 210 249 79 48 204 152 98 217 25 299 172 199 213
129 146 163 182 258 225 105 14 238 177 4 195 171 131 96 184 52 247 160 29 215 30 193 149 189
170 197 203 212 143 215 210 207 73 234 110 174 280 71 11 277 169 204 178 250 203 46 14 57
11 33 192 217 184 42 264 34 88 295 22 290 40 256 281 64 174 33 189 105 171 201 170 138
104 228 15 31 19 280 152 145 120 271 125 240 195 136 180 256 18 118 46 82 106 81
33 133 169 199 127 95 164 200 79 222 3 241 195 284 70 187 216 212 67 246 86 124 151 132
9 229 235 151 223 105 161 102 240 182 74 268 24 256 289 115 232 91 111 30 164 239
72 101 219 262 87 111 113 217 67 91 120 225 142 75 176 38 126 268 42 15 285 115 201 160
9 25 208 278 71 178 222 180 240 163 60 227 86 285 238 150 200 50 79 204 89 67 129 184
28 45 47 193 245 762 174 191 246 299 290 233 283 220 220 217 213 272 245 280 266 416 800 276 184 56 186 168 83 221 72 286 98 289 170 139 86 109 281 255 184 272 212 168 73 171 141 157 31
18 119 244 194 171 294 83 289 292 137 264 208 169 291 87 154 122 238 58 232 263 70 198
126 149 210 42 149 237 38 54 115 48 190 118 179 236 213 31 36 192 49 230 27 227
81 208 296 90 42 228 108 258 154 188 53 222 299 257 136 58 143 54 261 75 145 215 184
183 206 129 30 261 210 199 203 131 201 45 254 20 252 177 22 110 297 98 256 264 187
135 239 75 80 146 116 61 223 3 79 143 269 232 46 67 93 152 90 171 257 183 295
236 254 95 206 193 193 125 255 295 255 11 602 458 268 160 185 181 168 177 180 238 66 92 127
62 195 206 23 210 185 105 210 23 185 185 73 73 245 98 101 212 591 112 232 161 223 190 121 158 285 281 167 252 63 48 256 170 20 65 57 27 39 151 177 124 88 58
46 106 229 230 151 282 194 43 82 174 227 42 10 277 123 87 203 175 147 135 93 166 272 131
221 245 290 242 251 238 74 54 161 70 168 71 35 1 37 133 29 192 49 13 102 279 230
246 306 287 271 290 127 249 113 66 264 153 58 194 215 96 265 72 293 141 78 245 117
19 287 295 119 299 9 184 193 243 54 263 176 121 273 270 76 285 56 288 48 8 75
3 159 245 161 56 117 271 275 104 9 80 85 70 88 263 75 139 255 132 64 53 222 36
191 207 227 63 79 51 38 74 217 147 136 111 296 24 86 158 101 91 142 218 181 170 112 121 36 108 297 250 40 77 255 257 91 94 254 243 134 212 43 282 125 256 176
243 259 12 154 33 78 280 19 162 17 285 266 67 27 13 177 212 60 107 242 179
58 136 247 122 250 243 140 248 77 174 109 201 27 249 244 118 63 59 97 166 132
18 71 202 246 297 81 67 132 32 86 147 0 22 166 78 44 89 27 6 267 238 156 205 109
59 74 197 206 262 283 708 280 339 728 339 860 860 757 708 183 212 232 161 255 240 763 197 101 153 231 214 204 61 83 51 133 260 2 67 13 262 50 255 11 148 253 174 279 135 244
166 196 249 223 161 27 22 208 5 26 52 32 18 206 17 72 70 177 81 108 157 57 33
94 183 193 275 177 237 590 130 299 600 104 217 497 217 590 306 62 181 177 458 180 127 5 205 92 168
178 295 37 42 290 63 63 235 81 174 81 81 243 127 141 686 11 40 128 38 179 934 87 13 272 287 60 92 48 220 4 55 103 210 192 245 54 39 165 106 228 298
113 99 76 101 102 231 106 7 127 290 3 86 147 220 222 298 223 245 17 232 209
636 0 110 243 30 61 131 87 263 26 122 240 206 16 200 20 224 223 116 261 269 101 119 135
47 258 260 416 189 232 55 223 33 72 133 113 134 148 191 227 203 186 131 105 168 83 196 199
503 26 230 219 12 173 41 149 82 42 18 65 108 158 49 37 94 279 210 237 144 9 38
5 138 13 85 147 198 3 603 720 3 720 108 108 720 1 757 33 250 101 98 763 231 212 240 161
95 95 429 82 278 108 51 947 947 188 960 160 959 140 269 186 964 460 965 947 232 175 260 146 201 258 127 164 57 115 277 257 11 37 162 77 155 95 241 92 240
4 15 77 143 52 57 296 162 168 140 158 131 70 22 219 272 249 278 87 293 135 3 181 286
98 137 140 257 6 235 56 28 20 212 68 116 106 103 108 229 226 123 166 142 287 55 273
72 173 169 728 708 169 169 3 728 10 156 221 185 45 129 220 114 100 214 353 227 191
25 30 72 255 211 38 190 222 158 38 145 222 232 83 416 56 266 7 276 280 184 268 800 168
47 163 200 65 108 249 240 247 126 494 361 247 933 65 656 401 83 150 267 147 53 297 1 226 69 178 139 284 104 90 10 283 297 63 80 254 132 235 157 96 23 197 58
108 167 61 255 52 84 59 208 6 246 274 233 67 13 4 40 18 100 21 2 34
22 116 80 202 282 199 127 859 145 145 135 127 636 145 267 17 872 84 429 15 15 20 125 299 150 100 283 215 174 106 210 111 85 188 102 212 165 203 219 145 252 293 230 113 222
80 91 157 209 99 52 196 258 36 279 278 111 56 9 30 185 1 228 28 95 121 46 272 227
45 275 146 190 401 148 114 190 255 125 262 236 238 318 549 203 601 453 90 30 161 255
15 131 193 256 68 934 246 542 542 68 246 737 946 53 946 737 101 153 757 624 763 197 112 223 110 142 197 206 185 84 219 147 138 290 234 64 25 227 74 149 228 6 71 161
8 120 137 187 109 174 100 100 282 21 429 88 92 157 259 205 242 23 199 45 283 271 223 168 282 21 289 229 81 260 195 1 134 132 201 40 123 185 120 48 87 261 224 269
65 68 106 132 145 184 33 107 289 967 36 398 36 259 291 36 259 562 202 289 146 9 154 895 85 27 144 59
239 48 281 208 182 208 55 182 48 55 620 654 683 136 284 395 134 4 686 77 860 206 129 153 562 36 562 259 562 562 206 189 562 277 225 280 284 59 187 169 895 226 272 262 11 288 123 296 29 187 255 19 265 271 193 174 293 20 96 152 138
32 217 103 271 84 273 261 103 180 103 77 271 77 28 266 416 159 432 245 184 56 183 152 292 72 121 174 172 57 297 223 2 285 236 103 75 298 287 248 215 254 56
63 177 249 276 190 220 194 206 62 10 3 52 229 72 261 0 170 2 263 205 65 157 251 29
43 47 184 207 260 608 199 286 121 105 276 79 214 79 183 57 105 214 146 56 154 69 944 144 247 162 144 137 127 265 205 88 263 153 4 21 243 77 296 100 158 218 29 250 196 46 268 252
119 291 221 492 263 221 168 168 89 202 263 154 646 564 278 179 356 566 14 73 295
6 10 265 268 962 962 654 173 269 269 567 683 125 164 818 411 673 245 279 281 214 279 17 221 214 84 75 68 20 104 133 190 105 47 296 52 227 264 15 77 295 250 158 196
41 45 114 154 229 222 248 492 168 202 168 157 492 221 492 492 291 179 1 124 646 14 229 25 99 278 158 145 68 19 235 24 115 214 162 52 143 51 187 78 220 15 295 117 296 41 105
247 944 253 298 958 198 256 283 195 958 29 198 198 144 265 49 51 154 564 944 102 250 56 129 822 27 192 411 27 264 716 293 196 131 315 76 562 203 131 241 207 279 293 264
25 160 155 118 58 120 25 36 51 263 264 117 212 165 292 80 23 55 11 196 159 177
121 194 174 262 174 540 268 262 262 540 159 921 21 237 259 231 668 146 215 103 81 26 60 245 67 138 6 81 296 36 54 93 178 108 113 181 149 164 263 241 34 213
167 223 229 253 221 282 279 55 188 122 275 249 35 87 114 158 163 289 149 6 21 94 209
47 22 253 233 75 199 25 198 29 98 128 268 208 28 257 62 271 247 108 18 191
279 4 124 161 231 237 401 58 60 948 948 948 948 263 263 83 276 171 186 116 183 201 28 245 266 56 416 136 3 54 243 222 24 35 252 194 251 82 132 75 10 175 206 74 16 282 150
103 166 169 636 31 141 159 22 159 53 53 998 337 53 53 53 517 626 24 670 26 163 215 143 199 170
33 73 189 235 16 23 49 232 612 27 232 16 298 960 81 234 264 735 265 101 281 98 290 274 212 81 259 76 77 20 118 171 88 108 173 137 33 18 105 46 120 271 224 138 145 83 259 63 69 214 231 275 272 177 277 99 160 149 15 3 72 200 260 183
4 200 154 222 264 80 254 140 107 173 624 493 958 254 958 734 624 98 153 250 231 255 591 757 763 30 213 275 92 104 124 144 57 15 77 128 9 17 180 55 173 266 217 159 267
23 45 51 151 220 25 256 95 188 18 118 219 162 67 209 122 134 193 221 286 277 290 212 157
2 29 94 173 191 42 60 234 237 282 27 209 735 89 66 27 62 250 296 252 879 130 253 46 151 39 66 140 82 279
53 133 166 271 291 129 263 263 263 62 314 187 227 13 15 269 429 6 344 40 20 20 150 125 237 163 148 215 198 33 93 135 92 224 176 130 140 286 225 0 153 65 71 294 96
775 39 122 268 133 177 146 38 83 68 5 211 43 78 237 285 182 257 121 155 77 143
218 277 492 38 203 210 250 140 254 111 638 429 638 770 5 429 255 148 480 638 10 56 69 292 224 31 250 4 25 229 45 76 298 291 209 121 90 236 61 21 88 83 289 114 218 168 194
105 153 157 244 238 53 282 202 182 98 74 251 237 210 178 170 257 39 155 4 263 171
608 88 123 199 66 180 137 139 234 115 30 252 200 185 77 199 140 290 156 277 88 10 101 116
155 272 292 81 122 20 22 39 178 295 204 35 189 238 151 80 224 232 229 40 70 213 0
470 985 34 121 191 209 106 285 217 155 196 193 138 180 171 264 274 126 48 284 253 206 259 178 239
30 45 132 134 200 260 176 21 188 97 267 93 112 192 165 63 138 199 223 121 105 281 146 39 14 69
42 43 52 93 263 265 94 124 157 195 143 470 578 470 375 375 470 375 310 276 266 83 184 280 500 297 800 28 159 116 39 114 288 219 128 119 286 16 217 52 11 218 19 250 130 181 102 87 134 77
562 723 49 132 24 35 52 58 85 140 165 227 230 236 833 53 833 700 310 700 833 700 256 83 56 500 268 276 28 186 266 183 432 116 134 251 1 43 146 10 168 257 61 8 135 285 286 25 78 187 284 228 116 87
43 393 780 826 27 97 700 784 700 471 268 268 471 800 500 416 432 245 297 186 171 116 83 276 280 491 250 234 128 90 249 87 232 167 77 159 38 190 55 92 148 157 88 224 193 7
826 245 276 237 121 764 121 764 132 186 374 550 19 969 107 902 148 78 826 244 467 228 227 221
17 169 209 310 272 144 138 230 272 128 144 236 144 185 127 458 62 238 232 287 268 602 168 5
11 151 196 267 4 310 762 4 40 700 40 169 169 4 190 636 216 35 246 22 34 58 100 140
