48 52 253 38 101 588 408 424 513 91 220 442 223 128 397 321 78 794 374 923 172 263 757 930 309
20 29 179 261 76 207 69 222 42 28 20 231 170 0 227 115 11 93 132 2 133 295 39 84
221 284 2 244 116 50 68 257 277 269 106 27 64 296 196 284 57 255 46 274 92 253
90 118 131 279 794 564 856 957 227 115 364 521 964 672 828 1 849 30 609 398 229 521 564 80 886
23 228 238 295 9 9 120 157 142 500 148 246 43 730 299 478 53 362 301 377 116 362 841 286
32 35 86 96 126 145 263 20 223 254 177 271 44 210 147 251 10 54 164 0 41 274 279 111 91 99 106
1 30 100 106 387 47 177 27 151 151 185 545 186 186 2 135 187 832 309 354 1 554 292 20 213 67 832 217 35 82 218 253 1 59 57 189 258 163 0 38 167 8 227 267 110 248 288
20 96 133 147 291 194 27 225 281 150 84 220 283 116 63 144 294 154 76 163 256 230 86 35 26
204 239 244 3 233 191 176 254 237 36 159 147 198 87 277 164 40 37 92 125 13 292 62
90 97 107 198 226 132 85 168 273 16 142 52 27 206 59 99 95 176 41 65 205 97 223 136 58
84 95 277 160 285 103 247 13 217 221 157 40 177 142 117 249 127 88 251 175 271 132 19
9 123 272 693 135 269 153 145 41 225 146 199 31 229 61 155 252 110 154 262 130 284 240 96
123 139 199 80 198 201 259 25 114 263 166 5 32 40 18 110 190 148 38 155 57 200
46 292 276 3 276 177 13 11 150 150 633 253 315 71 764 292 70 74 193 73 127 125
133 225 254 279 111 149 42 213 59 39 128 193 137 280 24 284 210 171 258 236 150 56 129 201
224 154 28 29 167 115 55 88 279 282 52 90 121 141 223 188 157 31 17 193 255
91 94 133 194 262 101 132 206 282 224 149 213 167 156 175 185 141 47 226 76 136 44 84 203 184
71 86 228 202 185 220 150 127 239 223 53 97 149 162 50 230 174 99 245 28 37 299
33 236 56 144 82 102 101 19 89 252 163 73 184 136 8 165 243 227 124 65 59 281
125 184 227 254 54 103 193 251 75 67 127 90 215 235 5 122 284 89 113 33 273 86 133
25 261 212 172 207 261 4 67 193 215 49 147 12 103 131 85 31 246 249 122 135 70
3 230 125 224 101 218 172 25 25 101 193 17 226 71 25 127 633 5 267 693 292 233
29 88 125 239 127 150 117 56 139 68 265 152 75 136 128 7 269 189 21 153 198 133 292 168
48 89 106 214 80 26 292 41 63 293 192 262 183 285 8 32 295 103 42 118 145 195 59 298
883 22 73 177 135 87 204 209 68 177 114 153 21 35 187 37 289 266 130 254 66 264 168 188
