148 189 219 270 284 147 436 170 282 234 230 34 277 171 95 87 202 216 167 144 28 8 90 31 79 108 101
195 277 334 680 818 52 413 287 442 310 89 847 331 505 296 260 598 650 56 959 758 593 311 347
54 185 299 69 43 253 54 180 189 86 291 51 146 130 18 73 278 178 184 173 264 234 252
119 67 217 207 67 135 221 67 67 1 248 192 2 407 85 137 278 93 125 207 206
42 92 217 208 124 95 292 179 148 241 66 128 46 176 205 6 248 145 71 39 234 24 34
34 120 146 250 260 37 277 287 278 119 80 181 145 168 166 53 65 219 282 213 93 262 47 134 45
1 16 28 100 128 286 74 171 93 61 142 17 100 135 221 285 138 30 83 240 72 170 238 84 13
5 34 43 115 221 298 284 291 136 186 161 146 134 167 208 121 55 85 158 38 290 216 275 126 115 53
208 156 2 281 82 287 256 111 94 141 89 290 151 173 296 28 229 245 136 220 210
69 165 226 4 67 80 150 269 35 215 3 196 99 274 98 124 129 90 288 162 70 45 228
875 9 124 148 173 285 138 30 68 192 337 230 236 181 764 111 94 210 176 240 109
25 109 264 274 165 43 79 81 64 194 95 227 276 6 134 126 211 139 195 161 149 140 247 29
15 89 231 167 199 278 256 174 144 246 157 99 230 59 291 227 184 75 258 211 279 56 112
38 45 94 193 129 34 118 226 250 282 21 119 100 44 261 287 172 104 87 98 185 298 179 25
75 84 224 238 52 19 16 172 188 233 20 263 154 197 250 76 295 64 126 297 1 156 204 78
113 217 267 246 277 61 29 84 36 247 194 117 148 112 83 142 245 82 137 23 77 105 221
52 85 246 271 110 254 42 83 292 207 182 15 284 52 108 150 224 14 25 294 58 243 80 27
13 230 237 240 52 14 109 37 95 105 21 229 41 267 144 149 66 193 138 242 257 106 133 289
32 157 188 235 282 81 262 200 289 215 145 92 257 71 103 5 238 202 235 246 263 239 41 97
141 128 47 64 5 73 111 240 118 134 105 65 244 25 165 274 215 256 156 277 163
29 114 249 128 25 274 22 274 84 125 230 237 225 826 85 207 111 58 80 62 125 273 114
92 234 145 118 23 180 214 136 141 295 168 254 283 218 135 285 235 107 195 44 24 8
875 3 41 2 90 27 213 140 147 280 135 12 202 132 85 287 216 223 226 144 30
141 244 209 230 201 147 184 51 45 136 108 216 173 63 150 121 84 126 250 264 218 278
150 233 62 143 80 235 116 81 101 231 77 241 225 244 296 249 194 35 105 32 43 94
122 223 228 875 30 196 202 52 252 112 95 295 138 101 231 143 246 285 37 142 253 54 222 89
