399 19 29 194 245 112 234 204 175 87 84 213 200 100 225 267 154 162 47 4 258 57 142 34
538 835 16 51 174 201 235 269 288 293 161 61 212 166 184 25 291 202 79 134 103 87 123 39 294 126 180 29 275 146
24 112 110 144 242 229 187 132 861 187 71 10 417 876 846 71 109 109 887 295 907 907 399 71 104 282 176 96 238 21 187 175 251 70 198 57 276 165 16 28 160 3 188 178
424 553 29 102 75 162 217 250 121 259 219 56 93 130 74 189 210 44 147 98 182 151 221 31
727 6 129 89 183 294 35 10 196 260 0 206 135 164 1 247 130 150 45 50 202 234
884 94 103 186 233 151 77 285 258 279 146 236 21 156 103 219 209 269 2 177 232 166 273 91 92
961 142 231 51 135 22 296 153 148 105 261 55 117 48 197 291 159 118 269 138 7 185 227
715 83 94 169 257 122 129 99 43 154 247 288 263 259 155 281 275 215 206 202 162 237 174 47 90
610 934 62 137 257 284 137 64 215 295 239 99 119 209 110 174 72 56 251 147 83 181 170 156 269 61
121 202 159 271 42 21 271 198 89 4 268 206 175 4 86 41 98 82 162 124 211 914
788 86 272 297 241 123 46 96 237 161 217 71 256 121 95 283 129 151 41 275 251 252 99 277
884 184 215 175 162 166 237 53 261 252 95 58 4 81 272 8 66 144 186 64 96 204 254 130 68 235 26 100 140 203 182 74 166 1 98 20 119 192 150 227 207 239 45
6 60 131 143 240 122 155 194 54 81 50 27 49 217 163 75 57 248 252 62 111 71 126 225 151
87 177 29 203 209 151 173 93 122 77 68 224 20 126 193 274 138 114 249 26 85 78
59 178 188 179 137 127 205 95 279 53 292 21 105 163 190 19 59 223 212 243 96 100 272
37 166 179 134 120 7 261 257 188 277 199 20 243 21 60 92 229 19 72 132 33 83 101
39 43 84 299 156 121 237 32 11 127 227 256 101 259 21 19 277 89 7 150 86
130 143 127 67 164 249 45 144 116 43 111 293 257 47 128 99 35 207 86 240 154 155 139 289 280 52 58 49 3 200 88 160 158 47 5 93 239 247 11 267 293 99
17 96 133 62 114 176 181 2 283 248 94 116 216 102 117 198 124 278 81 141 76 77
54 67 95 189 60 217 35 158 166 16 294 15 240 36 40 152 208 213 132 66 282 62 266 226
153 177 112 160 216 243 105 190 196 272 262 126 95 299 71 222 103 185 284 19 17
31 49 83 87 10 37 2 48 98 180 244 191 265 139 296 152 174 59 177 111 262 77 288 256
73 174 177 196 218 231 50 270 141 163 213 128 100 93 211 48 51 278 102 265 217 207 5 277 87
27 69 83 184 188 247 122 136 245 274 38 51 126 151 175 319 529 715 368 376 728 795 620 797 972 92 726 121 809 378 442 278 186 112 658 386 180 101 184 39 87 117 282 57 255 211 149 52 183 226 212 121 222 299 80 258
974 127 217 228 261 45 89 249 137 142 219 147 9 68 275 279 19 143 23 30 182 27 123 3 251
10 12 44 171 181 261 642 764 51 292 2 481 115 148 588 98 903 243 92 45 373 481 148 824 373 456 371 273 92 779 105 151 115 246 28 179 31 116 12 121 89 212 129 23 192 265 29 261 175 245
952 183 213 298 34 18 138 126 297 200 37 69 159 226 287 149 38 43 173 144 189 80 286
180 34 290 121 182 225 147 29 255 212 293 117 53 74 229 246 192 153 269 237 278
83 97 187 221 280 46 96 127 247 132 129 13 50 234 252 180 165 115 71 39 120 257 15 51 238
152 159 76 94 121 137 286 30 210 181 177 96 73 86 250 68 219 122 298 224 258 194
274 102 268 179 296 285 254 140 141 209 148 238 71 293 93 271 132 203 143 218 63
72 160 222 226 11 44 223 162 246 108 231 216 120 187 69 107 193 32 140 47 244 144 64
174 230 209 53 97 250 107 72 192 37 232 267 29 10 101 132 66 136 265 197 39
54 292 269 112 169 128 18 132 248 25 0 201 198 276 298 105 271 56 80 117 287
664 36 61 113 227 299 213 224 131 0 283 261 19 206 258 7 55 264 96 184 170 33 215 161
141 234 267 13 207 104 261 289 99 110 8 143 151 55 134 236 167 60 166 238 23 38 49
44 69 269 171 104 95 282 212 213 173 124 19 103 225 76 271 157 130 231 197 266 293 42
664 89 174 259 67 59 79 284 242 239 34 200 68 248 125 188 102 183 51 84 151 118 82
31 65 169 256 286 181 54 202 101 207 193 117 98 214 183 17 59 298 116 284 276 179 175 65 178
51 197 201 207 210 226 237 269 128 274 264 119 182 192 190 67 29 111 0 16 237 288 101 220 80 278 184
38 54 80 106 122 126 164 209 228 274 296 32 84 30 33 40 264 100 276 102 3 297 275 72 37 151 25 49 183 64 265
88 116 179 277 231 248 104 43 120 75 15 126 249 125 137 233 267 211 276 60 159 219 292 25
45 230 265 273 98 136 295 268 150 93 186 282 99 198 2 215 108 267 178 100 220 233 195 67
62 132 157 169 277 274 129 70 146 142 42 107 275 282 260 93 232 4 41 29 164 252
8 181 195 74 94 247 167 51 88 11 129 190 26 102 10 67 83 280 103 206 187 197 181
35 94 196 268 283 204 252 60 21 55 287 246 135 47 153 105 164 216 31 279 134 161 59 293 281
22 164 165 116 205 171 49 47 187 32 83 226 203 130 109 92 259 257 214 51 142 111 112
37 146 186 283 241 187 250 85 133 219 123 237 11 211 174 105 220 277 153 293 162 31 97
7 91 139 190 193 278 101 28 211 0 171 62 182 111 174 50 67 226 5 103 172 42 77 237 116
25 113 212 241 7 174 279 2 122 92 291 249 13 21 234 283 63 237 205 33 67 39
85 250 293 6 38 122 166 187 113 259 54 248 252 75 2 212 14 71 55 193 206 226 260
261 82 261 60 7 198 117 122 196 69 12 268 114 220 181 0 224 132 46 86 135
297 221 184 40 62 243 91 74 240 186 192 114 267 167 195 105 144 238 201 207 181
52 152 179 184 209 30 18 282 270 275 98 142 106 129 37 104 231 152 187 139 280 49 165 206 0
13 19 33 96 126 181 264 221 231 281 30 229 140 142 266 288 134 2 46 65 196 73 109 133 123 69 248
47 89 262 36 98 224 6 249 69 260 81 167 215 179 293 117 40 259 25 165 250 160
816 55 73 112 212 281 289 130 288 151 67 103 55 146 231 168 184 233 299 246 226 59 287 120 175 93 167
87 163 3 44 85 153 225 182 64 218 26 267 42 181 20 180 205 273 245 288 216 37 0 191 129 225 77 297 58 107 200 35 110 118 227 122 41 244 106 186 17 243
43 168 233 276 238 82 187 113 202 54 200 220 210 98 103 53 110 100 124 296 21 211 196 197
21 178 237 239 242 17 123 162 173 175 251 186 142 211 88 277 112 151 77 28 64 246 161 98 16
29 32 277 42 23 174 133 46 158 183 102 257 126 284 269 75 164 132 81 137 119 155 244
59 69 100 207 219 296 119 171 58 272 163 211 44 34 151 185 115 81 63 53 46 154 207 219 208 224
138 197 45 55 126 68 107 186 104 173 38 203 292 120 273 202 141 205 62 18 191 269
47 85 89 275 266 122 231 21 254 184 91 112 51 29 96 41 281 87 114 198 107 243 36 197
150 255 276 299 51 274 1 194 211 265 144 266 100 26 177 15 292 172 78 16 93 92 39
13 68 190 34 107 0 236 181 31 179 6 185 38 52 68 293 228 183 199 78 272 30
40 93 177 203 238 264 259 154 134 32 121 70 66 209 269 212 45 197 105 195 186 189 249 288 5 163
34 178 86 140 121 28 24 222 58 112 129 289 234 157 6 284 282 258 89 211 17 246
129 173 187 234 262 54 252 249 92 123 9 205 119 22 66 14 154 29 259 104 169 89 276 223 210
91 244 280 291 111 81 68 294 26 137 135 213 233 99 83 173 94 69 29 88 180 254 212
141 158 134 50 174 207 18 191 238 133 210 128 25 33 44 213 65 152 107 166 141
81 177 67 288 43 203 265 282 162 167 132 29 147 148 73 70 249 101 94 55 179 213
13 176 85 291 234 107 139 106 231 57 169 82 112 129 48 160 275 37 293 171 292 121
96 134 166 83 48 91 93 247 45 56 162 118 97 108 149 269 16 238 49 98 241 143 94
126 184 50 72 21 237 253 30 53 278 129 291 60 158 34 120 251 276 19 124 286 99
71 233 155 191 245 261 237 164 150 37 164 5 174 196 253 287 714 210 247 139 244 621 168 582 279 48 42 166 219 48 297 33 21 75 296 143 69 81 151 278 89 92 191 253 35 131
816 72 136 205 7 172 239 265 196 29 55 53 196 75 130 247 621 48 187 279 210 582 89 142 230 714 139 287 239 123 243 261 219 214 99 188 127 249 296 133 288 120 73 109 36 247 42 102
128 147 150 270 155 277 199 285 218 124 213 235 44 101 281 243 269 105 121 177 2 263 169 93
45 109 271 49 151 168 245 161 62 188 188 167 204 171 74 74 132 22 766 296 137 143 109 543 175 338 55 155 83 215 80 13 7 175 5 273 77 198 121 204 255 262 200 206 54 16 18
69 81 116 72 43 138 31 15 12 131 62 158 54 128 267 265 130 107 160 119 274 281 224
12 41 280 252 211 174 79 37 109 293 118 173 148 94 93 209 51 175 31 165 34 65 276
40 76 106 184 282 207 95 74 274 261 104 33 176 110 211 140 8 190 271 99 164 125 24 66 20
91 239 243 175 33 297 43 157 189 144 50 7 178 198 146 234 130 61 55 53 275 207
27 60 97 220 173 138 88 230 176 111 10 260 115 196 254 152 129 184 16 292 3 23 200 224
764 86 208 150 49 118 243 292 260 36 208 187 142 32 160 191 298 41 122 6 165 92 44
31 151 206 230 14 29 160 284 216 42 273 196 54 139 121 101 294 133 297 145 12 116 155
59 133 274 262 7 153 180 268 155 65 266 204 128 179 283 152 186 141 109 14 270 286 281 94 117 1 160 215 3 272 243 49 93 109 167 38 193 279 297 57 59 268
40 80 182 193 140 244 284 279 225 20 249 186 219 253 57 266 21 281 58 110 38 240 13 271
85 173 191 195 161 171 101 290 284 16 263 42 193 251 173 93 204 179 50 11 51 280 186 196
58 169 272 115 293 180 40 221 74 266 94 220 55 238 90 73 157 204 58 102 88 192 65
24 209 107 112 18 135 188 177 84 275 214 110 25 210 29 104 262 244 99 245 243
1 85 164 286 149 89 289 140 115 259 58 41 23 85 6 43 119 284 66 55 116 53 169 191
174 205 273 80 218 127 128 201 144 248 234 258 6 208 61 54 150 220 226 264 209 277 193
12 10 256 289 278 71 115 26 273 72 281 238 66 215 275 152 172 254 193 265 157
93 107 126 193 216 138 157 270 264 162 71 103 27 220 9 284 252 118 141 243 126 276 239 109 24
24 48 90 139 80 226 20 97 75 111 154 146 256 254 186 204 237 271 174 265 272
122 169 252 263 270 257 155 284 200 182 108 243 299 290 21 178 114 118 36 126 80 260 78 288
816 110 145 256 111 211 128 162 227 281 95 267 285 240 7 12 201 142 16 69 116 176 66 32
8 253 71 227 207 9 272 295 58 222 106 89 191 164 188 240 17 141 100 246 131 114
14 222 145 56 35 183 204 237 117 299 270 12 275 137 102 158 169 285 69 0 151
6 57 66 106 162 210 224 128 205 195 0 269 21 118 74 287 99 228 48 6 50 234 197 209 152 206 159
233 42 47 238 269 274 285 179 281 9 24 9 281 98 24 230 46 187 210 714 77 621 139 168 255 244 287 295 130 104 140 293 70 152 93 231 198 13 95 60 223 77 197 267 184 262 222
98 135 279 280 218 49 142 138 184 10 139 145 243 200 241 273 272 208 157 275 9 295 52 195
82 299 211 37 86 145 280 221 292 275 225 91 120 130 277 224 157 271 285 144 122 159
199 218 273 220 208 298 248 189 98 83 118 90 121 140 132 36 63 261 56 170 17 262
22 140 239 153 293 159 267 202 167 235 206 275 32 118 189 119 121 102 271 127 30 23 28
764 52 114 294 163 114 285 237 266 73 112 116 225 60 188 131 132 97 184 239 12 150 86 180
134 218 135 33 134 284 64 230 28 40 296 37 287 52 148 119 228 179 158 266 120 221
69 111 95 93 261 164 210 16 141 223 83 251 185 39 178 27 209 58 154 199 268 125
236 267 161 106 171 216 137 54 214 275 289 143 177 255 57 113 156 128 272 172 133 48
61 110 9 32 19 55 251 241 187 79 211 244 171 126 193 143 220 267 231 239 122 295
179 116 245 12 1 37 234 270 258 181 121 155 141 240 187 146 228 201 293 130 216
172 270 196 293 149 202 121 36 110 145 207 14 59 199 82 273 49 285 93 67 201 283
61 195 149 296 259 172 76 51 223 40 57 69 190 271 283 21 68 79 204 19 279 166
62 135 235 5 6 100 296 122 88 55 213 284 169 26 12 124 132 90 278 205 268 282
88 168 212 132 272 250 189 221 175 4 282 29 178 232 251 85 186 185 101 202 120 284 58
65 101 121 180 285 98 162 248 80 293 106 71 236 182 217 134 120 229 276 153 51 165 84 67 88
764 40 275 117 208 69 271 114 203 252 109 43 5 57 2 124 253 263 194 30 34 9 17
203 292 217 189 38 9 177 193 232 29 129 268 188 192 41 277 49 74 1 7 50 187
48 52 201 230 276 298 86 206 59 232 173 229 259 16 162 161 69 21 6 45 127 184 44 68 104 244
816 186 103 9 12 130 256 60 222 204 90 43 154 86 210 267 248 96 168 152 235
12 274 182 71 204 66 121 172 158 137 72 214 242 184 190 26 170 74 223 90 18 160
191 241 246 251 287 64 54 289 28 30 29 16 160 21 211 242 101 249 254 180 42 47 111 173
118 124 299 289 200 230 296 165 178 26 252 125 146 64 160 36 108 71 33 116 291 92 74
43 44 127 155 67 32 265 118 35 194 153 46 31 48 163 277 183 151 201 236 77 166 175 295
150 285 31 57 55 71 23 204 20 187 65 288 103 58 273 12 10 11 36 104 184
68 109 199 211 214 41 144 99 50 264 113 221 210 143 14 261 199 28 233 135 127 145 220 12
65 239 58 119 252 73 87 179 195 139 57 264 0 128 187 46 113 70 48 45 188 173
77 117 159 294 98 34 52 22 218 61 253 134 148 109 198 252 229 212 293 272 108 250 24 190
49 236 77 247 127 147 270 172 296 74 258 215 52 134 223 162 125 283 41 157 12 141
275 299 127 137 11 220 49 13 116 23 181 4 78 202 59 214 152 57 50 18 83 89
4 61 62 78 148 251 20 219 120 265 164 251 248 45 88 199 127 53 147 138 70 122 213 298 257 193
38 144 92 293 112 237 202 18 223 67 80 241 203 216 187 136 48 45 41 95 46 159
82 79 163 210 246 24 221 269 60 48 279 14 83 278 198 12 86 73 84 127 92
39 76 166 107 188 170 274 177 100 127 215 169 155 251 10 45 239 22 145 193 90 148 246
41 121 42 263 102 14 206 18 259 41 177 149 73 143 72 196 120 52 63 201 16 218
94 169 54 115 264 200 67 145 295 57 203 68 297 171 192 78 263 248 201 18 103 108
2 203 243 164 66 17 21 96 110 37 197 33 92 58 217 53 129 210 219 291 153 105
58 96 198 66 226 31 69 149 295 287 54 236 213 13 10 109 33 208 192 254 276 71 183
26 176 149 84 28 140 298 266 249 227 154 198 165 196 257 190 223 155 219 89 295
69 121 212 29 101 119 145 273 105 172 6 28 132 43 42 133 90 52 20 271 279 67 65
42 184 32 276 28 286 35 293 39 195 144 61 264 196 208 220 132 11 147 231 91 197
58 105 225 257 29 268 126 15 48 220 28 259 186 117 295 225 231 246 112 210 271 107 85 158
80 101 199 18 22 294 79 226 92 297 224 223 122 229 191 241 254 165 291 87 62 283 11
10 42 76 161 253 100 91 63 166 54 134 250 45 31 108 60 4 51 165 9 135 17 245 167 95
825 121 39 23 99 63 241 42 198 122 271 55 32 170 233 254 83 204 147 109 139
137 264 219 193 45 263 155 34 46 286 159 85 276 270 205 18 282 186 210 272 26
269 209 25 197 79 294 136 78 238 171 212 17 52 172 33 146 130 60 90 103 111
58 97 163 217 208 133 135 259 156 230 243 149 57 145 277 83 138 232 29 274 164 292 11 193
167 225 253 11 252 10 276 4 272 297 164 77 257 286 199 208 89 243 162 70 127 233 116
123 261 57 245 166 243 75 110 262 254 239 109 251 182 223 78 204 273 185 255 21
15 84 231 250 163 79 87 194 63 67 69 212 298 143 66 146 263 16 274 68 269 46 41 45
34 35 37 84 179 231 138 76 53 32 235 209 139 127 149 222 46 5 221 137 188 265 197 292 252 151
816 131 255 128 243 167 54 113 81 215 242 75 154 87 252 72 278 24 169 216 206 286 196
41 56 68 151 176 65 173 177 64 70 297 199 41 257 182 243 221 127 245 16 89 256 156 206
10 194 257 212 138 148 280 208 243 41 146 258 108 176 4 237 63 31 145 264 143 78 131
16 44 183 194 248 159 25 15 119 277 209 198 26 156 286 196 71 298 74 284 54 82 58 215 104
48 75 285 236 240 84 111 134 215 78 174 204 107 8 241 43 272 129 289 116 291 151 251
46 191 110 22 80 78 137 231 91 230 106 219 58 102 257 191 213 87 177 222 57 154
45 154 161 225 238 69 275 160 166 41 62 165 140 46 183 235 258 110 174 120 104 130 65 293 197
113 281 61 223 5 77 15 233 192 216 243 178 45 168 176 237 37 80 299 242 97
764 212 222 247 63 121 186 8 52 38 12 159 216 167 276 6 91 7 49 203 184 50 14
816 44 52 114 268 282 205 75 169 182 172 60 86 78 222 122 231 234 90 44 290 132 142 153 85 119
54 89 147 154 171 225 245 257 258 272 127 113 268 5 257 87 269 171 18 79 271 132 123 97 163 49 59 67 286 204
28 286 3 55 267 274 165 176 215 147 52 293 62 244 9 78 237 74 159 296 226 297
0 42 213 244 15 82 267 151 139 173 88 185 246 52 219 160 212 127 230 205 148 206 137
69 110 121 248 229 38 258 118 86 213 276 166 256 14 179 242 78 252 93 251 225 16 122 211
11 200 215 221 225 291 119 4 164 220 155 236 156 264 215 36 12 276 256 58 240 9 239 185 50 269 140 240 49 244 192 98 121 96 197 277 271 51 33 162 160 85 61 242 86
20 193 74 221 67 75 22 31 148 34 220 65 52 48 78 102 55 224 216 252 121 127
7 126 235 270 163 18 87 98 274 261 111 153 295 44 13 37 285 157 48 108 66 273 202 262
291 227 57 219 39 49 134 0 174 245 73 64 247 292 192 91 22 13 87 137 103
48 256 134 72 226 246 16 170 247 63 86 225 129 219 188 98 298 99 289 91 41 57
241 259 118 188 294 138 154 241 47 108 104 117 233 209 250 296 68 107 65 2 164 1
89 229 184 40 226 256 182 248 282 291 33 118 190 178 278 286 56 235 101 244 9 288
32 59 173 188 262 279 50 20 203 26 210 150 154 157 1 129 164 135 28 97 279 185 49 43 18 16
36 94 206 102 181 168 120 164 276 134 17 209 91 1 76 35 2 234 34 130 46 170
72 104 161 261 264 258 112 137 232 93 292 63 71 185 56 25 111 24 124 106 55 68 132
181 56 111 13 82 37 21 212 178 154 104 160 203 182 167 149 150 287 76 95 129
207 23 276 288 55 251 134 294 43 102 199 233 244 129 289 136 10 96 89 297 184
30 171 223 278 260 150 7 218 51 264 1 98 233 61 256 179 159 99 31 188 289 112 296
132 39 23 46 248 277 291 117 169 35 267 192 116 241 173 72 163 175 260 115 223
77 22 131 202 255 68 298 39 240 237 216 264 30 195 119 286 24 120 16 241 15
138 210 259 281 286 73 173 102 83 165 87 108 256 211 143 195 283 192 296 96 6 95 50 21 214
10 24 167 48 232 136 151 105 287 212 66 46 288 183 114 298 14 47 42 210 245 204 49
8 93 182 255 125 289 55 102 236 219 291 178 110 2 139 135 143 222 271 119 158 148
42 261 237 32 118 45 43 196 258 111 206 250 142 125 253 294 36 62 149 112 101
85 115 125 286 152 0 80 61 11 126 282 28 139 291 203 21 195 190 91 3 212 297 228 256
816 11 103 158 195 275 156 82 106 70 161 46 238 10 279 93 74 286 188 83 92 118 204 245 116 184
4 35 54 103 209 220 269 178 174 187 248 50 179 135 41 228 91 219 202 240 46 244 39 209 203 18
54 169 348 173 91 198 57 149 261 26 34 40 17 239 238 111 174 203 101 171 219 74 30
19 74 157 170 209 220 251 12 297 62 0 131 151 1 99 32 88 123 250 241 138 141 48 219 210 228 59
140 181 28 107 157 116 112 777 243 116 243 243 243 28 28 255 77 168 46 139 247 230 582 210 287 116 161 163 253 162 25 185 19 55 20 14 141 172 132 154 69 199 231 49 219
13 47 71 215 181 51 214 95 274 291 288 287 239 129 57 235 180 157 212 229 42
7 19 80 84 172 83 257 11 165 102 79 276 194 222 262 266 47 166 291 226 27 269 61 18 41
61 224 274 252 30 133 53 152 125 7 190 122 292 170 286 58 101 177 181 67 70 195 121
139 164 287 121 17 84 270 25 98 199 190 39 169 126 50 216 42 132 233 226 152 250 192
31 345 191 48 200 20 289 247 132 236 278 189 222 100 107 121 56 290 116 224 197 183
197 237 107 171 279 31 208 140 262 143 76 88 43 222 147 98 39 261 157 146 233 19
107 147 27 259 282 843 843 843 46 480 480 428 46 89 153 817 46 77 255 168 230 247 142 48 891 158 156 42 292 117 147 238 177 243 248 144 258 227 119 225 26 214 46 197 290
61 85 163 193 202 275 157 130 99 175 264 13 75 58 15 188 181 249 290 287 109 104 267 289 3
179 132 169 2 293 271 188 94 246 281 13 295 96 72 154 70 15 251 140 57 42
70 133 148 221 226 240 290 278 202 23 283 298 95 296 175 276 281 260 96 252 251 3 107 163 2 203 77
127 240 60 145 19 19 41 209 209 978 49 237 206 97 817 283 296 653 231 119 236 32 238 151 238 201 23 140 46 187 3 198 203 143 171 15 297 88 191 76 267 230 40
35 85 292 85 289 243 293 192 49 73 133 196 132 157 262 68 253 174 33 261 211 282 255
9 20 166 289 182 241 6 59 264 194 299 288 166 68 32 217 251 106 190 273 280 212 111 227
130 154 230 252 259 286 14 120 296 186 29 55 26 60 6 173 127 257 96 221 149 291 181 190 9 244
33 124 212 155 268 293 183 196 90 113 264 29 33 83 239 182 255 248 140 276 119 173 272
38 54 165 244 246 30 148 141 277 99 245 184 163 84 65 38 139 219 157 257 199 222 85 129
8 16 119 248 170 52 41 179 31 237 121 272 48 14 270 200 169 25 156 26 149 100
202 270 129 207 249 636 36 62 264 213 115 992 821 462 199 502 504 130 86 79 306 645 590 931 875 313 540 141 520
24 25 119 122 183 193 201 261 267 153 380 276 644 989 804 24 651 796 415 332 751 663 61 597 822 489 9 230 952 713 245 377 547 377 745 245 218 218 218 266 276 959 388 284 312 75 643 384 218
149 201 19 285 80 51 182 5 269 243 50 20 87 247 11 123 255 183 148 127 65 185
54 70 152 163 173 215 215 225 135 587 721 132 696 261 180 156 123 259 901 901 28 295 711
146 264 10 256 903 654 23 673 207 179 636 984 103 897 152 226 753 256 207 488 919 110
460 33 190 83 83 146 299 271 146 190 299 153 299 296 123 259 901 16 28 295 711 555 118 273 245 47 244 205 155 44 224 168 38 9 263 122 108 92 131 290 142 130
223 114 81 155 214 248 75 222 451 27 227 198 37 890 869 824 291 221 133 121 740
79 75 254 197 85 126 252 120 169 132 30 114 119 188 263 156 177 37 191 264 298
42 56 57 30 27 264 82 66 40 240 49 288 131 215 124 7 73 56 261 297 227 14 177
7 195 273 148 130 241 196 74 47 269 53 118 299 79 134 44 191 36 155 82 287 156 269 266 33 213 145 176 31 51 9 262 77 79 58 95 229 239 132 158 259
19 215 235 5 5 5 284 126 269 129 251 693 116 289 195 951 598 197 789 295 290 152 287
27 69 102 152 205 257 121 63 172 187 83 130 119 106 116 36 216 231 78 142 189 266 123 16 73 90
73 143 163 8 24 110 295 112 218 87 49 154 82 292 273 167 247 268 141 290 212 194
96 174 219 30 10 183 105 103 151 260 203 228 46 99 291 169 189 107 192 109 155 233 15
22 23 199 210 215 230 43 66 82 149 46 23 261 50 122 179 32 57 123 168 65 17 7 296 154 0
0 11 243 216 289 286 83 49 99 176 296 179 37 261 51 74 129 30 230 247 152 142 6
926 46 134 173 204 229 200 30 127 68 20 17 231 4 174 169 135 62 42 218 108 2 255 190 251 130
197 3 29 78 79 124 182 30 175 310 175 1 38 153 58 218 22 58 59 273 172 83 291 241 231 154 14 146 33 198 299 210 99 144 199 37 56 135 255 115 71 291 131 290 164 169 271
89 114 199 36 92 187 64 17 166 266 217 48 282 55 154 274 289 152 9 7 62 141
619 58 61 183 224 264 263 146 25 120 97 255 233 133 143 265 149 282 280 61 162 125 8 126 243 188
260 238 29 18 15 251 245 149 164 178 208 237 197 61 160 180 131 247 274 125 257
636 51 70 217 91 5 160 170 17 219 250 231 227 287 283 44 269 285 125 89 130
163 231 120 167 223 186 110 143 134 174 116 52 245 199 27 170 203 78 280 88 262
926 49 186 229 619 191 125 154 85 217 84 85 85 35 218 22 58 59 273 172 83 291 241 231 154 14 100 251 83 0 191 142 151 75 270 56 27 76 90 215 120 282 246 135 236 169
37 298 121 297 164 179 47 281 1 126 216 243 8 274 285 63 278 280 202 59 6 107
45 74 250 50 183 38 143 69 111 116 288 207 192 19 125 159 108 167 210 65 100 171 129
297 155 73 256 211 280 241 262 264 159 23 298 65 120 98 50 157 266 237 257 41
6 62 153 220 235 266 167 195 80 140 249 214 172 244 252 75 94 53 76 276 152 19 287 290 266 163
619 1 73 243 73 3 194 232 210 163 105 141 242 136 263 69 134 295 244 56 98 217 267 27
46 162 0 12 85 226 51 219 71 254 26 9 288 297 40 228 131 55 88 115 158 223
132 203 30 161 223 154 78 210 158 233 187 77 135 98 254 166 282 123 104 232 32 24
2 126 181 276 116 187 159 144 146 81 254 235 85 157 114 42 140 209 280 104 183 241 294
926 173 248 250 294 268 196 81 202 83 125 42 43 176 283 27 262 280 182 109 290 243 198 152 139
109 111 123 129 144 151 112 56 244 31 6 281 81 60 240 39 218 235 129 298 71 261 1 234 18 176
99 125 150 174 189 190 205 213 57 269 66 165 127 107 97 20 235 239 119 110 47 86 24 106 37 78 102 274
2 35 57 106 64 87 110 48 297 50 292 65 234 281 19 6 20 271 202 277 280 104 44 54
46 110 288 286 101 166 264 222 230 251 214 175 164 259 250 221 97 105 188 8 121 132
35 45 130 147 46 174 222 11 8 242 277 50 209 152 2 102 115 173 6 258 231 56 237 259
22 253 105 238 136 281 88 70 196 64 18 68 24 129 252 41 230 72 148 277 115 28
5 12 132 200 213 242 298 89 135 196 200 975 584 100 100 975 584 292 292 292 6 22 58 257 273 172 83 291 241 231 137 81 155 260 295 218 165 275 164 203 79 161 270 291 109 74 276 126 34 236
66 128 237 294 2 99 176 261 241 187 162 12 226 136 145 266 18 68 52 26 141 206 240 77
59 68 247 207 86 299 14 111 38 269 211 68 218 261 81 289 192 42 209 263 187 238
104 188 190 205 248 105 176 65 190 128 10 69 108 160 76 47 199 168 50 287 123 73 206 109 174
30 260 182 170 75 266 162 32 109 58 159 95 279 199 282 143 158 169 281 72 264 237
186 195 223 120 295 83 186 108 53 120 245 108 216 126 130 27 901 272 265 162 62 555 4 276 85 213 61 68 49 220 292 171 261 230 135 46 99 208 86 156 260 284 146 193 294
25 135 141 154 205 212 294 131 263 277 21 110 50 34 81 92 202 137 183 24 70 151 89 100 209 214 233
124 215 275 215 278 208 60 269 54 136 42 88 144 92 23 179 224 178 153 98 226 85
77 95 145 196 222 106 161 298 154 238 51 122 260 30 233 220 7 17 126 191 54 142 2 216
1 118 147 184 282 53 192 249 143 10 16 265 161 268 149 124 206 219 30 168 29 186
11 180 210 213 230 201 84 291 126 60 180 70 18 170 94 275 93 242 267 149 220 299 40 276 185
23 31 121 123 294 132 35 76 38 163 208 119 21 202 8 231 273 116 201 67 52 178 156 254
57 78 266 86 108 173 102 67 143 144 260 63 294 88 111 168 256 34 274 93 16 135 273
36 44 192 199 80 198 22 39 131 233 52 247 3 26 28 107 58 177 63 222 148 126 67 207
18 97 180 190 221 281 289 114 142 222 243 261 31 112 31 179 156 156 273 31 156 112 6 22 58 257 273 172 83 291 241 231 262 96 197 288 30 192 119 75 89 37 143 76 85 167 0 95 241 279 158 19
289 90 155 48 59 106 255 260 65 165 78 215 52 73 32 158 64 154 105 188 220
8 193 247 241 193 110 277 237 70 39 176 256 155 125 254 93 45 296 4 274 77 162 291
4 191 247 289 296 218 70 129 4 65 288 160 230 121 90 94 217 224 295 53 8 24 59 39
185 195 240 268 196 231 67 239 46 267 123 78 264 53 238 69 173 121 3 163 55 156 33 70
37 136 231 233 163 101 256 210 241 169 108 237 189 273 130 200 247 291 18 94 112 104 269 13
118 237 154 263 249 31 60 81 140 86 85 67 162 230 225 153 9 284 244 104 227 122 152 50 251 239 54 121 60 272 216 197 72 112 77 212 79 94 228 10 175 8
9 21 69 138 202 141 293 50 19 71 191 62 139 276 239 159 39 252 222 157 256 216 197 48 286
5 53 90 81 51 107 112 144 100 114 165 129 290 20 48 182 15 234 185 250 2 295 226
29 126 145 203 99 129 215 231 276 236 251 87 292 173 223 57 180 142 93 108 55 199 294 6
86 108 240 15 200 164 260 100 95 298 177 202 165 182 138 204 173 166 119 75 155 46 233
93 220 219 198 15 198 55 55 16 203 55 126 130 27 901 272 265 162 62 555 4 276 144 62 268 186 90 221 250 11 256 28 224 142 167 81 219 202 65 211 29 235
3 36 165 215 256 147 94 195 61 170 113 150 64 72 49 213 45 106 164 11 192 155 28 3 65
4 39 48 206 290 95 197 41 270 280 141 43 154 18 246 123 167 220 241 175 69 90 151 206 187
70 101 158 201 134 57 145 155 128 28 92 108 77 9 212 182 201 139 260 150 248 224 162 242
926 65 175 190 285 133 280 40 78 86 299 18 185 285 194 239 137 291 179 174 55 8 105 39 284
122 297 169 72 258 285 115 140 168 287 157 224 66 202 22 243 296 41 249 119 64 175
3 5 45 47 100 121 279 31 1 220 262 91 231 128 9 172 147 48 159 254 275 127 162 13 272 17 14
20 69 203 160 28 294 212 66 254 70 184 8 21 97 106 188 75 261 122 111 224 284 57
71 197 290 173 101 15 15 173 278 283 278 109 109 256 210 172 242 869 824 189 221 133
926 159 172 220 268 279 287 233 32 209 153 188 70 292 151 36 63 241 118 30 176 46 239 142 155 206 254
52 290 198 101 67 198 283 142 256 8 290 210 172 242 869 824 189 221 133 121 740
84 143 30 429 143 121 101 163 39 961 862 799 131 51 219 94 114 389 234 145 28 285 281 218 111 236 134 55 58 11 123 73 57 185 122 23 151 79 255 85 168 183
61 76 81 188 273 58 270 277 79 145 277 430 277 64 277 64 6 22 58 257 273 172 83 291 241 231 154 14 150 38 171 268 234 100 298 229 230 63 142 259 92 80 294 73 30 275 48 218
81 156 263 260 290 290 258 83 272 260 78 225 210 172 242 869 824 189 221 133 121 740 54
21 69 122 240 14 101 12 147 284 38 155 159 55 18 237 44 76 266 252 24 259 299 34
196 207 285 116 184 52 269 203 288 52 52 52 288 184 64 230 72 52 164 236 906 144 12 266 221 270 239 39 75 232 290 113 48 204 247 171 275 206 231 129 52 125 24 100
619 926 241 237 246 181 269 55 203 152 239 222 60 263 72 210 232 267 0 76 120 291 157
4 145 283 293 150 267 267 146 192 237 299 37 267 146 293 183 176 771 53 160 269 285 295 174
70 148 251 162 140 140 283 243 243 276 34 240 95 140 95 6 22 58 257 273 172 83 291 286 144 248 202 205 110 52 46 65 270 40 43 239 117 37 170 42 181 151 49
139 178 209 274 258 225 128 199 123 216 48 105 167 235 190 95 68 134 96 299 9 117 56 111
28 52 277 227 51 64 177 271 85 248 273 55 269 5 81 91 218 228 94 142 49 293 219
146 152 204 205 275 72 122 72 72 699 72 158 699 146 86 34 125 210 172 242 869 824 189 221 133
8 59 166 172 184 219 240 272 111 281 252 277 53 240 240 277 277 20 81 296 184 229 594 493 331 294 137 36 287 136 161 64 192 243 3 296 104 257 144 66 71 109 279 230 232 288 204 210 120
47 72 91 150 172 185 245 293 699 86 86 699 41 146 86 686 686 41 37 210 172 242 869 824 189 221 133 121
62 124 238 50 141 181 251 561 49 154 173 140 190 276 84 49 190 6 22 58 257 273 172 83 291 241 231 149 272 35 104 103 221 55 155 145 166 223 132 71 157 130 289 278 164 100 50
223 243 95 41 251 232 114 82 198 281 112 242 248 47 236 116 211 119 197 59 127 188
636 57 130 288 88 209 241 14 162 241 121 228 334 295 202 122 84 197 97 13 695 607 706 479 180 247 155 187 1 179 146 74 191 40 227 169 51 195 8 113 114 88 197 37
14 71 167 239 35 162 158 52 157 249 243 129 53 210 64 149 170 13 58 118 233 30 254 165
10 95 140 213 177 177 138 13 276 276 90 90 6 22 58 257 273 172 83 291 241 231 154 14
80 175 184 249 563 171 113 113 563 750 17 161 171 78 59 127 391 144 152 179 20 32 380 45
75 150 214 113 161 161 360 750 750 360 59 127 391 144 152 179 20 32 380 45 210 39 142
23 160 167 173 247 54 414 26 414 54 281 54 46 997 426 126 503 466 72 24 82 200 96 882 148 414 26 54 264 26 26 224 69 503 26 232 997 426 126 503 466 72 24 82 200
695 108 114 193 293 362 469 901 901 469 362 187 245 118 37 98 440 877 195 77 105 146 70 209 147
770 811 122 144 215 218 269 214 52 156 216 131 216 151 131 52 52 52 148 636 268 139 455 30 254 17 328
75 699 64 39 179 98 239 15 699 204 890 667 176 671 212 299 37 524 50 13 525 38 68 68 150 248 260 38 68 260 209 38 299 270 373 187 62 248 108 371 194
34 117 140 154 94 106 134 270 282 218 23 48 23 23 177 177 0 48 48 135 6 22 58 257 273 172 83 291 31 157 58 289 177 155 117 116 229 97 279 277 92 182 74 266 260 124 84 17
18 57 239 118 73 249 22 162 68 166 257 33 63 86 221 116 174 41 111 52 157
18 60 104 155 196 14 166 139 57 18 281 258 136 150 128 257 181 38 293 250 25 249 35 242 170
3 81 103 145 160 151 251 114 114 190 133 133 238 9 9 222 188 126 130 27 901 272 265 162 62 555 4 188 983 15 224 85 224 188 134 420 705 259 121 944 107 83 466 29 117 912 264
21 182 297 91 94 211 203 269 109 124 190 6 18 14 167 163 130 82 105 47 98 290
40 241 114 190 114 114 114 114 326 126 130 27 901 272 265 162 62 555 4 276 85 59 296 274 37 70 264 151 2 216 42 272 132 148 219 4 160 140 11 120 227 53
65 101 233 101 146 58 208 84 45 198 165 122 6 206 212 5 293 229 23 94 268 291
6 167 208 258 63 165 103 54 108 265 154 10 295 1 135 200 86 25 287 19 220 292 29
3 254 210 80 186 286 37 230 215 239 221 164 176 68 125 78 235 293 259 13 18 91
619 60 65 237 259 146 73 117 99 0 128 252 31 199 218 58 159 81 209 16 180 114 166 210
7 147 687 926 68 150 164 195 229 108 162 267 108 194 181 169 993 169 181 169 636 268 139 455 30 254 17 328 850
94 35 228 142 254 254 123 21 186 175 371 35 261 21 266 78 204 21 235 253 283 298 103 165 16 152 278 153 158 22 76 224 232 121 2 264 0 257 137 87 273
60 142 269 102 49 91 55 186 235 168 185 3 121 131 13 99 95 280 234 173 1 152 269
86 161 85 164 144 193 52 238 52 127 193 144 52 752 657 174 397 197 63 20 203 414 245 273 17 278 153 41 142 289 170 156 212 296 187 162 99 21 283 20 218 46 281 249
282 24 239 273 276 49 289 252 283 189 189 252 536 682 178 743 190 118 64 743 89 455 160 154 74 24 86 224 276 19 214 186 122 66 135 30 53 38 103 28 248 196 291 4 166
219 127 113 107 170 275 90 47 234 81 3 24 249 98 119 178 140 155 215 219 280
4 129 133 289 212 10 20 298 225 179 293 246 239 109 12 147 41 34 51 54 113 70 58 5
78 255 80 208 288 201 163 52 23 288 288 166 163 54 227 277 81 165 72 943 233 135 21 265 44 29 45 62 212 81 189 207 73 208 82 256 183 137 51 114 75 148 124 180
2 48 145 163 239 16 194 295 52 154 87 216 226 101 254 197 99 10 112 165 83 246 283 292 84
7 159 160 188 230 266 193 54 57 37 296 166 259 241 45 29 24 119 222 183 164 144 170 254
926 102 382 382 909 149 277 652 277 277 210 172 242 869 524 189 221 133 121 740 301 101
53 47 95 63 254 254 50 200 254 221 15 15 6 22 58 257 273 172 83 291 241 231 154 20 191 109 24 191 299 245 109 245 47 45 251 25 37 194 44 123 257 78 189
926 109 151 183 18 10 55 164 101 283 19 98 185 214 128 1 223 43 172 17 123 30 76
965 4 151 278 59 93 183 234 267 43 277 277 291 129 288 62 711 176 32 277 155 1 279 268 153 33 72 90 749
6 61 181 227 260 49 170 122 51 166 166 229 166 229 133 636 268 139 455 30 254 17 328 850 616 87 136 73 155 289 176 273 218 102 292 286 56 55 16 170 181 88 45 152 96
926 178 179 200 257 232 68 245 292 262 240 220 281 271 163 111 201 159 147 41 210 1 284 173 238 174 12 295 214 68 45 277 225 3 179 8 279 87 7 66 177 110 129 257
926 202 234 133 142 210 122 150 122 100 133 251 38 133 262 133 133 38 114 244 174 228 49 103 222 265 66 269 179 63 108 119 94 130 92 13 10 178 264 101 30 238 235 166 263 157
8 294 19 293 54 246 145 220 125 165 4 252 24 27 47 102 204 127 183 136 231 66
206 270 272 251 92 272 220 273 6 264 273 123 211 219 14 162 926 112 200 361 165 33 87 289 170 147 70 132 135 272 225 69 216 101 277 181 50 240 79 226 171 172
75 177 208 2 12 31 72 207 220 265 88 76 163 270 88 265 91 636 268 139 455 30 254 17 328 850 616 181 299 6 54 87 258 289 186 10 184 232 80 251 290 131 88 38 240 47 136 129 36
23 262 275 187 130 299 292 45 219 261 119 68 66 11 232 141 137 209 32 155 103 282 65
123 279 274 299 79 141 262 44 170 249 33 203 284 58 234 119 69 202 247 200 289
107 160 161 190 195 179 190 228 270 48 273 48 12 270 48 224 636 268 139 455 30 254 17 328 850 616 181 299 39 283 86 199 249 22 113 255 83 196 201 178 37 145 97 268 84 162 69 126
14 94 106 144 282 135 167 227 83 199 103 112 74 92 125 151 177 178 280 100 41 108 185 78 160
35 69 83 105 178 271 153 276 297 293 18 56 8 264 40 27 163 174 159 143 100 108 238 197 267 5
926 111 120 144 149 188 2 95 388 130 311 311 232 232 78 276 232 641 78 176 32 277 155 1 279 268 153 33 139 15 177 271 249 284 53 279 198 41 87 180 78 202 74 129 113 60 216 181
223 47 130 198 65 17 0 81 23 71 232 153 100 20 1 62 288 164 179 199 205
72 114 51 155 264 107 297 179 6 248 214 23 79 72 40 257 205 19 172 173 152 85
107 115 210 162 82 234 195 219 165 129 177 166 262 192 152 26 120 151 283 224 288 251
52 138 17 55 88 11 4 90 142 257 235 229 188 164 225 234 296 36 112 221 190
201 218 279 49 170 108 231 291 67 28 134 149 285 210 219 95 183 54 104 73 130 46 20
34 196 201 208 20 231 62 216 5 279 72 281 283 33 130 264 246 291 55 115 199 242 34
926 8 237 274 130 111 148 220 25 179 168 189 82 180 70 13 241 101 256 289 16 50 268
72 93 106 141 268 238 82 6 186 187 136 211 269 194 11 299 44 83 244 4 98 219 130 243 140
185 152 227 190 93 93 190 84 148 93 185 142 6 22 395 257 273 172 83 291 241 231 154 209 46 280 89 216 71 112 85 47 237 176 234 171 255 59 60 161 21 35 126
619 19 206 116 191 224 54 209 84 71 227 95 18 78 4 74 276 149 133 96 51 92 137
73 168 279 229 61 236 35 145 141 172 14 170 223 43 59 69 77 117 56 193 46 66
189 221 94 177 161 111 268 252 180 292 251 122 219 196 38 123 247 260 127 160 290
104 276 140 180 141 154 146 89 102 1 127 9 48 197 13 243 181 225 226 237 297 84
151 186 205 277 280 201 117 5 33 27 52 237 180 188 67 119 199 154 210 104 187 224 2 10 262
20 88 128 169 203 250 156 264 120 108 52 42 120 142 120 52 52 84 6 22 395 257 273 172 83 291 241 231 14 183 224 195 53 10 190 35 294 192 6 122 140 77 290 268 86 213 167 82
616 619 72 198 213 260 260 240 176 136 44 72 176 176 47 45 251 25 37 194 44 123 257 78 189
206 248 190 36 165 218 70 112 253 282 149 150 48 159 53 38 262 32 127 195 65 225
98 103 170 179 196 201 264 96 58 91 10 147 253 31 250 240 12 157 234 187 204 271 285 224 154 68 227
15 153 261 270 71 71 295 116 377 299 299 295 299 63 71 223 47 45 251 25 37 194 44 123
137 205 151 265 276 96 75 96 208 96 208 414 472 414 75 75 89 134 570 86 230 180 510 45 187 0 152 116 251 171 294 234 245 157 203 177 111 211 141 50 242 227 236 226 230
228 188 234 117 104 197 36 151 203 28 233 30 155 90 1 86 182 60 58 244 190
49 72 74 59 175 295 238 27 197 89 238 197 396 13 119 242 212 302 868 306 86 555 161 228 123 267 100 149 8 28 180 164 198 280 136 232 201 208 99 93 289 123 144 75 133 74
87 98 226 141 263 192 137 182 207 87 49 71 18 181 194 278 92 228 293 163 275 287 259
187 260 156 294 42 156 377 294 156 156 104 156 64 47 45 251 25 37 194 44 123
2 56 126 213 243 525 718 387 72 855 524 671 954 587 978 973 280 505 541 298 670 668 655 827 551 39 735 9 160 69 244 174 293 7 178 278 39 104 163 166 222 175 84 42 220 40 264
7 219 221 242 526 153 212 214 138 124 162 110 138 685 259 16 2 265 52 963 555 265 698 2 141 963 257 698 38 52 74 35 253 104 288 117 238 12 243 45 156 209 129 179 196 223 122 16
29 189 266 74 204 8 257 192 180 184 129 153 141 216 131 132 52 85 222 206 174 275 282
51 57 189 132 144 295 286 118 76 73 681 21 532 256 190 770 0 28 342 30 74 14 515 739 216 41 279 295 247 134 204 148 104 55 170 197 181 220 143 281 292 23 88 265
30 70 95 135 143 286 82 144 15 10 18 259 262 48 261 133 298 166 30 145 177 191 123 281 6 157 180 43 72 13 299 269 271 78 226 30 62 257 20 162 79 245 61 297
443 112 223 232 43 228 213 24 154 175 127 177 208 222 120 96 129 122 256 269 290 95 69
17 52 53 237 273 114 132 193 163 219 124 159 223 16 131 266 48 90 102 261 204 179 186 3 209
10 116 297 266 297 15 113 61 76 27 254 258 240 295 99 9 159 114 204 135 126 212 276
235 90 152 243 161 272 186 20 279 183 128 158 31 93 104 211 43 277 119 2 121
186 94 46 6 110 126 176 199 33 275 207 48 157 147 164 192 297 7 205 100 101
16 99 170 252 136 21 290 135 199 10 179 224 41 138 23 56 273 161 296 60 226 265 45
181 189 209 239 50 175 206 85 164 138 98 78 204 238 254 285 223 34 105 287 248 230 45 269
30 106 136 270 289 298 133 197 239 53 233 209 264 69 266 273 185 297 215 289 128 38 83 293 64 88
79 88 297 163 126 4 159 51 155 173 115 121 168 289 200 238 32 235 113 134 82 228 177
53 205 0 53 62 78 165 294 44 15 34 61 115 34 61 115 227 138 175 186 253 248 867 965 28 14 133 11
93 138 169 243 157 169 175 38 295 49 249 135 119 25 182 557 217 221 30 161 74 298 216 50 44 44 185 182 284 189 165 241 16 161 186 16 14 175 58 11 276 965
206 292 161 4 213 4 196 4 88 165 11 165 227 175 58 11 276 227 136 131 186 867
23 56 60 152 160 185 186 43 106 237 43 43 106 213 276 58 58 72 198 220 15 276 233 274 126 187 40 49 260 7 196 138 274 85 231 187 144 151 195 95 98 50 30 34 5 286 99
25 259 131 100 141 237 184 58 58 156 58 100 63 99 0 209 217 167 255 14 264 299
182 198 271 240 59 0 16 183 110 223 173 191 245 274 262 252 190 157 277 214 219 68 188 217 82 119 166 181 215 22 75 168 114 67 88 172 167 232 237 35 250 143 145
169 212 294 147 23 226 210 215 218 29 262 169 52 271 137 179 245 8 164 230 217 247 193
147 173 249 251 298 172 230 98 125 72 118 278 286 55 78 71 284 49 170 155 68 90 201 202
6 201 224 47 103 271 258 42 91 202 271 0 109 205 14 299 14 63 206 167 209 255 19
67 287 322 138 284 41 36 188 269 215 149 227 178 98 62 294 9 10 103 30 231 88 107
40 148 181 292 88 247 126 138 209 148 232 20 188 134 14 179 135 162 201 64 174 8 180 36
272 386 63 154 222 170 107 264 89 289 188 84 294 243 59 23 48 68 7 147 150 287
230 131 117 61 51 240 283 78 170 256 89 224 284 162 223 100 215 19 124 243 229
220 238 280 162 296 251 64 80 161 215 130 72 187 146 211 267 8 133 41 131 100 208 179
97 233 40 254 170 153 160 50 196 166 30 25 295 298 193 163 78 229 268 70 98 73
179 51 125 46 279 200 30 244 117 286 190 294 118 37 78 273 253 187 99 96 122
2 131 14 241 138 115 81 87 4 52 251 163 291 222 254 189 258 105 179 240 278 201
36 89 208 211 296 179 104 28 182 133 122 292 160 210 10 222 45 247 231 13 3 31 214 253
14 60 83 275 443 14 277 291 187 98 98 70 291 160 117 203 160 31 192 794 236 64 237 238 100 141 217 138 117 196 280 24 204 201 298 137 108 111 278 120 268 73 277 240 25 132 37
50 101 206 276 61 206 81 96 208 286 140 218 159 203 107 249 235 195 197 104 51 298 120
151 247 213 196 126 64 293 8 157 268 97 114 172 202 54 104 61 124 225 206 259
50 138 322 88 219 267 210 12 232 53 130 4 25 256 96 131 291 231 284 296 24 3 10
9 44 124 196 211 297 158 244 286 73 91 124 11 265 136 110 109 250 49 199 295 280 133 172 99
50 146 230 38 251 149 245 296 192 154 201 294 178 233 56 113 298 217 72 27 272 263 140
19 35 37 45 73 83 244 260 275 230 177 152 138 27 10 187 149 203 262 274 114 19 24 153 1 222 51 137 140
40 84 112 249 292 293 120 57 6 294 192 150 9 96 186 290 27 261 200 50 74 77 213 171 52 157
138 182 183 248 191 225 133 180 98 10 26 13 273 260 6 175 199 130 290 203 135 72 142
94 100 277 298 44 75 191 143 248 203 36 265 214 236 120 267 270 258 281 107 170 121 141 245
127 140 147 198 291 40 285 246 178 269 271 209 273 166 255 279 274 107 19 112 211 98 171 48 160
21 23 118 170 115 42 46 177 72 180 132 187 188 6 239 216 34 293 79 234 86 27
54 147 235 39 41 260 224 139 162 289 209 263 156 103 212 216 120 288 32 271 9 142 284 135 270 13 90 158 27 187 98 139 157 175 95 186 83 288 3 189 284 216 16
20 145 113 257 260 260 246 249 26 290 414 260 249 441 236 100 557 217 141 142 29 150 238 221 177 191 24 174 97 206 69 170 281 232 53 184 159 12 297 117 286 153 197 212
24 88 125 206 271 134 241 22 83 121 136 31 268 192 152 222 50 45 27 65 96 173 290 42 254
178 198 342 242 81 281 20 290 15 199 70 132 141 294 117 152 75 67 244 260 145 277 147
126 251 262 292 93 172 108 187 100 298 123 62 72 243 137 226 127 142 91 44 54 26 31 56
87 157 220 154 28 252 105 179 54 96 253 159 255 228 185 98 153 257 53 49 117 118 150
60 120 271 173 133 281 21 262 260 243 178 24 113 297 8 76 207 246 152 180 242 25 184
79 109 120 214 291 297 228 134 287 127 106 281 99 29 64 218 269 123 57 48 213 289 43 277 131 285
443 765 906 111 185 194 210 251 206 252 150 114 257 118 90 88 105 274 240 97 87 103 232 184 8 133 284 119
271 282 37 200 81 38 199 36 31 81 274 19 224 255 299 109 206 167 0 299 298
27 159 295 266 9 163 276 250 168 137 172 22 80 216 221 290 285 145 79 123 158 94 200
26 94 299 38 24 68 20 241 179 253 155 291 173 2 167 293 8 39 37 34 7 150 83
106 148 137 104 31 30 272 210 217 122 55 52 242 101 289 268 164 105 227 67 232 21
30 283 149 204 232 169 80 194 38 121 269 249 262 8 228 103 41 166 218 92 31 213
163 221 223 264 182 13 83 291 114 64 261 171 24 50 71 247 49 214 155 277 133 60 213 212
52 86 219 61 56 72 122 260 188 299 199 257 60 19 8 97 202 127 196 277 110 186
66 76 127 245 194 2 249 166 132 143 201 118 243 144 265 76 11 242 213 124 93 24 114
10 164 238 275 166 272 293 250 213 139 222 164 92 44 282 264 217 105 35 209 13 226 60 65
79 83 113 156 82 248 262 207 270 65 209 269 196 26 186 30 110 283 116 121 167 113 151 59
283 218 10 38 296 253 66 155 212 136 125 30 294 235 261 93 189 51 195 40 36
259 245 142 284 254 191 295 17 88 47 110 283 240 112 139 24 19 252 7 198 67
37 70 225 237 79 257 270 70 33 259 192 112 223 274 142 165 109 217 266 146 73 278 72 241
48 51 57 87 212 274 119 110 258 20 249 103 37 213 5 6 23 223 280 27 160 38 52 29 163
46 62 186 281 175 296 223 4 251 290 40 126 111 277 5 154 11 133 294 148 61 229 208
123 216 237 148 136 196 123 299 108 191 64 82 263 232 56 24 287 180 273 13 3 184 241
119 221 83 105 283 6 45 286 211 280 119 264 25 226 117 2 37 17 79 270 182 46
45 218 51 274 74 146 101 78 72 90 161 79 47 81 155 194 210 186 42 168 93 59
448 5 43 135 184 16 27 151 274 140 82 121 154 132 71 154 132 152 154 236 61 49 240 84 119 293 233 70 135 240 235 70 22 91 116 72 288 75 227 132 108 183 223 239 76 193 101 96 219
29 235 162 231 64 169 154 164 59 246 299 149 230 144 207 27 171 82 85 210 245 117
47 138 152 152 71 161 118 244 21 203 77 186 242 149 47 258 131 126 237 17 266 194 240
11 116 138 147 164 204 95 36 62 180 152 201 4 41 122 134 123 259 124 15 14 72 173 159 268
83 196 254 120 91 5 24 194 118 26 63 87 72 191 111 89 62 12 299 270 235 187 254
12 169 74 291 79 257 251 261 175 61 18 153 103 53 243 48 63 40 159 115 15 181 190 226 141 224 52 128 235 32 189 40 50 132 205 194 136 239 211 152 76 227
96 123 183 203 48 112 256 248 21 130 247 259 15 50 16 226 49 286 175 186 280 131 291 206
70 115 155 121 106 124 191 24 0 244 64 89 104 71 182 49 126 111 132 286 226 1
200 63 140 275 81 18 255 208 101 216 55 105 278 69 276 79 242 115 264 90 88
144 206 15 167 119 239 25 112 138 95 231 80 176 126 165 293 129 214 228 241 18 133
54 106 153 135 196 130 180 272 243 275 222 72 199 198 59 139 99 190 75 203 138 68 261
161 267 172 132 235 228 90 273 167 114 18 217 250 9 294 198 116 100 183 188 295 146
45 98 141 216 231 283 185 123 228 122 11 7 82 211 67 127 239 37 31 147 15 245 136 189 125 65
143 181 111 96 293 76 47 236 298 186 295 286 157 22 119 159 198 267 12 136 8 39
88 282 97 70 98 267 73 274 223 170 260 22 269 62 100 116 155 41 286 230 164 210
157 178 171 201 135 270 268 170 187 113 242 0 194 128 259 166 178 146 275 103 51 15
142 204 269 51 218 53 247 94 87 116 1 71 271 279 47 10 209 60 183 0 107 254
33 138 240 273 291 49 161 179 294 67 255 166 107 242 214 290 200 62 91 47 10 87 268 54 276
27 83 98 230 248 180 138 157 238 238 280 180 115 180 280 109 149 255 14 0 299 167 249 298 264
141 166 236 222 289 211 238 14 128 53 31 168 296 108 28 177 292 81 214 217 150 143
19 97 263 270 226 218 109 207 250 279 165 37 167 125 119 179 227 140 6 85 4 26 170
119 130 127 78 101 71 46 257 284 96 52 268 211 36 264 157 183 194 204 105 208
5 113 129 299 45 184 17 212 132 11 79 40 288 16 238 127 106 154 293 195 221 235 86
18 174 265 169 40 141 53 3 142 143 54 145 22 243 129 43 125 37 218 209 110 128 279
43 263 290 124 18 196 136 42 111 17 81 174 13 280 296 256 190 135 22 33 146 6 156
65 261 100 79 70 157 257 22 178 173 81 237 195 125 210 261 293 5 45 37 110 58
284 298 180 291 169 183 209 137 179 36 182 90 64 250 152 138 197 172 62 216 168 75
26 73 88 244 61 23 148 97 53 91 149 247 104 181 197 272 59 177 264 256 24 235 227 194
28 68 152 183 32 46 116 270 243 179 29 7 118 254 83 261 25 76 55 276 82 274
177 244 271 258 139 264 125 232 235 73 99 100 266 34 81 11 288 166 45 158 116 77 226
151 249 297 98 172 72 279 111 183 25 287 156 180 17 146 154 75 298 169 282 102 53 255
62 199 223 124 18 68 247 263 93 53 242 4 261 292 82 241 113 229 96 19 150 134
75 124 150 152 106 126 225 151 283 248 34 90 198 296 101 239 160 10 298 87 182 271 124 148
72 145 148 186 273 140 12 170 202 220 149 118 25 211 212 216 243 184 231 132 290 183 292 101
97 233 12 245 138 125 272 138 5 62 138 151 244 63 299 167 255 109 209 299 0 249
77 230 234 283 76 79 236 108 240 155 57 121 114 111 61 104 65 217 293 46 144 41 185 6
60 150 209 229 322 270 189 0 143 99 160 152 199 258 281 110 237 227 255 68 135 131 105 197 49
443 1 13 31 184 226 52 230 46 28 228 71 257 266 78 169 176 114 269 22 14 76 115 172 250 159
33 127 250 274 201 197 167 18 86 294 183 173 229 241 3 60 207 24 25 14 53 99 17 198
114 177 182 223 265 78 241 70 294 41 23 101 36 120 39 231 260 99 34 200 240 228 11 202 269
195 286 83 138 264 73 49 106 43 37 65 232 78 241 61 137 6 163 142 184 227
255 261 66 138 228 156 185 137 245 235 123 29 187 249 213 179 40 19 151 72 290 97
63 81 54 187 84 227 216 297 160 217 148 284 17 91 79 190 169 108 52 68 74 230
129 143 221 274 3 176 189 24 246 152 52 225 173 267 72 55 47 296 139 34 64 94
45 91 236 243 254 165 224 39 296 294 83 156 259 200 214 64 4 62 264 190 234 283 297 90
2 156 172 256 56 49 82 38 261 80 113 179 241 5 138 24 239 243 271 291 235 216 25 236
46 114 117 137 166 178 214 11 104 104 290 206 104 741 11 6 233 226 240 221 124 175 942 293 61 119 154 159 87 255 102 6 81 287 95 165 289 43 277 34 132 182 13 269 134 192 103
79 80 100 203 217 224 169 225 140 252 144 148 273 15 38 172 107 204 199 236 6 264 3 47 163 29
47 204 218 294 72 12 88 251 84 258 287 151 145 187 194 123 165 22 119 247 291 138 30 284
12 22 161 257 234 279 104 290 297 11 470 297 11 290 264 293 135 61 48 233 315 226 6 119 221 240 182 90 245 82 294 166 43 34 251 24 64 180 247 214 60 135 149 222 186 127
4 20 26 87 165 176 227 263 1 267 87 32 299 252 264 228 208 48 65 55 33 124 123 287 45
194 211 170 116 290 257 294 151 0 265 61 150 14 237 111 292 200 214 256 229 174
48 74 143 145 221 238 188 157 268 12 71 17 204 289 159 123 252 133 262 60 10 74 225 265 246
0 34 83 162 216 186 67 242 287 274 282 275 72 111 270 0 285 33 153 32 169 266 183 209
90 183 213 227 270 286 195 231 157 75 104 278 137 122 2 210 180 56 240 188 254 163 246 96 219
37 252 282 63 219 19 293 226 114 266 206 27 204 223 234 131 267 173 99 162 14 278 238
94 95 136 256 45 103 32 68 289 70 143 111 158 182 230 18 35 4 137 5 250 225 222
139 276 197 271 193 46 35 257 183 37 187 36 77 221 86 223 93 137 140 278 294
117 163 238 250 162 247 26 256 252 224 4 127 62 269 103 240 288 89 68 154 217 236 173
112 157 207 245 190 70 196 125 204 182 98 214 19 200 126 162 119 288 177 194 188 13
82 147 246 32 151 273 101 292 141 264 2 279 77 226 6 212 139 33 135 111 105
111 270 153 137 145 294 293 136 200 290 61 83 216 166 124 30 62 64 117 92 213
177 210 230 263 238 266 204 258 126 111 47 98 92 216 74 256 250 294 187 45 203 221 223 144
38 106 169 254 280 191 75 162 79 136 201 166 43 175 22 108 286 212 101 299 98 151 56 178 149
942 950 238 134 112 157 236 12 100 253 290 212 49 79 117 172 165 35 225 288 208 171 26
102 195 101 147 99 0 148 45 157 194 203 254 275 243 298 281 192 127 230 105 184 219
142 152 242 215 236 92 231 72 44 175 4 143 24 16 159 57 279 3 93 249 194 172
98 166 294 245 34 134 12 155 291 290 177 224 147 266 175 68 74 209 174 170 293 162 6
30 165 246 256 107 171 10 191 219 14 106 41 68 216 229 31 200 163 16 295 152 86 44 269
64 118 217 236 248 61 218 238 265 144 189 290 120 2 146 297 176 267 68 269 251 280 195 215 253
51 117 163 165 82 96 42 223 224 235 121 133 35 120 184 267 226 200 100 25 210 1 170 260
443 94 149 191 263 288 8 100 222 250 71 269 232 258 123 89 166 151 34 275 91 9 253 213
84 267 144 160 135 245 185 7 61 181 214 125 208 262 212 96 271 251 90 17 175 241
906 59 223 245 261 107 137 74 207 5 35 12 183 1 214 285 269 211 170 216 90 55 155 291
906 63 125 141 210 251 281 24 31 294 228 293 33 39 34 246 105 51 189 209 206 11 49 263 211 254 207
906 222 297 135 277 183 16 118 220 109 105 192 26 254 99 54 87 163 241 21 160 140 195
82 139 165 199 21 15 12 109 230 294 129 243 35 11 39 30 46 24 299 22 261 218 256 200
906 56 112 185 293 221 36 158 68 127 41 62 159 281 184 254 209 285 169 35 222 94 179 60 101
906 30 143 202 204 11 47 215 294 285 65 87 42 286 175 67 133 90 131 251 85 269 189 51 58
69 207 208 172 75 127 244 38 7 284 32 107 1 45 259 72 88 199 29 179 230 250 98
17 38 51 106 241 293 225 8 930 81 225 128 2 128 165 55 51 386 198 158 613 69 784 414 112 162 180 137 268 235 40 153 102 269 20 48 190 179 236 240 289 129 189 217 86 228
56 74 266 51 33 223 203 44 229 99 169 19 17 276 21 68 116 74 264 260 65 202 97
899 158 246 247 293 48 143 183 117 237 219 136 162 57 180 37 171 103 198 275 155 277
204 271 85 143 83 211 117 110 62 188 263 194 37 235 53 245 172 159 84 202 273
1 71 113 142 221 286 192 49 218 135 214 4 191 0 63 215 116 260 293 280 193 105 239 254 115
9 10 28 217 296 243 54 23 104 121 175 199 109 21 248 96 231 61 69 242 68 4 65 142
141 283 39 249 58 201 231 112 209 134 255 117 150 223 173 125 114 270 47 200 10 11
906 37 49 215 158 12 260 139 259 246 181 294 188 268 298 224 164 161 78 187 296 137 79
161 210 188 69 258 123 213 25 205 61 247 37 251 68 124 204 181 229 235 35 50
171 233 22 268 224 255 128 93 138 143 27 215 126 267 246 87 112 69 83 59 219 279
68 200 255 268 226 206 218 266 257 144 26 28 60 267 186 82 128 94 148 2 98 212 180
123 55 225 117 278 228 0 7 36 174 284 132 156 250 244 70 12 209 246 288 119
188 256 145 13 256 249 86 139 252 28 144 140 247 198 293 266 35 92 9 272 298 241
31 107 238 211 161 250 218 43 199 136 141 81 170 13 15 109 149 68 94 266 206 224 235
94 103 128 212 106 13 216 118 68 104 280 63 163 70 121 197 29 81 55 135 44 25 67 232
130 148 151 222 203 2 28 201 123 270 171 249 170 285 194 33 52 92 127 156 169
12 193 197 264 31 34 33 279 153 10 199 121 258 8 87 211 166 133 229 185 276 245 62 265
522 906 63 195 218 242 244 257 178 182 78 70 186 62 161 38 110 184 203 24 20 150 45 214 174
183 0 5 224 162 51 113 214 126 53 257 252 71 76 141 125 92 142 242 74 190
37 89 92 198 285 2 140 221 185 463 185 185 258 258 485 117 830 49 830 84 293 124 48 264 175 393 61 221 222 150 297 203 74 190 177 52 164 142 205 53 247 10 113 35 249 254 172 96
443 914 133 139 177 32 216 114 160 258 195 12 130 141 253 224 138 46 266 14 163 235 271 61 157
70 295 297 224 11 291 207 106 198 125 238 213 220 158 276 190 155 44 159 93 104 192 65
443 182 255 67 86 101 22 274 65 228 66 56 140 118 204 87 88 239 247 220 276 18 260
95 114 141 215 216 295 172 182 103 189 103 189 414 628 189 451 283 451 193 233 315 240 830 830 154 61 209 393
443 89 109 175 266 186 799 70 442 111 239 186 149 127 142 557 441 161 794 698 74 155 192 221 318 78 206 157 1 149 269 136 68 228 92 244 54 299 174 29 166 94 194 202 235
23 92 98 171 142 56 122 154 6 41 10 211 183 249 27 76 161 113 144 162 42 89 2 85
100 103 111 197 229 247 118 93 166 246 184 185 155 94 192 258 250 19 172 272 287 97 271 213 177 165
42 199 282 203 104 226 42 266 144 30 192 283 231 193 56 292 177 172 15 290 103 288 278
33 37 71 116 816 47 167 253 334 240 322 799 719 719 176 799 719 219 698 221 217 794 238 141 557 441 192 30 236 183 66 233 175 40 274 76 271 161 165 269 245 279 24 27 267 150 273 171 138
