122 226 561 608 896 906 188 216 543 881 277 718 533 463 513 758 743 135 300 346 70 648 688 197 651 401 357 921
852 0 72 178 205 213 292 607 9 176 82 262 96 25 192 195 77 191 59 130 103 202 168 179 283 128 201 268
53 441 9 125 182 182 131 131 295 89 104 40 6 6 194 311 255 184 64 131 66 99
87 385 205 205 91 91 91 91 243 252 252 29 143 145 53 124 255 190 42 46 556 893
167 171 644 11 17 48 272 266 62 62 243 266 214 106 281 292 128 202 111 129 62 148 106 231 285 216 484 10 272 33 278 121 91 291 60 36 162 289 232 227 184 276 148 205 241 99 155
272 295 277 109 156 112 278 44 138 82 229 55 104 184 236 60 151 286 269 20 100
186 280 281 121 161 67 158 280 90 277 265 251 140 169 35 29 129 269 173 179 10 24
168 189 219 262 294 247 116 123 258 4 68 204 100 10 268 122 267 83 55 2 264 195
91 224 140 218 297 55 64 18 121 122 49 163 120 6 33 290 247 68 134 202 239 11 232 201 240 105 280 274 137 148 81 170 7 214 254 40 284 175 65 202 196 86
36 46 124 252 20 116 87 267 230 26 109 123 69 163 30 260 117 190 47 254 95 243 280 253
173 177 231 49 140 218 220 291 275 287 41 195 143 120 69 234 22 13 448 265 115 53 99 134 298 285 131 484 106 172 182 93 130 200 69 84 187 234 194 285 252 141 185 204 238 270 112 13
28 117 11 131 44 178 29 118 213 155 232 218 100 51 296 34 11 54 46 269 228 102
56 247 252 185 197 135 40 230 156 79 47 56 259 53 32 225 181 221 54 110 102 244 28
86 158 76 61 125 105 238 233 103 208 153 73 118 220 127 141 178 129 20 23 244 117
928 156 209 106 259 121 263 250 53 251 80 118 8 227 186 164 50 298 59 213 290
72 185 285 298 247 70 228 265 136 271 165 292 281 174 190 231 47 230 55 29 48 194 113
85 182 261 290 294 51 193 125 64 72 226 246 3 178 220 183 259 42 242 50 85 24 277 296 136
258 295 173 260 173 295 19 19 295 269 535 704 102 513 202 298 210 140 593 22 905
718 175 151 88 180 34 0 113 123 2 147 37 128 268 1 210 279 74 15 29 202
145 253 185 162 274 73 88 187 152 269 248 288 9 6 32 173 52 283 131 240 264 273
63 266 276 247 122 57 62 81 3 244 88 221 8 0 55 174 275 237 140 272 38
81 179 65 117 119 130 166 215 245 19 222 113 28 165 121 139 67 181 257 1 205 76
928 83 274 104 296 211 155 207 148 80 57 238 78 262 60 142 299 70 280 15 266 246
41 248 322 110 258 529 715 368 376 728 795 620 797 972 92 726 121 809 378 442 278 186 112 658 386
148 821 411 889 659 400 873 876 612 130 473 823 602 963 248 444 241 544 234 566 825
959 971 94 56 673 228 738 386 673 207 738 726 595 433 404 159 56 726 101 673 819 143 143
237 11 77 295 722 740 971 167 139 478 781 971 880 163 227 167 303 295 887 62 891 282 887 111 195 109 192 26 245 168 172 260 102 236 83 294 194 18 223 127 62 126 163
27 30 225 249 1 601 13 840 205 928 187 12 74 161 91 541 97 202 133 187 229 615
5 14 126 98 210 257 284 212 141 143 6 153 125 109 162 193 136 51 15 267 92 266 203
66 76 141 167 200 39 209 228 20 110 82 198 107 224 91 277 230 141 288 164 78 59 41 135 295
42 90 224 295 223 165 41 95 120 170 158 228 218 115 245 128 295 287 47 250 172 151 271 212
101 138 404 262 95 86 247 62 231 133 32 56 243 275 239 218 175 186 190 154 109 2 282
23 85 194 242 252 35 185 257 298 87 225 14 190 0 122 229 281 79 193 74 203 247 136 143
62 104 161 274 298 2 11 156 92 221 142 206 197 212 291 96 193 220 161 268 250 215 237 168 198
943 65 105 175 109 224 286 110 71 276 241 70 129 74 155 132 273 237 209 53 10 229 88 252
971 265 74 210 6 121 263 59 28 64 292 228 112 274 109 16 51 108 0 246 236 7
72 84 148 164 236 282 85 128 51 148 66 270 44 252 186 221 226 21 43 230 13 180 238 190 107 278
68 122 149 91 245 268 179 225 118 128 99 20 214 14 27 31 10 263 228 147 102 129 84
18 98 255 288 295 249 125 171 272 274 105 263 246 18 207 10 77 85 138 258 266 170 290
0 27 174 206 129 120 202 178 45 277 140 190 288 226 294 228 130 17 215 21 155 239 297 54 131 233 219 164 126 184 20 260 72 56 63 167 31 54 262 272 43 190 210 55
60 113 505 272 61 132 294 65 219 142 30 155 232 251 87 210 292 104 203 112 36 72 9
142 179 455 36 12 263 280 82 201 219 174 242 169 155 37 146 227 52 45 152 48 68 267
92 135 191 205 97 244 30 227 212 228 182 230 187 183 93 27 80 238 218 288 158 42 169 87
971 23 24 40 60 107 175 206 131 102 97 149 26 133 206 199 148 296 192 37 151 232 220 71 226 282 21 286
91 130 173 186 194 218 199 215 267 284 118 56 129 118 160 41 229 113 133 133 97 868 219 47 232 774 25 120 694 264 109 51 186 171 284 102 112 265 218 181 209 252 59 195 120 150 0 206 200 41
93 149 273 261 40 19 91 217 223 278 243 3 248 37 218 127 76 202 235 8 181 285 60
113 171 267 3 32 212 59 201 114 21 284 154 152 127 257 6 266 25 287 148 26 233 223
168 171 63 242 274 187 142 29 157 298 46 46 58 29 214 25 230 232 120 97 177 738 269 164 774 281 195 199 15 130 97 218 286 41 7 109 117 282 241 274 72 208 260 27 229
46 171 183 276 505 253 17 215 238 131 234 122 147 179 14 212 282 252 85 120 127 79 272 105 176
40 209 252 157 0 205 201 211 239 114 122 87 58 23 214 207 257 6 145 191 91 273 263
34 105 112 113 122 218 245 139 242 156 5 247 66 137 197 10 84 104 143 69 141 28 202 63 245 188 39
175 214 255 256 278 287 154 132 87 155 43 127 212 162 198 201 225 254 129 251 156 208 233 31 157
80 130 148 162 166 219 165 31 282 279 39 195 211 118 21 252 94 32 263 139 120 217 58 148 107 7
41 124 32 192 19 15 86 184 48 56 107 127 249 46 144 150 74 166 215 189 123 239
188 233 146 147 162 79 153 172 194 150 167 25 240 268 201 267 5 159 149 117 81 222
4 20 183 299 248 156 258 205 165 212 213 274 113 295 155 120 97 211 172 202 168 138 279 280
976 218 15 87 275 152 194 66 263 76 273 123 290 252 183 204 27 34 215 42 286
137 206 124 260 254 180 214 218 217 271 273 43 97 56 45 89 60 236 175 0 131 89 265 166 208 182 83 51 259 212 26 150 218 131 94 204 149 215 186 47 141
221 18 152 56 45 76 167 40 193 166 282 54 77 288 158 156 168 153 202 237 194 55 228 14 170 51 68 299 70 232 239 156 218 192 135 164 167 213 47 255 172
108 176 263 158 78 194 204 179 206 114 84 187 118 288 250 65 298 236 147 292 83 41 168
49 239 971 0 16 236 274 57 271 164 281 20 273 20 257 20 66 103 78 294 637 63 43 110 46 65 150 175 168 87 271 132 104 11 143 141 261 96 195 210 284 57 108 61 221 53 252
99 118 165 20 209 47 254 2 80 38 29 247 175 50 34 230 231 199 162 187 133 64
18 65 89 99 100 50 49 92 172 41 187 2 112 27 35 207 20 252 289 72 126 117 186 130 53 133 118 291 194 255 281 115 243 71 173 296 258 180 164 198 96 79 235 151 152
943 30 147 173 188 146 11 255 17 271 142 197 290 171 113 266 40 285 205 70 135 248 129 190 182
200 132 269 164 269 269 221 120 85 221 85 860 66 150 78 165 236 637 103 65 294 110 71 158 221 178 85 104 37 31 20 289 149 163 266 142 294 79 263 233 41 211
85 107 127 211 219 282 249 189 83 290 136 62 98 65 275 0 87 85 195 63 134 123 16 27 220 200
26 116 286 228 200 153 157 26 293 172 128 94 211 114 249 182 188 95 80 241 204 274 131
8 144 48 146 38 81 204 86 30 242 188 84 295 217 107 21 25 280 206 218 287 72
76 145 281 292 250 297 9 214 14 43 128 223 123 163 286 0 17 178 170 130 143 261 259
100 133 162 164 274 186 175 120 285 148 121 41 170 114 259 13 289 90 271 88 14 182 227
1 5 77 269 121 125 91 101 53 85 260 142 129 207 104 266 126 268 113 178 10 54 163 157
151 212 251 216 42 68 274 122 229 134 64 10 224 129 27 195 17 292 200 273 9 291 161
87 170 194 254 943 25 76 112 283 137 37 149 37 92 149 254 254 271 92 88 817 173 129 272 974 288 20 887 978 37 191 51 124 178 132 256 155 42 212 123 158 245 225 265 30 193 262 64 250
114 134 146 158 169 245 79 223 140 235 22 214 139 273 67 186 142 252 88 24 63 98 82 69 70
69 181 286 23 73 268 223 271 54 720 54 135 54 38 720 193 88 288 887 187 129 272 817 3 7 160 154 272 167 293 135 295 179 294 18 57 52 199 222 64 16 101 158 49 81 259
73 77 86 89 103 147 184 222 259 122 18 129 123 100 71 182 69 116 204 36 276 158 38 8 49 104 188
215 89 64 284 252 292 52 267 286 134 165 263 294 70 288 93 133 116 79 216 212
213 183 193 210 157 177 248 101 46 148 36 215 209 199 154 277 170 237 125 230 232
142 240 244 295 455 150 51 75 124 122 107 76 254 9 117 47 11 290 142 210 251 26 287 68 154
204 209 155 225 295 131 64 247 196 175 273 161 218 149 94 136 49 130 85 111 21 195
117 137 219 130 177 97 209 72 271 136 232 150 233 118 122 244 103 275 179 137 138 25 267
111 204 207 214 161 102 244 27 186 163 123 110 260 239 205 85 289 288 48 39 281 230
0 24 55 166 93 151 209 81 71 180 256 299 107 87 224 215 203 187 99 258 176 122 54 257
8 19 43 88 217 227 102 28 246 79 63 271 34 169 99 229 268 42 20 136 68 95 100 177
164 223 108 150 26 164 79 113 153 27 20 169 223 15 228 92 293 227 134 179 132 120
971 191 55 127 248 171 109 279 217 252 70 256 12 159 209 216 110 291 64 134 280 195 242 246 99 113 250 262 148 230 57 253 27 158 11 33 23 286 257 153 161
53 175 250 95 71 257 29 185 154 201 184 293 47 224 236 264 148 173 70 130 77 204 61
928 5 67 154 185 147 15 10 112 45 214 150 200 285 183 294 128 70 278 101 64 120 114 238 268
224 258 271 276 224 170 177 95 73 44 180 4 10 234 33 227 143 284 267 189 239 277 253
122 149 294 7 157 187 235 17 195 47 121 4 263 278 175 241 210 146 39 137 199 145
151 277 505 607 67 146 77 5 151 244 32 169 234 251 181 180 266 258 230 243 132 212 232 25
87 233 245 294 177 262 179 147 288 86 161 125 249 280 264 95 44 89 175 171 67 54
154 192 245 295 14 185 51 250 257 173 9 45 296 264 153 200 119 125 43 66 288 243 148 59
14 237 132 150 176 214 67 186 73 165 202 258 265 35 186 247 119 103 161 78 43 110 63 280 84 66 258 159 253 2 6 292 197 169 100 294 87 42 64 131 232 26 184 263 237 96
23 42 133 140 242 505 57 52 95 60 161 53 203 253 221 192 189 193 209 261 154 238 138 93 269 284
10 92 97 195 211 269 505 637 213 120 89 241 75 162 283 155 132 258 228 102 145 235 10 163 218 31 16 296
84 164 219 279 102 212 202 290 175 449 211 196 24 290 714 294 110 78 103 84 119 161 150 280 46 860 34 38 3 289 56 105 87 153 260 30 64 23 181 117 209 57 79 239 11 27
7 100 104 156 285 103 176 67 265 34 271 90 140 249 2 263 79 55 64 181 6 161 88 199
55 171 191 149 155 92 295 257 269 244 167 22 50 79 180 231 236 81 219 114 191 225 137
45 80 158 225 642 185 62 129 90 77 172 133 24 268 81 202 140 216 53 162 170 42 102 61 89
35 133 179 242 108 159 103 126 4 128 299 207 172 176 11 273 282 288 191 181 237 250 114 296
137 184 299 24 178 233 271 238 178 129 299 299 271 73 56 180 262 36 58 110 904 277 117 225 94 237 38 53 293 127 25 86 97 126 90 239 14 201 250 18 54 280 227 51
943 109 185 206 449 112 281 81 156 286 274 41 180 44 42 134 248 27 132 153 228 209 142 97 121
193 81 283 615 67 28 172 208 208 172 67 6 197 196 67 249 174 132 984 23 24 278 246 172 119 293 91 39 100 158 157 61 248 232 69 83 177 226 41 113 34 276 7 268
180 73 239 289 172 49 183 225 277 53 284 85 94 243 227 248 111 6 165 240 233
64 277 60 264 166 63 110 33 147 153 208 276 250 22 232 160 67 107 229 111 182 133
38 60 90 42 73 125 267 112 82 174 137 66 33 0 36 105 89 72 78 70 56 260 198
90 226 240 19 100 202 295 161 146 204 224 204 140 235 88 21 73 575 277 703 58 36 225 139 153 82 199 243 120 8 42 185 291 29 257 133 269 164 126 129 13 155 27 279 33 45 44 230 232 81 23 166 287 296 1 263 258 184 121 178 4 197 153
1 220 269 277 95 270 274 276 171 178 178 178 178 87 276 46 304 34 66 120 47 97 164 177 232 219 230 93 227 63 288 105 252 0 259 14 86 240 167 15 54 297 2 70 1 103 147
124 201 210 163 289 291 36 20 155 15 39 21 52 129 296 140 1 254 174 299 290 119
39 105 206 218 270 101 168 262 59 43 68 105 89 218 28 123 7 156 93 87 17 253 57 2 154
63 151 165 642 35 43 274 201 247 136 103 131 200 265 152 162 40 25 60 221 0 114 254 292
943 128 219 280 156 289 213 263 766 81 213 226 766 213 230 694 264 304 97 219 269 264 34 66 774 47 108 119 32 71 218 241 122 185 294 260 287 124 21 165 255 291 194 285 125 204
200 283 607 169 186 284 145 128 77 129 262 296 64 160 141 139 110 5 261 19 152 111 197
31 166 259 187 61 163 61 163 187 44 113 163 7 242 32 132 766 148 239 4 225 29 74
208 106 218 160 207 58 35 134 90 142 248 220 71 268 57 166 239 76 202 152 31
7 16 45 99 210 75 199 243 64 224 220 136 122 164 79 50 186 97 83 269 32 230 204 128 195
92 246 637 127 285 256 84 131 248 79 90 102 263 67 175 155 249 163 44 267 29 255 179
4 48 71 101 287 148 201 155 78 290 109 10 287 41 156 240 210 277 178 28 76 96 238 50 75
73 258 285 137 167 199 177 182 26 268 150 198 193 195 280 259 249 125 274 10 171 41 66
30 35 109 209 246 162 99 86 148 101 108 50 207 6 62 44 225 106 241 238 246 280 191 104 186
44 143 211 258 278 222 81 272 83 299 165 97 207 258 15 189 94 117 33 297 196 133 30 267 147
943 92 155 168 225 239 287 160 65 167 11 82 273 256 240 14 97 155 113 112 36 28 270 67 220 233
26 82 146 275 245 50 238 76 248 116 85 232 52 288 144 131 196 290 299 204 96 168 226
140 270 152 182 214 200 280 53 63 33 202 103 282 213 245 146 296 247 210 32 196
19 50 57 179 244 284 232 222 64 225 59 65 272 45 1 244 74 288 133 266 147 123 5 127 196
13 131 270 287 296 582 33 197 269 282 101 132 134 114 17 270 13 299 131 252 290 220 147 231 263 121
27 245 81 75 210 61 15 232 139 152 93 205 286 177 208 69 244 82 179 16 146 151
29 187 275 210 223 150 266 21 65 18 256 88 233 169 187 39 197 206 120 106 84 230 44
10 27 48 210 264 288 339 267 196 119 211 52 180 80 38 172 49 105 81 263 293 170 207 206 55 85 284
63 144 247 271 218 73 280 116 162 47 90 104 52 278 28 121 17 149 115 285 247 83 194
162 269 582 201 181 209 227 131 178 125 292 247 274 104 273 83 25 286 297 142 298 275 261
99 216 280 290 293 107 40 40 710 107 239 219 87 87 162 219 132 280 251 987 216 393 491 41 403
97 125 161 40 891 162 209 710 891 740 162 825 725 80 170 112 216 131 105 280 168 7 154
971 263 229 30 4 9 81 212 18 113 203 74 144 167 47 236 277 158 61 39 1 52
27 143 270 221 198 270 189 156 51 62 108 69 11 137 6 30 43 81 45 17 0 21 251
127 278 262 168 69 288 7 182 24 197 102 257 263 275 60 255 42 9 126 267 99 4
185 233 256 279 570 642 182 6 226 217 120 71 286 173 227 240 185 205 184 88 58 203 98 22 34 228
23 28 197 48 97 222 267 18 261 222 100 21 33 65 43 243 294 78 150 119 63 66 103 161 860
32 57 283 285 637 642 354 853 279 302 853 201 22 47 269 232 66 264 223 868 34 150 773 304 694 219 286 173 89 160 15 171 73 12 226 259 11 61 188 272 0 13 45 25 246 225
32 167 294 299 40 198 250 170 132 212 215 208 56 177 247 49 134 220 160 236 264 253 290 88
38 107 175 134 131 90 6 200 284 298 260 21 221 96 152 26 164 24 110 3 220 91 180
87 143 159 169 270 117 123 242 57 2 100 38 285 189 164 97 43 195 150 191 155 233 247 75 241 117 236 257 40 193 131 3 209 208 273 160 69 297 293 94 30 77 250 274
31 38 291 455 231 43 244 264 287 59 107 73 20 259 289 52 7 0 168 227 116 257 89 2
11 75 261 220 243 117 115 64 221 272 26 222 213 102 204 141 161 205 269 169 253 262 164
215 265 284 285 69 68 10 119 70 180 262 230 100 58 95 37 127 3 21 125 146 128 258
23 102 133 223 235 260 286 115 245 68 234 268 119 159 81 267 139 189 257 228 65 18 134 275 53 74 297
99 290 182 169 274 66 65 201 170 209 235 211 262 194 49 42 82 276 61 285 54 30
64 179 194 210 267 46 112 239 88 99 296 25 166 177 136 167 146 74 89 149 234 151 14 285 138
971 19 130 174 16 260 85 33 248 292 255 267 170 290 295 289 263 185 171 258 96 132
56 70 231 284 215 23 8 166 82 3 42 78 249 49 230 145 184 265 162 54 77 113 24 261
5 190 86 61 794 33 671 196 671 136 196 302 671 22 154 62 60 93 132 83 903 210
65 142 274 31 280 191 164 151 242 72 86 251 240 96 105 99 122 225 47 134 25 295 192
151 159 637 229 225 210 289 58 3 169 46 148 188 222 230 206 137 94 152 112 39 85 160
19 67 219 637 194 139 174 212 4 36 33 252 113 132 21 15 103 6 10 77 279 124 5 141
10 21 108 505 215 273 185 289 193 21 271 270 245 127 190 14 243 143 263 146 212 45 186 153
291 145 206 157 161 149 58 42 246 115 254 34 3 236 129 89 168 199 226 47 162
64 285 27 126 219 32 231 121 107 93 123 55 11 24 172 80 132 174 240 241 67
14 121 129 137 144 170 353 46 296 110 176 39 119 20 230 183 199 102 260 259 190 187 159 175 137 62 231
9 181 187 971 127 239 239 759 127 139 239 170 154 435 277 262 703 235 21 904 36 109 180 225 575 177 271 33 170 55 10 16 218 79 167 96 248 132 77 26 75 138 161 147 215
3 37 72 107 288 229 90 30 238 143 298 224 162 194 212 199 233 269 6 220 153 231 95
104 228 232 244 251 35 77 176 150 253 162 261 190 32 145 57 174 246 152 134 281 118
45 68 204 250 274 18 127 214 172 191 64 244 276 83 177 285 185 189 104 32 194 264 41 167 294
867 971 12 29 212 233 269 31 17 57 197 42 286 4 196 139 189 96 238 3 148 234 222 20 154 273 132
3 11 59 108 124 129 217 515 62 62 472 266 232 62 288 52 52 62 272 271 56 17 202 37 204 361 112 152
283 582 184 120 95 52 206 181 109 115 144 164 290 26 29 264 269 252 17 27 32 267
943 93 140 173 206 275 281 18 22 229 237 155 174 179 158 33 155 197 145 158 129 7 114 219 272 764 288 3 129 974 76 196 206 159 34 48 38 272 161 45 65 177 54 10 156 184 260 104 158 85
971 291 240 97 274 23 277 82 227 251 25 28 116 75 154 170 105 149 233 271 252 235
867 971 70 265 29 111 184 245 288 323 868 284 213 286 286 246 180 825 701 202 691 154 112 770 691 109 716 47 156
14 253 231 235 124 455 140 124 143 143 140 455 124 58 225 759 59 180 262 235 117 153 34 208 140 148 266 185 42 41 278 188 94 163 31 113 75 4 151 11 234
75 158 222 248 174 258 10 144 189 63 251 87 221 198 211 129 219 222 59 115 93 265 125
262 207 62 102 261 35 219 214 71 288 187 83 104 174 65 77 247 47 75 32 59
58 114 229 285 100 291 202 100 54 202 30 501 185 246 181 11 296 246 139 241 106 132
59 60 114 213 101 155 216 32 58 38 162 127 95 81 76 181 213 291 126 205 251 275 54 279
87 266 294 202 108 36 235 26 284 244 200 231 100 71 45 135 86 278 34 272 290 90
117 168 238 239 140 51 82 79 30 36 112 10 60 232 202 190 77 234 108 212 104 14 28
78 89 140 224 286 49 259 222 146 178 113 155 288 208 37 202 2 105 175 219 292 165 116 137 237 293 266 224 128 0 237 218 175 18 120 105 232 92 273 294 1 24 284 102 269 297 233 292 97 1 19 36 151 235 214 47 126 81 30 114 164 258 215 135 25
218 226 239 253 183 210 293 84 267 77 192 56 99 106 142 31 40 263 46 89 116 227 72 135
188 192 259 146 6 126 202 291 236 1 5 42 56 234 130 245 274 183 294 47 10 44 166
52 616 123 154 169 238 86 115 278 274 13 48 244 24 264 296 297 61 245 232 82 253
8 299 152 194 118 141 247 188 100 205 123 175 28 33 7 222 94 282 201 209 268
14 33 175 642 210 109 252 219 157 181 6 43 83 170 145 46 101 100 35 77 192 251 16 79
49 59 70 83 254 7 129 175 177 284 295 364 215 62 691 62 215 62 286 62 11 887 288 272 129 7 764 978 272 887 517 219 271 147 176 236 215 282 211 257 192 41 61 45 141 98 16 201 103 286 76 123
103 108 143 176 183 204 111 87 22 46 36 138 236 223 181 124 94 28 252 174 237 35 7 108 264 229
2 189 233 54 212 290 241 257 172 176 105 268 70 10 84 231 214 138 33 242 209 41 22
77 86 45 246 190 166 241 178 16 157 1 244 219 58 102 225 253 177 286 49 32 121
112 135 4 84 18 36 56 162 211 284 270 256 201 258 235 227 32 268 196 259 172 92
111 258 275 196 54 201 59 10 13 35 31 170 296 164 160 192 207 46 102 115 193 290 104
255 269 37 28 259 272 10 175 227 109 19 222 294 185 285 181 64 55 182 233 173 141 184 228 180 205 278 3 292 194 51 41 293 203 259 96 177 175 56 103 109 25
15 116 297 266 98 137 89 162 115 214 117 176 91 295 200 296 104 111 283 192 250 224 114
13 62 130 637 206 22 175 196 36 160 140 176 185 283 287 0 213 275 76 298 106 208 170 136
136 152 290 298 34 203 152 250 175 119 52 188 268 187 130 146 242 265 54 140 189 214 31 66
241 73 99 230 249 281 214 169 28 288 168 292 218 299 207 251 289 172 142 195 74 124 201 51
735 43 88 143 276 316 230 316 316 283 105 316 231 146 196 311 585 234 364 866 404 353 187 894 252
46 47 146 262 77 145 260 226 67 158 17 155 193 130 298 49 138 251 280 105 107 278 203 37
901 918 62 92 202 232 236 373 60 88 272 109 112 257 267 195 65 101 250 202 39 185 237 130 170 213 73 271
17 111 160 171 72 265 151 120 214 93 156 45 40 175 126 9 160 35 38 296 252 234 298
248 174 75 148 129 96 177 185 283 285 147 207 25 6 40 52 93 220 8 254 109
42 67 233 69 176 69 53 136 74 136 76 176 129 139 487 294 151 660 242 897 395 897 69 71 286 69 292 116 55 177 240 220 235 243 63 213 266 95 249 15 1 265 60
171 384 135 31 0 221 272 105 195 27 92 229 162 5 279 276 209 102 133 255 181 249
165 175 258 384 127 223 29 15 65 261 132 288 228 147 77 286 104 294 242 55 183 48 206 231
1 4 119 60 184 106 103 292 193 196 198 25 35 16 122 81 101 203 46 69 249 34 265
131 228 247 126 97 31 254 151 150 116 76 80 230 55 224 65 166 119 299 14 257 9
91 165 251 256 221 25 198 164 160 39 31 4 139 96 180 112 181 26 49 193 20 111 152 131
45 186 277 72 152 157 73 184 77 121 291 142 168 74 210 233 156 248 79 127 252 70
73 130 135 233 296 134 272 193 295 291 13 287 35 76 271 290 11 55 175 168 14 292 186 1 10
46 105 188 286 21 31 81 123 84 8 99 194 74 176 97 174 90 267 23 130 124 214 170 17
40 43 64 104 206 42 7 149 58 159 148 76 80 2 3 199 295 222 262 109 98 102 121 261 229
19 28 105 68 79 64 224 4 30 86 47 133 163 110 100 189 40 25 208 97 244 260
31 40 108 197 60 87 172 207 61 91 54 232 224 260 273 128 66 297 89 70 17 262 239
32 62 106 122 218 258 94 35 233 237 98 296 273 56 93 152 170 182 165 6 198 105 80 212 242 267
16 158 259 284 241 282 281 218 217 78 97 261 92 127 277 299 148 248 49 176 223 158
25 43 81 138 218 77 155 212 62 126 235 90 225 214 121 234 170 168 137 107 6 125 81 51 109
842 35 164 199 232 250 129 238 83 136 292 68 224 27 17 223 262 118 247 212 157 54 37 210 3 185
85 172 275 153 36 185 158 150 294 236 256 24 124 50 104 115 112 58 83 218 37 196 142
42 58 186 60 297 188 63 271 227 35 79 38 73 206 138 198 86 190 235 153 270 152 142
18 126 160 171 295 270 179 207 42 296 181 70 50 67 272 11 38 44 187 119 248 92 106 90 212
37 9 267 93 130 130 245 204 177 204 206 64 562 91 238 28 158 256 160 315 203
257 273 104 45 106 239 162 238 62 161 70 215 6 149 216 80 199 127 128 125 206 182
842 156 215 271 288 205 169 145 0 80 178 21 17 185 4 237 151 177 104 293 114 69 296 93 136
35 153 212 230 195 242 111 149 258 208 11 116 158 63 164 133 250 70 272 120 1 289 103 140
90 124 283 184 19 102 136 217 260 281 220 128 118 274 243 156 180 200 191 248 9 131 30
238 191 106 272 42 273 64 46 148 129 190 226 150 81 275 246 128 279 205 221 172 129 217 35 75 220 36 176 51 103 50 94 68 157 183 192 66 53 199 22 224
35 111 134 197 231 17 145 37 82 291 61 267 133 81 44 63 176 258 45 100 242 221 103 99
842 27 163 53 24 3 58 86 132 33 46 184 249 286 45 157 23 151 171 47 199 31 83
109 184 95 294 37 70 28 53 58 89 36 212 157 290 275 251 87 39 292 281 4
43 66 200 292 283 51 220 289 152 120 252 13 216 229 4 9 80 181 42 193 10 81
90 246 259 287 266 25 3 156 23 93 237 285 234 226 7 37 217 54 168 89 289 4 208
214 280 290 202 262 234 54 225 290 90 122 286 0 22 198 236 5 126 65 278 47 109 95
122 280 92 267 281 145 155 15 51 2 262 159 53 117 5 251 239 214 21 110 227
275 196 151 277 64 218 246 225 42 82 212 74 122 283 139 3 92 138 195 202 263
24 79 86 36 112 19 195 282 63 187 185 98 58 225 274 116 278 23 0 168 21 293 204
66 171 78 290 81 139 190 156 165 152 211 18 124 153 73 26 254 248 113 213 232 44
122 141 150 279 137 89 173 249 92 184 201 299 45 41 246 86 71 269 253 108 39 265 17
197 230 258 281 110 208 274 204 1 140 161 261 125 151 293 177 196 175 89 32 220 254 35 81
13 99 133 134 136 222 259 166 227 290 34 220 112 58 150 147 100 179 205 281 268 28 86
17 160 228 242 288 256 95 261 59 87 279 277 124 171 153 52 5 234 158 17 231 113
3 29 33 116 149 227 236 223 263 21 146 227 138 17 217 228 108 43 94 286 42 253 202 23 152 137 203
19 122 211 287 282 194 281 123 277 241 205 151 270 269 200 199 183 294 249 141 52 92 170 58
67 81 155 161 193 221 293 25 151 269 256 91 216 232 136 209 97 239 35 192 278 234 258 299 7 287
25 161 134 255 126 207 289 108 216 37 41 274 283 263 242 89 20 36 160 193 15 142
103 232 164 125 180 295 20 29 286 133 28 160 197 117 223 246 250 151 227 280 192 149
106 159 164 266 277 220 88 231 148 222 231 122 122 34 148 26 78 9 710 152 225 31 294 260 274 246 87 82 116 115 292 2 215 73 282 90 135 126 137 60 173 89 32 31 168
71 102 200 73 267 4 218 130 35 166 172 142 120 75 273 223 182 178 224 42 298 95 280
24 110 125 247 171 105 62 144 243 55 237 185 217 89 125 36 260 244 211 205 215 268 250 16
92 276 710 184 29 96 247 49 180 222 90 211 110 253 38 217 213 173 17 25 21 242 67
49 136 157 192 208 291 191 142 29 221 58 116 163 31 32 246 192 131 216 83 84 114 126 275 184 97
39 46 138 229 9 254 34 154 48 80 66 175 247 143 210 181 178 148 139 217 88 257 57
165 256 130 265 226 150 139 180 163 53 246 222 283 278 97 118 140 19 274 47 79 66
44 56 61 96 205 93 199 101 145 228 255 237 65 185 283 213 277 18 182 10 152 168 13 165 269
5 198 215 221 78 249 18 37 49 253 38 193 88 46 108 263 102 216 117 44 255 187 205 195
129 284 260 11 68 245 89 295 1 119 160 299 120 240 281 173 123 23 154 202 97 172
45 197 126 138 59 181 25 57 70 34 158 196 195 151 76 38 206 266 141 247 31 203
81 154 143 280 217 268 206 53 33 129 41 118 215 148 189 11 223 123 96 45 115 87
76 114 20 89 148 206 279 103 184 276 68 177 208 103 276 177 26 78 9 710 152 225 31 294 260 274 229 65 260 111 125 223 201 196 41 66 208 56 42 179 25 118 234 192 134 76 222
35 58 145 255 297 88 77 144 118 54 55 289 155 135 232 78 290 121 193 30 191 255 129 49 266
44 91 126 175 177 236 191 73 280 60 207 242 116 299 115 85 144 159 232 249 33 61 288 112 99
22 52 57 294 219 244 46 147 81 71 50 68 85 260 47 211 90 247 246 108 151 197 24 161
3 55 139 196 226 253 260 42 228 299 185 176 40 21 131 44 13 282 113 234 231 165 274 98 149 69 248
28 29 168 162 180 247 115 5 4 93 255 22 164 58 66 38 98 75 231 50 244 199 176
212 224 253 298 267 62 249 83 288 245 217 193 50 237 216 25 103 224 82 192 150 76 223 185
842 149 216 0 90 123 162 221 83 71 293 71 91 33 91 26 78 9 710 152 225 31 294 260 274 229 149 217 40 196 299 217 179 243 87 6 229 143 241 215 234 281 4 14 34 296 165 82
105 143 27 75 134 291 132 293 128 3 141 140 57 159 102 139 244 95 190 49 273 211
105 150 90 275 243 219 246 5 249 124 11 260 101 32 244 105 163 208 147 122 134
190 208 242 89 253 175 56 236 95 247 6 269 186 143 136 142 96 193 208 160 220 221
21 41 199 214 228 270 227 180 24 134 97 200 141 116 77 288 291 279 195 98 166 55 125 18 161
60 185 187 144 262 27 226 125 290 293 263 177 175 35 78 281 153 156 117 21 126 53 6 200 289 291 83 278 130 138 92 81 80 280 285 219 162 125 221 194 239
43 145 191 230 272 47 84 252 238 31 233 163 136 254 260 85 173 293 185 112 165 291 140 224 76
33 171 197 298 73 105 224 176 149 291 107 256 208 179 122 202 57 45 297 247 88 114 22 31
842 227 254 281 87 256 102 232 147 153 278 130 271 122 213 137 52 233 66 237 224 103 24
43 66 77 125 150 224 211 138 235 201 190 43 245 77 191 193 18 9 239 60 82 80 140 279 266 73
179 8 94 254 293 234 113 123 38 231 38 123 123 26 78 9 710 152 225 31 294 260 274 229 4 232 198 234 298 245 115 228 67 277 36 269 60 200 37 165 248 143 118 137
6 145 160 3 296 264 209 110 247 5 49 259 64 105 233 231 279 170 111 208 263 109 260
842 92 98 117 136 150 166 201 286 180 87 54 62 46 18 237 208 75 213 102 35 56 197 206 292 173 187
7 198 205 237 54 230 287 205 143 144 281 58 212 12 153 39 221 60 106 151 142 211 223 181
35 146 221 78 222 31 208 63 48 188 259 216 192 166 271 157 5 170 7 227 184 187 156 185 24 82 103 272 62 275 12 157 140 249 48 154 112 230 214 237 94 101 257
8 173 36 98 282 91 276 3 156 179 143 45 167 192 270 87 72 199 32 43 83 205
66 106 148 158 211 143 50 250 91 208 82 14 294 21 225 9 197 186 47 139 125 31 240 39 279
130 173 95 209 265 112 91 96 249 33 236 34 203 172 220 243 295 256 263 213 65
37 117 142 270 57 244 85 121 26 192 43 88 242 210 179 186 119 148 137 123 54 273 37 76
56 274 39 213 7 232 41 235 55 37 179 130 137 42 197 248 134 180 148 258 167 159
27 118 182 197 175 30 277 202 111 224 95 226 54 291 113 76 96 280 167 188 193 294 229 213
34 53 123 189 197 276 290 39 84 240 206 289 227 267 176 109 157 164 158 3 82 98 136 161 47 92 55
108 208 61 88 3 20 187 219 36 78 190 161 4 115 251 77 97 91 220 74 250
41 153 198 205 273 298 25 208 95 88 234 87 35 144 121 250 206 169 230 245 287 59 19 193 49 86
28 216 272 143 150 261 141 141 139 274 274 226 66 66 141 141 26 78 9 710 152 225 31 294 260 274 61 1 108 79 280 87 36 168 13 100 228 94 233 171 95 163 65 157 277 282
246 256 164 86 116 254 100 6 112 224 75 147 289 283 168 55 87 177 230 161 118
6 20 37 104 133 149 192 283 80 155 111 250 201 135 176 189 100 50 284 242 221 150 133 123 254 59 258 55
246 269 66 217 191 283 105 200 277 246 288 241 36 68 271 65 37 20 237 56 44 31
132 196 260 127 98 106 132 33 254 1 213 227 66 41 190 70 131 44 145 235 196 221 189
26 161 187 11 128 170 21 1 195 223 2 243 40 50 227 13 134 100 83 253 221 147 212
842 88 99 239 157 12 204 236 79 162 170 50 280 73 135 90 111 147 213 8 107 156 54 173
16 245 249 37 294 265 215 245 229 11 56 45 227 267 168 25 166 43 250 3 14 12
85 192 16 175 49 169 158 7 106 255 283 3 54 213 251 120 168 178 209 26 185 159
6 59 193 281 153 154 261 12 191 116 36 44 72 15 219 37 129 33 31 207 170 147 114 89
32 44 55 206 233 200 102 109 80 256 277 293 253 41 2 183 155 22 295 171 230 133 18 232
10 55 140 152 238 274 135 133 289 44 162 73 226 214 230 299 293 41 185 175 78 211 210 26 182 208
127 260 251 276 253 237 43 107 35 66 12 259 255 159 225 73 263 244 152 249 36 52
183 213 269 283 158 292 176 242 147 274 77 202 125 54 115 92 121 220 248 97 69 251 78 193
3 132 146 218 39 276 156 221 288 200 197 160 63 227 131 178 198 240 163 189 74 48 184 119 252 217 5 204 83 78 228 125 293 132 271 162 214 168 2 213 99 36 209 72
5 14 62 111 255 114 108 159 55 81 105 193 152 294 228 29 222 161 93 66 61 112 275 251 92
21 68 202 238 207 17 152 88 206 213 249 145 191 104 265 146 25 162 14 19 218 10 209
40 264 33 52 157 44 156 138 223 182 68 13 71 225 200 271 236 180 292 36 154 161
167 202 204 18 66 297 75 50 216 113 4 13 78 60 121 185 291 186 218 170 197 219 64
38 54 93 140 57 291 53 184 247 78 99 205 261 227 265 131 230 171 11 284 84 208 228
77 101 11 53 149 47 71 134 17 213 206 102 210 278 288 136 195 143 48 108 296 67
105 174 276 296 154 5 251 156 291 54 146 267 285 135 112 60 164 275 297 200 177 149 292 269
267 196 147 205 230 149 283 22 38 224 95 21 252 251 126 132 293 109 87 156 59
69 99 267 278 257 137 60 278 207 130 150 118 191 298 162 289 107 38 187 249 36 279 252 94
43 68 131 66 210 273 165 136 167 25 106 198 220 112 278 133 238 191 122 44 262 99 63
270 224 289 9 123 49 88 113 55 128 197 122 259 53 284 38 15 190 161 255 11
22 126 166 190 273 123 84 7 290 25 189 108 179 188 252 32 267 154 160 46 39 97 283 88 134
37 91 130 290 121 41 11 220 251 104 31 164 79 46 56 18 248 290 48 125 126 188 39 240
149 170 277 218 298 130 227 45 175 75 54 27 264 16 7 46 253 94 223 239 106 105 90
150 237 288 118 9 277 224 258 50 64 105 126 141 241 167 40 109 205 88 198 34 27 154
118 119 131 223 227 113 144 215 164 231 2 139 72 41 228 157 276 264 174 87 165 191 29 82 11
8 107 207 209 37 64 2 22 132 25 27 167 157 79 117 110 7 299 126 131 177 58
63 97 153 111 35 120 92 142 222 132 138 150 131 27 211 25 273 233 252 118 223 67 249
115 150 257 205 19 171 6 249 159 81 169 2 284 198 176 168 112 215 118 217 95 165
262 263 240 291 216 227 156 257 201 200 234 159 219 284 79 153 221 211 142 140 264 175
50 104 224 278 228 264 218 176 20 230 192 163 91 82 159 260 68 113 211 39 49 238 287 270
842 298 288 11 206 223 36 92 297 9 75 56 165 13 158 106 240 122 35 197 268 292
34 199 207 86 38 113 174 151 104 42 214 21 234 233 26 141 293 83 35 98 191 91
15 40 64 89 174 210 223 295 216 132 185 24 248 291 244 276 199 194 69 285 39 197 9 172 96 249 256
121 214 252 105 247 125 141 257 290 294 146 165 219 48 271 82 215 18 143 258 3 201 251
152 234 271 266 196 125 141 76 142 21 296 87 172 228 225 6 50 158 59 275 230 245 256
44 85 115 83 208 16 201 197 133 266 268 37 163 134 246 112 31 21 82 194 73 248 0
83 119 131 233 41 81 135 86 88 216 109 271 235 82 238 293 97 24 164 89 80 189
147 155 292 286 43 8 2 28 45 177 112 258 140 82 99 122 37 190 13 10 133 293 105 18 233 27 232 5 52 86 154 59 268 188 70 75 142 235 128 15 274
7 23 90 111 149 213 245 251 168 284 181 178 201 276 35 2 148 250 121 33 41 89 232 101 64 234 144 31
57 95 181 196 201 4 136 119 22 252 290 64 226 24 76 273 293 246 0 98 241 201 248 164 208
107 147 15 163 234 199 169 103 231 241 156 262 266 240 28 81 95 201 2 248 20 261
161 175 227 297 178 229 194 223 168 274 46 54 73 212 297 154 143 227 265 217 203 222 15 85
13 48 143 206 291 185 122 5 236 72 249 45 41 10 78 11 46 16 15 250 195 132 231 82
41 46 274 234 21 231 71 82 147 201 73 100 78 221 12 116 227 208 38 293 150 274 43
68 279 197 288 224 124 22 296 112 221 206 216 114 165 241 203 74 16 87 78 62 146
44 297 19 30 7 287 17 51 286 81 143 217 28 37 95 91 165 162 257 188 78 12
102 120 172 124 188 135 55 205 174 279 125 40 141 236 86 89 140 81 235 233 148 106 93
165 182 90 162 31 232 212 76 127 179 50 61 94 112 292 224 178 35 30 161 116
127 296 101 241 173 121 242 137 293 202 25 210 248 257 115 45 20 230 136 26 297 159
69 178 293 92 165 229 93 181 43 31 196 237 84 116 8 279 240 144 41 208 7 225 267 81 112 213 186 118 82 123 283 38 258 175 65 220 243 18 252 262 224 166
28 46 146 70 254 163 50 267 113 146 157 134 22 31 238 5 224 154 171 82 188 242 176
149 188 215 250 21 128 55 175 41 237 97 186 228 260 145 270 88 238 121 133 14 184 278 46
134 18 129 205 247 268 116 46 191 30 120 14 40 147 148 51 223 212 74 60 113
842 1 130 680 71 184 3 168 66 193 202 217 174 225 164 208 271 63 180 288 220 137 154 216
32 296 187 258 242 297 85 40 162 176 210 112 270 191 28 287 203 47 10 54 51
194 275 123 50 279 53 238 255 110 249 278 292 71 244 296 266 16 10 293 250 280 111
137 166 49 278 66 191 146 282 52 23 159 181 96 102 129 229 285 273 250 133 263 293 223 88 251 280 263 119 256 148 234 204 183 161 18 110 117 19 108 198 242
60 69 112 193 202 217 250 286 146 7 79 39 211 128 48 242 9 120 215 106 160 168 237 207 133 78 116 256
42 88 296 118 229 211 84 12 207 61 194 248 101 72 123 298 181 267 202 247 108 14
39 63 132 198 226 56 194 199 248 255 35 210 10 295 116 230 60 293 274 124 9 216 158 272 85
17 32 280 680 43 183 222 38 199 56 191 192 256 238 272 249 37 129 142 211 85 170 106 206
13 82 276 289 14 281 142 108 130 103 215 162 94 69 15 202 174 65 133 271 42 40 257 184
36 99 89 257 104 194 13 102 83 65 10 130 27 58 155 159 12 30 124 103 290
11 130 191 227 252 116 203 71 268 262 29 154 176 298 93 221 49 137 172 253 22 261 88 191 291
65 169 185 189 158 82 202 245 141 43 103 193 87 250 248 53 101 195 85 139 76 114 93 168
179 254 21 72 98 83 118 166 110 231 173 272 85 250 243 88 171 22 94 153 130 114
842 62 82 168 227 263 167 211 116 183 225 41 181 114 287 96 196 265 187 120 146 107 10 206 43 166 53 38 59 116 174 32 205 147 298 223 110 266 283 10 278 29 203 212 204 286
2 142 9 233 175 218 97 256 295 80 52 17 186 47 42 212 93 289 5 145 156 149
99 255 264 153 40 72 108 79 195 122 272 151 45 107 152 156 62 128 238 123 34 2 287 294 60 248 244 134 64 153 238 254 102 13 290 213 152 285 40 174 38 147 140
10 249 293 42 210 224 57 44 181 142 187 40 105 155 284 6 51 160 23 91 265 76 99
112 299 8 272 167 271 157 206 4 219 151 53 61 31 12 198 93 262 210 148 291 229
252 198 260 112 66 70 211 185 155 51 99 186 55 141 125 76 233 46 71 288 256
208 111 291 90 219 123 108 72 204 177 155 245 92 84 287 51 281 142 145 265 187
30 59 97 257 118 54 249 250 203 40 10 252 199 148 180 59 91 170 215 281 188 45
97 297 56 221 171 188 10 147 8 139 15 63 277 223 120 271 248 29 150 229 249 145
31 192 247 205 119 119 171 247 119 171 29 171 26 78 9 710 152 225 31 294 260 274 60 110 62 296 172 31 127 143 0 85 81 188 293 10 286 275 100 208 32 14
147 178 250 90 159 271 113 227 298 21 6 273 10 233 182 71 237 261 44 20 25 293 69 100 181 146 32 295 293 91 105 184 96 52 11 192 276 243 227 287 170 127
26 202 267 250 257 183 124 98 177 55 61 284 134 85 150 275 82 122 20 68 95 10
29 69 171 77 274 253 65 78 182 51 17 19 36 121 241 221 236 270 223 263 149 104
133 76 56 261 46 268 121 140 148 235 85 184 61 237 212 34 206 249 160 295 224
45 171 182 299 153 248 36 240 285 169 96 80 152 183 6 291 275 171 208 159 61 63 268 298
180 189 45 152 72 174 167 23 118 234 143 222 76 124 123 83 49 295 178 15 128
16 201 249 619 257 148 165 203 244 542 934 503 429 861 852 747 851 216 836 686 259 123 275 51 926 535 441 402 369
155 671 794 144 742 491 303 479 102 333 137 395 743 996 270 114 41 276 110 618 649 643 264 63 30 62 76 13 266 197 298 114 222 238 46 297 132 189 190 142 40 68
931 29 173 287 163 125 123 189 125 713 280 141 922 756 13 599 460 782 814 249 782 141 367 213
157 251 95 109 278 885 284 31 24 203 81 885 351 257 468 960 31 217 108 85 91 55 847 32 505 5 211 127 270 257 17 170 254 24 30 95 99 93 172 7 180 251 238 114 0
91 93 100 135 148 174 197 926 23 225 215 46 89 66 523 71 36 523 71 86 957 253 143 307 351 89 267 508 698 93 755 233 137 755 11 233 707 168 122 249 227 187 247 266 333 77 523 267 161 106
88 233 280 284 296 292 132 187 132 637 62 188 47 187 292 523 31 161 93 61 77 138 230 106 267
125 227 299 228 286 102 34 206 1 54 27 48 227 231 20 216 111 269 185 10 61 32 284
68 90 113 170 140 42 140 170 274 42 515 217 142 161 557 163 14 182 29 74 217 294 122
43 81 78 72 258 222 229 106 93 288 50 83 102 84 296 8 14 79 246 284 49 204
37 43 90 228 62 106 256 203 216 227 145 93 296 121 9 75 284 160 98 151 32 184 161 67
15 55 121 280 107 12 270 91 220 74 65 194 114 235 144 240 54 277 124 89 2 253 158 112
180 200 257 278 217 243 298 109 149 179 274 710 710 84 169 69 710 292 47 35 98 559 75 147 23 172 505 115 79 131 221 275 61 47 235 83 172 130 30 4 232 125 6 271 93 145 229
852 98 147 165 226 131 263 17 254 134 244 294 221 203 106 262 118 157 83 299 291 144 250 47 140
105 144 16 6 135 258 299 279 136 39 277 81 69 159 259 254 11 175 77 167 198 185
114 256 72 227 270 52 222 4 55 235 233 260 274 255 49 291 251 95 176 228 130 211 258 259 144 212 36 118 153 280 114 104 115 256 210 183 180 107 268 270 165 211
105 135 171 238 94 188 19 126 192 147 157 190 208 38 288 175 135 172 214 278 182 79 105 88
31 179 155 160 26 133 222 20 144 106 78 274 240 259 248 196 202 281 131 165 152 57
43 75 84 231 70 241 89 173 291 201 98 92 175 103 151 192 259 168 194 45 282 69 17 60
266 43 121 232 54 162 196 227 189 214 223 198 237 160 284 138 33 266 118 236 281
21 72 137 290 69 296 168 36 1 207 81 75 172 34 275 113 153 28 76 242 213 78 73 27
64 56 215 17 146 48 152 159 181 261 185 58 21 274 278 16 138 271 76 22 248
41 47 150 153 213 88 278 147 255 217 298 220 186 183 184 98 280 99 263 216 260 276 6 104
49 123 153 223 233 119 97 70 201 237 281 72 218 220 99 199 69 158 150 1 285 46 50 135 65
38 291 32 246 172 79 116 88 154 190 231 132 164 162 149 270 22 118 189 213 143 275
111 161 224 66 6 264 57 183 39 276 9 246 85 88 138 27 0 135 118 60 45 71
11 104 181 167 93 299 251 187 22 48 208 266 189 202 194 287 159 114 179 250 235 191 193
221 279 126 239 30 17 103 139 288 194 277 189 196 92 148 294 118 197 187 67 271
20 173 176 182 293 21 59 190 204 87 162 276 193 238 31 176 25 117 35 289 10 8 299 0 69
99 176 191 233 279 179 113 155 17 177 68 95 204 209 125 144 124 221 178 14 216 77 37 230 292
69 134 164 250 100 211 127 150 25 0 166 286 101 147 50 163 185 26 244 62 221 291 97
190 156 83 140 222 5 145 52 252 124 207 29 111 258 68 65 84 38 117 251 243
3 168 267 289 227 85 40 299 54 193 248 118 274 119 73 294 266 114 187 132 268 235 111 190
83 118 125 233 120 266 270 208 132 106 63 38 43 140 255 151 218 59 81 142 250 5 143
164 175 208 229 262 60 129 28 69 214 69 133 246 166 145 283 139 240 135 239 137 157 226 19 220
49 59 64 121 217 269 287 34 75 266 17 263 278 257 269 190 93 24 105 108 97 249 73 214 298 135
84 156 242 274 221 161 19 160 34 247 165 134 236 194 182 296 210 249 30 96 217 206 54 52
150 152 227 276 195 34 138 113 165 218 258 229 152 267 50 98 64 25 169 196 157 232 26 36
117 148 120 290 2 238 52 177 104 101 107 60 160 38 262 296 275 199 97 127 77
176 83 48 208 163 276 284 8 116 297 260 296 299 149 57 222 53 146 15 261 2
28 3 42 49 148 268 245 890 153 118 163 47 118 47 129 163 828 286 112 235 253 184 226 649 118 192 199 30 240 49 120 206 50 45 194 98 117 40 105 260 191 185 264 96 255
141 90 192 107 188 158 281 112 64 74 32 102 185 230 77 206 257 149 273 96 33
262 285 227 242 107 273 110 124 264 202 283 116 104 297 176 29 198 165 123 213 16 169
23 290 70 55 265 248 247 129 20 118 147 152 161 80 31 140 262 185 199 32 41
48 93 102 117 292 116 258 129 222 222 222 22 116 214 63 267 62 124 261 197 100 660 254 291 194 99 283 228 56 137 205 154 280 96 29 44 215 183 186 230 49 211 41 182 93
169 299 39 142 280 38 170 140 286 108 138 44 194 250 19 43 199 120 70 265 163 57
13 44 50 69 119 291 4 22 216 125 198 202 32 98 10 53 243 52 109 85 181 163 61 75 99 86
66 78 87 279 49 103 56 57 258 159 78 156 241 35 72 130 297 255 183 153 179 287 213 252
48 105 221 263 16 241 285 133 140 63 77 242 212 205 29 98 108 180 72 127 250 157 207 179
37 181 216 297 156 86 52 290 25 150 167 248 57 50 293 61 194 104 227 23 113 182
44 69 249 285 122 244 247 20 91 183 127 30 241 271 207 40 32 248 173 89 285 230 170 98
185 296 298 116 9 220 247 186 0 283 44 82 45 214 52 75 265 181 189 227 128 209 239
134 153 228 247 18 59 201 208 36 165 280 143 13 112 7 28 274 209 43 251 16 77 149
208 250 228 232 70 201 206 76 44 180 9 272 172 141 12 267 97 166 168 297 71 256
2 226 87 164 110 216 101 81 209 280 285 15 199 140 46 10 268 78 58 174 5 122
115 149 260 125 286 42 263 221 141 299 40 296 186 144 194 206 180 254 32 207 262 237 208
262 247 9 166 191 259 289 136 53 177 252 198 272 264 267 246 135 235 61 233 208
209 226 11 134 61 266 152 52 131 121 13 165 200 244 54 99 101 230 118 113 217 117
96 290 64 240 116 6 164 84 253 40 55 133 230 259 283 16 209 218 189 104 106 37
149 164 235 112 213 180 239 33 267 124 101 70 164 256 276 137 174 43 25 269 14 277 52
71 81 129 162 166 92 105 10 184 98 46 280 217 57 67 138 225 244 73 147 36 164 299 83
2 98 155 221 107 42 0 222 161 27 70 179 10 91 298 6 271 1 45 98 243 267 223
42 241 238 57 291 237 299 176 153 140 41 235 18 100 287 45 32 33 60 88 97 175
292 118 224 252 270 190 161 222 283 145 94 23 158 214 279 291 176 153 115 269 76
67 128 135 80 205 198 267 297 127 40 22 100 88 86 37 82 68 254 10 294 152
112 143 146 165 200 204 203 170 256 241 299 106 4 266 72 109 138 128 214 83 258 150 159 262 30 277
139 242 5 46 272 141 87 43 195 202 238 143 153 295 265 260 117 154 156 225 59 290
108 193 256 271 261 298 196 235 170 184 59 61 205 112 263 200 25 93 156 38 232 57 197 276
74 76 99 135 182 284 285 138 272 9 244 8 3 278 69 2 251 266 292 123 27 281 58 35 273 248 237
160 275 105 19 69 241 46 217 273 147 82 135 30 99 183 103 245 180 21 208 55 146
160 63 174 57 257 4 117 263 69 116 30 166 226 111 298 216 108 104 162 214 27
45 70 80 75 68 294 25 137 239 37 216 67 134 83 92 52 183 267 225 79 77 18 162
155 156 232 260 262 265 204 40 114 62 150 193 177 133 278 110 280 60 170 141 80 237 183 234 137 148
47 135 248 291 70 99 154 97 231 182 98 90 24 73 101 250 202 232 11 248 67 167 148
5 36 127 211 164 20 31 291 228 172 12 242 122 141 77 45 7 101 252 227 95 187 114 256
82 268 298 86 62 23 64 87 299 297 273 156 61 26 129 60 167 190 80 245 78 89 107
30 35 94 284 190 179 263 78 119 160 136 289 191 222 242 236 296 117 133 225 246 264 247
14 145 159 231 259 212 279 27 65 17 138 144 238 63 214 152 239 247 270 85 246 293 137 221 170
214 271 135 283 136 112 189 255 169 174 163 79 179 16 25 171 64 0 265 249 34 130
45 105 188 142 113 152 167 152 152 142 43 142 80 139 234 161 62 135 239 220 95 283 20
119 118 228 268 76 207 122 117 93 133 149 280 266 31 13 229 217 256 27 52 163
139 225 191 33 234 271 134 47 103 3 41 214 68 97 26 124 222 7 39 79 186 180
282 287 290 25 189 253 253 25 237 145 145 249 234 226 239 220 62 110 19 95 16 240 286 15 229 238 269 69 3 272 283 260 29 220 40 206 108 213 104 204 147 172 122
115 135 286 295 265 119 183 235 70 104 239 97 90 216 11 110 117 86 33 72 289 187 163 211
12 47 81 172 281 97 65 128 85 35 106 235 278 245 13 19 124 288 291 55 70 215 126 285 114
103 95 269 159 1 194 101 49 11 285 116 151 62 164 10 121 97 72 87 287 221
206 193 216 185 242 222 206 266 159 10 259 140 192 36 64 132 129 255 20 94 28
35 83 190 243 270 52 248 236 193 61 92 231 295 297 215 256 126 174 288 103 54 19 15
11 123 132 58 138 102 75 6 95 282 273 134 170 14 246 180 21 160 191 1 201 73
17 55 235 32 236 194 23 206 177 298 217 235 172 112 189 287 135 97 49 109 215 207 99
0 75 85 109 124 180 225 287 203 242 216 210 204 21 46 126 40 210 126 160 145 16 161 135 110 273 62 286
32 102 193 215 247 39 130 158 149 41 199 224 13 226 268 17 18 216 28 221 52 154 51 265 11
38 103 136 143 207 228 102 260 82 128 32 13 77 164 103 78 35 40 270 265 65 107 23 91 81 12
66 196 81 92 261 211 148 229 5 278 66 137 122 19 105 205 223 32 62 204 182 225
132 146 189 116 55 152 207 120 7 223 147 261 262 250 179 187 265 192 66 59 212 247 3
149 177 299 67 243 141 286 266 250 148 158 77 164 54 294 103 144 58 50 177 111 112 221
38 61 275 50 286 241 101 262 97 134 253 31 34 273 168 204 155 47 83 266 54 38
20 57 182 275 68 103 82 219 46 118 237 287 26 58 63 41 96 270 121 17 78 222 87
268 4 152 17 67 143 167 946 86 91 143 86 946 99 226 286 828 42 114 21 299 253 235 944 86 86 47 221 268 9 944 32 944 63 194 261 62 254 897 267 160 291 197
40 46 61 148 238 2 254 3 89 176 156 203 196 226 99 14 273 129 297 249 52 216 81 6
52 119 141 147 200 263 63 185 270 178 268 69 42 125 240 107 181 158 223 245 254 253 277 273 120 206
19 202 238 150 207 23 201 58 214 6 126 167 130 233 98 32 51 155 197 196 208 264
71 101 108 148 164 225 278 79 242 238 253 8 21 64 87 24 142 277 271 237 252 170 153 25 94 2 131
183 263 295 12 223 290 287 89 57 217 114 67 299 227 176 87 138 70 134 153 152 32 234
41 71 105 196 287 96 43 85 276 38 81 121 70 244 211 265 135 238 35 78 231 218 250 145 22
58 160 163 61 157 4 245 204 180 75 232 243 258 147 285 144 187 185 125 189 279 220
14 122 107 240 278 218 51 21 2 122 102 155 67 163 138 267 25 230 228 115 187 147 148 160 586 135 135 144 116 586 148 144 135 286 239 273 20 139 161 35 145 95
4 90 219 299 57 24 120 53 75 251 100 274 21 208 259 116 59 231 135 102 239 89 83 29
117 143 144 174 238 116 294 230 38 290 194 254 157 78 187 247 250 143 18 71 82 277 102 283 24
4 52 221 235 274 180 163 275 184 252 132 195 181 161 140 293 59 226 241 255 95 39 227 164 38
175 196 249 293 197 41 81 275 169 9 259 221 133 12 49 171 247 150 97 264 233 198 174
6 88 149 76 33 52 189 289 280 201 234 90 10 78 51 274 98 152 281 20 55 286
259 17 212 14 10 36 41 224 259 142 18 296 208 124 126 65 4 174 92 252 59
219 263 139 99 52 44 139 128 52 161 135 110 95 220 62 16 273 145 35 160 139 240
142 292 140 128 272 136 40 246 112 169 168 270 157 160 23 127 162 294 46 198 68 284
18 60 85 148 193 199 172 2 80 35 268 210 281 90 136 105 238 46 98 139 9 178 257 235 47 140
72 250 282 284 229 40 144 116 59 239 176 238 247 163 105 141 104 95 255 279 6 265 82 268
56 177 254 79 172 96 250 236 7 237 66 56 287 180 81 271 98 203 208 173 260 235 17
157 255 88 124 255 0 115 127 154 69 285 249 275 159 236 38 265 13 24 86 223 225
285 286 297 191 109 201 143 272 127 31 152 86 116 161 166 240 112 248 189 239 125 123 277 128 278 56 94 12 269 266 4 95 10 11 2 58 57 201 16 207 5 40
45 106 122 184 169 127 149 76 86 165 143 43 215 177 134 1 261 57 206 59 223 115 265 98
103 280 241 276 27 96 108 56 88 272 210 253 72 52 148 214 2 279 63 156 189 92
174 263 169 193 38 103 160 84 51 260 289 20 33 226 228 9 223 224 213 296 70 214
69 127 52 275 34 137 236 51 266 233 129 58 101 270 32 41 62 55 77 226 27
195 88 144 16 29 256 162 259 139 81 90 8 28 106 82 94 284 221 202 269 86
97 241 3 220 153 164 9 178 243 18 144 223 92 293 190 32 124 72 297 240 229 227
139 149 15 67 122 73 132 32 230 127 142 29 162 224 246 205 257 99 157 123 284 290
68 208 255 274 35 220 93 97 271 219 159 18 2 165 235 131 188 9 13 287 120 152 198
220 181 201 145 133 35 145 133 133 133 201 160 16 286 145 220 19 240 139 110 35
176 175 191 155 78 271 4 125 219 116 283 137 121 35 189 239 124 139 92 104 294
147 284 213 249 200 297 75 19 269 299 116 62 173 3 31 227 84 296 69 156 135 261
51 99 250 206 57 28 103 168 185 126 17 55 86 246 118 135 164 165 132 81 160 245
88 100 156 174 242 16 160 217 168 112 95 229 40 270 46 204 64 125 186 115 120 146 76 187 1 105 286 141 43 247 88 6 213 216 84 49 28 99 12 271 73 114 212 77 289
28 65 129 149 190 214 228 70 249 238 147 70 169 70 222 253 828 21 42 277 299 114 184 195 52 23 235 192 246 35 34 89 284 75 252 234 46 64 230 30 54 181 287 56 242 243 136
23 174 247 286 27 171 211 282 243 93 8 238 210 89 256 270 188 126 283 123 46 17 73 62
31 44 59 290 129 31 58 26 171 87 214 167 190 230 278 137 173 279 106 42 3 71 219 111
93 142 169 270 217 288 292 176 298 122 234 68 213 121 55 84 186 63 276 132 218 110 235
145 220 24 167 79 28 203 25 173 82 69 115 33 114 241 220 124 172 62 182 190 53
9 39 220 72 168 242 156 151 52 268 297 47 188 141 74 249 278 119 233 115 69 27 91
107 44 63 209 96 127 103 255 159 197 171 77 265 259 11 286 135 122 162 246 243
96 291 162 143 263 272 34 135 64 241 151 196 172 13 75 6 32 157 26 147 22 261
35 122 223 136 240 298 161 4 187 43 72 194 255 125 78 270 9 205 93 19 123 25 172
93 95 117 121 154 264 250 95 185 25 26 111 116 93 177 121 45 33 122 290 40 220 89 110 152 124
118 213 1 131 979 979 979 11 200 200 979 200 124 142 85 897 100 254 160 62 261
81 244 251 83 89 277 273 143 80 33 20 81 95 52 156 19 267 98 272 254 60 263
35 282 253 254 168 24 165 105 231 109 252 204 246 19 57 125 145 206 88 169 131 210
51 162 177 195 18 209 284 18 271 88 88 48 284 209 318 58 247 95 775 442 612 234 979 294 247 65 166 283 31 200 254 165 218 286 228 214 268 187 80 215 184 153 194 181
31 163 174 244 200 180 190 151 263 116 250 267 65 109 280 92 55 209 217 243 251 91
122 166 171 245 268 290 211 65 88 164 109 201 37 293 52 71 217 256 66 4 108 297 155 161 0
9 50 121 102 262 11 253 280 103 96 78 165 191 232 220 279 282 141 159 50 193 176 45
20 31 72 104 185 10 167 156 90 75 34 29 69 285 261 38 85 111 63 84 66 48 174 293 137
50 249 269 65 212 18 137 234 216 171 227 286 243 237 233 21 173 9 201 94 139 182 17
68 91 296 167 269 19 238 257 290 275 249 204 103 169 288 247 287 259 255 214 77 29 162
38 98 188 226 281 119 287 267 177 138 222 216 236 23 279 121 36 157 41 168 123 9 28 50 90 251 106 87 50 129 236 200 119 224 100 276 19 73 59 86 125 260 15 68
110 217 25 110 180 283 206 93 206 226 127 45 284 710 139 234 294 95 553 775 74 58 238 442 318 979 261 212 131 251 275 165 155 149 138 26 146 98 235 34 135 90 211 278 245 163
22 223 264 76 189 237 55 43 75 143 176 64 209 254 78 57 234 142 166 239 69 269
4 107 181 251 277 120 273 171 113 7 173 234 85 227 216 53 124 220 154 229 20 285 6 138
22 83 181 6 199 118 100 234 73 247 167 105 11 40 142 269 138 237 285 10 226 18 33
36 74 107 293 192 133 138 270 160 154 118 86 73 124 0 75 171 216 243 36 163 170 102 159
37 86 114 197 252 252 12 140 88 104 88 140 274 294 553 95 74 234 139 259 257 139 979 247 34 257 59 51 128 120 232 57 58 18 195 110 8 199 233 287 264 284 253 281
117 181 269 160 98 204 219 207 49 52 258 228 133 96 44 141 259 42 214 237 245 168 247
37 120 151 196 265 234 261 95 89 193 111 159 103 155 117 267 77 76 65 60 293 280 298 151
136 39 236 87 61 188 270 180 181 159 293 223 184 218 214 99 200 26 161 193 241
50 91 122 253 127 268 37 78 181 266 56 19 229 203 44 151 194 221 32 212 53 269 142
25 65 78 235 37 786 37 979 76 76 279 497 86 100 142 197 261 160 254 194 214 124 267 291
80 267 13 40 246 5 36 47 284 285 74 188 273 238 0 71 122 182 205 220 233
70 99 135 262 265 262 122 155 54 136 272 59 55 210 70 16 238 193 44 65 148 23 268 177 161 170 161 137 38 199 155 295 250 254 29 9 12 104 97 198 42 39 281 241 36
29 113 282 73 87 219 297 52 218 161 77 238 276 105 130 89 160 162 175 282 106 177 132
45 87 142 171 174 293 220 219 255 210 76 220 76 279 282 219 210 55 63 105 660 897 85 197 160 261
294 242 216 199 42 3 227 195 86 269 43 133 205 257 67 237 228 90 73 28 288
26 106 143 105 139 184 257 225 253 20 160 99 134 69 70 19 127 80 274 202 55
202 215 299 78 119 283 297 298 228 212 33 270 191 90 77 296 144 121 31 130 180 16 111
237 157 20 160 53 71 97 96 126 108 275 46 269 178 110 39 63 21 40 16 77
60 75 90 127 185 108 56 230 8 205 113 237 277 270 135 79 60 21 265 112 175 210 106 159 167
51 202 242 9 137 273 107 112 54 196 5 122 186 86 277 80 172 178 251 93 257
238 264 236 247 0 185 188 99 27 100 226 47 28 131 71 44 121 46 163 265 76 277
23 46 230 242 106 2 262 56 287 266 193 175 210 132 137 79 289 23 180 74 188 115 107 241
48 234 170 112 275 263 136 64 24 140 200 227 46 103 36 91 127 45 37 268 242 124
20 175 224 271 147 264 101 297 3 207 84 203 266 261 31 104 278 112 243 80 35 204 291
151 208 252 138 199 60 11 270 172 283 157 55 161 140 50 108 122 79 129 98 260 99 96
243 11 219 232 63 122 211 281 227 201 280 297 112 144 151 153 118 233 124 150 14
