49 175 917 33 45 79 97 242 293 215 906 314 777 706 356 54 875 932 357 643 834 864 911 833 339 443 22 874 199 701 3 246 210 230 225 830 230 246 246 587 60 813 375 246 223 419 52 215 216 206
210 242 468 533 545 847 3 339 793 83 833 443 643 715 985 83 539 768 443 443 726 531 777 443 475 864 199
254 982 121 10 606 313 562 936 186 178 520 467 928 982 896 256 392 467 153 952 467 58 14 65 1 55 55 672 675 903 960 197 903 886 30 30 348 176 29 451 89
835 16 28 47 721 63 99 282 187 959 227 187 78 750 30 299 465 864 465 252 187 210 957 70 363 54 385 643 280 102 59 25 199 225 15 265 23 54 104 234 74 229 101 272 211 82 13 12
985 210 250 158 117 123 86 21 255 43 243 211 238 385 643 285 262 81 54 984 4 292 750 43
14 97 141 141 192 192 187 187 157 157 187 68 116 279 281 218 28 14 232 7 115 196 33 283 45 230 176 270 273 63 24 1 174 245 11 204 100 247 78 171 148 237 183
847 277 150 149 72 285 45 134 82 242 232 111 30 250 268 70 228 207 34 185 297
635 125 955 74 119 166 172 183 233 207 207 13 203 13 214 284 74 207 72 84 226 126 29 298 286 823 269 203 466
788 14 46 86 200 220 208 273 215 150 273 280 33 290 226 276 280 984 262 285 277 4 59 280 292 81
28 38 58 144 249 254 298 96 280 277 226 126 298 96 140 25 280 643 292 760 59 130 277 385 664 262 83 298 273 143 251 10 141 154 192 190 236 71 234 84 108 72 172 285 145 104
0 65 118 189 115 279 289 64 186 111 169 262 209 104 145 1 276 202 223 225 86 218 60 138
56 131 189 274 273 98 113 36 48 296 207 2 105 151 123 241 93 174 41 294 67 142 236 283
19 156 229 297 12 109 13 182 111 167 280 212 197 134 255 209 203 187 272 215 37 230 252 63
20 60 70 90 163 257 34 86 14 211 32 275 83 34 17 175 809 169 549 19 123 287 60 14 294 159 102 228 134 175 99 227 28 79 78 112 218 272 247 97 110 101 238 298 185 192
229 260 232 70 183 203 0 148 226 139 54 156 30 236 154 136 237 28 1 142 170 188
39 40 97 110 119 221 230 101 116 62 31 26 40 280 9 176 237 84 158 209 239 151 79 241 288 50 16
955 78 87 96 103 232 36 140 90 185 61 267 273 236 72 109 91 159 60 215 177 271 102 193 143 83
54 250 283 249 283 69 132 218 250 281 191 133 223 20 230 142 175 22 65 32 295 182 205
654 19 138 241 73 110 109 255 181 33 154 219 173 175 40 279 287 132 296 140 60 28 55 290
