50 110 200 224 283 49 137 245 142 116 188 218 193 61 146 168 9 99 28 148 185 291 242 268 265 292 25
664 221 659 198 274 633 458 923 870 684 468 220 710 309 94 518 980 808 393 841 545 525 919 454 81 231 251 0 197 91 290 75 84 32 93 163 167 51 266 261 154 155 92 110
54 147 4 30 32 191 192 293 218 73 42 109 710 34 73 16 218 141 792 626 787 121 45 730 121 730 804 278 288 242 207 26 56 291 93 230 63 78 145 184 114 170 66 273 237 65 122 233
4 22 49 124 246 60 263 161 162 202 92 37 225 256 247 239 283 260 87 2 122 67 178 291 9 238 153 297 142 106 46 273 26 283 112 188 216 276 88 55 60 288 192 298 165
31 72 237 242 216 518 28 131 753 92 292 131 996 289 238 359 454 649 649 270 646 267 845 916 8 293 47 285 5 273 225 247 200 258 52 151 223 48 68 100 231 108 275 269 259
51 173 98 93 283 23 224 148 127 232 257 49 16 255 194 258 48 264 209 219 89
5 60 170 192 196 198 241 68 219 1 29 191 167 214 260 61 261 124 205 147 40 107 278 229 255
37 177 76 26 43 103 107 194 228 10 99 22 205 170 185 203 3 19 223 132 150 264
14 15 95 187 209 65 203 212 151 228 42 119 77 282 294 85 120 265 123 164 218 179 210 41 211
260 258 131 257 272 18 247 224 204 134 82 8 280 264 11 241 245 80 139 196 135
154 27 74 132 133 221 226 120 192 789 789 13 171 192 92 172 248 753 156 37 299 231 276 93 344 59 821 225 49 255 258 75 244 190 145 298 295 135 158 97 239 243 270 184 248 187 0
90 97 271 264 36 10 132 176 76 183 245 106 298 141 190 231 18 252 162 104 170 294 156 261 115 278 177 110 84 241 15 253 293 43 164 297 128 56 289 264 176 267
33 128 240 133 118 206 23 216 254 37 164 155 100 52 294 241 210 142 230 11 63 229 67
999 209 210 36 213 76 222 212 126 134 297 250 205 287 286 209 70 109 16 284 240 102
71 140 233 224 132 187 131 69 264 271 195 119 49 267 70 233 102 259 177 18 186 182 9
25 87 127 17 276 262 196 61 116 176 99 297 265 8 155 121 285 20 160 169 286 124
72 11 258 73 262 203 18 270 92 105 168 155 63 246 65 33 257 110 10 19 209
31 286 152 206 193 100 92 214 208 129 197 102 63 50 124 186 290 153 123 147 205
246 61 137 137 197 206 196 150 294 151 15 172 172 753 7 199 231 44 93 990 115 299 175 73 228 97 290 93 36 67 295 70 28 202 247 71 31 63 95 91 248 143
