3 103 124 150 237 277 29 137 162 323 91 0 43 92 271 279 211 234 248 145 6 286 81 120 150 231 275 104 144 118
939 34 276 223 299 492 946 782 934 994 14 102 584 478 365 173 754 4 504 770 438 442 838 544 298 171 10 217 274 70 176 213 197 45 118 242 292 188 264 244 184 247 232 196
703 89 206 230 97 237 63 282 135 126 162 100 285 181 125 23 75 49 231 212 108 143 93 92
703 54 109 159 95 171 259 122 183 130 32 129 64 182 160 294 31 279 127 234 174 92 212 7
4 144 262 672 292 152 8 229 264 59 40 143 78 194 158 291 72 180 290 80 186 136 97 62
152 271 182 281 270 125 196 225 146 243 151 130 173 201 260 269 109 84 160 9 198 126 292 51 104 294 231 266 126 207 10 59 110 56 267 53 249 245 39 254 240 129
111 123 295 491 23 253 104 27 149 297 199 212 265 264 870 505 521 102 885 203 195 108 118 505
57 96 217 282 8 216 1 1 171 127 295 709 107 37 249 266 676 868 297 653 118 260 203 249
40 155 189 178 285 107 275 185 159 36 51 297 50 156 163 294 0 182 16 199 74 66 101
79 93 95 228 280 108 148 225 40 252 50 111 119 173 5 267 259 250 237 235 137 255 149 91
21 30 146 232 122 194 93 163 152 252 197 43 145 92 248 32 33 213 63 284 272 23 139 200
23 198 73 7 105 246 111 26 165 220 133 75 293 0 51 140 232 236 4 120 103
80 140 212 232 69 139 96 72 15 225 10 267 4 221 7 230 255 100 101 117 169 289 173 271
33 205 225 228 267 282 104 20 42 230 218 143 261 278 55 201 297 227 161 265 53 232 94
112 174 8 126 82 90 250 196 185 229 95 43 78 177 258 295 9 209 181 214 179
94 133 52 188 208 32 39 19 8 217 215 20 289 179 252 226 75 78 96 24 114
141 150 123 237 249 88 126 268 270 75 129 188 104 70 17 271 134 120 290 60 74 121
87 109 114 115 146 131 290 275 256 211 260 156 158 155 30 18 243 121 79 283 64 40 7 109 138
39 125 138 234 289 277 297 68 148 282 150 2 231 248 120 12 55 118 78 116 295 143 271 33 125
5 239 112 19 218 66 33 28 78 52 118 212 180 290 289 230 84 298 59 190 231 95
98 160 173 129 84 178 197 227 159 37 265 255 105 87 50 44 122 208 145 125 7 164 292
117 207 262 277 291 264 152 114 65 91 180 259 70 139 108 261 262 223 149 145 101 252 234 23
690 36 207 266 89 151 49 224 251 112 290 133 97 63 68 287 125 123 152 204 285 122
980 287 70 211 234 241 229 297 184 299 173 214 2 246 198 103 141 254 242 32 233
