132 157 257 271 500 123 237 290 541 8 199 260 593 197 845 381 537 366 560 478 127 319 803 211 563 807 701 171 66 860 870 461
25 206 612 518 222 663 323 916 217 441 721 829 28 573 319 900 771 325 379 998 963 528 100 188 762 762 150 8 59 242 242 2 956 20 120 388 704 998 795 188 856 964 249
0 126 247 436 612 637 72 291 558 226 254 925 54 943 190 816 895 677 535 659 880 915 659 146 773
113 189 21 209 266 81 266 196 126 78 125 905 252 182 8 8 235 42 905 26 887 88
27 83 176 187 191 292 898 16 55 77 86 105 248 211 24 75 202 75 41 299 122 202 269 173 186 181 219 102 102 261 313 442 216 119 283 189 97 94 96 101 120 279 252 192 33 42 168 3 151 262 197 50
65 71 126 255 115 23 120 64 279 253 98 210 207 283 76 281 226 169 83 293 111 69 143 266
132 247 8 109 183 299 171 7 79 240 71 19 163 197 218 240 218 168 175 61 77 640 86 294 126 299 151 21 193 202 15 33 240 239 74 97 232 245 221 110 120 242 114 271 111 17
93 197 254 165 51 25 49 102 181 15 100 196 61 106 71 36 29 138 137 59 113 87 293
64 226 257 206 198 130 96 150 166 191 5 176 211 249 120 288 182 97 289 226 246 251 192
122 129 138 164 291 164 155 173 155 164 185 155 147 128 164 122 230 286 733 194 22 268 62 209 29
130 219 22 109 41 190 246 24 164 220 280 27 211 274 95 268 180 146 59 5 76 252
38 122 222 157 26 20 80 109 30 99 0 166 258 36 200 17 162 170 58 91 32 25 8
150 280 287 298 76 122 201 169 209 268 216 133 223 267 39 88 202 117 13 259 299 199 35 5
197 63 146 168 3 166 34 165 95 140 295 253 174 22 173 290 65 199 279 236 261
172 19 102 48 267 113 82 147 106 244 241 197 281 295 75 129 0 272 77 116 184
272 273 280 159 246 158 5 171 34 136 64 58 268 259 260 181 69 228 282 50 160
98 224 283 710 203 224 92 85 146 71 295 146 64 64 92 270 133 295 164 271 113 229 137 49 113 6 26 205 279 24 221 5 46 199 3 266 117 143 284 25 145 15 220 172 176 28
118 172 122 4 130 221 45 161 228 274 126 196 248 286 49 182 109 62 295 263 48
45 88 137 283 289 383 178 260 216 135 25 166 5 178 149 290 146 264 200 244 98 169 64 95 31 149
3 38 46 147 196 279 286 37 142 201 69 185 198 69 108 44 279 128 59 271 49 289 24 177 35 229 133 339 23 64 73 188 243 80 129 118 46 237 211 92 162 260 194 69 228 3 72 5 14
126 204 153 28 81 293 166 255 205 201 164 127 274 22 249 85 186 95 296 42 138 105
