67 83 86 120 234 258 288 39 64 120 254 284 131 210 192 203 92 174 286 247 65 134 33 169 284 126 287 47 232 157 248 128
887 172 289 117 113 423 260 169 139 214 11 223 113 113 260 4 157 11 818 63 206 33 818
673 817 875 8 62 74 204 273 157 185 104 14 91 821 261 294 581 305 521 290 294 439 170 119 714 305 114 598
20 86 111 119 194 203 86 135 80 66 120 299 169 148 163 18 259 232 200 51 214 126 125 9 247 172
80 95 110 817 29 216 234 25 779 210 339 146 969 210 219 14 142 25 340 5 586 320 417 363 268 492 5 288 145 284 88 38 171 60 12 27 89 250 269 82 85 103 127 257 81 70 52
134 273 183 18 141 274 111 224 25 5 44 281 86 91 146 130 51 226 197 244 295 108
218 262 296 151 232 80 277 158 259 81 130 164 116 159 75 157 200 25 127 169 69 272 182
3 41 64 156 233 216 105 23 188 207 93 86 80 99 22 270 189 265 49 40 282 110 220 145 295
68 115 226 280 92 132 133 262 298 21 55 74 291 78 219 244 295 155 248 229 19 207 70
57 125 134 70 210 195 280 50 207 160 111 125 9 274 114 226 98 2 156 165 276 89 10
1 260 12 88 193 279 118 299 34 150 95 285 53 166 109 63 253 189 174 211 169
72 144 156 277 79 262 294 18 2 136 176 1 232 156 250 105 76 164 174 288 150 231 182 216
147 223 270 32 3 107 229 156 161 35 100 258 185 165 298 124 41 47 134 20 220 234 45
146 183 240 266 62 175 216 215 58 209 96 203 278 290 3 174 27 59 252 147 186 129 91
59 117 104 167 258 177 222 110 235 277 84 51 136 69 161 287 94 59 172 245 96 233
8 53 121 298 263 20 284 3 254 27 223 23 48 35 127 220 138 285 99 0 31 84 204 21 223 261 146 177 237 178 132 119 57 157 127 89 94 13 117 288 104 16 93 271
63 76 178 210 225 273 197 249 196 9 256 180 65 159 162 169 268 202 175 298 223 117 107 295 157 61
214 225 223 170 214 48 268 29 288 133 34 82 171 31 145 40 103 183 241 182 267 50
57 161 79 227 278 190 209 174 178 84 37 83 81 215 253 220 12 102 199 257 153
21 95 131 51 40 229 11 153 23 26 127 282 286 260 43 2 35 92 174 162 93 273 105
4 8 23 51 93 101 120 9 147 10 32 27 184 14 74 176 174 36 138 220 30 168 69 206 218 237 101
96 163 200 254 81 18 29 85 193 289 176 197 292 50 259 65 48 71 235 234 217 12 57 112
146 220 290 291 76 54 92 189 287 292 249 118 228 131 96 116 223 188 142 146 182 225 147 115 105 215 71 140 111 81 275 41 255 257 264 216 281 24 127 13 114 3
