833 944 39 44 182 4 289 166 157 894 714 978 127 818 449 139 947 587 24 216 260 870 122 423 223
779 871 67 244 532 167 264 286 86 90 787 347 546 507 679 803 928 786 944 68 449 202 994 930 38 900 689
66 159 206 286 86 90 787 347 546 507 679 803 928 786 944 68 449 202 994 930 38 900 689
120 145 176 246 654 719 719 540 442 540 281 162 162 281 401 516 320 516 569 69 719 338 31 439
30 87 132 275 289 792 297 279 72 165 279 686 295 526 250 915 276 378 837 297 221 329 250 146 319 3 3 120 138 295 120 159 213 207 247 663 191 923 34 24 74 326 362 3 247
80 144 47 184 1 184 184 120 119 120 10 161 144 99 721 157 146 105 216 63 235
17 183 266 1 248 269 266 1 173 247 44 82 233 74 177 3 203 92 673 864 120 362 152
745 46 73 131 259 51 109 142 206 260 224 268 188 203 44 176 120 122 188 287 174 117 72 284 207 241 174 207 86 216 38 157 272 120 156 177 25 165 75 155 31 283 171 255 183 87 217 216 30 296
26 102 115 267 223 32 30 67 186 93 127 200 10 31 139 246 178 122 296 273 254 65 249
117 231 295 95 161 181 223 230 229 287 48 190 190 48 48 297 239 64 256 24 52 258 80 227 153 58 186 737 76 13 13 13 97 93 93 717 128 658 419 289 260 742 43 170 206 125 324 540
635 79 144 183 275 212 10 203 124 60 8 151 112 137 83 0 245 216 190 181 196 130 280 164
1 63 100 192 105 275 245 66 242 38 253 207 214 280 282 123 232 285 116 228 56 135 243 100
64 181 271 53 149 176 94 15 52 70 130 209 84 91 38 121 6 289 194 259 33 290
89 229 291 132 217 175 198 13 151 103 11 36 44 30 42 201 230 223 281 208 111 63 244
107 192 255 262 259 93 261 139 142 150 165 178 13 67 97 175 290 250 220 79 269 166 51 176 253 246 149 250 78 51 271 143 94 121 120 37 233 66 248 16 27 212 10 167
79 118 165 259 98 20 77 129 97 207 169 23 152 273 291 50 259 156 222 244 123 35 2 218
162 281 155 238 148 230 10 113 168 39 41 292 61 149 295 174 276 0 272 5 91
0 169 206 295 149 138 290 275 190 228 86 81 121 183 205 225 64 63 77 92 233
149 279 51 231 256 280 70 3 133 3 120 177 3 70 244 252 684 52 61 268 186 83 58 297 142 257 136 177 40 67 68 171 240 160 268 133 86 226 27 25 231 217 253 23 283
110 279 247 178 59 211 237 108 286 196 191 234 268 291 38 66 13 240 57 124 212 214
240 46 69 260 144 59 133 120 152 148 193 25 68 247 221 262 218 295 215 268 232
56 161 159 228 101 279 287 670 229 384 36 860 284 597 433 693 854 475 207 50 112 404 280 189 583 999 147
41 136 143 886 229 412 575 662 109 263 785 950 80 413 309 354 448 541 102 826 559 122
29 72 94 153 223 298 272 235 235 321 642 55 321 250 997 298 321 889 188 522 90 949 851 351 52 346 235 234 245 52 175 25 65 94 86 29 13 56 100 236 298 16 28 26 251 67
25 113 218 183 69 103 151 152 196 241 245 284 226 60 264 84 147 195 260 97 278 180 43
217 280 257 204 77 62 243 91 113 284 78 133 101 255 55 72 114 162 281 245 152 147
56 91 235 247 275 71 21 194 274 230 201 91 292 151 140 279 126 40 7 120 24 182 150 110 223
947 79 157 173 230 295 20 280 79 113 291 194 46 238 0 236 282 287 233 131 78 35 138 54 273
116 179 26 212 90 287 170 232 291 175 174 120 71 66 201 15 94 51 18 119 178
61 175 198 135 204 177 255 129 159 176 277 32 160 222 130 108 220 207 136 15 86 127
14 172 176 114 42 217 132 275 244 3 245 7 47 221 152 75 65 24 160 14 175
91 187 283 174 234 209 29 165 78 183 251 71 82 292 93 9 110 185 196 131 81 238 117
141 174 186 189 223 107 244 223 223 18 107 181 261 107 264 251 168 178 225 265 82 723 218 87
9 85 160 164 179 210 254 136 282 188 81 233 17 218 21 103 265 3 277 289 149 253 167 113 222 185 209
574 134 192 137 217 117 220 181 41 190 172 104 155 253 185 114 111 163 92 94 295
5 152 284 250 134 204 68 177 27 73 103 116 217 18 203 207 283 31 16 79 168 23 45
716 22 52 112 244 57 9 78 26 140 5 67 131 120 165 72 126 114 62 73 12 113 139 221 86
2 130 237 297 132 116 237 158 269 39 28 7 259 78 139 225 50 101 168 20 120 180 241 155
255 259 41 21 48 249 271 7 55 170 290 27 92 283 203 121 193 168 9 258 141
947 20 24 92 106 139 281 53 107 196 26 287 23 100 216 62 247 64 76 29 20 133 222 268
163 240 185 104 288 56 224 96 106 74 103 184 117 211 206 227 125 50 239 272 204
456 7 44 51 53 130 249 250 257 58 82 59 64 224 18 128 113 227 284 84 187 62 93 94 81 198 228 299 115
98 129 180 211 256 52 73 240 288 286 291 208 68 59 8 180 194 178 213 21 195 150 16 245 89
4 168 296 232 173 274 146 18 286 81 116 51 183 276 254 194 68 136 54 210 106 205 70
29 32 186 163 269 82 58 118 3 272 288 27 103 121 239 126 252 184 16 180 242 33 65
574 1 8 298 222 245 269 52 114 294 187 23 262 44 259 200 20 157 250 190 268 59 246 48
57 128 196 246 209 101 39 90 226 74 220 1 2 97 180 127 50 298 37 244 111 211 261 278
125 175 223 249 287 159 30 234 154 188 253 230 168 163 98 248 255 92 224 113 104 145 250 6 281
1 6 191 29 188 199 272 185 117 281 74 234 170 208 110 205 219 0 55 127 259
10 258 270 292 128 235 15 56 214 16 145 270 83 192 18 234 222 55 129 226 201 81 107 58
117 250 78 90 23 35 261 95 57 149 165 121 9 208 27 219 281 206 284 25 249
15 69 120 192 110 60 292 228 84 288 148 157 230 21 220 192 22 242 259 170 258 73 25 158
37 122 254 294 111 56 169 224 56 110 227 219 48 56 48 48 236 83 133 70 152 218 82 213
36 114 220 268 74 66 129 139 228 85 265 54 76 186 40 57 109 237 92 46 203 118 205 164
54 81 119 234 266 66 204 64 149 141 32 239 228 240 53 136 47 146 218 63 145 89 211 16 282
35 188 264 10 63 74 203 269 136 241 11 240 9 280 171 159 120 91 167 208 194 209 61
9 70 214 236 282 200 141 3 221 70 67 243 88 92 288 226 113 178 123 60 22 61 163 281 180
59 198 202 106 255 193 260 187 143 251 120 127 298 55 228 110 169 104 205 296 285 33 178
104 124 125 267 143 106 296 32 257 216 214 291 16 254 104 18 280 219 284 215 28 30 0 132 69 82 249 162 215 22 101 20 96 36 42 259 13 196 295 23 227 31 17
947 56 215 7 227 43 216 249 211 133 229 279 46 83 176 27 151 85 162 61 189 14 268
33 60 276 129 253 159 91 50 54 103 278 161 244 194 115 92 105 270 41 1 138 146 254
33 163 166 201 286 174 151 171 113 66 87 125 93 61 282 29 20 79 226 211 82 31 104
41 153 265 48 59 64 57 99 241 274 64 173 241 64 296 919 28 442 62 999 244 448 87 98 341 323 25 100 261 167 248 189 223 232 65 258 73 206 96 228 264 246 128 263 75 218
664 76 145 250 216 148 11 241 150 60 72 49 230 218 295 90 221 158 209 29 2 225 151 234
209 284 28 82 97 286 102 73 213 192 100 138 282 112 242 2 29 177 52 118 10 8
947 22 44 55 137 66 1 225 215 158 202 181 208 103 106 227 221 133 201 8 180 244 190 258
15 28 66 91 105 72 87 78 111 269 146 246 247 215 162 277 132 248 238 245 195 65 140 189 242
38 42 53 111 292 143 31 33 184 119 276 60 234 14 96 10 102 18 203 173 163 141 152
98 190 192 197 213 239 259 152 287 230 158 12 147 63 210 207 285 67 203 121 284 200 139 64 168 8 77
103 126 149 154 156 207 74 127 229 79 107 273 263 204 275 16 258 153 291 143 41 283 71 149 132 101
207 157 261 82 26 89 115 220 65 120 58 46 170 169 276 195 59 105 142 107 124
18 139 299 57 102 93 204 115 62 75 226 284 95 262 278 50 270 27 46 23 274 287 65
45 235 240 120 16 62 94 94 272 221 62 272 21 94 80 278 328 135 854 226 247 4 93
90 132 158 145 54 130 456 133 228 189 156 36 101 91 251 237 226 299 82 240 62 143 157 2 178 43 97 37 169 69 162 200 113 285 139 235 70 180 78 131 126 123 194
664 44 111 154 155 287 53 119 271 221 105 78 102 247 1 161 137 35 260 226 181 278 241 112 169 136
43 190 217 261 254 126 256 299 137 46 291 170 70 134 53 133 229 181 162 129 75 118 250 208 120 297 175 165 294 122 90 242 81 23 251 102 248 258 87 85 296 76 211 40
101 210 226 275 112 33 222 134 120 213 247 175 43 236 220 136 168 225 295 94 299 49 64 26
248 175 147 260 215 81 291 35 98 71 88 216 129 212 285 232 281 287 171 122 114
10 37 84 103 203 83 108 197 281 393 393 290 203 261 287 74 281 674 28 279 80 448 323 62 296 888 69 204 284 122 296 203 299 227 238 55 92 82 283 74 91 144 42 251 245 9 16
89 146 265 173 159 109 165 167 0 188 274 174 146 120 80 178 113 71 157 283 29 5 99
39 107 120 214 280 74 181 96 260 210 288 222 90 204 49 63 109 212 8 5 287 27 252 19 77
96 134 231 289 291 151 245 9 85 178 59 234 205 54 293 73 194 37 294 10 242 144 267 249 17
71 129 172 245 79 228 215 295 45 83 51 145 38 94 216 141 91 26 130 27 285 225 250 57
22 132 293 58 265 251 144 156 167 122 8 179 276 192 67 20 51 181 292 111 166 202 213
104 265 275 72 115 242 291 294 179 74 283 87 292 292 179 283 87 282 283 90 128 16 157 261 62 299 257 272 153 147 6 298 196 88 234 27 209 195 241 42 144 278 98 5 75 120 146 178
159 287 187 281 80 211 11 227 240 180 83 105 78 201 246 53 141 136 132 58 265 155
100 240 262 299 53 147 72 266 134 256 36 106 123 250 12 159 273 196 299 78 99 15 19 154
159 208 253 297 178 237 263 167 179 37 281 283 215 80 199 103 12 156 29 279 18 54 172 23
185 247 62 232 34 52 20 80 110 172 200 148 196 288 53 90 189 265 136 56 253 210
47 230 246 279 84 259 8 210 107 28 230 2 159 194 1 207 240 73 170 115 5 140 44 201
66 111 122 176 267 53 272 286 113 192 149 96 289 47 160 233 276 269 142 10 120 129 139 264 33
99 84 21 254 37 240 127 64 123 10 94 87 128 190 20 166 275 292 239 115 130
947 125 263 234 235 90 145 104 48 247 168 297 25 138 208 74 2 239 130 254 162 282 102
191 222 276 25 238 176 112 12 137 280 296 292 210 95 167 136 286 160 175 41 81 244 236
113 264 104 161 265 181 135 213 234 202 144 284 289 51 102 20 270 193 7 38 226 277
18 100 149 179 252 256 12 42 152 194 6 76 105 299 290 112 210 1 144 132 170 96 75 151 68 208
104 188 183 298 255 268 113 95 70 134 163 222 161 37 218 288 78 59 234 154 260 18
57 113 189 247 456 292 22 456 22 281 456 161 179 12 674 166 279 80 87 244 741 448 323 296 275 888 126 219 242 78 287 212 26 245 95 290 165 150 69 118 3 263 250 220 103 258
105 151 174 177 203 295 7 93 15 15 183 257 183 257 110 183 273 55 257 128 237 257 272 157 208 299 251 203 51 6 215 33 136 156 148 140 10 44 135 231 214 54 216 192 294 124 30
2 182 189 210 215 77 205 244 263 38 20 97 34 238 89 127 84 193 134 58 122 109 55 147 57
664 26 180 155 27 223 278 52 288 82 252 66 15 200 187 244 57 1 16 265 190 164 77
237 241 48 273 142 57 240 257 244 230 40 288 253 192 63 147 137 135 292 188 90 207
113 239 269 31 47 270 258 38 72 61 129 179 259 48 197 62 23 115 17 139 64 230
741 47 208 259 283 64 173 96 160 106 81 104 122 4 200 137 181 266 41 230 149 291 34 42 7
51 52 82 148 252 267 130 291 233 295 129 192 122 256 162 28 83 154 244 234 53 1 18 176 128
10 11 18 44 194 230 228 236 282 84 262 203 100 247 150 109 279 40 123 145 57 103 133 267 272 297
119 33 21 89 37 208 30 42 216 135 106 169 201 114 229 132 276 111 227 91 273
42 77 16 167 25 147 265 64 9 101 36 261 119 299 217 69 206 21 158 75 282 86
18 139 170 235 242 20 182 80 234 149 215 170 208 196 55 75 85 76 142 172 61 277 253 134
36 133 149 73 132 492 262 73 41 113 492 30 276 116 94 95 93 999 158 282 80 226 247
191 297 111 297 144 284 8 176 287 257 20 205 288 253 224 153 60 34 142 227 113 145
161 391 70 81 103 252 216 220 15 17 24 227 178 239 80 265 153 94 256 230 172 118
14 26 27 205 59 20 80 140 288 237 211 111 117 244 281 135 79 219 194 158 121 150 174 22
177 206 291 147 191 64 176 55 145 288 2 28 17 243 197 289 80 265 252 272 173 193 0
239 282 93 194 299 148 131 492 239 173 131 239 296 98 166 323 279 80 87 442 244 239 999 275 28
76 94 159 265 966 10 112 112 966 21 966 289 10 278 289 289 82 208 157 128 143 91 237 90 209 107 174 73 295 194 143 96 267 210 76 256 217 98 142 298 233 100 61 272
8 59 126 147 247 44 203 48 178 40 190 114 52 36 171 172 67 158 227 68 214 84 226 182 165
143 185 296 241 236 166 78 132 97 153 94 129 216 26 17 283 41 240 295 224 259 16 84
70 5 154 138 6 58 0 93 222 185 203 202 47 211 280 128 137 235 292 158 228
67 119 169 77 217 492 289 217 77 7 77 7 75 4 164 94 263 226 854 93 226 233 999
199 243 44 246 56 215 268 50 100 244 279 5 298 14 218 183 296 172 76 126 87 213
39 62 122 190 223 104 149 31 200 124 140 289 195 269 247 103 229 145 262 85 101 182 139 54 27
52 54 68 83 5 253 227 246 70 80 264 157 41 43 56 123 182 32 93 145 153 106 7 120
1 292 142 129 25 51 12 85 227 80 283 52 36 30 160 60 292 255 199 249 26 117
198 249 140 157 148 71 34 250 192 294 177 130 94 238 21 197 271 68 143 190 299 265 109 262 269 184 181 271 202 297 44 145 238 251 96 259 179 58 42 295 146 114
456 6 82 291 263 13 257 127 69 286 81 219 58 193 271 176 213 94 180 288 26 297 208 37
166 230 297 96 299 85 64 273 2 101 128 156 170 213 249 74 61 81 205 6 16 274 239
20 66 91 278 160 37 146 124 93 289 222 86 140 268 251 266 11 144 15 240 72 103 273 141
20 108 146 44 252 111 191 294 197 227 62 228 143 104 97 115 98 101 165 155 297 144
56 94 213 287 88 211 286 98 143 137 70 72 271 93 273 101 287 261 128 31 253 228 86 146
234 196 254 220 156 135 262 90 283 132 71 257 264 31 200 73 126 190 224 101 28
114 163 151 294 274 27 111 279 122 170 104 157 296 23 197 198 0 139 142 8 115 217
182 240 111 131 177 37 116 35 30 162 249 96 144 72 43 173 83 86 60 236 259 127
2 34 169 183 123 290 65 174 143 22 293 258 126 170 89 156 253 246 142 180 80 182 166 188
81 99 143 224 271 90 1 233 127 1 90 90 1 999 393 4 158 247 972 93 95 94 278 80 164
185 175 128 284 233 50 207 284 233 1 80 226 95 233 393 263 164 135 854 4 55
11 13 211 201 147 73 16 281 113 252 86 175 132 88 205 78 115 154 250 45 66 89
18 161 208 272 250 214 276 27 292 49 271 116 101 286 236 139 122 229 202 133 131 98 297 294
35 115 164 247 275 135 123 299 121 134 43 270 37 296 184 47 59 205 108 105 112 97 56 109 279
38 96 251 256 167 217 248 225 146 80 46 29 170 183 7 142 53 196 215 161 193 156 220 125
37 51 83 163 170 33 127 221 268 38 116 102 93 27 193 63 20 212 297 148 67 259 30 266 150
141 39 91 121 76 282 8 211 234 124 107 280 161 249 227 101 149 153 204 104 146
101 256 277 290 260 212 21 174 31 190 261 159 95 47 221 23 288 113 236 181 196 198 131 51
66 187 246 260 282 232 59 53 44 286 131 242 79 21 138 163 20 265 278 270 223 142 251 74 125
49 50 121 163 192 213 256 257 298 36 206 239 37 141 134 61 75 39 18 273 105 90 68 163 240 297
110 158 209 50 93 184 127 218 229 210 156 242 56 272 45 109 85 108 27 4 48 75 284
40 286 140 155 147 102 117 65 27 81 276 105 257 89 131 243 97 128 88 84 43 199
160 165 167 172 186 195 217 234 284 33 126 197 197 210 84 33 197 85 84 33 402 402 257 192 664 604 188 136 67 181 66 73 160 96 143 217 48 249 273 219 257 200 266 109 59 136 4 24 111
456 43 121 136 255 137 19 57 41 236 207 187 81 14 76 288 129 127 289 83 185 145 104 143
26 40 75 95 134 271 1 200 208 76 76 152 152 246 167 128 128 296 279 229 674 888 442 239 28 448 999 166 275
109 132 175 297 61 61 248 279 139 279 137 896 269 52 239 7 336 365 202 60 125 602 258 162 143 24 55 10 215 240 200 203 37 188 60 98 166 253 12 294 197 232
30 36 119 128 263 442 250 232 78 14 173 178 5 122 123 64 154 236 35 264 256 8 266 51 18 217
192 101 133 235 253 279 140 140 297 139 247 292 292 269 120 239 225 336 602 202 7 755 151 365 144 281 82 68 125 14 225 159 187 162 134 157 246 161 269 98 213 256 156 148 74
22 280 442 972 8 57 57 57 972 221 827 8 15 221 377 209 156 5 749 374 771 964
664 117 143 226 127 153 273 36 37 166 28 15 297 63 257 247 217 158 47 196 159 198 82 103
284 266 95 128 211 106 111 69 146 81 167 94 147 156 254 298 126 208 4 251 256
28 39 185 279 266 79 125 96 289 138 180 12 38 262 254 2 152 299 197 18 34 145 161 132
42 244 109 147 24 247 195 43 29 135 87 22 92 17 217 32 27 124 245 290 54
44 73 94 252 145 179 67 39 47 57 291 154 147 259 245 18 243 278 289 194 130 112 44
90 139 298 89 212 9 65 196 279 144 177 94 110 98 233 284 19 134 165 16 253 205
66 88 101 286 75 209 22 271 85 281 35 143 119 67 280 253 104 234 179 262 218 216 68 254
947 104 189 604 789 272 56 768 272 95 768 101 88 974 135 328 694 93 278 4 393 282 233
55 121 254 20 59 84 95 170 129 17 274 29 120 186 222 165 210 249 136 261 80 279
19 207 220 44 181 196 254 221 275 247 248 152 245 280 26 69 130 283 157 111 81 207 269
6 159 162 199 20 288 281 266 136 97 259 253 163 251 168 113 90 23 274 243 195 294 122 254
122 263 126 150 35 45 292 233 71 247 270 117 7 156 3 267 37 275 152 101 93 158 291 245 200 187 31 13 133 13 193 187 13 151 221 167 155 188 289 138 22 275
11 93 104 173 228 250 299 159 259 69 139 27 118 154 23 220 128 216 55 294 200 45 51 62 150 152
26 39 63 123 187 78 280 144 289 255 201 262 100 118 271 99 221 246 34 145 248 148 96 260 273
130 201 257 224 164 112 194 7 31 270 3 217 242 108 254 245 126 291 239 279 153 63 102
34 39 129 106 297 46 65 83 296 232 217 274 271 8 112 255 79 16 137 226 154 53 238
138 240 106 50 146 67 6 204 77 70 294 205 18 198 280 0 75 131 238 1 63 246
79 81 166 187 277 25 85 268 152 241 32 92 192 5 129 189 15 36 121 288 7 40 243 144 155
86 145 190 192 291 261 140 167 6 268 251 49 229 41 8 35 273 204 24 270 285 110 48 43 250
3 41 85 124 197 234 85 84 155 33 3 254 291 234 169 38 295 108 179 236 156 131 203 65 185 103
456 143 132 228 252 153 98 102 201 141 28 296 36 210 105 90 93 180 30 207 130
18 157 56 33 50 151 162 238 299 146 101 65 164 287 171 37 221 1 288 41 160 252
17 59 72 664 59 126 166 191 238 132 132 37 201 220 628 513 628 289 4 132 186 655 230 148 51 32 74 513 242 226 222 281 136 40 240 282 132 16 57 121 143 52 204 263 124 147 120 130 17
10 35 188 291 21 295 155 250 255 93 66 69 252 76 148 246 64 224 165 159 90 160 33
218 251 8 161 81 171 154 48 74 190 5 13 55 183 45 111 118 122 123 40 288
204 287 15 88 89 117 53 56 281 170 75 238 227 255 239 129 210 287 118 83 100 3
36 89 103 55 137 245 170 177 25 23 9 67 63 217 274 263 27 90 109 61 215 142 185
574 221 271 214 244 247 221 751 928 332 928 751 571 674 87 743 279 448 229 239 28 244 275 442 323 75 116 192 240 126 106 225 205 232 269 93 201 254 151 92 91 247 102 9 148 4
16 163 230 296 186 108 151 241 243 75 137 142 230 14 140 98 26 283 217 100 256 120 225 199
134 139 184 196 132 113 257 178 226 275 45 241 100 153 175 217 224 282 43 249 287 262 78
456 789 45 169 202 232 289 78 5 117 191 62 44 199 164 135 49 268 234 221 233 269 249 146 254 143 257
59 202 220 57 104 118 213 27 27 472 928 187 928 187 221 177 183 296 448 62 80 239 999 279 888 275 87 219 263 97 78 28 230 66 120 295 92 296 212 214 149 2 262 0 148 68 6
37 94 120 221 262 284 63 208 105 101 187 228 64 129 290 36 75 29 231 172 192 17 131 173 54 135
71 118 196 241 156 268 299 306 306 250 58 306 503 306 74 445 250 58 239 227 106 867 292 166 113 60 108
141 144 166 236 932 888 888 888 722 888 831 722 722 117 983 23 108 360 17 26 261 258 109 197 81 27 106 80 68 10 79 112 34 126 273 253 140 164 242 8 108 115 147 50
49 77 120 456 59 214 289 192 192 102 51 51 205 674 999 229 888 62 69 244 239 75 743 323 275 28
12 98 998 58 998 738 136 375 601 238 136 57 978 75 59 974 139 998 113 227 60 106
751 862 87 158 160 235 241 278 888 906 490 64 906 490 157 490 837 375 166 449 197 672 360 983 235 109 23 261
17 204 259 279 409 409 37 145 442 409 521 659 145 521 22 696 264 51 217 26 216 290 195 201 134 31 283 28 63 210 8 36 112 104 24 155 299 224 136 189 93 77 96 297
10 186 206 223 456 5 73 172 283 162 210 315 210 162 162 363 363 520 285 257 246 38 101 225 64 207 182 180 139
477 21 62 188 976 976 206 96 135 685 685 685 811 73 305 288 37 562 927 520 244 729 157
862 32 244 298 60 60 442 91 442 178 29 60 183 21 275 97 55 56 17 93 839 14 140 72 75 18 185 171 174 89 227 288 107 31 201 222 28 55 285 59 9 17 139 210
664 169 239 738 635 57 164 114 978 10 267 738 195 59 998 192 227 75 974 108 122 113 1 100 175 76 259 275 232 247 124 230 13 57 155 216 144 295 256 128 254 70 168
101 176 243 282 170 268 141 149 172 201 205 279 12 381 227 39 135 687 859 768 175 732 333 173 753 400 152 858 235 430 413 374 203 240 29 194 140 7 170 186 134 121 172 298 176 8 71 73 276 154 268 106
519 189 289 78 236 132 490 305 76 65 333 12 616 133 184 920 593 47 616 814 164 132 76
649 134 243 392 713 162 278 236 236 28 624 260 442 289 599 599 832 289 599 608 480 686 833 304 382 329 468 2 66 74 208 213 19 129 296 81 60 112 168 172 247 228 176 232 217 270 52
527 147 113 31 164 53 90 228 40 210 59 157 33 285 238 45 123 104 291 136 146 243
77 124 188 201 247 254 713 890 94 152 441 294 53 183 183 17 257 294 220 843 620 25 93 87 773 243 137 244 153 233 888 209 291 217 287 259 159 109 279 127 139 137 1 82 3 253 53 66 296 99 225
19 40 61 87 221 247 115 2 108 201 119 93 130 236 79 171 33 81 282 44 21 61 250 140 8 101
49 52 90 213 251 236 9 158 205 235 225 111 132 234 137 258 223 295 212 210 262 267 190 276 211
128 176 116 57 67 48 288 71 248 194 236 253 281 59 258 168 171 82 207 162 32 159
63 64 84 108 166 191 208 283 89 128 233 230 179 255 87 209 189 98 265 249 184 16 91 141 113 199 263 27
289 125 246 296 262 232 13 59 269 19 50 128 134 241 138 279 124 6 282 208 177
457 167 231 18 181 292 299 299 23 287 272 299 31 299 287 68 265 212 299 212 197 102 192 53 370 261 159 56 166 194 211 122 253 94 72 190 58 251 234 31 173 81 39 208 176 201
150 915 21 81 156 286 88 88 150 215 150 99 99 165 150 219 569 537 121 274 150 263 46 191 83 121
527 43 29 185 219 125 290 185 185 271 569 537 121 274 150 263 46 191 83 121 299 228
57 73 99 268 139 1 202 139 139 225 245 139 225 95 93 206 44 202 206 121 264 217 123 292 76 58 63 283 1 67 93 215 184 99 233 180 278 287 168 128 44 246 105
74 124 205 273 44 79 104 262 123 187 64 83 253 93 291 12 270 157 237 265 84 102 190 4
527 30 32 117 242 204 144 103 18 232 298 115 29 208 287 206 104 91 252 277 129 76 261 34 251
72 169 95 289 261 196 104 211 196 211 180 261 179 52 35 537 121 274 150 263 46 262 83 121 134 77 101 35 199 45 286 71 22 216 72 14 56 103 106 178 232 37 236 55
5 252 161 22 143 105 168 113 117 28 222 37 292 25 245 232 98 191 264 39 44
8 160 276 240 113 177 185 151 197 244 95 292 88 144 31 174 205 159 32 97 72 261 215
5 6 22 100 197 248 153 238 254 36 55 115 170 193 170 52 52 170 52 52 35 204 121 274 150 245 46 262 83 85 299 58 91 11 16 8 248 96 155 44 212 12 239 55 107 229 98 180 188
23 99 128 205 237 275 89 187 8 248 119 31 38 267 273 120 130 108 259 15 285 51 217 149 288 67
126 146 202 243 179 186 109 150 52 164 117 61 274 178 79 270 192 189 107 33 257 116 24 127
98 120 222 57 249 11 67 232 204 207 23 147 146 226 141 90 32 100 278 53 211 255 254
114 229 290 169 293 102 172 219 164 142 238 110 143 68 276 111 59 10 109 84 234 71 242
14 72 189 215 256 129 205 215 226 236 53 69 252 94 105 65 287 197 153 29 34 98 172 142 206
457 233 57 49 235 290 35 116 234 53 283 262 143 154 78 41 257 212 167 75 5
201 222 159 40 13 67 156 229 64 52 210 56 21 244 195 48 94 120 108 219 137 33
34 184 216 90 170 22 186 10 16 54 182 160 14 223 296 93 163 272 213 94 20 181 268
20 49 103 128 145 298 132 250 93 88 221 47 104 45 110 207 243 98 79 83 272 27 17 288 290 285
69 183 254 151 7 87 125 79 165 132 133 271 227 226 160 231 53 34 220 42 0 255 154
82 164 291 290 216 283 82 40 79 119 247 284 59 31 71 98 220 131 251 99 278 130
39 55 58 74 166 198 241 46 274 139 252 94 283 248 294 127 217 66 41 175 226 108 296 145 147 70
78 177 202 147 112 28 256 11 242 40 236 27 165 295 101 277 80 183 194 29 230 282 41
0 60 201 291 281 96 141 122 86 244 214 84 67 273 259 128 251 180 94 36 14 275 209 169
111 146 153 226 192 257 208 104 40 166 100 78 187 284 117 91 168 145 50 95 4 231 175
836 40 66 42 250 206 19 196 256 229 299 94 39 216 56 210 97 47 123 260 234 53 230
527 649 86 98 122 214 293 136 87 240 65 160 91 110 17 126 50 179 88 191 6 147 152 129 120 116 211
457 96 193 237 269 231 157 207 120 26 2 228 254 76 257 177 217 41 29 201 149 285 104 246 211
266 457 213 269 59 196 213 193 59 265 193 196 213 171 76 216 870 169 979 79 55 442 253 113 107 232 276 83 192 170 299 139 228 41 100 250 157 71 138 168 52 12
23 31 181 205 221 73 200 256 292 292 263 27 27 292 27 27 285 222 18 68 265 212 299 212 71 102 103 53 222 8 255 89 241 58 123 30 34 82 77 137 176 227 184 109 81 148 269 219
36 85 112 222 238 243 100 108 164 70 62 14 183 280 5 50 78 258 30 295 38 193 127 297 107 148
271 285 293 16 256 191 292 210 126 156 3 85 262 117 8 175 184 261 241 58 296 4 118
2 24 94 212 109 133 263 86 40 86 24 291 86 123 68 265 212 299 212 71 102 103 53 251 179 23 16 232 169 103 4 20 3 173 65 8 83 249 124 101 111 87 283 31
124 159 255 35 70 4 178 116 23 214 184 53 200 129 204 276 267 74 127 5 161 188 243
132 219 225 254 282 121 72 175 219 99 230 227 236 39 274 46 16 266 129 32 27 154 107 190 12
452 23 63 158 236 56 238 16 111 194 68 81 74 290 213 162 28 245 115 95 136 140 128 186 289
17 35 210 156 268 231 291 132 40 61 129 139 159 83 48 262 239 4 101 47 229
649 49 152 223 257 274 223 171 176 131 285 210 280 37 256 180 243 172 233 253 84 136 231 106 194 102
26 281 23 19 173 281 140 38 214 244 234 296 270 122 162 219 217 258 210 230 137 80
24 44 293 70 272 299 264 260 103 138 57 243 95 33 5 193 228 233 282 167 146 192 59
713 115 127 262 93 12 168 79 278 172 122 269 234 81 92 189 299 68 279 64 281 239 292
649 3 285 62 225 64 202 67 104 177 198 130 93 287 142 216 139 58 21 258 56 236 66 225 162 77 199 62 187 203 117 69 53 155 97 142 78 170 9 59 269 211
2 109 189 279 161 167 278 122 271 219 250 122 250 33 8 8 8 268 8 68 265 212 299 212 71 102 103
62 167 246 116 26 116 204 37 152 290 7 204 121 274 150 245 46 262 83 121 299 234 161 218 24 49 197 289 220 126 263 120 1 99 140 198 244 226 208 228 173
56 256 138 75 149 86 173 169 296 116 240 291 181 215 154 42 270 69 46 83 39 99
112 146 267 202 174 40 63 159 49 36 237 21 50 169 79 87 181 199 0 20 164 171 93
836 131 221 267 296 55 43 162 26 25 98 211 21 72 137 181 34 99 173 176 299 160 68
2 210 49 5 82 168 173 207 125 96 222 21 180 89 91 156 249 74 259 90 102 175
126 194 230 252 113 227 175 133 170 137 181 250 172 266 139 58 79 3 159 247 129 188 127 246
125 155 17 116 136 272 258 98 70 69 164 80 208 224 220 15 209 289 160 244 68 206
80 135 181 200 78 296 139 55 9 236 14 157 31 57 267 125 194 16 118 214 215 97 282 101
713 2 9 90 99 141 243 227 125 88 42 99 155 186 68 238 7 175 27 15 162 263 48 0 256 232 221
32 91 108 212 273 210 7 31 207 257 229 136 86 63 188 26 180 15 84 173 39 130 23 254
457 8 73 98 210 267 98 191 33 289 77 265 263 185 97 152 3 290 121 164 260 14 82 203 296 128
160 256 188 118 214 226 63 115 95 56 45 222 207 267 155 134 204 10 35 219 71
713 49 159 239 122 16 271 190 43 22 215 60 108 161 83 56 259 169 44 139 163 243 125 286
36 168 30 89 275 43 77 248 104 46 237 208 159 140 279 289 230 235 3 184 280 129
457 174 49 30 218 143 149 219 79 130 117 238 112 197 40 108 157 144 223 146 295 6
84 116 159 161 278 220 243 291 225 227 151 215 119 297 264 20 58 105 106 208 157 95 296 93 61
37 69 110 113 129 130 211 101 282 9 195 120 148 240 188 158 253 288 159 162 200 222 160 196 119 194 242
31 59 221 231 154 73 108 146 230 236 54 206 273 64 160 245 267 297 249 298 149 197 167
34 142 158 203 268 2 92 1 7 111 56 291 91 93 154 45 124 247 27 104 31 65 242 130
649 141 246 60 274 210 181 52 214 232 28 157 194 187 113 288 123 130 156 150 273 56
123 238 259 82 138 229 26 257 257 26 257 26 73 46 68 265 212 299 212 71 102 103 53 251 19 170 29 208 248 275 184 166 17 79 143 270 62 132 90 12 245 32 135 206 219 26
171 223 153 105 74 291 81 284 140 186 109 124 203 287 255 166 47 169 30 126 141 202
50 189 222 263 291 268 63 64 273 233 79 213 199 197 195 103 250 292 36 266 7 138 121 179 218
53 74 133 42 220 237 146 241 10 69 56 273 205 109 24 144 72 64 54 3 213 292 299
70 73 83 132 149 273 292 246 249 191 17 164 238 283 169 299 62 130 277 101 239 153 131
14 72 127 136 252 120 34 9 118 17 60 208 26 278 45 266 7 272 158 27 41 196 197 206
149 181 287 210 34 28 178 167 295 281 240 208 103 250 288 224 188 192 164 299 259 107 24
64 81 103 284 264 245 83 124 34 74 151 197 257 19 98 75 107 80 131 1 220 113 89 189
105 142 95 214 96 181 75 215 226 248 168 93 140 167 184 148 280 86 92 112 209
649 238 15 160 27 103 28 31 163 193 268 100 257 227 198 182 91 43 72 215 8 238
527 32 159 168 256 54 144 131 23 247 155 89 18 192 273 217 67 231 167 105 109 245 117 140 242
141 125 28 216 197 158 289 103 11 14 182 105 214 199 170 160 114 259 168 95 16
112 79 223 167 297 270 277 146 248 100 119 254 215 23 128 50 257 42 110 290 3
53 65 90 126 174 208 189 127 159 284 133 138 117 41 56 63 220 264 233 48 90 231 104 83 105 207
527 9 21 77 145 290 122 160 190 189 166 297 170 207 146 251 266 274 260 259 99 109 30 206 276 12
64 174 23 13 71 28 112 198 283 110 251 263 79 247 179 111 53 38 218 24 217
134 174 68 95 163 7 90 219 106 266 62 212 145 261 249 123 144 127 269 252 157
28 88 93 203 58 167 282 118 196 48 85 173 244 52 75 202 13 230 115 109 195 41 83 112
137 192 163 219 101 18 6 70 20 277 52 255 51 99 238 157 229 265 270 240 242 32
713 162 294 254 264 285 250 277 13 210 119 142 172 161 288 16 209 199 94 91 9 266 120
23 110 111 248 250 258 10 126 80 219 268 297 270 277 71 170 24 269 181 70 165 167 298 59 237 138
649 73 295 131 268 257 71 224 220 32 146 17 124 116 249 246 196 67 136 112 236 81
112 186 246 253 109 259 258 185 283 191 270 73 290 102 36 116 147 251 41 150 23 59 210 133
104 138 157 246 242 11 167 258 106 179 260 187 273 37 175 123 218 26 102 221 279 191 297 40
161 291 89 0 224 158 299 203 294 82 281 202 272 187 92 234 125 101 9 292 212 254
10 26 45 109 204 250 278 160 282 204 218 43 140 166 49 214 234 0 26 199 47 246 10 155 14 115 46
457 77 112 155 171 231 290 21 140 226 202 104 293 186 260 172 148 224 20 110 68 246 252 299 71 238
37 145 226 263 44 35 204 80 3 36 204 263 204 84 220 8 634 22 93 0 155 887 137 244 118 299 32 11 222 164 220 248 0 80 203 94 113 90 8 229 217 52 290 14 112
206 263 202 172 298 37 61 170 212 286 8 48 149 160 88 291 155 247 24 29 68 185
78 190 272 86 84 84 84 84 158 36 139 129 139 220 8 634 22 93 0 155 887 137 244 118 93 198 222 123 22 89 290 26 191 220 61 138 166 239 133 210 95 272 278 295
34 87 198 146 30 49 33 126 3 104 74 271 188 29 56 207 95 148 37 111 156 19 224
102 243 264 223 255 36 139 217 36 35 36 105 35 88 220 8 634 22 93 0 155 887 137 244 118 234 25 75 297 248 207 288 178 250 99 13 231 124 281 49 40 249 166 139 33
713 836 122 168 251 203 94 22 203 22 152 22 68 265 212 299 212 71 102 103 53 251 19 170 153
27 84 108 196 207 226 99 226 7 150 150 226 7 22 226 7 68 265 212 299 212 71 102 103 53 157 148 82 95 178 292 33 279 67 250 164 219 267 270 259 57 46 68 41 81
43 108 127 176 256 284 216 196 51 3 99 117 101 140 34 220 259 159 85 217 72 215 183 167 126 287
10 86 246 116 258 120 35 249 155 285 32 238 135 209 74 95 279 247 138 144 53 154 187
105 79 96 78 296 223 94 120 249 45 37 125 235 27 196 289 30 124 264 38 25
102 152 173 277 80 8 194 261 96 69 235 191 185 199 156 202 33 85 167 237 151 290 22 175
132 256 297 220 203 89 203 297 152 203 68 265 212 299 212 71 102 103 53 251 19 170
61 70 208 66 66 219 119 8 234 214 66 214 214 7 204 121 274 150 245 46 262 83 121
83 93 95 297 152 240 152 51 32 93 203 152 68 265 212 299 212 71 102 103 53 251 19 170 12 9 115 291 75 167 140 231 185 175 54 7 22 95 208 191 146 46 173 42
26 67 256 160 292 99 81 90 153 11 242 218 181 28 58 208 290 20 192 130 203 67 89
233 166 137 220 51 181 60 59 75 96 176 145 157 88 36 38 91 62 125 4 57
79 204 242 263 286 232 142 227 161 121 178 115 273 226 241 257 62 187 49 31 269 173 254 191
527 18 31 139 219 84 100 236 127 61 99 224 119 185 263 114 120 106 77 92 225 162 218 105 259
836 30 101 251 179 289 7 248 221 104 261 222 142 108 169 42 285 152 50 185 244 257 57 68 143 88 99 65 169 122 54 8 108 4 215 21 51 276 132 142 46 74 205 125 9 177 95 68 61 262 53 58 196 96 198 234 241 223 195 54 181 48 70 100
99 198 228 244 279 216 200 121 294 181 14 13 174 30 126 79 195 104 189 21 114 167 214 266
3 11 65 71 88 91 204 216 256 218 257 91 290 45 61 174 175 268 244 85 118 3 96 20 72 41 233 97
0 145 212 120 271 280 252 84 133 91 51 155 194 105 172 215 213 39 169 285 175 274 295
98 188 527 713 0 243 278 278 0 162 162 61 218 215 242 7 204 121 274 150 245 46 262 83 93 46 198 203 143 217 296 14 271 88 291 52 53 180 192 102 259 141 155 150
2 13 54 227 2 280 44 250 259 177 192 283 164 296 257 99 64 254 157 79 40 134 224 219
35 46 51 230 260 268 289 33 293 200 196 46 280 171 18 57 209 167 236 130 95 116 216 263
234 17 166 200 249 96 157 96 162 32 242 23 157 66 190 68 265 212 299 212 71 102 103 53 251
870 64 258 276 32 277 242 241 242 165 140 157 291 68 265 212 299 212 71 102 103 53 251 19 50 254 246 288 148 143 44 16 265 146 125 213 185 21 25 279 201 59 115 269
189 295 263 119 155 196 276 110 181 171 57 42 90 26 298 114 166 233 35 229 269
21 175 222 277 275 125 239 250 84 246 76 184 130 295 222 158 168 154 215 0 39 141 62 116
713 154 264 256 59 142 85 53 51 226 90 227 20 158 291 83 124 94 105 267 277 260 143
18 22 149 197 189 261 118 118 86 207 11 118 260 207 11 220 8 634 22 93 0 155 887 137 244 118 279 158 21 219 98 10 228 137 97 108 19 186 214 207 220 94 87 123 252 286
60 62 172 209 293 175 135 167 21 52 62 140 129 151 86 44 220 16 229 163 185 71
457 155 166 176 292 93 92 230 227 195 236 272 209 232 299 19 72 21 250 150 192 3 133
20 234 293 259 200 275 126 32 263 115 189 55 236 170 248 188 109 20 119 243 68 50 289
44 175 236 92 174 105 296 293 226 130 206 122 183 51 34 135 134 210 129 177 203 280 266
184 212 233 256 264 133 87 170 144 136 92 134 107 277 75 255 26 289 210 66 88 284 257 234 151
119 222 276 159 90 15 237 292 299 96 179 168 42 59 193 224 214 156 64 176 97 106 189
77 106 132 216 236 250 165 291 266 16 128 70 23 168 27 30 173 286 45 174 175 194 224 1 148 167 39 101 29 41 150 207 69 218 286 59 289 70 88 202 61 225 281 122 174 74
53 129 181 28 37 117 231 267 3 236 201 236 165 256 3 236 68 265 212 299 212 71 102 103 53 251 19 170 100 75 202 161 214 35 16 189 111 99 227 10 38 60 98 162 228 70 178 145
457 24 35 51 66 192 130 128 291 252 294 79 65 197 249 116 24 242 23 21 298 71 208 98 141 230
667 57 77 230 100 164 259 204 185 193 230 169 54 64 162 3 151 214 281 61 181 296 22 85
67 112 148 32 200 143 215 296 22 284 209 186 26 114 279 227 210 24 48 244 98 176 164
50 140 234 268 153 62 88 5 282 273 14 139 260 126 127 73 124 200 31 57 33 105 85 78 103 89 39 212 52 172 12 150 260 93 113 129 200 6 112 227 55 53 196 254
836 109 266 280 299 242 174 170 59 132 127 183 149 100 25 151 227 244 258 30 198 87 202
28 101 229 270 211 40 56 275 194 254 48 20 252 247 90 152 201 257 232 75 144
236 17 283 243 5 115 258 45 94 148 213 242 24 185 280 244 72 276 240 206 69
12 37 68 130 268 116 44 214 251 134 41 162 263 255 250 271 215 6 35 141 264 88 261
1 86 175 267 135 125 109 208 29 175 232 237 207 220 283 61 266 94 284 299 148 173 42 23
106 135 179 273 8 17 39 15 84 4 57 167 253 213 152 292 210 81 158 37 155 0 181
457 71 174 179 283 260 287 275 6 47 189 61 93 64 220 107 131 146 69 152 295 188 3 76 17
84 244 180 161 213 194 47 75 239 271 31 225 151 59 138 247 55 294 152 234 96 51
223 296 174 114 274 296 88 164 100 54 116 215 273 167 15 36 21 238 44 158 8 270
42 67 98 155 244 272 243 197 180 25 71 226 38 254 132 3 20 116 120 223 150 230 126 82 104
79 269 152 69 75 178 122 226 293 41 114 61 108 297 40 95 130 97 245 281 230 63
457 13 54 179 284 163 238 206 53 58 245 144 238 220 8 634 22 93 0 155 887 137 244 118 427 170 219 84 156 8 195 248 96 15 262 252 188 179 201 70 214 249 205 5 111 194
10 48 89 130 215 95 17 202 173 285 71 113 228 263 223 163 141 56 22 193 102 250 214 189 179
67 77 197 71 44 161 289 90 297 103 189 290 65 133 177 224 192 28 12 96 184 270 284
649 67 200 265 75 230 197 296 179 64 256 209 123 58 298 299 180 19 257 297 25 151 162 80
16 91 106 207 34 39 94 219 282 13 142 75 284 83 238 95 157 172 115 151 200
4 93 296 184 62 119 21 59 288 69 269 186 183 55 25 206 199 234 292 66 120 30 171
1 140 144 265 268 241 238 21 94 32 96 3 65 90 283 118 151 140 10 159 195 256 107
19 32 96 176 183 162 147 164 184 81 235 79 153 249 186 166 14 132 148 143 83 97 260 198 108 192 206 32 109 225 264 200 27 243 92 67 78 77 134 35 224 7 96 248
457 16 111 185 240 154 137 160 82 189 178 169 163 13 271 291 239 26 276 242 25 72 159 267 227
57 127 218 221 242 276 163 113 95 296 48 188 79 282 55 196 166 50 179 192 9 226 235 33 183 77
148 50 216 9 54 35 71 217 132 67 2 123 199 230 169 167 232 127 290 168 197
113 109 134 146 239 281 175 782 48 781 48 781 59 59 182 7 204 121 309 150 245 46 262 83 121 782 56 35 186 19 285 145 123 120 158 69 141 292 182 255 185 203 289 247 91 199
99 194 44 103 147 250 293 159 756 71 87 813 70 40 813 813 70 68 265 212 995 212 71 102 103 53 251 185 90 5 166 204 200 285 22 163 43 286 28 106 55 29 244 143 7 290 53
69 109 250 130 135 184 196 34 39 94 112 154 585 489 474 80 820 357 809 124 918 886 258 23 613 473 238 393 512 201 456 909
41 204 767 297 924 695 687 364 914 566 61 514 427 98 985 942 416 655 649 587 857 464
53 184 193 296 271 274 79 271 213 274 248 337 129 248 214 231 91 312 161 274 79 145 285 296
242 254 68 129 129 74 512 68 48 206 206 104 206 149 293 201 238 71 474 357 293 201 80 583 172 583 788 275 172 215 441 68 321 416 857 214 843 788 712 268 71 261
21 79 171 183 121 474 82 999 775 138 920 982 956 862 655 131 331 10 300 958 958 983 958
44 231 290 268 7 258 50 150 43 185 43 50 80 804 693 10 866 144 185 81 268 98 296 9 166 299 115 250 200 60 267 36 51 138 208 40 153 188 281 54 245 158 236
104 202 160 225 17 186 50 233 69 169 247 259 181 108 10 175 215 32 235 112 290 75
0 85 244 253 7 18 58 254 7 164 15 15 250 250 185 109 250 182 112 745 219 125 77 287 250 188 143 138 47 226 95 188 204 295 88 199 218 148 146 167 153 48 215 45 216 237 20 4
17 25 108 153 78 41 183 220 296 191 292 190 7 265 168 266 170 27 224 259 85 106 187 194
798 24 177 261 187 42 11 284 206 48 139 296 62 113 201 217 228 254 20 186 234 288 159
140 17 78 177 135 235 238 54 160 69 279 173 258 125 119 203 212 166 129 79 41
64 262 169 121 53 147 11 58 137 254 46 162 198 174 190 171 73 266 157 159 106
4 25 281 32 216 226 224 253 162 28 220 84 269 65 189 268 107 56 234 70 75 98 73 203 232 121 253 60 96 144 274 15 66 191 1 153 262 231 265 80 4 73 39
4 55 59 129 168 237 204 181 68 153 34 101 208 96 167 112 70 93 49 211 48 155 123 21 3 220
149 152 2 9 29 97 201 261 178 160 123 271 160 6 16 158 227 12 456 35 271 12 95 282 293 136 238 935 132 289 70 176 222 204 2 120 216 198 16 196 104 3 269 163 23 257 278 268
62 122 176 276 297 124 82 274 203 43 89 196 190 10 230 54 65 225 184 262 294 266 28 116 3
25 34 95 253 259 224 48 255 45 14 27 68 194 2 151 117 100 275 10 96 74 31 159 71 150
979 82 99 172 186 189 53 31 119 11 177 166 217 197 156 74 44 293 296 94 106 150 38
958 153 187 236 798 10 232 102 47 113 249 113 249 273 249 149 76 741 102 305 213 155 285 63 5 215 271 96 208 239 177 174 219 156 229 8 18 255 154 199 70 64 144 184 264 140
160 74 281 298 183 222 16 144 154 44 49 241 250 268 59 225 187 282 35 240 22
30 48 130 211 274 158 113 196 199 117 44 74 93 189 32 10 156 125 270 38 174 130 216 164 48
170 266 43 89 170 146 215 9 25 155 12 199 192 246 273 57 299 145 11 99 207
66 181 206 226 124 246 224 216 205 129 104 7 99 70 32 265 298 22 222 28 146 283
73 89 102 263 84 192 182 234 61 247 215 285 262 51 79 270 129 177 213 229 187 267 281 72
175 213 279 283 83 136 220 85 93 33 163 50 128 155 215 269 64 86 50 217 73 153 253 737 262 142 202 243 288 257 216 121 151 296 246 78 173 144 135 94 264 3 227 263 37 225 51
14 43 85 116 216 97 62 39 186 151 183 206 288 104 18 174 138 69 67 4 217 204 64 271 262
79 166 191 249 46 273 212 71 293 12 230 86 6 254 33 152 52 197 245 64 181 257 74
113 123 282 197 98 188 149 287 15 66 276 151 1 50 4 119 73 272 239 85 67
30 179 179 7 70 136 285 70 179 795 125 48 117 133 58 161 689 740 278 297 103
166 178 201 229 284 78 276 57 95 272 14 161 243 199 38 238 160 48 1 129 122 288 278 216 18
261 263 68 18 208 57 276 272 82 47 199 49 55 142 112 283 292 220 180 89 206 64
121 147 58 287 94 233 109 86 235 122 89 88 85 69 59 179 220 260 210 66 242 170 151 147 286 158 40 215 87 193 256 174 249 78 299 142 218 217 41 129 166 59
196 231 126 242 268 268 238 94 270 98 117 238 755 39 127 165 259 92 120 252 51 285 124 126 103 157 24 163 282 34 180 158 243 162 45 67 58 155 270 100 253 20 149
63 86 141 163 169 226 237 251 274 226 119 180 219 64 176 246 151 173 145 63 99 140 178 164 158 17 245 196 29 172 199 294 70 117 91 222 64 145 49 154 7 156 163 48 223 151 124 190 128
5 200 228 34 249 134 142 106 55 118 80 209 137 277 30 65 294 182 101 124 202 174 41
25 100 206 68 178 211 205 52 71 29 74 255 293 177 206 15 117 283 88 274 161 288 59
3 6 15 132 249 238 18 2 156 281 144 198 219 210 259 136 31 126 158 78 27 97 258 131 147 189 200 96 108 17 297 148 237 190 51 98 156 34 231 20 248 125 87 113 220 101 218 96 74 119 153 78 107 41 291 68 112 211 181 139 52 77 163 265 144 272 17 268 71 165 35 68 102 243 153 215 290 47 48 174 156 13 253 209 84
41 90 101 115 708 148 375 660 223 148 660 13 533 146 112 222 18 190 133 11 633 56 138 288 166 187 286 132 280 74 263 213 197 186 268 237 20 111 234 48 34 69 88 27
5 33 163 192 194 297 113 232 19 223 59 296 196 41 139 187 132 26 248 233 281 33 108 120 7 91
77 238 272 298 147 57 143 167 46 188 279 173 17 98 181 155 59 288 52 268 144 76
40 129 85 85 175 3 137 225 178 442 85 12 133 146 18 120 56 138 190 12 222 633 100 51 215 41 285 27 247 19 298 117 148 273 123 141 192 33 162 242 206 169
27 292 296 278 5 122 13 264 237 244 211 185 205 38 146 65 221 191 79 275 78 182 253
8 69 112 121 12 183 102 277 10 121 199 4 27 211 165 80 131 95 120 231 96 194 206 175
21 110 113 155 206 287 14 92 4 240 100 232 243 213 6 180 135 76 144 125 210 273 151 255 250 280
16 281 128 285 180 294 242 160 70 127 49 199 1 130 196 204 124 145 185 39 271 82
91 134 165 42 254 134 272 101 20 283 96 161 11 258 166 64 238 156 125 194 270 264 213
55 184 224 258 22 21 94 63 5 74 207 198 218 278 288 111 262 43 204 239 112 118 17 77
958 4 110 172 277 204 65 224 113 87 21 23 43 50 29 220 154 76 141 223 3 205 212 79
12 18 56 147 283 287 31 39 90 37 153 240 108 45 161 191 11 181 201 140 41 226 143 64 9 212
197 192 79 60 64 274 241 241 740 168 103 740 795 102 133 48 117 190 71 161 66
25 136 172 192 265 228 40 193 191 193 167 278 18 191 278 193 40 393 935 95 271 158 138 97 201 277 127 228 227 177 50 113 159 296 30 224 187 95 104 86 245 57 293 135 275
979 149 222 64 64 41 258 172 211 107 246 689 133 278 135 161 58 740 190 48 740 103 117
45 205 293 225 192 155 147 297 120 277 185 187 276 162 269 229 189 86 273 23 77 75
3 179 271 121 200 100 141 158 258 190 23 131 145 16 2 207 91 12 27 220 150 182
39 299 89 162 247 259 272 76 19 200 182 253 236 268 208 284 249 196 209 134 91 149
36 67 113 143 235 252 27 266 86 24 197 210 22 140 199 162 127 123 257 251 159 9 225 135 18
104 130 249 277 80 250 41 205 53 282 57 263 101 124 196 197 3 28 31 137 186 0 295
47 259 284 286 239 180 34 270 186 203 259 71 79 209 25 133 138 40 164 215 262 105 5
13 55 164 174 183 224 134 99 57 263 259 230 297 158 159 279 145 165 193 268 36 221 102 222 265
84 145 175 217 226 154 150 273 36 297 247 111 194 248 39 291 255 60 226 89 290 25 68 198 271
183 184 213 251 142 43 105 185 5 78 288 217 177 171 125 54 184 230 235 208 51 126 198 264
43 236 239 90 20 107 274 109 114 145 15 206 115 21 165 54 238 110 287 7 184 85
168 199 254 263 86 3 294 36 83 142 114 145 8 151 93 165 209 97 110 148 14 245 179 298
75 278 280 141 242 263 30 231 41 185 272 9 191 32 193 290 61 275 228 239 283 121 96
119 124 261 32 85 214 298 176 170 121 41 99 183 237 250 266 280 84 206 62 177 136 195
19 30 142 241 262 83 146 224 200 36 170 62 166 194 70 249 148 291 297 162 53 80 8 293 267
232 233 288 163 66 204 6 98 236 232 294 275 67 85 21 246 146 141 253 124 265 148 115
3 70 159 220 250 147 289 119 252 2 127 97 31 83 92 198 9 195 8 263 48 161 30 237
68 163 248 297 81 0 33 264 155 163 76 281 25 88 219 176 168 181 103 55 69 272 115 100
137 207 243 261 39 119 242 36 133 74 244 257 85 37 42 219 72 22 259 2 158 199 164 272
99 218 166 141 23 71 25 192 54 145 154 215 277 234 111 37 224 187 167 149 179 85
5 82 112 136 55 296 112 155 187 293 211 135 166 266 136 35 224 292 180 190 225 110 208 172
35 87 115 147 177 284 92 69 260 18 162 20 6 109 268 103 90 155 183 150 31 57 231 212 144 250
107 255 175 164 38 30 281 47 233 111 166 16 266 249 199 251 173 17 126 69 125 203
76 90 128 211 6 180 82 117 27 76 210 161 62 212 254 92 64 63 56 194 153 119 289
70 95 100 161 267 170 152 281 63 133 237 125 295 221 17 41 138 101 282 76 230 23 100 129
798 66 264 274 297 112 182 258 77 3 31 31 242 290 258 240 31 249 249 288 533 11 174 141 181 633 190 94 55 163 51 220 102 294 52 280 103 217 97 178 141 183 165 136 33 106 203
164 183 280 224 64 172 178 127 169 119 199 30 20 42 46 157 284 242 70 51 197 262 244
163 243 175 227 103 186 30 187 15 180 186 73 73 50 74 247 963 238 58 612 211 139 259 261 23 57 100 164 202 277 94 29 167 112 236 268 65 230 3 41 50 234 122 181
82 128 241 206 298 284 169 296 235 46 261 294 291 48 80 5 2 31 280 247 187 62 133
91 181 238 253 285 289 90 131 199 234 66 78 211 264 96 150 54 269 217 149 60 228 102 229 39
958 189 131 197 63 22 227 7 218 108 230 181 103 124 250 256 257 52 249 167 101 244
53 185 191 60 31 244 31 52 461 52 284 82 31 932 844 110 203 183 130 292 36 195 697 286 173 63 62 48 121 295 290 273 242 289 42 140 274 81 102 146 263 36 275 143
130 185 229 219 139 48 38 178 277 118 164 29 82 183 182 198 168 83 2 135 262 96 105 86 159 68 176 104 129 66 54 258 160 20 282 261 248 11 189 195 49 118 268
95 8 264 76 177 14 160 127 206 88 59 120 48 7 17 16 292 87 73 115 275
104 137 242 275 144 156 173 135 179 288 111 170 105 181 49 276 84 255 18 149 158 35 25
172 179 798 151 152 266 142 232 107 946 82 122 210 195 232 218 94 139 294 963 95 612 211 261 139 775 16 184 141 262 248 61 120 77 73 157 197 66 115 47 140 21 209 52 162 156
81 274 272 46 146 65 88 273 208 161 90 132 204 157 117 256 285 79 106 34 181 295
12 37 84 251 228 25 207 287 197 215 261 218 82 107 57 186 55 175 33 37 35 206 22 12
271 283 241 162 51 177 74 55 253 140 256 27 77 281 78 46 73 100 56 107 5 290
10 42 111 155 220 148 128 82 236 84 35 146 214 197 123 67 17 288 39 190 256 85 232 104 36
65 292 283 63 119 95 11 141 169 156 277 204 80 222 140 176 2 290 226 131 188
292 249 89 247 196 132 31 267 180 209 253 224 146 76 207 11 182 198 144 268 34
14 101 199 299 222 143 175 224 112 228 172 243 198 269 17 3 128 267 18 169 10 145 160 22
28 240 279 215 227 264 89 273 166 292 45 151 214 110 21 66 6 262 259 148 239 210 216 61 139 54 105 296 204 290 15 186 1 4 237 55 244 233 51 17 152 144 140
21 23 197 224 266 294 147 282 118 133 252 177 213 90 243 57 8 126 112 194 240 197 268 163 257
979 109 157 284 69 80 206 274 274 4 203 52 52 126 10 294 52 10 203 282 158 5 201 227 136 456 95 31 284 243 178 99 103 8 164 285 293 1 176 0 36 203 26 115 207 39 5
111 167 282 284 216 267 86 215 36 165 186 257 124 63 85 50 283 17 97 61 54 185 75
142 147 284 267 135 198 179 210 294 298 29 88 133 12 4 246 283 148 44 136 190 7 203
90 189 243 16 205 209 101 194 53 33 222 228 195 258 6 192 213 29 272 251 164 62 234
151 79 213 19 283 182 294 13 113 52 244 130 262 88 60 251 266 174 149 199 126
21 154 227 284 63 189 7 262 120 190 13 49 219 61 176 203 15 86 291 88 138 279 147 133
942 43 78 92 202 141 5 71 223 282 114 187 164 94 125 96 127 182 234 221 150 61 260
23 68 78 248 298 245 40 70 0 244 24 54 86 228 110 181 156 200 187 281 65 48 7 4 241
50 201 108 92 181 206 55 185 273 133 14 149 36 194 101 241 3 122 292 218 105
23 230 254 294 255 7 265 38 244 225 100 79 33 282 98 87 104 61 81 209 53 20 126 258
147 52 177 76 165 22 292 109 280 182 275 65 244 218 34 171 198 113 140 270 40
46 43 269 120 291 287 178 226 242 203 102 150 197 80 297 194 60 213 241 229 263
47 208 427 127 124 287 100 18 36 70 17 209 98 258 201 118 61 170 175 62 299 295 154
69 133 175 231 26 59 224 4 272 116 299 155 257 184 240 183 9 249 223 275 147 115
2 177 79 84 187 101 123 154 62 171 273 201 93 8 41 145 240 286 155 31 56 134
6 22 87 101 158 170 205 261 205 40 146 235 95 119 44 54 296 158 254 127 142 241 218 12 64 4 175 19
70 130 46 156 189 245 4 193 120 86 4 268 50 193 193 214 35 40 97 95 393 935 282 201 271 7 65 44 68 253 116 129 194 175 166 156 16 266 252 224 146 150 133 142 47
31 106 160 210 215 261 200 240 79 147 84 104 145 294 163 170 276 14 43 19 110 55 208 37 279
46 126 287 287 7 154 287 936 248 287 154 288 181 300 144 82 965 752 216 294 247 148 846 235 34 95 149 260 14 241 236 247 24 23 145 261 93 285 178 44 216 296 0
122 197 207 58 76 109 265 1 68 45 106 98 212 193 168 254 163 39 271 75 10 124 165
75 183 203 98 218 222 218 120 222 66 220 296 271 35 78 201 282 456 95 214 227 158 97 164 218 194 186 38 37 262 185 44 111 127 61 169 73 213 287 171 229 151 220
84 248 29 56 276 197 294 11 288 53 221 278 68 41 13 7 26 86 188 80 259 122
846 54 61 148 190 28 188 254 30 201 236 290 252 80 87 227 176 15 221 85 168 18
119 156 205 80 71 107 268 110 260 211 51 158 176 240 283 6 21 216 146 86 92 263
209 213 224 13 221 199 18 271 228 84 37 187 28 94 43 134 178 166 151 92 21 51
61 142 169 180 270 131 99 88 134 163 229 113 10 36 110 181 223 188 145 153 34 31 283 165 44
137 74 56 13 166 107 104 171 238 76 20 243 297 176 192 142 42 60 188 236 165
44 69 124 181 221 66 228 113 97 156 275 53 105 195 199 49 286 133 213 172 127 229 241 91 237
798 127 232 108 220 30 156 81 30 81 156 170 111 25 217 939 446 254 279 154 279 365 890 48 48 166 28 269 22 277 106 246 75 181 168 44 38 216 182 263 221 237 113 47 65
2 73 179 21 46 233 229 92 260 202 173 63 65 13 51 90 182 291 246 174 125 189
271 272 84 16 273 225 218 70 229 276 226 158 188 51 199 56 281 141 295 145 286 237
9 46 153 99 57 274 128 110 172 285 149 174 150 261 72 266 292 199 139 58 77 91
14 176 183 206 288 216 230 165 232 179 168 76 38 290 158 208 134 270 108 278 213 138 16 73 170
958 173 248 182 283 98 52 28 0 233 184 209 36 158 187 140 281 119 31 131 231 121 185
979 30 85 151 173 211 322 252 79 505 938 944 844 184 505 505 11 174 18 56 222 190 578 286 138 12 169 206 197 47 27 253 144 273 108 271 243 53 50 244 198 109 93 42 79 138
173 197 292 13 240 190 298 39 259 16 211 204 225 207 180 128 232 162 234 261 37 78 268
174 16 210 186 190 261 114 74 73 112 165 33 135 219 1 272 49 155 27 254 99
32 181 296 54 228 227 21 21 227 266 228 248 210 295 571 12 35 393 5 282 78 293 201 136 119 286 159 113 119 256 159 113 286 103 640 250 537 122 269 85 292 214 951 165
193 238 262 203 279 144 167 153 218 117 225 180 139 12 291 87 242 29 298 187 115 58 124
745 0 55 97 173 223 295 24 80 206 228 135 31 40 178 63 131 101 37 269 22 66 14 68 273
151 184 221 284 60 136 195 26 197 27 153 49 219 13 263 295 257 73 108 106 104 211 147 199
497 0 25 133 291 176 259 174 58 254 71 185 175 220 283 193 44 107 24 45 61 172 142 143 167
27 165 16 80 173 211 918 897 897 389 162 389 52 279 265 95 764 36 130 262 272 297 284 216 58 175 238 145 36 16 147 3 83 59 293 125 242 193 151 87 119 75 230 263 67
68 150 198 142 193 811 714 811 866 173 18 555 571 909 946 553 603 603 962 582 121 866 600 315 780
61 26 26 89 15 15 553 89 72 200 123 95 257 237 5 775 86 163 19 31 125
944 15 32 42 215 228 238 750 15 72 238 750 9 750 288 163 5 113 17 257 775 86 199 200 237 19 395 58 171 291 31 129 90 54 93 125 169 35 5 134 218 181 215 265 167 186 36
158 184 944 60 88 124 191 109 103 292 103 75 103 115 171 183 12 279 82 48 48 54 154 890 890 279 131 157 200 73 232 128 115 47 215 84 290 188 152 183 203 19 169 112 148 42 264
40 42 70 100 255 167 442 109 233 52 74 233 239 52 210 237 272 174 201 275 256 226 262 99 130
123 75 115 223 590 223 757 3 3 72 188 119 769 186 236 45 505 45 140 35 6
469 553 25 584 442 163 584 584 163 118 118 30 30 118 584 123 199 113 19 163 17 125 52 885 885 131 240 58 57 57 115 41 76 126 235 168 276 258 117 271 178 808 266
798 75 107 130 553 4 50 66 203 277 442 500 327 672 277 77 174 500 439 741 111 260 35 375 162 758 239 168 104 236 272 357 357 73 175 175 175 194 194 310 708 714 102 168 58 176 795 297 698
62 85 150 227 270 17 19 78 223 135 626 742 626 98 135 135 742 98 214 288 222 12 120 190 112 586 138 141 578 144 175 36 166 70 116 292 155 182 37 96 241 59 27 57 43 15 55 4 68
497 113 183 294 79 103 13 245 20 21 204 89 288 118 66 38 207 238 142 101 250 251 289 185
63 93 225 119 217 93 96 111 269 249 171 164 28 262 222 83 11 94 45 3 82 149 54
38 228 35 109 228 274 799 228 799 221 794 557 698 217 236 155 441 192 142 260 150
500 66 144 166 171 197 114 231 173 429 174 203 174 174 174 236 393 227 35 282 571 851 295 136 456 40 168 268 190 134 274 163 255 132 102 10 241 130 154 75 253 106 273 233 98 93
143 270 199 148 19 80 108 4 294 156 106 44 68 42 248 16 32 34 155 97 122
979 67 170 196 208 230 196 175 213 170 266 65 284 273 108 241 155 202 80 58 142 171 252 103 82
745 13 299 13 284 169 218 123 73 106 42 104 271 177 132 5 47 27 242 179 1 288 298
51 182 574 745 36 140 187 186 799 70 442 111 239 186 149 127 142 557 441 161 794 698 74 155 192 221 318 163 55 58 132 103 166 207 275 78 158 213 24 100 254 164 108 85 48 12 250
113 127 132 1 228 266 259 104 226 17 125 268 28 167 211 238 299 43 101 63 140 138 59
14 292 175 19 209 249 70 249 19 249 542 133 619 161 708 176 689 117 103 48 102 310
78 194 241 274 29 40 294 192 24 98 167 158 51 64 209 248 268 15 6 149 273 124 32 65
20 137 145 335 62 291 294 610 714 68 933 610 933 783 714 846 800 610 246 974 807 99 78 92 104 902 954 75 70 162 118 119 136 77 76 172 219 197 185 238 150 288 276 215 174 252 107
