65 90 287 59 266 6 64 239 14 79 36 40 193 141 142 133 173 185 82 248 62 18 58 51
14 820 113 157 165 194 195 206 253 987 865 429 958 58 348 336 885 223 130 114 469 970 145 254 936 730 530 749 159 281 263 76 209 261 94 198 40 133 149 279 271 81 146 191 129 162 6 64 91
954 28 34 126 141 144 996 126 841 735 383 242 841 530 36 735 64 242 242 735 735 626 712 179 64 279 121 894 251 58 72 9 49 3 213 137 34 111 222 161 193 63 151 186 254 76 62 260
738 6 75 79 95 471 35 193 229 134 178 118 284 262 262 118 61 168 118 262 180 807 121 145 441 74 225 112 59 272 129 147 220 66 248 273 126 255 213 137 122 263 54 69 250 227 70 40 32
260 271 177 191 210 225 195 212 286 931 188 931 172 732 967 560 151 167 151 78 330 701 23 204 211 743 295 5 203 87 263 185 289 89 199 251 85 182 11 141 234 296 193 82 35 118
256 280 254 125 127 176 5 290 194 22 154 264 278 239 168 271 243 177 62 132 34 32
14 167 212 253 154 56 64 251 259 265 207 113 193 79 58 293 21 145 243 162 25
29 175 287 298 219 12 31 182 275 277 128 190 68 186 32 256 129 91 151 166 236 109 276 127
158 160 273 62 138 259 216 137 28 209 267 55 57 64 267 200 12 224 952 103 234 138 301 295 892 119 294 289 178 169 204 224 195 37 146 99 123 5 262 257 11 239 120 164 152 256
51 208 228 274 84 43 24 155 62 6 123 241 224 11 120 134 92 210 100 143 125 7 88
14 96 106 173 232 218 257 22 77 61 62 189 19 273 277 209 104 198 268 155 224 148 24 254 271
738 84 88 94 223 214 297 34 6 212 292 91 269 57 84 90 126 239 54 209 43 146 163 221 21 185 267 55 87 289 47 111 207 144 116 290 202 181 210 224 223 231 232 147
119 246 269 61 203 100 52 193 283 267 141 272 54 254 192 78 213 277 148 14 85 32 178
10 51 66 88 49 297 19 186 197 180 109 36 278 144 130 246 30 284 239 168 242 133 18 167
8 72 95 218 21 47 13 156 151 80 227 72 202 35 179 121 142 6 134 140 43 167 124
18 41 240 126 297 51 290 262 165 293 60 197 201 177 186 263 93 74 23 32 102 245 238
257 291 471 201 65 220 42 92 60 123 157 142 225 56 71 76 64 277 259 22 299 202 127
113 124 188 61 80 271 66 6 193 146 114 103 67 260 266 119 248 243 282 42 124 164 240 134 165 285 56 98 241 197 199 49 286 25 120 180 188 146 190 205 89 58 12
79 152 211 163 128 211 270 95 61 14 252 14 287 235 263 122 169 258 707 299 224 15
