31 96 166 285 294 406 21 171 212 48 66 161 203 224 436 557 765 879 940 519 345 962 49 647 569 130 124 362 310 141 583 822 834 911 418 362 194 89 474 481 385 988 201 377 562 144 286 393 476 553 437 995 799 714 902
23 65 140 1 194 238 8 194 107 244 83 73 111 439 448 249 246 132 882 93 523 48 439
938 131 264 495 128 207 212 160 169 168 34 289 218 291 158 240 141 166 195 69 236 224 290 80
64 136 153 174 75 16 251 159 213 15 119 85 178 134 30 284 281 95 115 143 52 258
33 178 213 236 32 68 191 89 191 49 415 72 238 89 109 867 565 243 297 59 23 337 194 288
109 187 353 179 159 271 186 202 99 175 258 213 229 76 162 254 28 0 279 145 136 184 281
3 111 153 169 243 27 272 126 66 52 112 135 288 199 6 174 72 113 240 242 167 244 262 212 147
60 90 149 269 279 155 160 299 69 46 191 270 89 248 272 176 249 238 254 282 230 151 262 285
249 80 242 180 285 93 172 37 234 32 214 42 4 159 65 111 293 186 212 147 40
114 116 215 33 271 255 90 219 9 263 45 142 192 210 173 144 160 127 40 67 107 87 108 34 202 240 179 17 202 108 194 40 402 430 87 87 129 191 207 99 395 213
136 220 239 49 274 127 191 285 231 77 211 136 87 159 282 121 51 150 296 66 40 215 264
57 466 36 242 31 202 284 37 205 76 252 26 176 140 271 233 122 163 278 19 96 128
35 191 212 244 385 91 152 281 65 107 57 115 23 188 286 272 175 45 71 2 289 275 201 117 163
167 38 93 73 205 128 141 150 68 200 172 41 9 45 157 57 111 257 53 30 169
19 43 180 190 6 187 282 156 180 245 138 122 89 169 38 45 94 59 239 168 290 150 37 2
64 65 235 284 103 181 38 231 153 76 42 137 25 293 65 138 71 16 32 116 179 143 55 191
135 232 235 4 112 89 26 39 210 157 252 136 229 5 53 46 121 247 67 69 200 256 254
6 265 70 258 210 104 17 131 96 83 225 291 295 162 0 262 172 263 101 60 26 25
131 234 251 38 124 193 273 46 194 255 11 96 61 41 155 93 77 294 68 237 235 73
14 35 120 259 262 267 120 134 225 89 174 45 115 293 173 40 156 265 207 159 65 294 21 14 110 290
88 137 227 279 44 69 4 193 293 280 258 105 216 161 221 131 271 172 126 42 52 71 1 274
145 174 199 8 46 238 116 125 196 139 112 128 207 239 273 50 243 126 101 52 169 82 299
16 291 299 240 287 232 157 132 239 227 58 224 141 288 196 63 279 270 223 206 108 275 91
227 170 188 47 152 289 181 60 129 174 222 294 73 69 163 22 110 251 139 187 44
17 102 131 189 72 260 203 297 567 517 464 655 427 294 419 681 845 336 831 568 618 863 995 534 731 619 240 190 86 62 189 217 186 290 227 96 39 24 255 181 144 279 219 9 175 51 57
1 239 269 270 273 32 181 928 111 378 199 600 240 98 31 316 31 29 289 31 453 433 123 928 862
75 30 186 223 253 985 770 10 71 549 549 134 139 193 424 63 582 49 394 682 494 352 637 770 988
126 155 191 193 213 259 13 689 240 13 924 924 147 176 280 240 185 232 202 224 405 734 17 151 185 206 154 280 190 134 263 62 173 244 276 145 193 80 70 3 34 71 56 38 265 107
812 161 92 197 24 55 230 275 74 239 265 267 75 65 299 47 156 245 292 45 188 81
32 213 271 218 261 247 199 223 289 285 186 171 225 62 126 5 22 18 250 74 279 244
36 229 40 222 9 241 75 41 74 178 11 36 62 12 37 290 275 115 172 277 170 18
18 226 280 295 71 273 175 118 196 30 164 176 206 161 226 62 219 23 227 127 51 279 290 9
41 108 249 892 64 93 231 272 93 24 113 95 95 128 149 158 174 288 148 91 126 590 255
18 92 164 213 218 230 120 83 140 296 50 294 27 8 35 195 199 38 130 117 291 251 101 142 127 161
2 233 238 283 270 272 71 66 221 145 234 50 223 268 123 291 39 116 297 160 57
2 107 108 133 214 239 166 290 292 275 99 273 262 116 18 1 265 150 92 229 122 178 149 286
36 234 271 273 294 27 248 251 35 77 277 37 53 209 272 171 198 10 128 218 48 173 245 120 76
184 297 37 54 74 41 247 109 271 26 201 133 47 214 162 167 34 246 183 58 4 135
41 92 94 121 138 217 239 227 13 136 62 225 136 225 62 225 36 401 31 919 53 95 262 5 184 227 37
191 277 114 16 106 235 35 270 104 34 64 151 2 33 61 13 162 91 268 199 277 93
96 119 138 220 297 229 274 132 261 221 254 134 265 23 71 211 83 131 75 25 91 115 51 112 30
71 229 243 226 116 152 69 213 247 232 208 9 79 52 96 216 194 45 134 252 39 97 177
12 255 260 280 45 147 102 68 278 226 143 74 197 34 66 188 57 104 195 106 245 171 165 31
278 268 98 60 181 117 0 226 115 225 75 184 174 236 91 76 65 118 141 64 133
119 157 199 250 5 149 225 102 16 210 19 110 239 4 284 199 276 67 172 218 158 1 254 287 174 268 118 168 66 5 169 187 210 40 79 95 237 86 282 130 120 277 269 74
8 77 79 86 168 198 181 136 108 274 293 23 24 191 148 282 272 245 205 100 219 242 57 199 41 198
25 159 169 209 372 225 102 297 232 265 202 231 41 220 266 164 238 190 46 261 246 138 73 84 52
258 80 202 193 222 125 172 10 16 233 236 224 219 271 176 217 44 294 208 182 245
89 115 125 187 192 220 161 25 152 100 295 88 17 182 242 254 132 262 34 293 218 64 215 78 225 167
93 241 266 251 9 260 143 12 139 115 296 249 35 277 74 22 120 273 93 136 101 223 228
46 59 102 116 118 241 281 93 52 49 215 2 296 174 283 73 196 32 171 208 34 87 191 243 61 159 237
0 27 28 114 165 32 290 79 46 282 39 82 73 288 123 208 34 254 179 129 60 227 271 275 209
6 8 106 115 132 133 171 231 247 184 76 69 0 265 70 287 209 223 15 139 36 272 2 254 213 206 32 93 157
87 62 41 41 276 13 175 196 41 10 34 152 205 142 271 96 13 196 217 399 137
63 117 181 208 288 99 52 200 51 124 264 165 173 98 148 285 61 203 199 186 255 179 266 60 131
221 194 194 34 165 41 268 8 96 192 192 223 41 28 66 271 399 283 158 142 379
95 287 66 168 61 97 246 84 55 274 54 221 14 100 222 150 89 294 45 291 265 112
89 126 140 278 280 254 257 121 208 100 27 142 43 261 277 240 253 123 92 80 276 77 9 198
62 274 57 189 82 24 29 215 87 127 97 250 270 48 297 133 98 130 73 271 126
15 105 197 204 36 19 57 195 246 215 139 15 286 113 170 177 123 17 8 118 250 292 274 128
112 102 51 139 202 240 141 90 166 43 138 88 103 77 262 8 29 24 258 154 178
42 54 130 229 218 174 142 161 211 209 30 62 82 28 49 0 6 212 271 8 285 225
145 165 285 272 287 276 167 295 175 102 251 135 211 193 217 8 100 286 87 144 216 139 299 277 226 73 90 171 131 284 191 267 235 83 239 274 257 32 112 232 16 59 9 275 21 41 201 35 222 109 218 43 179 58 277 50 53 55 116 224 74 19 3
5 69 186 194 50 40 257 243 180 189 173 122 149 102 11 233 258 273 23 110 45 86 198 6
5 151 279 79 3 163 203 236 146 118 88 8 277 222 152 70 140 205 123 135 206 85 224
106 117 140 150 222 122 299 251 185 89 280 207 131 39 286 90 49 19 110 124 219 270 41 74
223 262 279 290 57 113 165 85 191 180 183 228 299 169 52 128 139 134 296 266 166 9 291 272
283 271 191 102 195 67 295 239 103 12 57 277 157 202 183 62 151 217 230 208 182 279 234 286 52 47 284 146 250 194 294 69 272 27 248 54 104 2 43 202 61 75 101 249 186 210 103 108 57 44 68 53 64 171 235 174 23 27 196 217 82
62 76 140 197 228 68 206 51 102 156 28 214 285 190 247 207 130 48 110 225 25 187 45 58 215
193 17 57 66 165 140 23 18 53 244 54 193 186 90 277 56 96 218 195 229 226
78 208 89 279 100 144 182 226 91 120 198 8 258 248 253 264 136 175 79 214 46
26 184 193 240 262 56 122 37 5 182 96 31 201 261 6 248 110 29 40 206 146 283 140 81 256
54 61 152 191 4 23 44 85 107 137 134 37 170 193 59 59 59 225 133 87 133 131 573 632 287 82 147 193 100 284 289 126 267 80 55 57 295 188 113 292 26 241 187 252 208 244 109 148 91 146
78 86 191 204 251 219 148 140 218 200 89 262 184 73 122 187 53 94 182 75 50 124 216
104 195 197 207 177 16 65 109 21 67 101 250 81 285 82 200 280 27 289 266 201 162 233 6
62 50 15 68 262 129 158 260 171 231 149 207 138 77 281 67 122 106 1 132 121
81 178 262 226 166 273 197 286 117 253 224 203 143 53 58 108 279 120 157 236 158 95 141
45 237 271 79 107 117 5 207 103 246 221 180 30 220 270 54 169 134 281 183 145
38 177 224 193 234 50 169 234 98 50 273 224 958 155 157 286 781 11 92 372 759 287 202 218 138 9 47 263 220 192 94 109 131 294 120 135 250 169 236 51 167 144
110 293 278 140 106 66 169 19 202 178 89 145 64 265 228 280 171 21 288 197 203 240
111 195 267 277 2 162 210 70 138 1 296 68 123 204 193 285 247 96 276 253 16 54 125 207
17 19 60 80 142 175 84 581 579 250 581 250 581 250 186 28 96 399 13 142 205 379 271 165 191 518
47 121 127 257 258 268 278 149 113 214 173 202 67 60 68 238 151 16 128 182 288 136 129 112 298 147 49
81 129 23 152 135 143 49 130 46 25 38 40 182 200 259 16 33 178 172 129 3 119
78 126 35 41 221 210 122 91 129 284 115 205 89 116 182 193 104 38 258 15 94 82
72 218 242 72 82 212 100 182 152 177 235 102 159 69 133 156 208 130 3 292 36 163
4 19 75 86 150 35 223 274 112 164 164 162 112 162 172 76 48 287 243 632 17 14 100 63 87 18 133 147 46 140 215 28 274 230 254 188 53 23 9 43 42 51 108 132 126 119 208 101
2 40 251 178 171 20 125 55 7 212 16 288 244 250 235 186 158 141 206 30 298 42 52
166 167 81 214 279 26 81 142 59 12 55 236 188 110 268 151 249 142 208 200 123 195 85 48 35 115 112 55 84 283 287 272 38 250 157 282 29 264 259 136 53 11
42 250 258 11 286 66 236 141 299 274 112 209 194 9 229 49 206 174 45 179 214 252 120
31 50 238 250 71 115 176 119 237 226 212 297 272 8 273 165 39 195 80 87 154 180 229
111 210 53 238 227 153 232 241 155 140 198 145 8 115 163 149 28 272 148 76 176 61
114 265 191 298 176 281 277 0 103 112 21 166 240 125 82 153 33 128 270 289 142 68
77 116 294 72 276 82 24 79 4 159 217 233 133 181 215 145 30 209 298 232 49 87 61
28 79 170 227 117 76 67 271 252 254 42 153 49 197 77 222 91 58 101 4 122 290 68 262
143 208 115 66 271 126 73 192 52 60 68 71 72 216 268 180 119 14 1 26 83 33
46 295 260 75 253 276 120 144 135 123 36 84 134 204 157 141 164 288 234 293 146 127
41 120 260 297 299 192 227 219 227 219 254 123 45 47 255 223 112 91 238 124 182 146 158 198 40
48 208 212 70 265 198 163 95 216 226 13 272 109 71 269 55 82 159 209 11 191 18 81
225 70 3 96 35 144 243 270 255 248 204 37 33 225 266 264 132 176 66 75 174
8 27 30 43 77 118 119 156 200 252 298 246 57 41 257 89 165 250 73 278 84 200 40 149 195 88 95 255 59
88 108 144 167 296 101 277 181 155 232 90 147 276 108 166 63 216 74 267 43 83 286 247 264
205 243 250 272 212 43 117 226 104 134 102 295 42 160 213 101 27 12 283 70 204 158 228 60
0 140 187 194 201 204 256 69 17 170 39 208 287 278 49 221 31 200 153 252 43 187 206 57 58 214
54 275 212 202 117 94 226 2 183 26 127 136 103 74 71 154 76 109 33 153 239 83
66 89 242 252 277 213 136 263 85 285 68 3 273 130 44 267 102 145 264 138 171 114 43 82 272
60 192 279 285 293 263 203 288 42 133 158 27 54 148 173 297 35 36 82 118 157 183 232 295 161
13 15 95 101 171 175 194 225 155 199 2 176 285 84 40 23 224 148 205 172 192 31 265 252 171 165 170 179
233 270 76 48 37 112 26 189 165 179 288 11 151 210 134 235 269 182 115 224 130
71 76 194 256 155 172 29 145 144 182 186 122 254 134 174 123 98 17 158 243 125 265 3 11
132 247 297 238 17 22 64 3 280 57 285 256 133 215 60 98 11 271 66 25 192 233
210 94 545 545 192 148 260 170 80 196 13 158 928 271 298 399 142 379 186 165 205
30 67 94 112 168 63 167 152 272 21 101 164 251 229 223 181 228 70 107 204 216 3 296 95 85
55 92 260 251 9 273 245 39 159 241 205 229 16 156 98 109 176 117 108 197 249 14 132
182 198 250 297 224 240 32 88 34 16 103 153 161 157 238 73 271 144 170 234 163 196 280 278
51 96 131 170 245 372 109 33 226 213 155 267 47 89 9 279 159 169 113 35 225 106 238 193 85 77
56 75 103 152 40 99 8 212 70 268 146 188 116 219 42 277 209 53 260 199 197 173 205 139 1 221 89 110 272 224 173 236 161 194 206 154 203 112 257 187 54 242 184
41 65 83 254 228 95 144 227 194 84 104 233 280 147 28 12 229 218 188 62 132 231 257 154
8 130 163 197 203 257 131 120 112 128 189 287 139 144 85 199 152 207 63 103 210 25 200 256 164 38
84 159 76 28 63 247 226 113 207 127 250 288 139 211 140 151 109 217 171 299 190 55
154 155 156 176 254 221 180 27 146 52 184 192 111 284 269 263 242 171 161 236 262 128 107 51
33 275 165 9 39 173 183 2 233 154 92 81 266 285 71 70 276 215 257 242 128 137
112 247 162 43 113 165 63 49 118 194 218 58 282 224 103 111 266 117 158 212 79 190
83 95 128 129 237 257 17 30 76 249 226 0 226 173 173 116 0 225 179 184 179 289 826 632 17 87 14 82 585 133 98 174 166 182 288 78 73 147 11 220 258 62 161 64 142 17 134 1 203 216
23 299 12 299 242 23 19 242 53 265 87 919 135 262 21 251 245 104 227 29 184
17 97 225 274 57 61 145 257 214 237 225 120 4 280 67 171 106 102 204 191 178 250 283 264
18 51 88 201 207 19 253 200 70 132 278 80 59 154 56 180 169 297 181 136 220 105 27 225 229
105 197 213 222 226 282 188 241 131 207 167 153 136 143 108 185 13 126 11 243 8 160 118 212 258 113
39 284 96 18 163 245 47 189 249 41 63 298 21 71 36 137 165 299 253 259 285 83
59 82 93 172 198 132 179 141 74 138 57 39 10 56 236 112 172 185 269 223 134 127 245 68
63 108 225 241 198 250 273 2 137 2 153 234 137 153 248 137 64 372 35 155 117 286 50 105 92 11 759 143 154 229 146 123 27 8 64 71 49 237 80 109 265 204 253 248 133 169 292
18 95 147 139 33 141 243 184 154 284 226 19 9 222 160 298 282 31 187 169 85
10 214 239 167 162 165 155 60 197 130 28 222 200 129 93 221 220 36 110 85 257 7 168
166 67 109 82 44 200 134 274 38 215 61 47 99 263 237 90 103 56 298 133 198
13 17 51 75 98 154 195 283 40 66 24 96 91 171 204 185 210 231 112 51 295 156 73 100 58 205 28 262
41 56 121 299 121 102 63 282 95 283 170 192 57 50 51 233 144 118 280 43 75 278 285 59
49 63 296 215 72 260 95 287 24 131 71 108 12 126 30 144 7 211 130 10 212 94 140
623 89 247 176 291 140 268 210 271 184 57 35 121 51 189 75 243 191 82 164 42 219 293
279 383 79 40 263 174 257 113 228 240 260 87 279 239 244 16 207 205 172 299 76 285
110 288 290 252 74 0 32 15 208 285 217 249 293 3 17 127 83 68 45 160 182 6 235
3 62 135 261 89 114 291 125 275 294 124 80 119 23 262 161 243 135 33 9 167 62 67
34 35 107 231 14 254 152 159 123 68 53 18 264 131 88 62 278 168 208 253 251 180
757 42 79 109 256 261 116 192 130 72 74 202 226 212 247 45 60 37 214 17 18 126 296 16 138 165
41 62 158 207 372 116 65 94 114 61 157 212 189 262 272 97 17 20 258 76 168 0 255 191 141
140 154 6 217 220 157 216 117 89 13 179 275 124 39 199 0 134 198 121 299 90 113
683 106 118 156 228 239 175 157 78 295 250 200 251 60 170 57 48 221 7 288 146 87 3 180 81 206
57 156 202 283 121 218 265 299 156 70 150 215 191 30 42 182 217 242 2 287 160 3 8 26
182 245 98 28 15 155 290 187 178 293 182 297 144 237 202 135 190 199 218 56 257 176
11 64 99 293 299 81 258 231 220 184 27 103 277 118 181 87 56 55 48 174 168 293 169 234 2
83 225 263 275 147 64 114 27 10 43 65 129 296 71 119 87 1 51 294 155 99 231 40 47
112 143 200 74 135 273 294 266 272 49 45 288 160 38 37 63 139 176 15 101 83 141 225
70 189 214 235 237 271 285 218 207 259 215 283 149 11 94 148 221 258 235 211 51 188 240 172 231 178
203 220 236 282 294 75 103 158 260 192 157 224 94 104 113 54 117 56 0 218 292 110 279
95 284 189 6 222 246 246 48 223 223 91 124 167 188 144 91 42 238 198 545 141 146
12 43 135 148 44 91 94 119 206 126 220 45 89 57 19 31 195 266 71 68 181 136 186
55 61 109 136 242 185 26 19 128 149 206 18 266 32 63 34 214 3 71 203 103 64 51 37 114
67 146 283 383 158 210 298 127 138 109 202 214 84 252 199 126 191 117 247 137 185 186 175 283
68 134 202 223 271 103 287 186 64 158 200 144 289 268 119 118 218 203 248 102 36
113 211 219 265 157 192 14 19 166 285 73 284 149 131 113 46 74 263 27 171 235 118 142 9
191 213 118 15 297 118 246 15 118 87 227 401 95 31 107 251 262 210 184 29 53 135
88 120 180 284 196 133 90 186 152 2 225 262 83 91 181 137 237 115 40 102 44 183 58 92
63 168 279 297 130 142 207 218 191 207 191 919 53 87 95 104 105 265 251 107 31 401 227
98 24 143 177 10 250 106 240 69 229 145 49 226 247 47 48 140 127 89 199 34
113 183 294 91 119 147 266 42 250 144 43 60 210 232 41 27 247 102 5 4 100
116 157 276 123 6 272 188 17 65 87 164 19 5 288 262 254 163 23 237 90 245 178 226
5 87 148 157 168 197 178 242 270 100 247 270 270 77 152 100 47 158 45 545 223 167 256 141 91 124
54 55 164 190 262 279 188 201 51 274 105 181 209 11 170 8 115 79 62 61 90 15 37 120 172
35 57 87 190 154 222 36 114 207 165 22 277 29 285 61 2 37 20 268 68 9 53 73 295
91 104 194 240 4 168 206 254 921 170 585 126 585 921 126 165 218 50 218 63 82 17 133 573 8 287 18 133 279 26 15 141 41 101 44 38 137 17 186 61 207 66 231 155 296 60 95 9
24 103 214 383 139 174 81 153 277 288 119 87 35 64 275 187 80 54 182 231 27 97 243 267
68 90 204 265 222 75 274 205 252 86 269 254 21 33 154 164 118 283 216 34 93 233 262 180
21 186 241 262 234 169 84 79 16 130 119 133 149 67 5 212 296 285 105 151 215 197 227 176
165 273 273 149 128 128 877 273 177 21 283 28 142 13 158 518 271 66 165 298 137
162 200 220 24 201 179 278 149 187 222 140 189 20 83 191 252 154 16 203 15 281 168 128 283 128 19 205 295 239 201 20 84 125 177 296 69 21 220 65 86 124 275 247
205 272 258 21 227 21 81 779 626 445 63 193 585 243 8 632 147 17 82 100 287 87 826 126 5 48 186 100 96 258 31 282 196 97 210 38 25 240 164 238 105 249 226
59 74 136 204 245 22 86 165 233 158 269 110 34 136 148 32 272 139 187 155 157 31 1 117
133 165 27 79 187 203 286 230 39 96 41 83 221 174 160 232 21 256 280 94 50
48 64 105 383 157 246 44 292 263 232 119 93 189 4 75 178 192 249 180 261 205 108 273 250
38 129 269 289 83 292 75 134 206 292 206 83 107 227 135 95 245 29 184 262 919 21 109
279 125 79 219 194 23 209 47 169 93 44 220 133 52 37 222 135 167 86 240 265
64 149 226 298 122 41 141 135 50 246 168 17 187 276 176 229 3 147 256 67 193 105 265 291 136 93 254 67 120 148 241 44 32 55 213 83 100 292 76 240 255 46 49 20
33 247 951 47 134 4 951 138 47 919 31 251 29 21 227 775 210 401 109 951 135 184
15 65 109 131 149 195 217 242 283 155 78 48 37 87 103 73 128 225 129 138 299 250 88 131 284 141 66
27 46 125 212 383 68 74 203 258 50 242 111 214 284 111 111 111 976 943 242 215 200 246 20 498 284 33 83 282 93 12 88 223 29 90 36 198 259 73 299 206 203 91 285 157 111 1 179 89
114 293 768 572 815 768 112 122 39 623 826 82 63 632 8 18 585 133 131 17 573 287 94 63 4 92 215 115 93 291 41 218 10 278 189 13 232 224 154 205 53 265
104 283 208 77 183 34 182 121 48 178 6 70 172 171 217 252 44 100 59 46 215 200
26 129 136 177 280 276 130 285 83 33 253 210 174 167 30 63 23 218 134 223 68 273 64 62 283
951 13 61 282 150 71 243 159 81 201 121 20 144 296 53 27 225 63 12 127 10 195 234 120
199 207 220 164 273 194 837 272 194 226 711 61 837 272 687 213 494 461 11 9 153 113 237 27 240 165 157 263 229 46 161 236 103 127 201 246 212 123 114 226 208 162 223 216 36
907 225 237 127 107 296 211 253 122 59 106 118 270 104 269 213 276 5 249 16 224 47 273 151 216 122 274 226 127 172 261 227 251 199 63 43 169 250 179 192 105
39 247 266 270 66 202 251 166 263 23 219 76 101 252 151 60 189 299 89 80 43 177 171 170
113 294 70 95 296 237 263 246 18 32 147 123 79 115 276 257 287 26 198 256 7 216
123 174 261 262 269 165 245 6 99 255 222 284 111 110 32 150 167 139 241 285 18 61 50 298 270
23 32 95 99 253 89 212 256 79 150 134 121 75 172 183 120 267 46 293 26 278 85 118 213
26 44 135 248 166 235 258 230 135 237 66 14 226 65 282 120 250 17 23 229 216 15 203 62
81 185 125 107 258 53 50 296 38 197 63 17 267 46 227 138 194 272 167 171 264 180
891 50 288 27 220 159 275 225 81 134 101 79 117 145 2 278 201 210 192 7 45 86 136
74 128 147 206 100 299 133 230 209 256 20 34 56 238 177 5 221 218 139 131 263 41 129 213
86 106 120 141 286 198 103 188 223 157 257 108 43 97 92 155 54 64 160 158 256 11 246
108 209 242 249 124 222 101 46 117 98 265 152 217 221 164 154 128 22 44 62 245 229 274 219
16 40 135 274 22 232 280 174 157 110 298 101 273 161 31 181 253 144 70 299 240 199 72 185 282 270 255
89 140 282 391 230 225 218 274 159 65 123 78 253 97 203 66 7 179 89 178 264 22 217 201
599 97 130 188 214 248 202 81 202 202 57 821 821 145 259 164 81 34 176 236 296 177 699 145 140 796
14 17 209 292 283 259 243 40 254 61 165 104 42 286 239 186 267 85 14 284 228 113 181
9 15 32 253 299 173 221 202 256 80 212 189 155 62 57 282 222 196 83 265 39 257 207 3 88
86 127 185 219 298 89 241 36 33 25 149 23 145 94 242 71 293 40 155 24 260 81 88 147
126 418 169 35 80 126 290 167 150 109 173 28 37 229 201 202 144 120 147 143 133 159
162 33 124 44 48 291 134 267 18 14 234 155 26 30 166 196 111 285 262 294 284 73 80 297 132 247 189 237 110 89 264 129 223 180 175 245 137 4 113 195 181
64 123 277 42 221 165 203 69 146 90 157 223 156 72 12 297 46 114 48 167 192 4 280
67 282 139 174 199 262 164 217 237 116 102 33 179 160 28 142 154 83 69 61 16 9
74 220 260 28 198 170 14 240 178 164 134 290 174 136 4 33 285 45 239 244 225 79 199
56 236 270 281 102 269 51 97 110 248 179 57 100 199 101 9 137 280 119 140 156 5 292 178
188 288 114 194 262 42 44 240 101 233 14 270 216 56 250 132 195 207 115 259 230 146
22 64 110 291 183 212 37 3 40 281 255 158 162 156 152 79 246 232 205 20 131 68 203 172
2 106 122 167 216 59 133 295 276 19 131 278 197 129 3 13 34 91 71 240 107 238 33 25
99 190 227 273 295 171 288 93 151 153 111 207 187 146 120 252 88 239 144 28 168 170 175 245 274
48 58 80 201 204 205 145 63 99 257 38 235 242 6 115 102 197 236 128 193 186 87 179 112 206 45
197 207 210 49 11 144 231 204 1 278 261 269 70 25 292 224 142 217 255 87 180 234 50
175 131 186 71 89 56 204 272 127 283 286 34 38 173 109 180 60 85 110 157 195
69 192 194 31 124 66 143 9 176 47 149 21 46 34 93 38 6 200 207 221 23 85 50
174 180 255 279 34 177 185 55 284 294 82 45 9 240 61 178 128 276 154 52 124 17 212 48
158 153 297 33 143 180 22 50 292 281 156 117 289 62 107 235 196 220 167 190 57
16 141 292 86 196 137 221 205 232 238 171 67 274 219 212 87 200 45 195 22 21 144 8
174 226 256 295 65 292 114 118 170 71 249 215 99 157 213 36 209 230 187 70 22 148 271 171
231 115 247 261 278 89 188 14 55 152 44 239 102 253 185 82 156 279 260 121 108 240 128 179 81 59 236 232 199 150 112 60 295 283 34 24 72 67 269 138 284
27 76 96 137 269 288 153 220 120 129 207 265 35 225 268 19 100 245 205 49 228 218 42 237
113 116 247 119 69 228 221 212 23 174 124 299 156 151 162 17 67 237 263 251 106 28 108
67 73 192 194 172 85 36 29 120 11 243 225 14 295 217 72 64 296 108 38 139 27 95 148
29 138 202 238 273 193 21 117 173 1 38 253 51 9 13 165 100 295 0 275 186 220 155 79
135 143 216 244 51 242 197 162 90 50 206 85 189 121 28 241 91 88 76 288 100 99 34 221
11 257 59 184 97 188 141 229 294 103 206 32 64 114 99 88 269 190 100 202 111
3 145 175 193 247 291 150 54 170 267 15 136 294 89 209 79 233 83 142 204 180 6 163 126 231 69
939 280 175 114 139 79 231 229 180 159 101 37 183 207 98 254 12 140 128 179 93 278
250 253 172 251 83 176 237 67 65 214 40 105 284 24 154 116 86 174 159 202 194 60
48 190 228 209 10 150 282 192 283 270 49 90 122 299 28 275 284 151 273 70 48
57 121 173 185 218 219 226 102 274 61 159 206 11 195 293 271 95 163 154 106 290 90 42 240 202 140 189
109 138 165 230 280 144 252 27 215 277 259 289 22 218 181 232 17 24 61 179 123 41 264 64 137
25 32 34 109 110 145 171 260 132 146 133 153 35 280 150 130 171 167 36 112 2 19 124 14 81 176 135 162
128 130 104 120 1 212 3 272 106 195 193 136 234 227 198 226 127 105 160 215 242 9
21 50 73 250 265 74 226 37 176 298 27 192 20 243 96 7 166 232 295 76 217 266 34 91
142 144 238 11 259 183 291 81 208 263 96 71 104 29 45 179 44 283 8 90 6 218 121
2 163 199 206 242 261 184 282 263 197 45 148 284 140 110 157 159 92 171 188 136 94 142 70 264
100 268 16 135 76 212 292 11 97 243 9 43 169 67 105 283 215 100 196 204 209 187
15 23 181 111 16 38 283 156 242 81 180 207 65 131 260 74 51 71 99 161 179 60 253
94 99 212 267 278 161 44 298 43 284 65 152 14 210 286 130 255 207 191 229 190 11 253 192 25
257 155 156 110 247 1 227 193 102 225 270 290 68 263 299 170 160 66 258 16 87
19 89 93 105 162 212 296 56 230 283 65 220 148 47 153 229 252 278 192 10 71 289 259 53 55 58
54 184 28 4 138 40 153 157 133 102 7 41 166 219 86 230 63 152 123 150 121 213
248 74 246 168 216 248 16 162 84 231 218 46 25 196 271 123 235 87 31 17 226
3 29 162 247 254 12 76 105 296 86 101 221 41 69 102 42 0 273 289 112 297 18 13 278
3 85 116 160 278 213 197 224 98 28 11 281 214 56 4 195 174 90 67 271 179 104 250 167 258
939 2 27 149 217 64 210 94 111 92 116 290 162 239 296 136 126 40 250 53 115 279 267 175 139
278 169 84 26 208 10 81 138 250 106 162 110 95 234 21 220 193 136 222 295 126
3 70 78 141 219 261 125 232 31 236 184 281 296 45 223 194 190 150 279 91 49 136 271 265 100 200 162 41 149 240 43 83 55 91 148 24 193 227 58 287 157 0
134 146 167 225 285 286 171 295 190 153 229 42 253 70 281 241 31 60 159 276 235 65 174
226 275 83 49 277 93 262 261 144 170 137 27 233 252 13 60 256 134 279 3 15 91
55 78 240 279 194 162 5 218 209 156 41 181 79 137 4 223 11 99 270 50 122 58 208 265
83 131 143 215 250 99 171 163 239 236 284 44 55 62 65 179 25 164 73 168 78 248 154 11
939 50 161 208 107 37 245 143 271 273 208 250 160 101 247 264 172 295 120 218 168 197 223 231
75 82 93 164 190 287 246 135 49 53 225 110 286 221 71 177 6 280 222 166 257 17 55 232 31 101
31 134 196 87 220 175 129 83 38 262 44 143 51 53 100 13 241 37 12 202 7 148 273
12 61 169 276 33 153 181 208 76 206 74 139 139 230 199 234 256 256 140 27 252 391 70 197 676 6 141 545 85 38 236 200 252 61 2 273 283 261 116 228 276 269 105 95 295 290 127 270
97 138 210 245 283 218 56 173 245 170 158 114 81 272 285 42 167 39 156 254 100 196 44 58
2 165 210 72 159 0 275 260 203 146 33 155 236 287 2 86 223 69 131 244 101 207 34
6 271 143 47 113 31 272 122 156 178 49 228 208 121 163 94 65 73 142 225 12 3
188 191 262 288 142 3 299 86 1 293 144 27 35 294 232 19 128 53 174 265 52 242 5 119
120 178 200 233 296 114 189 35 79 295 36 202 173 129 3 9 207 277 18 241 56 281 237
11 221 249 192 25 180 155 215 39 5 112 17 273 201 147 144 296 123 265 88 205 189
46 142 75 5 166 70 266 22 87 154 69 235 31 123 128 222 273 207 244 67 105 122
131 32 81 38 79 174 271 188 58 197 292 203 240 177 65 185 195 234 208 143 290
29 35 161 56 20 1 203 254 255 87 250 49 60 111 22 178 28 188 35 208 179 7 99
169 270 273 133 58 297 88 245 216 194 266 233 264 168 100 108 52 83 291 181 138 277
14 103 162 83 177 36 262 63 253 155 98 185 263 41 150 122 196 229 220 212 193 280 108
62 240 21 107 259 249 98 20 190 229 70 13 266 136 197 84 221 253 241 104 167
14 44 48 98 153 298 205 202 1 66 165 229 56 46 221 80 127 43 38 51 10 73 60 151 240 164
13 31 258 198 20 57 150 68 49 44 93 208 209 169 88 151 2 142 249 237 184 272 75
55 158 257 143 99 79 45 134 215 244 80 58 126 225 202 65 201 233 189 242 12
137 138 162 193 200 132 82 294 178 277 157 200 151 147 290 36 27 96 214 73 160 3 130 298 247
32 52 237 263 204 88 81 94 86 114 295 69 28 103 256 225 62 31 68 229 35 172
125 142 144 223 247 284 165 11 29 58 298 9 49 166 182 202 167 180 160 294 59 71 60 209 220 26
83 86 247 99 188 210 262 72 121 247 50 122 9 168 3 129 118 218 199 96 24 54 7
676 37 62 102 229 168 120 146 108 242 91 22 84 267 232 235 216 69 143 282 82 105 153 35
85 220 269 16 2 220 188 191 278 171 106 13 131 198 34 160 129 137 92 187 228 74 214
296 215 41 281 235 27 47 67 17 166 71 85 1 136 87 294 256 282 39 102 207
63 184 138 104 55 99 134 36 158 273 216 269 120 295 258 167 255 252 74 246 148
77 130 222 225 234 43 50 78 187 279 198 168 47 136 10 200 159 11 203 52 131 20 262 40
23 25 26 224 272 38 181 248 246 230 170 231 287 84 227 113 134 118 263 197 190 18 133 121 182
132 252 219 275 68 85 211 203 285 215 51 216 263 29 171 140 121 98 205 240 39 11
65 31 257 64 48 100 131 19 213 261 233 133 143 225 276 290 122 156 292 12 30
114 139 298 226 206 104 247 293 162 295 190 249 237 282 235 116 224 242 179 164 239 15 258
939 1 107 67 223 240 175 88 7 32 153 171 59 117 174 50 115 177 264 151 191 250 10
40 283 93 195 196 119 14 179 176 104 194 167 189 240 210 109 43 187 8 92 193
100 155 228 245 147 134 73 11 292 137 19 32 225 265 159 125 22 82 15 143 237 282 247
71 75 230 155 192 74 64 267 21 101 8 124 201 268 3 67 179 136 287 180 84 210 256
15 73 214 297 78 229 299 11 250 219 37 112 93 249 96 106 169 3 13 1 238 53 243 97
28 77 99 126 190 193 230 228 136 226 34 117 67 51 280 278 181 155 233 29 272 39 128 179 28 105 121
20 181 264 183 131 85 67 52 283 7 82 50 221 253 63 74 286 251 179 204 64 88 19 57 198 15 28 299 72 7 227 191 63 214 192 240 220 61 182 224 278
73 128 203 117 144 120 224 38 298 237 90 279 123 212 74 103 2 225 239 229 4 148
63 248 47 74 128 57 17 33 4 7 264 173 183 196 144 5 53 3 218 140 210
4 232 3 134 234 76 244 92 66 281 210 95 225 277 102 257 144 18 14 60 266 153
65 234 274 289 102 135 80 42 232 206 65 124 64 75 242 18 86 236 56 221 253 251 53
6 192 239 244 117 222 279 254 240 89 130 81 14 118 231 298 94 230 287 204 182 79 62 85
58 70 111 158 173 31 75 295 203 283 268 101 128 126 249 242 161 162 197 106 38 160 10 260 64
21 50 96 267 179 50 214 238 104 234 276 20 282 70 48 92 119 29 148 247 13 180 116 151
103 149 99 270 27 232 95 51 122 89 280 101 185 162 188 260 245 98 115 8 237 277
44 63 194 255 279 297 202 139 170 289 189 226 41 114 219 129 252 290 144 235 217 293 105 269
8 119 218 165 58 190 267 45 152 216 153 163 199 227 251 40 198 197 93 260 13 205
112 187 243 12 165 182 211 5 68 296 179 219 76 48 284 33 214 14 153 292 241 53
171 234 242 17 53 78 4 135 91 72 153 279 49 286 6 217 150 196 129 258 145
7 8 154 190 130 104 223 219 225 78 77 70 117 166 122 18 234 151 169 276 49 106 239
86 90 221 232 255 195 113 93 254 276 196 289 13 221 91 40 36 235 17 220 12 1 106 59
2 72 154 221 79 157 18 77 192 36 116 177 103 35 89 134 275 252 158 34 216 114 138 272
56 240 247 249 246 90 196 50 73 139 252 213 8 216 154 291 37 182 170 42 184 298 108 165
78 144 158 283 217 231 187 81 165 259 72 1 13 206 70 57 30 292 284 136 184 252 0 65
50 108 256 279 203 91 288 89 118 117 278 94 219 257 213 22 265 142 229 123 78 217 281
50 118 129 139 163 243 291 225 88 19 294 138 237 231 217 2 282 209 170 100 73 223 110 222 295
76 151 281 253 53 75 194 47 14 87 272 144 83 294 48 70 286 12 108 27 223 111
22 123 173 197 118 128 293 31 299 160 241 6 259 21 229 29 175 135 93 248 243 156
59 76 224 225 141 51 239 8 90 39 195 175 155 218 278 6 251 161 230 22 209 66 179 43
183 32 115 213 191 210 151 23 84 85 109 259 139 38 16 58 247 57 163 240 183
93 109 142 287 295 67 55 230 56 229 0 70 174 77 260 99 36 188 44 49 93 47 234 95 284 37 15 235 160 208 102 92 1 137 21 180 266 258 265 242 14 225 31
89 98 119 173 188 101 223 123 201 88 296 48 235 283 294 187 32 264 28 144 203 193 138 0 241
117 190 162 20 177 75 37 256 95 158 40 278 11 27 242 240 248 114 76 111 107 212
222 278 284 146 252 179 43 282 26 162 246 123 254 170 186 178 115 183 56 175 292 157 156
59 228 250 256 227 46 21 140 85 248 208 61 252 7 143 58 240 217 62 22 209 42 79 102
136 142 153 250 121 267 57 188 166 256 241 116 95 147 26 163 117 251 109 292 234 244 74 297 255 118 221 203 155 97 273 277 60 238 83 249 222 70 57 170 41 25
110 282 289 295 100 294 61 263 185 14 235 70 164 167 266 78 10 215 124 128 75 141 261 281
111 116 178 219 287 106 117 114 245 23 80 283 168 157 249 123 189 192 160 21 107 110 297 165
939 68 241 250 152 214 123 8 92 252 83 172 116 126 102 261 156 112 168 95 201 200 82
104 114 272 176 169 69 99 90 54 230 27 277 115 8 272 15 52 292 133 6 156 173 131
51 127 278 102 176 14 24 273 20 277 296 133 209 221 5 63 265 173 116 2 163 111 258
30 184 209 140 93 112 99 223 204 294 261 16 55 234 247 161 125 235 80 268 43 76
20 77 93 123 81 36 29 151 58 281 184 298 206 218 254 157 180 153 64 195 166 163 91 174
51 82 88 227 242 244 269 252 123 71 184 6 116 62 135 30 34 224 264 64 228 103 274 164 285 12 280
103 116 257 177 49 126 240 84 279 74 167 156 78 103 105 52 181 172 239 71 258 61
122 209 224 99 104 150 47 211 160 257 253 183 16 49 151 111 280 70 159 168 299 115 91
126 176 295 207 215 0 132 156 71 126 20 92 227 241 258 276 4 282 206 34 271 170 103
61 73 100 105 122 242 15 69 33 249 277 257 167 54 76 258 218 178 8 66 151 84
266 97 218 124 237 65 38 121 170 195 33 53 85 80 111 185 26 240 98 77 131
187 284 121 168 228 80 45 266 75 98 65 20 253 83 171 209 39 195 244 146 70 72
85 99 143 172 289 65 282 296 21 93 100 236 17 132 47 111 26 173 8 191 11 6 227 167 96
30 156 222 255 204 154 50 166 129 267 12 10 295 290 246 45 202 282 46 191 140 217 54 80
41 204 254 261 241 165 138 183 196 36 1 274 142 44 172 99 259 205 235 292 88 285 236 150
0 77 79 173 191 106 269 96 54 123 82 265 246 61 236 55 22 161 229 131 187 242 160 290
606 167 254 72 256 214 246 279 299 229 65 188 267 133 92 276 283 0 25 38 294 16 261
270 212 116 192 235 80 109 75 158 61 283 100 253 17 87 20 293 114 25 148 78
76 83 137 233 262 85 96 168 152 102 43 281 47 231 15 262 157 165 106 197 243 26 105 19 249
35 61 287 89 199 254 55 113 299 96 185 71 248 7 271 70 145 166 16 224 239 134 137
66 150 181 183 224 255 86 12 73 262 75 160 251 295 184 137 63 269 35 201 186 219 279
15 101 157 220 8 4 210 51 21 241 281 203 58 10 85 43 298 63 229 134 144 45 279 191
11 69 83 234 219 285 93 262 98 178 138 175 94 15 289 258 7 25 142 143 245 45 122 185
39 188 272 293 13 279 108 28 107 114 295 259 192 221 25 252 299 174 176 70 216 235 188
106 137 283 210 33 80 215 117 86 18 168 26 240 231 160 249 94 181 127 141 138 222
184 284 98 267 185 159 118 171 112 299 60 208 97 93 207 219 148 297 137 142 298 12
206 253 0 267 280 217 273 18 60 84 195 119 189 259 45 193 239 139 63 4 11 48
89 299 214 238 283 155 266 237 77 168 181 142 75 216 256 201 9 37 179 106 1
70 80 73 249 11 137 149 164 48 196 182 76 271 142 140 184 115 193 12 131 80 298
68 163 166 193 296 268 245 257 299 263 105 212 48 45 158 30 29 232 186 67 265 253 290 44 216
54 85 105 143 279 291 177 18 79 141 201 281 236 36 162 74 86 280 143 158 81 25 215 170 184
47 95 234 243 167 121 105 194 128 201 292 68 184 156 87 75 59 286 225 110 154 240 253 136
57 101 168 33 13 204 258 137 123 8 280 161 214 166 94 228 28 56 126 190 81 72 293
172 176 255 297 94 78 271 252 239 57 177 83 297 137 178 180 141 225 51 132 281 294 278 229
49 250 235 275 124 96 74 80 156 210 232 266 146 282 209 23 260 283 116 186 15 178
203 127 80 3 189 282 46 176 187 144 92 53 253 6 99 157 95 245 168 107 48
275 79 197 265 46 11 169 65 117 36 98 231 216 159 88 59 110 49 28 24 275
191 221 159 118 285 106 136 251 91 295 77 37 4 92 164 198 156 278 247 199 0 248
139 200 298 174 32 111 13 131 108 73 98 178 59 52 20 23 155 190 78 287 204 117 110
188 198 216 298 161 214 55 92 39 99 97 154 147 158 13 148 261 6 89 282 115 287 179
21 30 63 134 153 177 281 27 138 104 103 285 35 155 46 239 159 238 93 19 169 139 8
939 2 121 259 287 160 164 156 196 297 190 298 239 42 32 74 104 90 288 12 243 131 92 121 124
65 255 176 122 97 170 175 93 165 14 73 39 108 284 66 215 167 210 250 98 9 277
107 166 168 283 290 153 230 145 164 108 0 152 18 127 223 209 284 28 248 198 294 175 134 51 22
23 127 283 30 211 181 27 74 254 61 288 112 136 185 75 58 263 42 274 120 251 66
169 185 234 133 196 144 132 36 278 283 154 124 208 108 126 141 99 152 189 262 25 82 19
65 178 159 202 78 5 54 285 134 181 47 258 154 39 38 225 287 93 286 122 80 22
143 274 18 250 165 9 143 61 239 254 268 252 94 163 174 30 139 279 265 181 55
163 287 59 244 52 72 203 71 106 166 228 239 3 229 147 149 163 49 102 234 111 214
191 232 234 284 175 30 84 265 217 9 170 123 249 232 197 47 245 75 96 280 172 13 31 180
50 137 281 13 110 129 173 158 294 223 190 250 0 224 5 198 189 46 91 165 85 152 48
69 153 198 229 17 7 218 191 220 223 151 18 0 195 250 16 260 14 5 279 54 199 74 210
28 40 110 210 279 295 99 71 195 257 208 61 111 281 201 104 212 123 51 210 179 149 163 181 266 284
81 197 111 274 1 178 243 19 230 228 286 89 11 14 148 124 57 155 253 187 250
945 278 284 215 275 264 140 188 24 283 254 30 109 98 18 181 146 155 35 184 122 149 130
553 263 117 156 258 142 74 233 154 75 211 277 8 104 257 71 175 145 282 1 207 289
2 244 20 2 9 118 43 62 109 10 48 174 125 86 164 45 17 195 15 217 187
267 255 70 119 67 158 126 150 184 87 196 279 204 247 190 3 221 108 38 41 129
92 82 196 204 69 136 48 274 254 295 233 175 125 221 54 198 269 169 89 120 12
20 87 30 131 7 242 299 52 138 14 111 249 170 47 89 57 297 69 80 74 130 141
553 119 153 238 260 272 210 189 21 89 178 23 123 111 147 32 3 137 107 141 172 171 279
37 103 127 35 189 107 48 133 290 206 199 166 82 242 169 154 138 261 263 89 10 279 226
47 72 154 80 76 50 17 13 203 88 271 236 12 156 94 126 200 222 235 143 228 198 159
38 112 140 200 758 184 186 192 89 298 32 192 170 129 110 113 159 13 182 73 28 1 115 272 64 187 108 215
874 7 112 179 275 39 275 130 70 287 145 153 17 91 161 214 295 248 227 101 141 4 211 284 84
42 90 108 130 195 218 102 234 260 174 138 109 265 290 281 145 157 17 106 92 113 21 210 155 273 205
8 43 72 75 46 112 237 92 125 66 281 196 29 192 47 22 141 291 267 272 21 33 98 218 283 194 291 166 219 148 78 73 34 2 50 18 236 89 115 235 242 152 153 206
7 54 56 106 145 156 173 189 201 262 5 64 248 122 123 158 147 124 224 238 79 52 30 41 126 93 187
62 154 157 165 187 120 225 190 71 33 87 188 50 110 67 107 45 275 42 168 279 0 22 226 268
1 59 78 132 191 199 98 55 3 173 66 119 129 4 269 229 242 116 184 90 65 91 299 249 191 259
29 105 286 76 232 101 124 280 103 48 112 11 142 144 299 192 172 204 176 184 45 120 268
225 230 174 240 165 25 41 55 185 218 80 248 82 188 238 256 213 190 90 77 212 124
46 129 203 180 8 167 65 87 26 31 86 254 143 67 111 226 38 242 228 275 122 9 145
46 80 145 99 279 256 109 269 292 192 97 101 118 55 223 251 145 150 224 181 79 126 254
259 299 226 118 16 105 21 221 52 3 166 275 296 219 243 93 135 262 145 159 78
6 83 83 30 199 296 247 158 136 298 101 134 74 244 108 0 41 282 90 22 151 169
92 201 212 229 277 186 29 265 128 113 212 6 179 112 64 158 50 26 258 118 283 70 20 124 253
12 22 262 9 116 290 123 239 135 249 197 260 159 146 18 74 12 65 4 273 154 190 250
118 92 114 280 51 87 33 24 1 190 257 60 79 97 16 249 124 151 31 216 223
13 231 257 176 12 143 240 39 19 32 229 31 142 52 118 24 252 85 291 119 260 27 169
292 243 9 256 271 65 250 258 272 2 166 245 221 162 114 152 43 296 252 201 52
44 64 146 272 107 139 121 260 158 88 177 234 229 187 172 124 91 243 11 262 211 148 38 9
100 22 58 133 153 50 287 24 32 260 119 104 283 265 101 134 195 7 295 63 150
50 86 239 275 105 156 26 10 44 34 79 131 109 107 193 136 217 228 5 112 11 150 266 255
141 234 288 57 189 212 233 269 8 61 205 27 155 58 186 78 282 159 285 2 137 69 219
16 109 260 148 258 22 59 118 179 102 271 191 181 113 241 66 232 41 182 88 140 218 278
167 172 293 75 223 295 81 115 157 142 26 203 232 170 96 186 156 242 121 284 68 282 98 47 2 136 33 126 214 287 116 108 1 101 129 207 273 92 10 51 106 209
279 209 15 103 189 13 218 83 171 267 286 59 69 45 285 41 211 47 53 255 110
41 85 109 148 159 295 275 207 40 216 201 65 194 52 62 38 277 25 252 264 66 118 140 162 212 113
93 223 178 260 149 86 154 10 207 247 54 79 255 102 42 165 239 40 162 97 293
129 192 227 266 267 176 258 23 71 29 207 42 198 254 294 223 234 55 173 3 263 260 30 181 256
30 168 267 179 80 75 64 128 13 3 229 77 260 36 42 65 98 220 106 121 177 102
75 142 230 97 110 245 225 185 252 58 4 29 91 17 255 116 171 244 68 143 217 234 121
177 254 100 248 19 126 88 281 93 201 68 1 212 105 278 189 234 241 207 77 26 147
41 172 191 25 200 293 4 194 121 39 192 169 137 187 167 151 287 29 78 182 100 229 90
5 73 77 174 290 181 208 8 165 172 40 80 77 223 245 96 247 209 69 253 283 163 200 162 205
33 75 97 134 159 203 128 218 178 286 138 237 35 53 78 271 114 236 284 126 136 210 142 225 5 91
101 105 200 18 59 297 286 187 222 197 177 115 227 58 199 30 205 211 289 98 216 24 274
197 88 178 204 287 253 75 177 108 68 218 36 241 153 18 237 189 162 195 96 20
892 108 139 184 288 221 297 256 252 252 207 46 52 232 184 286 402 87 5 659 187 487 85 149 772
7 69 282 109 158 274 69 162 112 62 18 79 128 5 135 155 141 150 262 38 140 36 236
84 94 294 248 69 266 130 4 240 217 124 283 182 24 263 150 63 165 52 161 258 159
62 114 120 278 286 159 151 165 241 36 277 278 105 247 275 29 181 85 191 39 192 245 76 148 20
92 103 223 235 75 108 106 201 229 157 97 69 261 21 86 269 115 206 6 79 170 56 248 131
43 111 275 78 213 4 45 27 31 160 209 75 261 287 104 292 150 251 67 220 79
22 89 136 216 242 219 110 43 156 8 158 250 53 65 20 23 84 114 207 281 155 105 135 161 92 64 156 299 33 5 151 237 53 13 98 87 182 169 158 21 229 286 244 241 259
62 102 253 55 15 73 132 170 15 255 222 255 17 265 52 264 659 402 772 153 487 162 273
129 207 218 256 279 73 208 15 60 162 222 84 217 184 179 249 124 261 86 169 22 6 114 125 191
58 143 230 56 79 109 121 229 251 1 251 288 248 173 288 15 218 2 22 252 276 839 130 545 75 112 290 176 264 262 239 82 110 78 253 232 128 45 37 63 174 114 269 4 151 189 167
821 892 60 59 192 210 180 129 146 122 78 49 295 29 238 124 172 91 17 66 144 96 100
24 130 166 182 228 119 39 127 177 53 198 239 241 225 12 210 248 21 268 4 197 189 23 122 62 58 175 55 98 145 80 16 180 90 12 70 187 272 9 239 127 128 117 218
1 26 132 265 216 268 269 279 200 144 22 108 38 126 151 219 261 232 18 4 168 122 62 31 772 63 141 141 8 141 63 255 149 264 273 187 184 85 291 772 659 232 286 52
231 238 51 124 120 1 187 46 275 156 105 217 71 249 81 231 18 264 261 151 233 259
226 186 108 52 119 274 299 237 71 115 20 93 46 90 244 222 31 73 26 255 117
192 255 141 28 106 13 84 91 84 60 52 153 772 291 5 87 184 85 273 402 187
51 183 97 113 627 134 169 76 242 245 169 169 207 14 263 134 228 258 274 6 289 260 477 123 270 136 32 52 191 226 109 88 240 55 197 49 209 73 254 151 67 256 7
38 86 183 260 287 128 138 217 214 237 249 215 117 61 187 197 293 275 263 141 55 270 289 89 21
892 0 125 206 218 129 218 218 141 218 262 270 42 106 273 232 286 5 87 402 291 265 772 264
223 208 74 220 233 163 269 10 99 67 2 56 249 247 71 62 287 156 296 5 214
260 52 173 110 284 152 35 63 146 13 219 188 27 6 241 218 50 81 205 290 94
253 280 292 144 70 49 239 75 215 7 219 1 57 36 102 28 214 18 193 149 138 226 232 53 186 177 35 149 16 138 212 131 152 41 33 197 128 191 119 246 257 7 108
821 17 70 263 28 92 284 60 18 257 206 159 177 114 39 172 147 210 45 255 8 5 196 52
94 109 142 211 271 131 243 137 75 127 259 128 108 150 46 130 262 98 249 6 51 268 261 267 15
207 294 55 84 278 290 221 23 41 17 130 47 14 284 180 49 211 57 259 37 208 258
141 165 201 259 151 249 29 108 298 260 130 141 183 162 194 170 87 91 255 76 207 270 200
46 85 219 242 257 276 19 106 202 299 152 25 44 113 104 6 4 167 28 226 60 93 255 245 3
6 85 120 139 145 237 124 247 292 242 199 193 217 127 40 139 192 190 267 31 260 191 4 228 21 67
81 259 127 230 145 93 98 45 53 260 36 117 206 80 136 236 88 168 276 271 24
65 66 298 78 178 268 16 22 68 203 266 105 172 232 140 24 60 193 58 36 269 145 199
32 65 89 180 97 62 278 53 225 57 80 40 39 11 81 153 276 84 10 178 51 220 234 280
15 247 43 119 150 198 112 134 253 202 237 68 193 235 158 104 92 18 183 117 242 139
821 137 170 228 8 123 277 90 70 294 51 271 201 273 209 64 23 82 111 130 167 38 35 125
46 80 120 272 280 0 218 293 202 217 69 189 276 261 93 173 253 298 226 30 206 111 43 290 241
199 232 245 299 103 264 285 294 253 260 40 40 230 149 149 218 263 204 198 274 134 228 14 260 289 38 258 98 46 24 21 43 37 237 233 78 73 145 36 221 209 173 157 146 93 292 106
892 13 180 226 262 123 292 197 246 55 38 63 109 228 286 176 220 268 191 7 241 62 290 289
26 274 24 32 141 162 149 230 149 294 14 160 149 294 149 26 140 14 251 198 134 289 173 140 204 6 58 272 152 82 168 17 246 247 290 194 179 47 266 182 181 21 201 178 132 233
87 13 51 237 253 277 178 170 253 256 23 236 252 15 839 863 209 187 290 75 12 218 130 212 294 264 5 230 16 298 77 86 49 63 8 180 189 148 252 0 7 37 106 162
3 10 49 131 182 72 140 145 209 177 130 193 66 124 78 295 22 156 116 95 106 36 79 164 97
33 77 113 168 221 239 261 287 19 161 161 103 258 103 267 161 214 103 290 276 187 218 212 252 545 112 15 863 104 247 203 61 40 242 163 57 149 299 14 212 232 71 59 288 287 202 231 41
45 181 228 186 99 246 168 166 159 232 279 242 124 274 176 147 123 231 270 261 233 221 110
9 219 263 154 137 270 117 149 273 59 99 177 170 173 8 166 282 32 203 30 97 128 247
821 60 120 545 86 245 25 262 199 46 297 10 52 54 296 259 7 250 139 254 97 233 246 210
146 170 184 223 236 160 206 262 179 249 17 149 93 4 9 235 44 32 16 283 256 173 61
11 163 73 91 196 278 234 131 257 5 147 297 12 229 57 287 222 152 3 194 282
141 161 229 249 214 290 286 135 14 164 165 187 264 95 125 161 176 67 84 240 82 111 5 175
69 100 125 286 50 124 203 218 228 133 248 164 204 164 164 294 248 31 10 14 198 134 173 177 251 104 38 228 6 110 148 138 210 191 182 255 90 124 241 239 85 1 172 33 65 269 72 77 189
34 193 11 101 177 32 246 32 1 115 115 161 32 1 2 75 187 839 15 218 545 863 12 212 112 64 252 120 29 274 54 28 263 71 268 20 292 276 23 21 285 81 277 49 192
16 62 63 117 152 236 13 292 42 89 297 178 141 124 232 38 175 204 183 250 21 222 9 209 241
66 182 206 281 82 181 223 40 252 89 289 172 61 58 281 41 4 187 262 213 296 50 226 195
52 91 200 268 97 235 199 179 88 267 92 124 224 138 126 257 172 110 63 190 249 298 231 253
255 154 128 212 39 152 68 30 249 138 278 255 20 14 290 161 74 15 281 124 293
7 135 197 193 23 60 95 297 15 51 110 76 41 125 118 201 1 211 116 127 62 217
84 293 286 130 283 107 145 76 110 88 72 258 117 93 257 116 18 190 245 242 263 61
56 57 61 297 129 24 118 287 38 30 88 258 168 260 128 289 130 293 134 121 202 275 215 21
41 75 189 59 194 75 191 71 110 113 270 115 241 52 271 285 94 250 34 202 13 157 162
63 249 240 112 165 135 128 290 281 129 82 236 183 209 164 295 143 230 292 109 219 126
204 224 267 72 2 77 85 58 145 166 82 263 69 117 14 262 11 6 92 197 84 137 87
122 212 123 83 170 252 239 9 112 150 66 60 228 151 118 261 172 280 102 121 154 288 288 224 175 244 228 117 144 265 147 11 83 203 158 32 191 240 178 45 61 250
51 225 277 296 298 128 251 12 229 246 199 13 40 293 52 39 271 294 93 269 265 92 226 139 95
48 86 156 249 176 260 254 218 97 275 155 65 259 64 87 98 129 161 126 82 184 138 174
117 254 275 285 200 186 129 3 133 226 30 149 277 205 152 221 110 124 60 260 223 81 10
21 157 134 212 123 27 189 274 137 178 75 191 187 224 148 200 175 93 153 14 94 185
16 157 277 223 80 230 55 244 80 221 80 89 487 258 477 38 487 433 177 6 251 204 134 260 242 12 226 49 290 144 266 233 85 288 137 241 176 251 43 293 204 74 182 99
293 114 178 246 42 251 283 297 209 285 108 208 221 90 290 77 192 11 159 280 146
48 184 144 248 201 54 95 239 218 262 99 180 177 265 179 182 29 119 108 277 255 275
109 172 263 264 211 191 185 145 123 235 14 265 223 157 241 164 238 57 107 214 34 189 80 231
102 266 291 235 182 18 174 127 161 247 68 83 183 135 102 288 8 206 0 13 44 114 138
6 204 175 203 131 111 234 289 107 12 17 271 205 223 50 35 3 90 209 161 174 279 258 68 138 105 79 80 63 64 116 135 273 109 115 280 285 279 278 145 37 131
33 148 232 60 251 192 294 203 19 29 58 48 21 186 214 215 299 66 11 207 115 175
106 192 236 47 219 42 124 106 150 241 291 292 146 274 104 127 74 120 100 20 102 298
263 184 222 26 90 144 298 53 28 242 132 263 150 227 139 190 7 143 123 89 22
20 296 131 8 7 17 15 130 260 241 144 90 292 194 152 48 178 127 112 259 272
22 217 231 238 227 291 195 232 255 256 299 267 55 185 206 85 95 123 211 190 198 89 58 86
0 88 115 183 175 286 60 212 128 206 77 186 48 37 73 168 66 181 46 197 222 124 61 190
113 252 179 230 266 176 291 275 37 71 255 119 100 117 127 111 146 115 209 281 198
140 160 177 196 128 128 59 346 136 110 59 59 863 290 218 252 22 2 209 212 192 839 276 75
892 264 89 69 127 127 180 449 216 255 134 477 260 140 258 487 14 433 251 204 38 228
151 243 271 127 89 116 89 116 69 69 173 251 134 263 289 14 177 38 228 258 204 477 127 173 277 245 66 152 53 263 83 95 29 226 183 262 14 119 162 37 221 273
229 257 40 66 169 180 256 87 238 259 92 145 159 234 128 60 45 264 241 187 219 119
71 116 119 237 277 107 168 33 186 217 256 59 247 213 172 10 87 185 291 95 257 66 143 983 983 220 548 822 132 258 258 132 143 220 153 265 659 273 264 149 5 62
15 295 283 139 283 284 235 230 235 230 139 230 145 659 74 449 95 215 264 276 104 8
83 185 193 284 19 251 2 241 264 35 252 68 278 36 279 184 66 275 11 127 131 26 191 269
214 3 181 128 81 233 271 295 30 81 295 217 128 233 14 38 173 260 228 487 477 204 177 251 197 2 19 198 159 290 237 18 120 273 214 286 215 52 34 253 173 29 119
148 238 273 36 180 47 71 57 79 270 60 218 111 271 116 194 53 268 156 21 68 76 73
0 79 167 26 169 150 87 45 204 289 59 275 153 269 125 196 285 50 97 14 16 225 279
27 122 155 293 262 19 251 296 43 191 223 91 48 107 190 172 287 201 159 284 138 88 118 147 201 253 178 42 50 154 244 84 52 81 214 177 86 151 114 293 118 153 91 188
158 22 67 37 240 218 271 290 105 170 228 47 223 128 296 272 230 1 10 249 95
57 67 98 117 181 184 7 8 212 190 183 34 47 248 43 62 217 52 194 134 182 124 120 101 144 138
51 117 50 109 189 100 176 267 241 254 268 52 203 16 228 216 199 167 239 129 213
101 261 130 20 128 229 171 215 4 106 242 203 253 108 31 93 135 191 181 116 140 98
892 138 190 252 267 163 35 23 14 196 285 243 46 119 32 99 109 139 80 183 103 61 261 85 287
71 555 729 295 546 747 98 729 403 260 402 659 273 85 153 264 184 149 52 546 5
65 70 255 207 31 58 212 50 193 280 203 200 283 146 15 298 229 217 182 215 178 279 18
92 160 98 747 295 729 479 98 295 280 747 248 162 153 286 232 402 149 291 87 85 184
3 73 104 219 228 237 153 40 297 62 105 208 240 126 147 27 135 116 30 288 121 155 219 273 224
16 105 122 143 174 255 236 131 221 294 20 66 65 234 231 78 136 249 263 50 216 109 190 186 279 288
115 131 174 261 68 64 232 118 156 20 151 175 290 59 240 127 137 63 123 70 164 114 188 264
562 126 72 257 286 125 41 35 34 145 18 85 194 71 32 262 278 238 234 252 54 28
18 63 133 142 143 159 168 169 292 276 202 76 1 16 199 86 167 136 182 58 235 173 288 125 268 62 156 249 297
126 149 133 84 98 207 2 198 262 145 142 49 113 139 105 231 118 180 65 271 140
21 108 245 173 37 153 206 27 74 72 269 69 143 9 221 58 96 204 39 125 232
244 293 257 43 4 69 240 181 254 228 290 214 67 48 215 68 11 129 126 279 150 244
21 84 129 267 274 271 258 58 238 216 160 64 18 52 140 204 293 31 276 147 190 133 223 89 159 76 183 12 106 157 28 81 257 8 283 41 20 89 197 286 55 29 230 88 107
134 265 4 227 57 23 210 48 174 45 79 196 142 290 252 59 250 87 291 178 296 93
227 261 281 209 199 74 142 241 100 38 182 154 262 55 78 9 260 295 162 173 6
17 120 203 263 197 145 145 198 152 113 90 256 197 256 937 224 49 258 957 294 25 239 94 795 171 193 127 126 173 80 128 222 242 93 150 11 111 74 83 132 167 214 141 54
74 167 188 231 83 237 221 29 156 82 87 163 127 54 90 8 291 230 224 48 293 190 14
75 187 247 100 119 77 288 291 111 123 82 24 196 5 28 187 298 161 75 18 193 264 88
744 42 274 3 82 221 250 247 187 153 48 124 100 110 90 154 15 1 12 237 25 164
26 111 242 277 259 75 14 265 245 39 120 3 216 145 117 172 260 129 242 200 246 228 179 286
52 73 88 208 261 281 25 59 19 299 141 275 256 282 221 72 76 249 121 295 238 166 77 183 82 195
51 174 178 156 236 92 160 15 230 10 119 52 243 75 17 16 191 35 23 170 124
3 103 195 294 8 193 244 184 156 80 122 291 23 0 43 68 143 10 169 165 220 35 130 70
120 156 274 896 896 43 12 12 274 554 187 184 52 659 153 87 546 85 273 5 402 291
26 101 263 288 487 23 271 103 132 72 229 12 247 198 224 275 14 140 57 205 164 212 299 167 6
82 105 143 238 274 290 254 128 102 74 121 62 164 43 2 202 209 221 7 60 66 61 251 73 141 298
71 110 374 525 16 227 148 282 299 150 232 286 287 290 170 37 88 266 142 63 254 158 293 14
82 130 216 244 260 204 228 223 180 94 170 235 126 136 140 71 197 52 3 59 119 81 44 271 215
138 193 202 171 36 79 248 252 86 249 105 129 117 192 74 49 3 149 39 274 199
83 94 103 126 90 129 131 198 4 210 196 218 259 194 65 258 34 44 206 249 155 53 87 195 180 146 147 72 7 213 225 232 143 154 49 212 31 71 176 279 137 89 181 200
23 103 142 209 233 291 298 57 145 149 423 423 211 69 115 994 33 454 52 211 242 107 270 78 245 228 221 209 548 208 171 229 241 100 219 133 149 153 46 151 110 55 290 167 131 117 277 34 24
821 127 132 247 285 148 67 242 578 48 25 25 242 25 67 242 578 578 839 545 255 2 212 12 187 218 27 10 224 6 229 97 258 23 134 288 200 279 260 230 242 17 96 1 111 83
17 244 257 217 72 161 268 212 203 194 131 219 64 166 157 178 207 102 152 16 76 264 250
36 264 37 93 207 278 875 813 552 281 258 527 950 950 552 433 520 6 263 204 140 134 251 198 487 173 3 189 85 109 277 133 46 5 56 160 8 100 173 123 45 80 203 279 266 148
181 186 215 185 22 382 2 91 236 95 62 659 5 153 264 162 52 184 291 87 232 546 329
177 210 289 44 56 247 264 15 112 226 26 251 232 254 260 290 284 294 61 192 293 141 224
73 200 212 236 264 271 205 52 224 16 126 238 119 190 113 195 141 170 112 164 30 1 90 299 9
59 173 189 211 227 292 126 206 297 39 198 182 56 165 277 179 101 150 93 91 189 49 256 169 78 100
47 143 96 263 70 92 123 134 281 274 45 29 296 211 220 47 216 234 128 66 224
96 100 153 270 264 273 299 93 250 227 190 245 21 55 214 162 296 50 194 100 108 88 43 36
102 235 279 205 30 260 169 214 44 215 97 253 195 219 126 18 200 129 89 268 9 48
27 283 291 41 56 273 256 122 285 175 134 31 114 12 182 75 164 244 25 177 161 213 194
89 231 298 195 54 3 160 242 129 224 77 182 135 151 228 216 187 58 233 207 68 175 203
78 216 224 203 16 277 103 208 188 183 4 182 13 90 11 53 224 75 134 265 36 217 177
