24 92 120 135 154 115 186 961 283 816 781 245 252 543 5 369 884 505 744 714 960 456 935 633 254 246 191
992 99 156 212 214 278 862 152 605 124 124 10 259 10 163 228 142 45 794 364 794 302 45 357 277 249 290
55 154 189 296 839 296 527 664 72 464 978 989 989 862 464 834 99 72 176 664 176 522 596
14 38 105 190 667 92 619 619 141 255 125 6 131 104 66 245 98 344 224 709 513 147 224 9 908
100 163 179 205 237 297 137 945 157 298 206 176 275 22 176 55 99 945 726 256 57 768 475 312 130 722
108 251 41 45 174 16 298 113 170 207 9 10 12 38 146 7 243 77 285 284 227
92 277 101 40 124 75 221 109 267 254 295 215 55 239 199 188 102 134 279 28 42 148 298 258 91 104 266 135 297 70 7 295 38 280 209 275 33 72 284 86 175 252 10 204 60 159 291 906 183 147 118 6 277 177 36 225 6 55 292 255 201 279
46 108 113 123 123 6 69 35 121 26 51 150 249 83 136 195 98 235 4 195 285 196 653
276 121 183 295 268 145 54 53 103 21 182 208 117 283 118 226 199 235 51 169 135
47 150 177 200 224 52 42 54 172 193 266 95 3 213 109 12 62 145 259 4 190 211 238 69
13 25 49 55 88 175 183 288 126 50 27 23 245 27 126 172 369 250 200 935 215 29 816 289 263 126 160 14
46 48 98 216 249 231 131 166 200 100 260 176 126 78 80 15 150 40 63 282 39 219 240 154 294
1 57 76 188 84 176 34 106 12 271 78 69 29 62 166 211 258 224 147 158 71 218 278 222
13 96 218 288 294 295 72 162 43 133 51 107 47 91 157 87 102 88 1 143 4 163 185 11
148 265 285 145 194 214 6 282 76 49 1 27 30 80 261 287 193 200 268 134 246
40 68 218 271 103 262 27 20 231 74 158 196 155 43 268 56 183 222 167 70 120 178 49 295
66 273 47 268 235 292 173 171 165 280 96 178 24 180 64 143 94 288 277 60 18
144 213 130 150 279 111 87 143 85 179 84 194 42 19 132 243 63 8 80 90 169
46 194 281 133 191 222 157 175 208 264 233 297 178 127 225 145 61 21 91 40 63 97 215
33 104 111 210 56 230 187 254 177 206 166 37 68 19 70 61 287 194 10 36 25 74 122 163
20 260 67 195 233 218 184 17 55 103 213 65 80 21 85 57 73 280 0 181 4 2
4 74 132 49 265 65 84 96 16 117 80 92 129 111 99 229 174 279 19 151 213 115 86
9 12 18 39 48 67 116 134 135 143 158 285 228 83 31 105 70 20 2 216 73 292 66 34 225 99 118 114 238 41
120 163 195 279 230 40 252 289 246 116 209 137 215 92 176 168 8 25 248 291 194 158 152 54
