110 147 68 207 935 376 44 762 387 152 246 455 400 863 532 931 839 512 74 653 677 947 625 250
659 53 70 97 230 520 675 254 961 903 19 197 61 691 550 154 461 488 612 960 144 348 358 949 844
161 219 9 10 102 178 153 148 53 34 658 542 58 153 235 101 235 293 56 896 658 209 101 282 236 935
26 39 232 297 62 653 320 72 653 72 805 653 273 498 568 375 653 934 329 251 934 520 136 654 50 74 282 74 74 262 282 194 177 400 52 144 173 641 284 326 709 112 170 161
67 288 160 4 254 149 77 253 211 284 45 37 203 178 13 244 2 215 85 21 294 277
72 102 113 252 271 297 203 284 275 541 7 205 297 9 13 648 148 176 690 718 897 171 186 183 148
45 81 205 32 192 251 47 212 212 220 69 180 539 284 641 90 641 161 267 173 170
65 117 39 46 193 139 30 215 178 214 91 84 48 20 34 297 119 76 202 254 19 291
797 6 139 269 8 64 17 119 210 90 283 158 19 195 231 248 41 80 143 35 69 249 264 55
34 259 285 265 273 294 40 85 18 129 106 165 298 60 145 10 289 242 48 133 96 284 91
7 116 119 127 222 100 146 182 193 289 174 10 242 10 25 6 135 973 9 100 905 100 93 44 383 953 299 74 284 219 257 66 68 183 176 152 36 189 201 172 190 154 217 148 129 114 20 157 268
101 190 158 116 153 259 48 209 163 52 156 97 138 162 81 153 180 95 180 65 229
69 72 77 131 242 290 159 231 128 164 164 74 56 297 231 58 169 82 12 117 830 169 52 728 8 114 64 241 230 92 60 107 292 176 171 121 270 43 8 146 128 203 288 2 271
73 165 124 177 280 247 216 8 68 208 131 39 153 110 78 53 146 85 171 228 184 101
66 90 113 60 128 174 209 126 185 248 16 54 170 18 105 1 194 163 274 153 159 277 203
146 162 118 20 139 61 270 183 16 19 226 66 62 23 4 132 18 141 80 32 213 182
45 53 207 293 125 180 142 9 139 203 259 280 243 126 35 285 140 61 96 261 26 66 8 198
34 45 442 44 33 241 264 640 39 640 185 4 216 286 247 20 261 219 258 83 190 219 166
117 193 256 264 271 439 236 160 292 37 255 222 40 235 268 130 170 87 147 163 17 23 239 63 58 269
6 11 18 112 163 149 116 194 156 279 231 229 82 76 257 110 209 291 181 75 243 207 271 114
4 14 215 22 18 140 117 87 96 141 72 240 283 206 139 216 49 260 30 158 187 79
79 6 6 131 50 294 193 90 6 153 156 148 229 138 32 149 82 96 95 149 97
92 148 42 278 259 274 261 123 8 215 219 146 137 247 156 220 145 127 52 194 70
94 187 228 253 28 44 108 221 304 82 119 187 203 326 193 352 980 416 829 959 744 274 792 453 467 271 312 359 413 946 364 95
742 237 911 432 729 146 585 846 509 131 952 683 47 123 319 33 883 241 849 824 361 779 760 305 767 178 6 267 87 161 760 691 109 28 672 9 691 375 15 239 273 122
742 49 13 134 202 261 242 267 267 73 267 31 538 690 210 673 20 69 20 425 675 173 73 173 980 142 214 214 277 40 463 214 40 142 773 2 473 269 546 422 49 257 473 525 146
18 103 142 278 286 658 442 57 658 37 40 164 167 231 152 41 33 225 664 972 191 795 76 598 227
74 135 188 192 220 166 48 279 37 37 222 270 162 162 888 592 47 279 112 14 568 526 33 100 131 194 294 73 275 126 253 125 159 151 154 57 96 195 187 236 143 171 224 211 225
216 258 134 136 3 105 116 200 226 190 238 212 91 90 150 297 257 44 112 39 267 251
53 256 151 129 151 129 91 6 254 266 79 255 254 221 4 978 704 144 185 335 51 165
210 253 173 43 37 156 125 73 60 200 124 120 273 157 70 63 162 109 269 262 143 101
742 108 121 148 49 266 55 251 31 10 29 76 235 244 243 157 297 144 89 171 206 67 170 71
60 87 92 263 159 182 187 182 262 26 187 38 120 48 124 253 2 845 95 265 5 31 282 37
86 261 297 278 198 133 244 93 49 201 26 85 197 176 232 149 123 113 76 241 159 142 152
0 32 225 285 492 243 57 178 59 161 157 78 109 172 52 193 6 195 138 248 21 177 20 3 143
23 151 241 286 248 202 282 294 190 123 98 247 140 122 218 97 80 185 44 15 158 199 141 220
73 184 224 12 204 86 214 98 269 259 115 178 124 267 123 131 275 10 32 67 110 279
48 73 211 298 5 114 86 27 219 109 48 101 92 210 190 131 106 40 251 0 2 239 221 147
4 75 110 166 23 78 159 208 52 113 127 275 294 63 21 221 161 96 12 53 123 117
78 80 238 38 228 217 139 157 150 227 255 148 17 25 186 155 286 262 82 289 272 214 154
30 133 48 244 119 70 1 61 6 232 122 69 296 0 155 67 2 90 285 110 199 229 63 282 102 251 43 190 238 230 120 286 26 78 72 182 8 234 141 19 121 36
14 178 186 238 167 233 149 121 109 172 104 85 127 89 716 88 412 112 235 155 215 153 170 246 668 520 28 20 24 58 255 132 15 61 52 105 150 174 114 205 187 127 148 136 199 276
115 135 182 33 28 290 281 73 187 24 282 236 17 278 230 11 178 25 5 6 16 233 269 174 23 184 276 240 72 179 82 296 67 151 290 928 39 5 138 56 31
133 201 204 254 60 37 212 33 282 169 139 230 52 32 95 116 29 191 94 153 186 284 279
742 12 40 106 189 78 209 100 221 78 7 189 100 109 227 105 104 87 251 262 21 401 184 95
75 197 225 133 225 44 272 212 35 121 208 191 188 290 74 146 112 192 288 9 223 71 42
127 145 156 232 276 76 36 191 287 141 263 100 117 18 80 23 70 73 71 295 109 201 187 164 78
19 49 156 275 294 54 232 268 272 124 135 230 186 66 10 46 263 239 216 294 251 17 80 122 25
30 52 172 231 18 248 12 156 38 33 168 187 284 196 78 173 137 251 11 113 104 67 149
244 131 9 48 21 179 93 162 234 220 166 176 160 247 43 211 228 191 291 62 54
191 198 89 73 230 66 71 117 178 85 197 257 10 128 86 148 87 48 39 217 185 61
5 51 229 271 252 48 48 229 48 212 88 203 63 268 67 151 296 664 991 31 56 22 65
52 83 179 214 255 51 112 92 279 144 188 295 218 198 63 207 19 93 275 143 228 33 78 35
40 99 252 267 289 132 145 38 292 75 163 242 288 67 45 259 129 59 44 3 262 135 255 83 180
66 221 228 40 258 197 144 237 60 94 43 70 128 9 260 77 15 249 67 270 268 192 98
16 28 51 107 168 187 27 41 293 142 140 180 253 125 65 51 221 266 134 168 236 701 179 66 86 3 57 70 73 43 299 106 55 27 162 150 270 249 297 278 205 127 34 128
182 193 268 239 225 1 101 46 149 257 249 25 144 186 80 220 258 199 98 123 145 214 259
64 96 187 219 224 263 188 200 217 10 229 65 181 157 285 296 238 214 1 32 27 286 30 129 50
27 180 271 292 263 184 243 281 203 33 296 291 270 15 9 204 69 96 43 72 49 17 68 106
184 267 112 201 64 271 65 82 62 264 151 53 154 126 152 156 280 113 209 255 86 150
14 45 159 204 256 105 202 165 298 202 138 298 298 74 165 184 235 251 196 47 199 59 20 106 74
214 262 234 270 54 250 73 237 29 291 46 85 79 257 222 177 18 266 253 132 28
742 296 220 296 198 227 111 99 198 74 74 20 198 59 168 52 240 196 214 149 199
49 69 163 168 188 188 87 87 150 168 185 256 146 168 69 57 205 126 72 164 135 89 269 253
55 76 137 173 247 77 28 2 297 163 38 296 161 290 275 269 192 238 283 233 218 83 104 31 157
33 263 20 80 4 248 293 142 79 137 37 181 11 65 284 143 29 153 3 208 26 109
21 20 262 73 16 247 123 201 26 212 227 287 141 8 143 59 231 74 84 277 23 295 181 46 56 255 148 290 128 265 226 234 13 204 114 118 5 211 271 199 152
715 61 144 233 115 67 217 265 145 37 61 183 102 117 218 232 202 231 188 62 216 296 103 79
24 80 156 251 287 110 210 616 251 217 22 136 5 114 265 179 22 296 56 991 31 5 268 67 107
97 149 162 179 216 282 168 32 23 283 215 255 169 111 276 95 18 70 185 289 246 127 184 247 230 7
180 290 131 284 123 45 137 53 204 118 182 66 163 30 62 228 184 194 108 269 146 279
41 100 117 13 110 206 234 122 93 229 209 163 57 197 298 4 265 5 86 178 282 194 191
31 61 91 230 212 147 107 292 143 230 219 71 22 3 125 186 254 166 116 102 262 297 123 104
18 238 242 228 147 222 77 171 287 27 23 233 174 131 160 223 276 259 10 189 269 231 15
47 75 170 198 206 251 228 205 125 156 35 6 296 195 224 142 220 271 263 163 299 46 124 147
37 111 201 492 220 25 191 179 2 116 264 215 229 89 76 212 87 118 294 6 163 177 73 145
742 26 29 200 217 10 62 10 215 244 84 253 131 32 59 104 114 57 135 269 89 69 158 126
21 24 251 297 149 193 18 209 245 269 222 189 76 196 187 91 106 274 136 153 212 40 163
23 48 112 147 160 216 269 239 166 193 9 264 180 171 109 201 276 103 240 3 87 295 160 210 120 58 0
102 128 84 190 221 12 6 256 206 105 163 292 176 208 109 19 131 7 47 167 68 240
76 120 174 215 292 295 244 249 83 259 221 169 203 216 82 109 64 65 78 34 107 222 201 258 58 289
23 210 255 160 94 79 55 161 102 124 259 21 16 205 7 47 18 215 299 260 229 286 110
168 297 648 47 61 61 206 283 47 167 47 196 206 105 29 87 31 135 21 104 919 265 70
21 35 37 85 121 252 108 295 158 32 112 198 141 92 190 106 82 59 294 262 251 184 119 139 35 275
826 146 248 86 259 193 239 12 35 148 64 229 20 91 200 5 238 187 256 236 215 80 63
826 289 67 45 65 28 106 100 34 233 98 288 126 54 3 283 135 111 265 0 297 236
116 209 228 290 55 237 244 264 20 284 141 269 296 182 17 129 273 191 67 282 86 270 196
46 74 152 210 94 47 156 85 2 225 245 19 243 291 268 125 210 136 159 231 147 172 181 82
144 205 53 105 93 121 180 198 296 104 277 151 169 126 218 157 117 57 60 259 47 211
14 38 49 63 44 154 299 108 16 102 258 21 125 62 223 6 96 134 130 264 229 80 140
147 245 648 4 102 103 44 223 231 42 244 250 112 1 145 75 218 161 281 34 59 176 41
45 147 176 93 45 112 118 79 274 275 250 162 59 18 175 151 180 80 279 264 210
174 262 27 274 156 27 31 41 156 156 156 149 106 168 198 181 214 189 52 47 196 240 269 46 39 274 191 7 181 180 224 210 284 265 58 130 90 49 20 51 238 160
56 102 45 236 299 112 52 140 201 87 41 14 142 105 279 219 8 59 249 250 176 206
715 186 204 29 8 213 51 258 57 189 114 38 56 284 96 201 133 263 290 293 175 61 166
91 214 249 26 93 180 168 276 19 83 249 113 41 56 253 17 74 14 205 85 111 6 107
15 297 93 273 10 93 78 190 139 273 82 65 31 179 114 320 151 191 265 56 296 991
23 64 65 240 46 52 244 160 27 51 155 269 89 33 48 137 106 261 73 252 177 150 44 159
128 164 172 203 357 48 29 242 55 175 28 223 143 116 89 71 192 184 161 217 204 153 88 53 164
38 132 185 243 161 136 198 249 40 59 18 228 219 6 52 101 25 8 255 232 151 222 289 142
86 95 123 174 16 142 116 247 131 8 241 188 187 59 190 185 132 134 228 38 164 253 202 105
742 50 112 64 79 285 95 56 90 293 1 35 107 140 277 250 89 12 26 133 97 215
742 135 244 183 89 58 92 32 214 250 31 239 230 282 64 177 106 172 26 206 13 235
64 155 194 241 295 648 57 219 284 94 259 30 271 178 224 274 46 87 58 72 62 257 191 275 28 118 228 98 118 226 42 251 173 174 217 290 65 110 120 82 177 73 149 61 204 172
45 492 71 255 273 277 153 51 196 264 285 222 84 16 239 294 92 263 6 265 136 205
36 54 186 264 178 233 181 166 260 205 257 139 85 194 291 292 282 162 192 253 159 255 246 167
20 28 182 191 207 238 131 127 289 294 209 136 81 193 268 45 15 35 257 267 206 29 219 61 182 88
79 113 214 219 233 185 63 0 273 13 196 113 109 219 2 259 90 96 199 6 77 166 57 15 47
138 156 266 267 56 98 72 153 101 154 38 249 107 137 166 113 226 139 84 145 254 54 122 48
86 127 191 293 292 243 216 27 220 209 165 44 225 101 86 0 90 232 152 55 281 193 102 237
826 71 193 152 218 167 85 156 291 141 57 96 16 283 114 32 226 208 74 236 79 264 81
37 210 62 296 42 173 36 249 144 25 212 168 66 207 281 79 274 186 120 275 261 266
32 75 111 116 93 289 289 66 47 289 56 67 268 63 320 107 179 65 265 82 296 114 22
53 269 286 287 24 134 2 8 126 79 171 292 297 43 201 279 276 58 224 220 182 153 149
92 262 285 116 235 135 99 146 60 50 35 201 87 156 123 214 49 249 272 100 98 47 45
30 284 286 182 195 101 44 91 207 211 109 186 180 116 154 138 62 284 103 199 219 203
31 111 248 200 125 267 114 228 234 9 137 42 265 262 36 60 283 227 268 44 87 179
105 215 56 274 295 30 146 111 48 49 38 132 286 232 65 185 231 234 270 227 285 112
102 188 212 240 268 130 236 279 34 71 276 212 125 63 200 47 213 245 132 43 94 70 157 216
258 279 17 258 162 4 243 63 205 259 14 217 159 3 28 267 82 191 45 251 246 185 128 176 255 66 265 91 5 80 51 270 285 284 190 30 206 50 28 264 81 161 250 124 162 35 241 264 292 139 33 67 59 8 182 211 94 262 198 268 144 170
145 219 236 136 219 14 116 163 173 195 289 224 151 162 115 58 177 7 199 198 4 240 220
742 5 28 88 102 292 9 40 276 137 277 167 111 148 195 26 53 10 21 183 51 198 257 154 136 188
16 56 121 177 208 173 170 256 179 140 90 32 74 139 162 189 28 221 2 198 91 283 278 272 178
18 135 157 264 194 47 133 216 187 234 9 32 10 182 109 25 8 52 144 236 67 254 165 196
51 249 260 262 116 216 110 79 217 42 152 107 250 138 98 62 61 19 270 259 92 45
95 20 104 211 115 221 143 224 273 38 159 276 287 281 223 245 215 247 252 64 131
26 120 173 194 57 81 136 241 144 71 35 252 253 275 225 9 160 233 54 182 132 278 244 176
67 87 124 135 148 286 167 241 275 6 68 13 299 111 25 28 57 61 16 21 44 102 250 82 113
11 103 157 148 132 187 62 279 199 56 195 139 18 266 162 140 128 278 156 259 254 229 167
715 17 34 277 285 108 48 296 129 37 19 237 258 250 283 143 239 213 131 83 191 18 5 281 9
742 75 136 291 269 145 67 42 33 226 103 273 49 144 271 236 3 160 155 76 91 274 9
64 103 253 5 52 190 237 144 56 210 110 94 189 268 23 35 147 54 118 169 12 181 132
26 108 111 112 148 104 269 255 177 12 268 261 291 199 60 116 36 249 151 145 181 31 232
207 275 286 107 130 52 73 111 263 83 248 222 256 204 205 45 190 169 108 296 122 123 38
160 260 252 207 296 69 216 234 278 65 268 17 261 173 197 250 200 224 253 75 178 66
26 164 286 51 267 299 142 246 55 176 45 32 19 20 121 105 16 99 100 92 116 194 272
26 95 234 181 237 110 229 41 236 224 19 134 124 258 243 33 147 52 57 63 138 60 12
95 125 84 44 116 117 29 246 296 3 70 40 122 257 96 213 242 111 4 232 250 219
5 95 288 213 259 542 255 542 142 658 226 155 658 274 104 7 38 148 50 6 294 952 100 245 411 170 95 157 68 107 231 180 132 29 90 181 284 49 114 129 292 222 91 46 220
215 274 42 289 81 156 184 44 82 13 256 243 40 18 260 295 75 104 60 231 15
176 247 273 283 201 55 93 18 263 171 7 137 157 141 68 249 269 258 189 196 282 264 84 182
37 122 154 158 210 229 244 83 83 157 92 12 210 92 141 92 31 265 95 104 401 109 227 87 245 107 135
62 129 166 78 293 245 187 205 81 65 202 64 172 286 111 101 247 222 176 122 225 270
157 194 249 137 67 270 44 233 88 153 132 58 76 55 18 125 143 239 155 169 90 146 139
84 243 69 95 290 31 268 196 3 41 122 66 88 241 120 81 221 94 192 39 212 224
114 269 658 203 76 74 229 83 658 83 108 162 188 417 482 191 160 63 92 43 523 195
127 138 542 179 40 148 133 1 260 258 64 131 219 137 128 6 183 299 218 129 104 25 100
23 127 138 122 276 108 258 86 180 82 202 192 157 201 11 242 297 72 245 22 194 27 131
18 42 141 221 270 43 99 245 81 22 123 217 48 295 10 72 167 277 25 70 0 152 297 58 257
24 251 492 119 273 188 152 105 31 268 11 275 90 67 272 87 23 249 92 106 0 215 97
50 181 227 117 106 289 101 46 25 57 250 94 33 151 131 139 226 50 36 62 6 246
64 69 238 282 83 17 43 280 119 64 241 7 123 92 94 18 97 255 149 24 271 19 239 188
123 147 42 788 788 77 42 76 42 102 189 63 286 191 523 240 43 259 577 92 482 188
27 290 70 114 3 45 197 159 118 248 196 282 27 287 107 119 263 72 195 219 64 140
8 14 39 123 195 195 237 61 80 5 5 61 40 20 251 74 106 59 240 183 168 52 198 181
50 252 287 85 36 229 46 101 124 31 252 6 249 162 82 213 199 138 33 152 90 258 256
6 90 193 236 84 121 161 231 275 233 260 183 221 279 139 60 244 178 211 148 138 140 33
774 177 297 291 167 208 241 41 201 38 130 191 61 285 2 203 72 195 24 101 7 70 66
66 136 187 8 98 114 46 119 119 114 257 8 275 588 212 164 398 228 867 11 223 247 118
4 36 210 202 199 46 280 255 91 113 60 90 284 175 110 239 228 217 152 269 241 107 243
46 88 259 229 121 23 166 205 213 251 68 110 62 178 126 195 253 66 174 224 88 5 250
13 167 222 225 241 76 212 45 7 229 63 251 80 132 269 221 68 245 152 105 184 133 43 234 235
61 110 273 208 103 291 1 295 185 13 250 209 249 279 261 233 240 169 39 109 115 78 29
97 184 187 53 201 78 295 217 127 224 211 83 236 31 123 200 73 176 199 113 276 12 97
802 137 268 212 180 287 239 164 217 41 48 75 299 162 262 215 117 173 170 163 100
83 160 207 297 127 178 171 40 277 107 269 101 74 79 182 31 4 128 94 108 97 210 267 138
11 20 163 177 195 258 357 138 788 850 850 850 108 215 850 319 188 92 231 152 417 577 808 482 523 240 195
0 182 241 17 139 143 111 221 27 254 233 145 287 10 291 67 198 248 210 128 220 237 223
16 20 90 270 178 159 161 123 218 67 164 208 136 172 130 76 56 177 102 160 30 153 103 60
40 147 178 179 252 648 51 112 249 284 182 294 985 84 13 245 100 13 245 84 294 64 172 178 85 271 90 289 10 280
742 850 277 267 658 100 985 13 84 84 257 267 178 10 280 254 90 172 85 176 36 928 64 195 203 49 140 191 9 194 20 238 213 0 228 234 298 149 167 124 58 97 79
100 102 276 120 46 16 205 113 215 257 240 8 45 99 11 270 245 267 272 213 70 29 63
142 230 357 27 19 56 34 140 210 261 128 30 279 238 111 184 157 172 153 299 81 250 191
59 65 176 128 262 162 201 0 231 204 35 214 176 253 49 157 82 260 284 58 28 266 285
105 154 161 220 229 235 166 171 43 51 79 131 165 207 48 85 144 73 159 47 147 76 235 229 273 224
65 201 292 295 62 55 149 123 184 40 148 147 298 199 15 240 295 53 266 101 182 263 5 119
57 62 91 230 252 2 17 9 81 34 176 148 193 4 15 293 237 45 277 149 203 228 7 284 155
715 122 295 187 254 202 190 252 294 87 69 8 240 270 195 166 44 164 175 245 5 148
74 103 204 208 275 18 233 29 205 292 204 157 65 46 276 64 60 25 90 297 273 43 184 3
78 110 158 222 259 276 66 251 185 108 153 110 131 149 298 42 199 18 64 194 68 169 71 195
185 258 271 293 163 221 236 715 221 62 236 163 715 130 293 152 231 43 188 286 417 523 482
37 80 187 203 271 136 87 199 76 163 178 212 26 56 54 141 143 84 239 150 227 156 291 78 28
715 137 144 190 117 258 12 124 272 111 242 80 128 61 6 25 76 273 142 36 86 53 202 217
12 13 103 193 21 27 245 250 190 220 9 70 225 125 187 246 189 60 52 233 274 92 226 95
742 49 134 186 207 119 263 137 192 34 225 262 76 221 218 253 241 170 223 131 106 75 8 287
47 60 62 116 168 357 291 170 166 76 143 132 188 289 230 0 59 67 145 137 298 44 246 151 271 290
15 246 119 130 0 83 147 225 35 66 16 115 73 258 135 128 154 63 281 297 184 259
2 76 78 115 158 124 164 279 228 107 134 137 159 282 176 83 15 78 108 80 6 77 68 143 41
95 143 209 92 34 226 3 161 93 289 243 50 130 128 41 113 200 53 213 62 91 230 258
8 126 151 193 202 357 243 206 280 213 129 22 59 119 120 240 220 84 295 48 204 0 283 26 278 244
58 143 227 539 38 72 72 115 182 539 227 138 227 539 107 135 31 401 227 919 184 21
54 214 144 297 235 188 114 90 287 9 59 99 1 257 199 161 252 210 260 190 166
171 279 87 87 747 326 326 326 148 83 148 37 83 251 240 168 59 199 183 168 40 214
46 115 374 374 224 374 964 115 441 26 150 738 222 302 39 20 117 152 184 894 116
57 111 226 63 247 18 237 192 270 157 183 197 130 88 280 177 126 60 40 119 26 32 35
2 64 225 245 280 298 241 9 224 197 94 95 35 200 106 243 263 4 180 186 257 285 179 5 128 269
91 204 554 151 24 258 24 210 210 288 258 210 554 151 118 214 13 302 199 124 111 894 256 257 292 129 288 161 42 116 100 69 178 240 110 61 50 146 231 14 278 75
83 175 474 539 288 491 288 539 178 288 764 290 89 31 235 15 108 234 132 379 46 716 278 584 1 166 160 768 75 1 278 297 265 123 111 158 23 294 228 99 77 210
24 59 156 166 167 278 242 262 154 210 179 132 158 110 23 185 212 187 159 89 47 34 252 29 198 272
138 661 158 661 165 169 764 169 72 72 81 25 397 474 174 928 980 46 299 672 90
80 242 112 105 274 117 208 57 82 118 174 200 101 69 269 272 145 256 23 53 193 276
5 114 119 186 298 83 34 72 84 201 298 336 240 40 196 106 214 251 199 52 47 74 189 59
0 70 270 82 209 25 36 72 193 264 9 176 216 2 199 0 285 112 109 168 240 237 153
34 77 127 222 229 7 122 124 275 289 269 18 103 219 153 53 159 38 233 1 133 299 179 234 88
71 102 115 199 93 32 598 598 140 968 909 598 376 32 188 523 236 160 195 660 231 152 319 827
11 19 64 178 180 181 28 271 764 948 571 939 82 589 816 832 25 456 507 380 19 31 139 64 72 669 36 661 35 405 210 771 847 741 89 179 23 253 210 210 847 256 944 161 161 261 242 246
141 177 266 230 68 283 33 34 18 75 115 174 30 127 92 82 251 221 281 206 229 237 294
149 247 178 245 275 282 92 76 202 289 80 244 185 296 28 19 64 131 43 122 111 127 193 276 92 282 21 171 229 236 267 265 158 12 159 29 114 102 140 181 111 71
159 161 211 53 100 49 254 157 297 3 69 273 81 251 258 218 106 195 30 142 294 50 112
901 47 128 232 74 135 124 56 140 178 125 87 194 105 250 146 264 144 212 267 2 269 41
204 253 227 988 485 193 26 0 988 2 191 26 274 225 213 248 290 988 962 136 218 256 139 88 84 99 286 127 214 123 267 69 253 23 186 34 47 161 109 280 210 24
70 115 250 132 172 102 169 103 157 41 280 289 270 281 204 238 3 57 156 286 262 189 5
26 51 72 159 185 258 86 194 77 222 84 11 78 179 178 40 255 146 52 212 203 4 154 43 188 30
135 264 167 61 288 18 272 263 56 12 275 152 184 86 17 42 162 299 32 110 244 92
173 267 52 140 215 84 223 57 126 276 245 37 226 278 229 185 183 54 9 295 207 145
254 26 147 159 93 291 55 143 226 120 258 241 73 245 170 95 151 193 267 218 240
755 139 184 124 266 167 269 177 187 55 237 151 9 35 26 96 264 224 127 102 89 117 275
200 293 128 297 143 15 222 133 186 249 235 113 260 231 61 124 236 63 117 32 170 221
153 256 228 249 33 123 155 15 74 234 220 151 147 176 191 180 201 134 47 293 224 104
6 167 229 248 299 32 36 203 126 5 44 213 52 178 180 186 121 271 106 112 84 298 74 56 177
755 217 219 191 251 203 177 223 128 53 290 107 64 208 21 183 123 55 30 62 83 25 69
33 82 102 197 299 33 229 121 248 290 206 235 177 240 161 138 222 125 260 271 46 179
107 223 285 46 73 148 284 129 128 210 30 203 69 242 265 103 50 214 38 135 167 228 28
54 56 755 96 129 196 179 179 278 169 36 14 14 140 189 169 288 69 173 158 232 262 138 44 126 13 213 222 162 177 128 39 225 51 252 196 13 71 62 191 76 198 273 291 216 55
11 17 206 286 271 12 26 84 0 145 225 174 104 50 161 33 279 236 138 284 263 66 80 77
228 289 27 2 61 52 112 237 258 88 228 153 6 107 205 154 220 234 162 115 195
31 34 82 108 109 199 219 0 164 53 187 135 9 287 278 6 134 20 80 148 92 4 190 281 289 195 268
176 224 43 61 29 249 230 25 252 119 198 12 90 109 187 193 11 262 196 216 194 178
254 273 293 166 69 6 62 85 294 153 59 270 262 248 27 83 201 79 77 235 239 215 226
20 56 121 281 77 20 133 146 260 37 82 203 71 169 292 209 150 204 145 171 283
0 25 57 96 130 136 139 171 220 262 271 281 204 57 125 144 150 249 115 122 184 146 178 129 223 50 102 272 78 54 266 265
69 106 110 287 136 19 270 173 5 284 13 120 73 163 118 201 36 162 9 43 103 237 16 110
43 64 224 204 118 128 207 97 199 114 129 121 11 252 8 119 241 271 290 240 167 266
182 227 228 257 130 135 6 20 89 155 85 197 244 118 109 218 26 150 122 284 119 115 167 121
158 288 72 243 109 49 229 163 176 214 125 200 259 39 115 216 169 224 222 267 99 91
244 291 219 89 41 38 10 262 298 95 220 1 161 69 136 50 116 221 5 103 67
47 74 95 115 297 59 264 138 71 173 285 246 249 104 102 82 83 178 84 26 254 190 204 152 219
191 198 276 235 79 15 96 194 224 40 29 212 285 63 45 152 157 246 280 91 144 123 284
7 16 250 105 5 260 242 188 186 154 254 293 23 202 109 74 198 133 59 98 174 246
190 293 252 69 154 229 196 285 68 190 198 253 56 182 178 88 233 18 276 237 0
77 101 218 234 62 77 97 69 194 119 38 158 103 252 258 239 96 264 170 57 161 269 118 123
59 171 212 282 265 1 202 184 127 155 275 224 81 230 26 79 53 187 67 197 227 35 105 18
76 139 251 118 202 242 263 56 181 56 172 158 158 70 179 179 288 69 173 590 232 262 138 44 126 13 183 240 205 65 284 121 28 190 139 181 166 154 246 270 239 82 184 81 165 44
74 174 258 277 293 59 253 44 56 204 134 271 26 255 160 210 25 14 195 159 205 35 76 292 12
98 228 229 143 149 181 234 18 42 107 245 248 3 145 200 59 168 123 139 64 115 157 291
68 99 117 209 172 119 128 180 62 213 61 70 288 69 173 590 232 262 138 44 126 13 281 56 138 240 236 293 224 47 186 256 27 204 279 97 102 89 24 132 222 179 198 36 126
755 7 79 102 235 32 114 209 37 124 54 184 128 97 263 147 77 26 285 175 1 244 70 260 125
8 140 227 281 274 184 130 66 79 118 79 130 70 70 288 69 173 590 232 262 138 44 126 13 271 126 38 108 158 277 135 42 269 169 100 265 62 251 117 59 48 178 152 180
20 110 166 170 271 30 22 291 159 179 177 83 70 92 69 111 146 101 31 298 194 191 176 212 86
10 63 163 97 184 128 264 263 62 100 215 232 58 214 212 86 41 104 131 73 267 156 0
58 167 238 260 212 36 136 45 290 33 66 207 274 288 69 173 590 232 262 138 44 126 13 281 55 94 79 235 211 98 272 228 271 209 136 299 177 293 215 107 290 90 141 115
93 146 242 285 280 204 67 180 138 145 144 135 172 42 104 97 94 268 15 282 118 257 40 295
32 69 186 248 255 112 167 110 107 1 86 32 97 104 189 111 19 276 265 105 15 260 148 93
48 117 175 70 296 294 298 200 46 9 270 122 144 266 66 88 202 295 73 174 74 3 65
22 283 167 273 112 266 185 232 237 44 294 252 128 231 155 85 223 30 230 286 297 203
58 119 280 188 233 290 42 75 167 44 181 254 14 138 271 204 212 24 32 47 287 171
53 116 163 180 255 266 93 206 113 72 270 142 209 134 73 250 162 98 127 232 294 146 174 105
1 106 271 28 200 183 211 143 162 146 47 13 172 138 92 274 112 292 17 207 69 219
121 144 168 228 245 292 145 89 272 81 87 277 34 136 174 88 180 279 148 135 16 31 27 68 157
27 55 159 230 228 188 166 121 256 54 192 14 10 72 30 225 89 203 271 148 19 262
227 203 41 119 155 233 18 286 282 0 229 24 147 297 42 120 215 46 95 94 241
315 43 98 211 67 71 102 224 243 273 255 35 41 73 146 34 20 97 176 148 268
755 40 65 222 48 292 167 224 58 256 279 242 128 207 153 269 291 121 43 25 85
109 157 162 211 222 12 296 183 174 234 13 45 171 155 87 270 222 91 92 176 56 65 285 37 252
65 176 285 66 95 220 247 250 260 295 44 265 44 78 72 72 78 72 288 69 173 590 232 16 138 44 126 13 281 56 182 88 263 146 5 65 297 223 137 216 158 68 119 231 270 156 185 133 18 148
677 24 175 42 296 157 246 262 72 285 184 200 165 83 61 232 85 237 283 227 100 70 35
677 162 119 155 38 178 61 231 269 293 134 62 267 114 169 98 128 202 179 2 75 28
70 76 86 172 246 263 148 126 160 135 72 141 272 89 100 121 120 284 236 123 66 142 215 219 273 29
90 95 184 204 222 232 146 41 285 225 208 167 262 296 43 162 124 137 276 204 194 186 94 228 70 279
43 129 267 101 87 208 175 216 162 70 189 91 176 29 5 128 98 82 163 25 287 110 207
219 222 294 42 90 33 245 299 10 180 151 68 227 224 237 50 14 38 114 21 73 176 184
13 78 147 299 258 271 169 289 293 4 242 292 146 112 251 262 15 63 179 161 270 130 233 131
47 148 173 149 80 213 286 33 122 73 107 147 42 243 118 171 191 91 99 226 235
46 59 248 104 156 174 174 174 121 174 247 174 174 288 69 173 590 232 16 138 44 126 13 61 246 64 215 265 209 51 134 70 207 31 67 186 165 71 179 108 103 113 29
11 15 131 141 251 222 231 47 185 150 15 252 192 139 119 62 98 124 17 38 75 21 49 213 266
7 280 287 77 254 157 6 217 37 7 31 90 135 212 163 61 214 49 194 147 78
32 33 57 83 248 271 65 154 224 246 242 38 212 71 241 213 167 72 254 106 110 161 152 114 201 289
19 112 141 239 248 190 298 92 80 145 66 182 120 104 102 235 108 74 237 265 96 137 175
255 55 298 5 246 82 69 179 190 35 195 97 57 253 16 169 114 28 204 76 297
5 107 123 125 147 249 33 209 8 37 101 247 263 31 97 277 90 255 118 29 294 229 299 63 210
14 77 117 131 12 171 255 132 154 183 140 172 280 285 229 169 74 3 99 45 88 56 185 53
3 34 57 111 243 122 68 269 14 22 18 91 89 287 132 240 222 76 16 114 176 294
8 145 192 289 242 107 177 150 165 172 58 250 65 151 155 42 98 117 198 122 181 221
112 90 278 120 192 177 86 234 187 298 238 76 284 158 275 23 15 97 40 52 27
131 171 208 272 263 93 89 47 194 137 211 246 64 88 291 48 142 283 267 276 134 75 177 19
161 273 16 255 185 87 152 98 40 42 129 9 103 151 116 177 41 195 109 198 297 15
215 259 280 225 186 58 289 130 22 248 73 178 208 101 116 80 170 66 163 2 135 133 145
38 268 284 35 54 247 225 252 187 237 291 226 33 238 105 92 279 215 141 13 130 39 106
29 98 125 165 192 292 173 112 155 123 295 274 192 55 122 148 38 189 36 20 26 231 73 253 102 191
8 31 119 29 273 35 228 205 34 161 243 20 115 42 167 153 23 154 268 93 95 262 215
98 226 117 19 186 89 39 202 263 174 180 150 205 197 36 177 278 118 98 2 14 208
58 66 170 26 120 232 41 173 251 138 10 265 27 113 285 269 79 109 100 192 116 201 13 154 193 152 145 31 90 34 60 246 177 3 238 280 19 67 194 87 199 18 53
219 73 238 158 29 288 123 51 119 50 70 270 147 74 287 186 190 264 214 211 198
40 41 244 212 182 8 281 37 160 98 76 230 173 178 91 272 28 199 201 252 85 202
67 191 21 31 238 52 131 279 249 177 221 150 170 264 13 222 19 49 252 164 46 39
146 269 289 263 248 2 238 271 270 55 50 12 206 288 32 292 59 223 264 60 212 259 26
755 85 232 206 103 7 160 3 137 236 71 143 210 17 55 159 294 235 241 116 29 170 185
28 103 241 29 149 1 255 247 199 207 77 146 45 148 41 82 285 256 66 294 186
27 36 283 67 91 42 266 182 167 50 276 112 57 122 228 29 80 123 280 285 124 35
7 22 146 175 242 224 228 195 40 5 158 241 58 134 166 263 270 245 43 133 283 196 129 122 256
235 253 315 60 271 250 135 245 129 139 296 236 77 175 170 52 293 133 40 272 142 210 186
136 157 174 230 315 244 290 170 73 108 218 209 254 133 153 96 106 219 62 252 273 222 272 285 37 285 86 18 145 167 253 245 76 291 165 88 160 140 17 107 120 189 221 125 294
21 71 214 110 231 79 198 255 107 126 26 91 194 12 123 134 218 82 68 298 124
19 30 88 141 177 26 78 222 195 134 134 144 234 234 156 225 69 173 590 232 16 138 44 126 13 281 56 138 230 149 250 44 279 227 95 243 68 3 160 200 236 292 19 297 22 115 11 222
3 36 53 133 149 248 291 218 118 71 185 145 139 80 82 98 197 56 106 103 168 246 142 261 132 16 212
34 152 218 184 17 208 155 214 275 115 36 165 223 45 271 222 285 170 187 284 90 142
87 111 138 223 239 96 178 290 59 229 262 258 142 118 134 263 154 200 1 182 152 56 265 126 53
50 174 277 118 211 172 173 213 291 224 194 180 117 151 4 160 195 80 154 21 131 269
6 28 91 109 161 169 202 152 140 168 77 30 101 145 26 212 47 7 131 281 66 136 11
78 138 163 184 127 101 239 67 70 225 81 90 143 65 77 62 208 161 106 245 290 283 4 125
199 175 23 299 181 60 66 14 267 258 52 190 103 45 125 109 186 36 132 264 43
16 61 171 191 208 129 202 185 49 44 217 169 266 13 102 270 194 242 213 84 19 191 53 31 88
75 123 124 267 234 209 105 150 17 81 285 144 167 206 41 185 193 182 258 149 224 127 55
77 102 179 245 120 250 55 225 77 70 9 153 147 281 180 83 238 245 99 188 87 24 39 278
42 96 289 26 179 50 179 179 179 179 290 161 290 18 225 69 173 590 232 16 138 44 126 13 276 176 189 253 288 225 22 210 246 83 184 1 243 104 153 164 192 290 261 95
36 128 214 175 142 61 207 246 224 132 116 201 38 69 220 204 210 107 294 151 297 87
21 76 93 139 154 245 270 295 44 165 87 119 235 59 225 35 52 208 195 261 93 133 229 251 92 27 205 234
157 254 104 237 60 150 105 37 110 197 220 201 85 20 48 82 251 13 141 156 219 146
96 139 131 79 48 18 264 218 201 46 43 89 178 51 54 4 217 109 39 3 167
15 105 169 39 217 267 268 132 243 132 195 270 243 244 148 270 195 225 69 173 590 232 16 138 44 126 13 201 100 145 29 233 76 280 230 268 170 135 212 128 57 61 91 247 273 34 49
214 243 186 159 185 225 3 229 285 226 207 137 205 236 239 262 77 140 217 17 260 265
118 152 149 18 137 281 188 54 0 45 270 221 73 212 247 25 135 56 179 110 271 228 87 281 124 84 188 57 76 103 134 13 72 193 212 238 154 241 36 181 117 55
81 243 46 188 63 87 81 187 247 54 182 144 222 180 22 57 181 110 266 250 119 56 80 96 233 51 155 286 175 141 298 89 173 181 139 242 7 213 58 164 70 0
5 144 217 223 283 9 106 19 287 244 162 238 145 253 282 193 71 6 34 88 237 299 236 110 12
16 39 63 100 281 214 221 86 11 60 78 2 199 53 147 225 284 211 230 133 259 22 6 249 157
176 277 272 54 273 63 143 130 29 291 109 83 28 144 13 248 269 44 289 202 186
154 191 217 79 35 45 60 298 14 90 271 184 155 80 201 121 236 256 182 108 100 213 200
29 63 81 118 131 202 209 295 126 278 284 150 242 175 169 18 181 41 188 283 239 58 291 262 119 201
21 29 53 249 281 91 279 283 90 207 218 180 100 4 112 275 254 269 138 222 140 153 108 277 164
17 35 109 250 173 227 180 55 11 13 224 130 98 45 151 244 276 237 22 234 40 59
755 80 94 122 254 272 296 92 168 270 71 51 226 219 189 64 90 12 297 47 255 18 86 169 264 175 96
78 91 109 178 186 59 281 284 105 179 271 88 43 203 22 4 137 157 75 236 289 225 62 25 297
31 196 245 26 246 174 130 246 174 130 289 174 246 225 69 173 590 232 16 138 44 126 13 281 124 292 179 170 24 109 119 36 173 229 189 243 180 93 3 254 228 35 296 200
44 192 75 154 65 270 126 170 248 139 31 188 49 121 140 58 54 195 238 194 123
184 32 6 175 87 199 100 157 54 200 290 233 187 26 21 103 117 159 289 274 23
0 36 41 64 138 143 193 1 251 229 110 6 288 154 17 214 52 132 103 297 182 227 90 48 160 194 78
144 166 76 200 288 85 168 135 231 86 10 113 264 257 209 66 99 138 274 240 173 225
105 191 150 206 216 8 209 181 38 59 176 86 292 218 126 25 78 166 15 290 253 84
76 202 298 282 275 42 48 98 223 199 197 197 225 69 173 590 232 16 138 44 126 13 281 56 195 179 123 199 293 210 15 201 194 111 84 224 124 240 105 70 249 231 272 169
93 182 196 211 271 287 0 64 58 286 35 93 27 148 278 140 36 138 184 39 134 116 194 90 149 25
8 51 79 148 173 216 0 273 297 286 277 51 227 278 205 271 138 184 248 252 285 201 160 179 27 265 197 275 90 119 77 65 55 31 138 203 266 52 148 296 23 126 66 4
4 91 143 171 28 60 109 176 243 145 46 138 189 79 19 1 252 26 240 197 216 274 229 264
56 92 142 22 95 11 235 71 5 169 150 74 228 209 3 66 230 2 246 97 114 241 24
93 223 17 21 29 79 187 265 38 42 270 263 256 33 256 225 69 173 590 232 16 138 44 126 13 281 56 43 229 15 81 6 129 19 52 67 49 194 46 160 291 251 113 139 234 296 138
145 129 102 70 65 154 194 216 220 136 270 11 209 53 111 153 164 174 10 86 207
162 288 255 208 219 243 144 29 204 65 44 109 129 187 171 169 47 13 277 270 234 62
15 146 83 3 48 22 227 65 134 223 268 183 45 289 88 179 107 144 8 280 30 121
101 209 222 17 67 93 241 122 95 96 147 148 57 238 259 89 158 22 170 229 248 245 281
187 197 267 1 156 133 108 237 21 26 69 87 121 163 232 157 275 252 215 114 70
72 140 199 220 222 106 144 197 54 178 151 29 155 140 11 19 110 183 113 20 159 15 255 201 209
103 249 284 79 142 52 161 261 22 263 264 94 205 179 139 65 289 175 127 150 229 176 268
40 160 251 229 263 275 64 275 253 232 232 232 64 225 69 173 590 232 16 138 44 126 13 281 192 46 227 24 41 266 253 113 135 10 168 265 233 207 45 184 275 137 166 23
12 15 107 108 145 238 278 49 129 226 213 198 232 239 57 44 297 26 250 272 95 201 77 227 234 150 139
32 47 257 259 188 226 131 5 253 264 267 42 98 134 276 187 34 122 246 222 290 227 86 289
5 68 164 297 0 143 48 218 200 28 190 8 266 194 273 241 296 220 299 262 250 147 239 61
1 82 220 273 54 286 33 123 21 143 192 32 277 24 5 64 93 186 94 205 171 202 91 51
4 116 206 204 166 47 197 135 160 148 73 28 45 72 219 89 156 289 119 130 90 19
39 42 278 275 25 59 81 146 71 159 20 139 69 259 23 208 191 0 160 233 80 261 37
755 61 126 165 224 247 288 234 162 18 222 194 103 151 53 273 239 81 140 74 244 147 213 110 182 132
115 179 175 109 89 295 122 258 11 150 55 156 2 194 181 18 287 279 120 281 107
184 278 295 85 142 92 261 82 230 75 187 166 20 43 97 21 294 297 59 161 62 197 144
59 93 184 292 298 132 658 42 42 132 257 658 76 76 658 257 225 69 173 590 232 16 138 44 126 204 211 220 175 2 121 293 25 271 199 191 81 272 165 245 273 152 202 180 128
14 98 100 253 257 261 222 134 116 197 271 20 223 25 277 162 148 52 89 283 173 251 26 250 213
35 147 180 192 112 164 46 86 187 255 53 189 204 240 218 128 223 30 9 4 163 216 145 155
24 91 148 260 125 214 13 25 296 71 101 251 268 92 237 194 140 93 162 278 88
34 86 160 202 251 42 67 262 101 206 200 268 26 160 274 270 62 7 121 236 8 54 86 222 211
32 91 148 199 175 230 220 42 18 108 25 242 223 288 284 209 166 207 134 236 70 46 88
89 141 162 222 194 99 45 259 188 283 37 257 44 77 27 235 114 87 75 93 35 58 198
677 41 205 215 262 75 81 250 215 293 273 150 120 63 153 73 205 22 248 259 277 240 111 7 263
755 107 147 209 234 259 278 33 234 257 267 161 86 68 96 155 261 195 53 256 102 64 289 128 142 62 0
180 279 284 292 97 192 219 285 200 26 175 239 288 299 129 176 247 150 72 178 126 116 254
755 31 93 207 219 267 232 24 208 224 192 95 242 258 153 165 197 145 18 296 15 134 188 178 180 158
60 68 127 265 213 53 245 17 165 299 273 220 257 11 144 288 31 114 172 227 265 289 34 135
109 156 207 135 162 263 248 212 268 7 191 282 102 125 292 94 111 50 120 136 266 166
61 66 89 195 262 278 235 188 160 179 2 260 123 191 186 22 56 41 238 221 77 227 289 53 60
46 144 165 209 211 16 181 47 88 59 18 41 68 186 61 177 54 97 66 261 225 244 270 277 122
15 87 89 238 137 4 96 246 151 189 259 226 110 281 263 210 207 79 206 162 216 202 272 42
1 50 54 92 24 148 257 195 205 169 107 118 17 230 6 125 55 16 42 187 14 192 74 132
30 252 253 7 59 118 175 182 269 799 225 172 750 195 799 195 172 172 195 799 172 225 69 173 590 232 16 138 44 296 180 13 236 78 181 192 162 249 18 163 269 37 169 178 127 29 125 145 103
55 133 159 173 249 259 152 236 171 240 250 830 602 151 998 887 139 814 543 2 501 454 544 590 68 410 790 657 768 796 125 37 270 130 9 113 186 47 271 155 217 281 208 207 144 192 224 286 228 24 259
732 50 106 256 124 63 124 666 153 48 296 47 54 47 892 80 139 666 155 892 403 286 122 983
10 70 180 220 235 196 202 158 96 96 13 82 26 211 145 288 196 4 27 271 104 136 202 121 221
990 218 610 808 610 474 610 269 799 161 922 997 217 428 167 767 66 775 615 808 287 686
101 154 842 200 477 948 954 520 362 32 871 21 678 688 144 485 298 62 840 362 253 571 240 233 223 28 187 43 5 40 253 79 136 277 72 257 213 154 151 261 88 291
7 175 211 109 240 438 772 589 235 367 235 38 367 182 287 192 25 146 22 95 589 92 202 38 776 29
271 146 33 235 150 78 54 35 650 78 69 294 19 275 468 161 54 733 118 59 354 153 20 94 193 209 277 175 294 22 121 55 261 14 280 237 192 135 184 112 125
57 72 275 265 152 180 44 20 202 206 88 112 5 61 264 81 57 292 38 13 211 29
21 44 175 221 246 29 27 229 228 157 158 68 103 28 132 177 225 173 111 195 213 24 144 202 222
24 203 240 244 265 280 157 298 122 20 56 228 263 222 200 69 296 285 55 128 139 286 45
9 147 211 220 233 251 204 189 71 61 137 280 239 260 266 161 206 210 176 296 112 276 220 3 284
21 93 146 149 55 140 150 63 253 172 263 234 235 254 9 187 195 96 290 61 92 7 221 257
839 232 46 128 156 158 224 22 33 225 255 89 92 51 277 112 140 252 42 171 178
72 88 163 172 233 242 234 1 170 46 236 200 256 48 164 67 220 92 252 16 218 81 33 206 176
112 187 233 117 134 184 290 116 229 89 23 255 274 80 162 143 289 72 267 67 61 195 205
111 284 45 84 161 111 220 240 264 221 65 119 224 160 197 234 226 87 52 122 267 271
87 107 158 160 238 284 291 154 47 11 129 55 298 54 161 259 56 14 289 125 296 234 127 31 107 87 283
99 115 258 195 159 214 118 161 163 157 106 110 179 268 173 216 265 130 144 81 204
20 34 278 189 136 117 243 30 194 298 181 62 141 10 199 99 63 32 207 35 40 2 11
144 181 416 256 9 247 55 91 241 123 186 193 38 223 214 11 217 271 74 142 213 30 202
18 74 108 144 178 289 111 72 261 205 72 5 297 84 191 81 61 63 267 128 814 962 624 91 207 3
5 82 113 267 294 152 190 83 286 36 178 169 57 17 1 124 182 187 239 224 139 160 121 175
58 165 174 246 282 65 149 106 259 221 122 49 84 59 286 128 210 283 15 175 246 24 237 115 182
839 77 111 89 119 78 14 252 283 25 258 129 276 165 277 195 267 121 32 84 87 16 62
64 96 188 179 53 4 155 289 100 56 164 284 123 181 64 275 187 163 43 288 81 269
135 191 209 85 63 26 261 55 249 151 218 266 282 246 43 17 295 1 62 100 219 82 188
78 102 243 288 275 171 68 229 279 281 238 111 44 36 135 143 156 214 91 249 251 278 230 204
26 100 201 263 266 223 59 213 56 264 68 143 139 291 209 148 179 140 186 207 27 124 199 146
213 272 151 9 218 135 161 2 73 132 83 293 271 198 40 291 95 117 100 259 272 229
49 82 93 273 4 126 127 276 9 722 216 104 299 63 299 722 284 55 388 298 1 86 871 62 2 123 678 71 290 266 258 190 183 169 285 278 145 173 56 32 230 13 40 201 74 242 185 222
20 27 104 152 170 86 56 75 177 34 260 85 17 228 84 234 191 139 148 167 142 286 227 208 282
114 197 227 241 57 96 296 125 234 276 131 108 190 65 248 54 141 68 211 123 18 244 87 122
22 78 140 177 197 239 165 292 292 170 284 299 132 170 284 496 95 54 75 60 871 71 86 298 678 1 198 80 282 111 261 266 138 297 37 164 165 243 172 68 12 277 112 88 143 216 136
42 36 214 154 188 223 103 117 82 137 204 238 222 276 274 187 134 282 199 229 293
256 5 135 260 190 92 113 132 146 161 41 211 8 126 272 101 32 195 205 231 267
3 38 216 62 274 163 195 53 265 71 230 267 250 122 152 222 141 240 133 232 68 289 70
35 72 127 244 273 18 32 249 259 18 274 223 583 18 18 236 163 33 918 236 163 44 96 159 72 194 271 18 192 35 266 89 254 81 155 188 53 64 127 113 148 171 150 275 183 0 49 170 95
58 143 164 195 220 234 13 141 227 103 125 168 73 157 51 94 57 248 219 203 290 187 268 53 105 55
998 55 142 287 288 184 66 41 10 135 231 151 134 61 144 149 112 140 2 171 272 111 23 152 241
78 175 120 261 245 111 223 26 83 198 137 260 281 45 44 285 277 13 106 63 16 38
998 86 135 213 283 265 155 285 253 38 112 106 174 22 138 143 157 261 279 118 19 226 98 276 21
42 69 183 287 1 205 285 34 191 245 63 203 92 174 261 8 200 108 209 15 215 26 247 57
101 193 221 244 156 20 200 206 106 274 251 47 221 73 208 298 33 8 262 23 210 60 142 43
63 174 179 44 200 269 177 120 43 17 11 9 136 283 158 31 48 145 42 150 132 22
1 9 62 214 241 195 112 120 154 270 159 146 232 184 160 288 233 207 24 268 179 278 78 130
49 127 267 64 56 252 214 294 165 144 180 255 9 142 81 233 166 100 45 242 270 124 160
48 273 284 276 191 205 235 117 13 202 160 78 116 98 143 220 221 121 206 5 38 245
2 218 64 1 109 50 153 279 192 213 78 293 280 222 28 201 220 46 43 17 173 37
84 230 49 224 65 13 72 77 249 251 169 290 278 101 182 266 114 100 180 10 241 263
291 288 295 81 20 142 50 64 233 25 232 22 281 110 127 21 121 85 173 271 252
48 52 130 172 269 109 124 244 55 200 52 193 30 65 184 54 199 168 49 195 254 201 87 175 20
37 55 138 144 184 258 232 120 199 102 217 126 259 270 14 79 158 35 31 54 141 266 89 85 287 245
29 188 204 276 221 6 34 198 40 41 28 168 150 224 292 110 180 268 53 223 156 39 106 262
36 42 74 132 270 149 291 131 246 93 133 17 250 158 68 174 2 197 172 289 205 268 10 127 218
94 265 168 288 283 224 54 151 265 167 232 103 71 92 160 146 148 156 201 24 169 52
61 219 23 76 223 253 117 212 139 161 33 118 3 281 200 6 248 108 83 293 8 86
91 211 229 290 108 59 120 283 59 24 286 283 283 469 48 159 166 112 192 18 271 159 44 27 173 16 497 160 16 47 234 105 497 600 47 109 135 91 946 603 647 780 63 121
44 170 200 222 243 145 42 82 55 177 196 88 123 47 162 36 256 133 213 94 242 261 48 223 112
23 111 132 43 247 91 3 172 182 153 67 238 116 184 56 160 169 139 281 214 102 166 276
44 232 242 71 151 242 71 96 96 151 125 71 102 720 162 464 127 63 171 208 158 140
235 279 149 171 284 150 46 0 238 139 230 238 206 71 119 62 57 678 203 75 253 362 60 1 123 118 34 132 156 62 36 191 177 18 145 230 287 185 181 283 219 217 86 45 188
153 133 183 245 91 256 10 193 144 285 56 16 156 201 21 240 213 180 107 157 172
842 129 211 204 271 58 152 152 220 867 186 152 147 289 131 807 665 270 135 83 195 298 178
9 245 269 279 91 27 49 247 76 113 49 49 685 195 638 179 40 20 207 198 165 127 195 178
27 48 170 251 69 114 162 195 299 287 205 100 265 126 19 230 125 109 241 221 36 31 47 8
139 149 280 93 18 17 268 14 181 72 270 6 189 119 219 293 84 96 245 26 150
201 202 296 288 46 239 583 46 288 159 11 177 159 544 48 250 159 192 296 271 279 18 112 338 338 195 120 219 232 263 570 50 120 570 338 962 624 191 600 271 135 814 121
119 171 207 224 28 105 27 192 240 225 79 49 243 265 261 130 48 165 248 64 274 58 98 232
24 55 90 158 8 166 51 178 27 170 17 158 104 230 44 64 149 9 67 208 99 12 130 109
1 62 195 217 291 74 132 99 175 262 242 192 158 75 91 209 36 177 10 45 163 165 207 294 272
130 239 255 259 88 78 122 34 154 55 103 12 4 253 204 214 22 256 75 95 258 11 119 65
1 132 150 190 241 137 11 137 76 76 250 279 11 250 26 167 26 192 166 296 44 469 245 27 194 299 97 84 73 39 177 85 165 34 115 47 220 90 277 268 8 260 213 218 30
101 111 117 253 269 195 235 55 232 141 86 57 85 295 264 102 136 201 132 60 25 42 121 265 10
21 189 242 123 157 90 177 28 61 287 99 192 114 162 78 130 121 76 31 205 103 196 154
143 255 189 94 119 149 249 77 39 163 134 203 226 84 278 182 279 266 124 34 183 186
271 48 173 807 217 192 173 81 13 807 362 871 1 298 496 203 123 678 57 2 253 176 83 104 257 17 124 240 282 0 12 258 48 133 47 122 156 214 127 115 131
118 141 0 289 269 226 169 144 185 206 143 176 65 34 96 297 33 171 230 12 100 118 119 172 103 284 57 38 150 206 167 121 153 270 112 180 53 227 23 126 255 241
21 42 116 149 232 298 11 67 184 176 114 259 88 196 45 117 80 224 25 61 233 269 299 188
77 147 257 145 291 106 44 166 262 221 173 241 290 2 135 82 99 267 231 103 83 206 266
84 86 214 160 169 267 266 53 69 190 143 57 77 240 211 42 75 192 39 78 22 142 253
12 32 37 43 116 117 132 147 152 160 174 27 149 219 202 219 17 242 44 242 44 807 212 121 137 289 34 232 190 271 276 645 198 136 26 82 79 149 102 0 298 35 112 93 193 94 90 217 284 144 216 183 80
243 42 20 147 286 248 49 80 136 41 46 124 1 236 58 68 282 262 135 269 77
56 65 168 275 171 118 108 145 33 67 202 128 79 77 127 31 262 264 129 86 257 122 40 10
183 101 193 228 157 267 121 32 42 220 254 221 0 100 41 150 126 49 274 240 176
48 64 246 182 188 187 176 125 189 38 48 168 231 127 73 138 105 186 134 44 49 254
115 238 271 173 69 228 164 266 108 90 197 32 102 182 23 91 199 247 144 163 7 175
0 19 255 44 78 28 143 94 136 100 200 20 283 98 97 54 120 75 208 18 91 193 286 280 139 212 40 99 238 163 22 178 72 142 121 102 101 118 69 12 54 98 269
143 160 181 53 211 223 235 104 241 141 200 165 71 229 161 118 250 112 17 291 216
78 93 102 114 207 149 118 265 193 193 149 141 149 28 28 193 91 600 128 603 909 60 135 121 922
32 74 75 6 130 150 224 241 83 233 229 229 122 273 122 229 194 166 544 271 250 720 245 281 159 96 192 27 88 210 237 281 115 211 219 298 225 167 124 134 184 204 45 231 245 215 273 98
69 102 115 209 206 77 145 70 33 231 140 128 197 162 56 51 95 287 151 225 111 178 138 85
19 90 120 175 214 163 243 28 299 275 98 134 62 15 232 45 285 11 92 140 120 280 50 122
114 220 202 294 71 92 73 22 281 184 144 237 235 114 23 77 253 44 256 95 153 280
181 184 247 13 181 141 218 155 43 261 188 223 163 90 36 37 185 158 171 249 156 219 18
26 173 238 33 42 155 248 212 196 277 228 213 187 136 111 112 69 168 261 172 83
22 40 44 53 167 278 135 160 109 299 94 96 227 45 93 239 23 11 37 158 211 10 138 267 73 292
100 167 98 294 236 122 62 182 295 32 266 3 286 154 23 119 177 224 269 131 208 121
46 116 135 116 39 30 31 59 275 179 139 71 209 14 18 86 263 163 185 197 118 146
27 203 104 264 20 234 187 292 191 272 212 137 37 146 186 279 145 157 67 144 218 48
52 67 292 416 164 65 55 150 255 225 21 98 28 30 209 299 26 166 211 245 222 296 62 51
94 106 244 163 204 185 74 127 100 267 235 120 92 189 171 250 182 216 145 68 208 11
30 115 127 161 212 249 33 259 77 246 205 29 59 218 258 62 32 115 165 236 256 152 179 143 188 78
284 236 91 149 170 160 90 169 109 202 83 112 252 185 31 227 19 282 49 242 259
268 272 84 924 272 233 84 106 132 962 780 814 306 128 600 577 121 909 603 60 624
27 32 76 87 124 143 144 145 260 178 252 228 177 22 162 274 181 242 16 134 78 56 255 49 144 265 286 288 95
177 227 246 160 230 35 223 296 7 62 181 201 73 161 87 116 240 156 71 50 151 129
27 106 230 268 91 52 224 159 96 205 294 111 221 275 109 201 54 72 99 246 243 231 142 6
132 0 286 297 276 248 298 123 134 17 126 218 6 82 131 154 69 2 64 232 159
195 267 196 191 226 69 114 176 40 161 172 78 231 65 118 1 45 84 265 72 197 233
28 163 224 288 381 261 158 284 740 46 141 278 153 57 655 48 281 544 29 245 250 27 279 18 101 133 160 278 183 234 41 210 78 142 296 102 279 195 233 261 106 71 22 299
197 266 282 70 84 81 194 256 227 43 14 174 72 184 16 58 262 297 226 51 129 178 284 227 57 262 200 291 178 76 114 28 277 243 33 190 186 126 39 250 69 82 31
238 255 47 148 88 119 101 184 38 155 167 216 263 69 193 191 254 24 222 250 264 206
17 79 185 203 98 98 288 55 98 55 132 288 55 65 536 127 40 48 178 195 207 293 35 638
13 6 78 147 185 215 259 295 112 117 23 838 185 169 838 111 185 111 57 678 253 123 2 119 839 60 1 298 46 231 214 31 150 135 89 149 145 189 98 163 23 22 25 29 101 117 236 232
106 149 277 65 99 264 175 134 63 224 153 83 212 283 59 289 53 12 235 291 152 93 96
31 182 215 110 99 161 170 69 295 290 258 179 291 281 104 139 176 96 267 205 58 118 153
15 281 77 171 205 59 141 299 65 175 244 25 83 241 116 99 194 107 143 243 297 236
175 261 34 281 277 136 234 61 190 263 36 56 133 218 27 43 0 198 69 150 212 226
123 123 10 15 17 242 38 65 79 299 244 100 179 201 12 124 131 288 62 148 86 99 50 102 172 48 121 187 134 98 131 70 97 42 113 246 138 294 146 125 267
89 93 106 162 167 114 199 241 290 911 509 253 189 76 127 628 978 127 130 127 130 245 29 44 159 48 27 96 18 81 221 129 117 198 225 107 233 85 86 178 166 241 293 220 102 90 105 59 152
284 28 207 187 223 247 134 110 81 117 75 76 232 200 142 256 269 35 23 54 225
21 47 186 258 20 282 195 288 37 235 162 266 230 157 191 250 123 197 88 65 152 87 260 271
12 299 416 61 122 220 137 134 137 180 271 386 271 386 264 54 839 62 678 95 198 119 60 386 86 75 241 222 228 226 32 76 17 296 101 292 189 170 202 165 237 160 46 89 34 112
13 219 258 271 271 37 271 138 180 14 99 71 119 678 362 496 298 198 253 1 54 306 75
52 94 174 268 70 70 906 70 690 906 906 200 658 200 70 119 232 422 485 29 232 11 57 76 45 58 39 76 280 185 156 192 170 74 95 20 117 84 83 296 187 97 220 53
42 97 136 196 266 35 10 138 151 250 81 280 172 164 40 281 67 147 294 105 50 77 73 85 249
8 172 231 224 185 57 74 147 31 154 152 2 99 218 296 118 132 205 267 238 29 113 119
13 234 280 153 287 143 67 216 107 263 262 149 240 75 10 120 233 57 178 87 280 92 123
41 55 173 230 153 298 179 57 40 203 36 268 79 271 234 129 3 274 147 119 247 94
55 295 181 19 60 20 241 106 283 290 95 213 73 45 262 97 207 64 18 139 269
5 65 107 194 223 22 122 23 99 9 57 102 157 64 195 148 129 29 239 21 197 289 170 290 275
120 138 101 68 149 194 31 6 287 234 147 269 22 161 255 267 107 116 174 137 282 248
11 72 591 286 296 189 229 240 157 25 165 196 81 190 24 175 298 42 246 100 6 99 275
35 98 168 280 280 197 46 274 179 199 198 143 215 42 76 250 21 127 183 285 288 110 227 272
885 28 196 262 283 289 96 211 74 146 18 1 205 20 56 140 234 109 223 245 92 42 180 23 142 111
18 37 93 211 216 10 238 70 152 32 280 181 151 139 234 73 107 9 172 145 149 96 122
65 120 178 249 177 169 265 72 280 130 278 270 283 168 183 29 264 273 163 251 99 200 157
60 131 188 193 245 246 251 267 138 192 279 164 227 8 297 294 23 248 186 58 289 100 236 252 49 237 179 226
934 49 75 130 138 179 193 229 616 553 235 296 616 235 296 553 276 56 135 540 128 315 121 962 553 91 909
57 80 93 250 226 236 41 240 122 247 46 252 272 33 149 175 210 89 170 260 108 121 251 242
52 133 235 219 261 37 94 270 284 292 213 43 34 274 23 35 282 244 211 124 216 55 260
186 257 110 152 207 108 255 94 13 215 291 141 66 190 95 106 166 184 82 127 136
122 244 242 273 249 24 50 162 159 241 193 119 87 43 204 74 120 139 146 14 264 109
95 132 211 284 113 96 277 239 135 17 125 260 162 230 30 219 123 19 16 190 21 243 29 43 59 54 294 428 294 167 294 185 3 73 258 255 178 157 808 134 126 270 168 41
35 136 190 275 146 108 295 32 176 111 173 126 54 104 94 50 253 220 99 143 69 112 289
36 187 261 288 105 69 40 94 221 83 183 272 277 293 283 109 158 130 214 284 49 24 58 44
201 416 2 161 182 247 231 179 287 147 125 150 203 219 27 207 180 202 51 34 211 221
53 135 246 276 72 3 267 166 71 297 216 145 154 294 246 27 173 242 202 60 295 168 50
22 86 108 164 215 265 28 55 146 109 252 285 156 261 62 296 144 178 166 283 189 298 150 43 70
51 185 232 285 57 244 27 233 36 72 70 2 284 97 290 120 205 245 80 106 23 33 216
55 204 58 34 268 82 290 74 189 146 45 277 6 275 77 214 41 102 119 227 65 99
10 110 281 416 79 125 32 96 60 204 156 127 162 107 42 232 56 55 235 242 221 136 265 113
842 56 221 245 3 246 271 151 58 271 552 271 3 986 3 243 77 64 47 160 96 33 121 135
26 123 242 287 481 193 265 131 243 188 287 100 175 298 97 89 284 109 269 261 64 23 192 68 272
4 113 227 261 262 273 275 43 246 146 246 959 135 135 43 552 3 986 33 110 909 158 0 160 36 106 135
885 17 228 44 250 33 253 247 286 252 149 80 132 31 111 48 37 164 108 232 116
91 111 183 51 71 207 219 194 117 235 128 160 251 143 155 291 23 122 285 59 72 269 199 136 97 104 164 27 75 149 180 14 116 117 257 129 158 262 41 76 289 222 258
11 13 203 234 315 325 279 226 58 161 101 172 139 53 211 65 151 250 100 240 204 44 262 47 33 126
69 123 228 239 17 146 51 167 288 217 50 133 142 265 175 224 87 238 213 79 115 37 290
986 63 83 167 250 252 115 115 140 315 68 434 0 808 163 129 124 235 245 235 218 17 106 963 33 245
24 29 156 201 204 253 290 85 207 245 260 233 84 274 76 11 253 26 180 96 99 224 238 91 90 198 210
51 163 253 275 297 102 66 118 4 135 254 273 260 84 137 231 138 242 157 168 7 67 235 2 267
85 110 120 195 227 230 46 180 62 261 238 132 229 68 287 42 265 85 91 5 289 28 161 101 219 10
148 175 200 253 263 214 6 109 66 207 126 151 258 152 45 118 29 39 143 150 61 279 212
58 130 193 33 153 186 227 7 48 6 2 201 75 107 232 46 128 208 269 298 236 150 159
16 93 189 144 2 204 105 205 43 22 200 114 26 260 265 41 282 119 193 63 171 91 230
266 297 52 199 225 89 87 174 231 148 34 244 128 243 198 163 177 106 172 13 56 293
199 212 225 270 46 245 168 153 192 195 229 269 122 49 291 249 41 232 31 202 61 155 294 128
885 99 182 240 291 304 48 67 206 67 67 131 67 207 48 127 990 638 419 35 178 165 20 195 40
171 253 18 233 77 252 246 101 283 149 298 148 98 288 239 106 60 16 4 272 209 160
56 81 234 273 484 199 248 986 287 248 245 245 602 24 553 152 772 546 884 175 6 155 263 280
222 230 299 401 174 212 180 32 88 127 78 169 179 251 192 9 87 117 273 168 100 237 142 62
29 119 195 226 5 140 141 297 100 26 87 281 234 33 253 83 241 298 110 291 183 1 104 70
28 49 61 73 118 209 2 161 151 216 283 274 191 239 214 290 264 134 158 270 59 207 119 156 211 256
