805 989 51 269 210 168 175 119 62 246 149 91 271 142 88 170 117 111 41 150 54 134 293 197
168 844 3 41 105 112 184 226 240 244 247 238 293 411 799 167 693 633 434 135 506 170 764 57 639 781 324 861 928 966 137 190 75 153 105 268 212 34 11 141 160 47 103 192 63 37 120 100 258 138 0
75 103 158 231 55 183 165 280 173 99 258 157 120 298 270 131 140 32 1 202 7 276 290 145
17 845 162 180 20 288 936 2 230 317 669 833 974 314 360 151 775 214 412 354 34
719 50 57 518 0 121 186 44 183 243 251 16 142 148 148 60 656 172 141 182 172 31 498 273 359 129 182 250 99 286 285 197 201 188 261 45 190 82 264 203 284 187 199 163 147 4
24 81 271 10 291 127 228 90 127 127 589 589 127 227 23 97 206 11 2 483 720 997 247 59 232 709 230 209 225 709 162 209 228 613 457 244 245 978 934 291 411 0 60 533 162
90 200 229 278 162 292 239 292 292 173 17 191 806 133 90 17 190 37 840 231 949 89 405 444 108 130 104 24 190 51 138 17 285 248 118 186 77 275 122 297 56 169 13 1
209 271 187 145 154 158 215 46 17 120 91 7 38 138 30 293 144 190 55 295 130 37
80 171 29 45 273 145 271 105 68 67 73 165 254 278 16 264 152 245 205 103 226 169
184 296 229 229 50 69 80 249 116 69 249 169 81 67 121 78 481 59 696 277 100 126
8 236 232 175 125 286 166 49 121 86 283 143 285 266 204 229 241 237 291 157 71 217
261 137 272 243 266 93 236 55 23 278 223 274 12 200 41 118 154 206 170 185 26
291 190 295 270 189 193 273 254 24 192 239 37 97 96 107 249 223 251 243 110 29
25 59 115 176 232 176 259 127 147 104 171 75 155 36 295 272 105 240 204 5 88 116 87 291
201 229 22 18 13 104 21 141 209 99 95 136 237 38 138 103 107 5 33 56 188 240
44 247 83 97 83 871 46 65 7 297 220 182 24 220 2 444 910 334 117 334 216 138
41 45 101 187 152 117 15 69 51 290 129 296 92 234 106 249 270 67 267 205 195 17 12 105
63 98 270 93 131 264 211 175 66 123 21 297 31 278 218 5 184 84 16 133 216 206 2
2 14 49 53 58 229 268 86 109 292 208 269 212 88 256 203 98 240 187 180 34 138 271 122 73 241
79 114 137 281 76 199 177 166 218 120 79 140 213 270 161 224 250 6 8 15 68 132 294 184
29 54 58 273 125 239 52 189 30 138 32 257 176 15 224 169 39 78 46 296 267 80 117 98
45 82 133 190 191 233 242 270 299 232 28 170 264 5 182 65 116 75 96 111 194 255 277 285 200 97 144 174 76
