20 206 213 52 104 265 290 183 639 832 492 111 500 123 542 596 290 841 554 406 400 12 354 360 507 45 591
220 284 289 80 156 100 236 195 234 10 292 1 216 90 270 188 178 124 7 8 28 200 40
67 309 432 190 96 4 233 30 146 121 289 86 92 244 117 62 84 58 176 151 292 152 259
67 141 207 291 793 874 61 177 709 177 260 706 591 260 114 716 206 27 545 45 314 874 161 823 314
185 207 261 287 202 186 7 236 138 135 51 2 100 52 187 119 245 163 211 294 21 224 287 55
204 225 272 519 246 227 250 82 179 114 54 176 265 83 199 29 260 94 153 99 233 237 39 185
137 152 250 255 114 87 158 1 59 262 42 218 63 143 270 261 167 48 95 43 195 109 299 138
15 244 230 253 184 267 168 15 51 49 88 250 72 215 295 159 187 137 46 234 77 246
100 119 208 251 299 205 269 254 285 118 150 216 132 210 89 159 66 8 270 41 15 178 76
145 740 263 77 233 62 250 25 97 23 145 57 159 91 247 240 119 80 236 257 228 118
45 139 428 195 298 82 55 177 271 219 207 134 235 156 54 53 6 246 256 194 193 243 234
69 207 108 137 88 3 112 136 146 257 175 282 249 252 10 224 93 180 67 285 293 145
232 103 71 179 178 167 35 153 224 64 256 4 147 72 263 3 176 82 159 254 140
10 221 275 151 41 284 163 120 40 57 210 238 76 209 112 247 299 55 106 3 39 225 206
1 99 213 217 252 20 177 95 8 92 111 11 186 211 285 205 249 14 241 272 256 48 137 32
228 222 2 174 204 21 30 136 107 241 197 256 135 289 76 158 250 159 99 274 51
237 727 39 192 228 251 70 221 90 285 13 263 117 194 66 275 116 5 135 152 139 80
39 196 265 108 33 291 119 272 119 155 140 119 140 30 155 154 252 9 143 269 32 272 54
13 42 158 293 176 50 170 199 92 274 81 135 180 283 37 208 11 15 52 277 285 272 280 282
265 296 292 38 204 219 52 57 252 54 9 934 714 257 687 933 21 281 272 234 52
38 110 740 123 91 253 253 231 109 206 886 81 178 242 176 105 184 731 231 103 131 829 224
16 37 126 221 291 886 178 86 24 150 234 109 50 157 158 251 208 101 166 298 51 9 98 27 103 288
80 150 204 201 76 108 231 150 97 108 97 269 114 182 298 609 886 6 521 964 127 276 84
19 309 77 257 270 197 57 148 161 192 292 207 289 128 248 271 85 230 210 10 87 112
4 5 49 267 45 70 60 146 29 84 16 183 75 43 173 59 3 17 234 217 219
71 90 164 261 297 309 227 169 219 139 185 275 185 275 707 293 127 886 110 95 89 6 707 451 74 114
