21 62 223 258 284 136 8 102 668 500 721 840 822 447 444 959 922 534 956 655 732 243 454 866 644 654 194 854 148 135 1 271 105 221 244 130 7 173 32 24 89 212 27 49 12 146 180 61
120 132 155 257 275 147 153 187 179 139 27 206 6 11 19 83 180 287 216 163 214 14 188 269 250
3 122 245 277 215 270 67 176 131 231 140 295 9 166 115 126 58 178 27 50 133 221 168 151
41 45 54 75 107 120 258 259 78 89 127 20 80 131 58 142 86 8 234 188 101 159 286 293 4 97 172 181
74 88 157 48 278 196 200 55 269 58 252 191 119 100 231 233 131 258 212 192 176 16 152
84 148 194 799 178 199 16 167 26 138 266 170 179 27 117 247 211 248 249 292 23 245 143 59
23 57 77 129 154 233 234 238 296 239 10 14 80 38 237 160 122 232 101 48 106 264 248 193 107 177 240 96
2 136 234 298 179 35 63 138 31 108 14 162 149 131 10 206 260 189 214 292 77 6 166 201
116 232 57 79 84 28 8 34 89 250 270 68 95 144 171 32 141 74 186 277 229 90
29 158 410 191 84 289 275 127 148 150 102 292 154 42 146 243 196 44 116 252 99 263 202
165 196 249 215 236 123 169 263 290 3 196 175 87 16 296 252 155 206 132 261 233 57 27
81 177 37 4 9 298 161 15 274 30 29 268 291 114 17 258 210 76 273 225 154
8 13 151 33 162 118 160 47 32 296 289 16 100 92 125 129 152 246 99 130 197 159 189
160 204 209 121 205 247 36 28 14 220 257 148 236 272 71 18 154 186 89 134 267 161 58
115 224 136 222 38 52 265 207 73 216 202 257 107 240 186 32 242 140 54 261 88 227
75 118 185 256 285 58 297 87 136 225 197 153 178 181 232 141 3 132 103 51 106 81 46 120 31
260 276 213 159 150 80 181 119 55 200 260 269 267 37 278 77 151 102 189 233 204 71
41 283 410 50 13 270 178 101 272 115 163 39 62 100 105 282 231 52 298 222 187 25 232
16 49 50 117 139 152 297 94 290 129 32 124 80 9 163 31 180 237 68 40 201 128 93 114 81 23 47
93 191 268 284 249 220 59 153 243 150 291 85 17 286 298 57 68 172 290 221 82 161 98
208 250 101 38 54 287 192 57 146 40 116 195 86 189 273 20 147 120 221 82 100 43
109 114 129 288 112 13 240 96 289 265 58 260 81 61 187 62 49 54 84 60 118 128 207
46 254 235 57 115 146 67 275 95 159 203 83 135 4 52 134 119 158 11 102 136 269
57 71 98 182 210 260 156 82 57 192 258 140 136 261 173 92 197 186 179 103 298 209 102 70 44 264
139 24 181 290 223 1 257 241 2 0 73 162 291 30 224 273 4 143 278 20 19
