124 167 271 495 619 619 192 2 7 254 4 212 239 124 78 72 150 44 120 25 89 246 138 37 215 108
17 125 145 240 285 348 348 470 629 625 53 53 253 855 182 855 629 629 197 375 653 210 671 284 138
35 210 74 20 0 205 186 74 74 264 245 90 264 261 102 31 585 174 0 262 199 385
256 77 21 34 278 247 9 250 79 96 183 241 180 38 244 99 33 82 84 221 260
21 350 856 963 25 248 4 284 225 264 193 80 14 159 117 0 40 223 129 35 215 199 196 197
49 63 71 158 193 215 221 257 346 165 277 167 233 790 355 814 332 842 811 318 74 37 332 943 140 771 480 621
116 147 158 273 33 64 64 230 64 712 252 677 498 898 229 200 76 202 943 405 202 901 252 974
18 34 54 79 232 83 229 209 94 355 264 719 252 876 256 194 318 275 420 751 280 402 943 190 190
29 192 208 257 141 157 145 169 289 162 289 166 48 149 10 746 346 890 480 165 215 380 89 548 282 166 110 18 117 177 222 198 296 269 277 170 49 204 128 179 238 85 47 81
157 233 287 844 105 17 131 257 97 197 265 103 12 286 229 200 285 106 18 161 219 249 233 199
57 89 229 11 223 38 118 198 87 295 171 16 288 197 194 276 170 92 208 141 120 60 233
8 117 163 175 295 160 56 277 102 121 91 289 153 160 291 83 67 111 943 318 256 332 190 420 332
280 694 109 127 188 39 16 142 44 150 241 255 286 17 69 215 52 105 136 148 107 14 20 264 103 288 9 46 84 5 255 228 142 130 112 60 102 161 83 266 148 208
281 173 101 167 87 105 180 213 238 96 40 45 159 68 242 263 208 251 14 175 209
208 215 217 239 242 257 267 281 282 123 242 281 240 251 195 167 280 8 149 102 78 254 131 277 267 286 133 94 153
4 290 694 150 30 279 46 236 169 134 232 46 237 51 84 206 243 305 84 396 118 27 250
6 38 125 186 251 209 274 116 233 126 15 101 123 73 207 139 239 114 69 0 115 38 210 258
83 214 124 89 194 173 213 185 123 240 13 148 125 212 31 229 109 183 138 56 48 150
50 235 271 282 115 146 205 228 142 284 12 210 63 167 268 208 70 276 17 235 238 274 212 166
38 206 230 184 69 78 67 244 68 150 190 280 8 272 235 214 254 218 132 263 200 260 144
16 132 142 15 207 174 239 144 254 142 202 50 225 61 102 62 153 157 90 99 46 36 242
191 246 94 142 230 208 185 138 219 282 101 38 184 8 87 17 182 124 268 181 25 283
21 53 196 284 294 68 281 83 288 44 103 177 210 229 114 214 225 157 172 64 9 155 213 209 31
87 92 159 236 17 79 24 43 119 17 119 247 23 63 780 263 755 216 52 145 720 79 182 186
