64 214 281 248 251 298 665 185 498 769 90 245 295 319 183 33 631 240 169 203 346 72 431 888 182 674 755 342 520 273 847 155 998 508 297 283 483 138 952 761 475 207 407 521 744 90
413 705 213 212 153 165 151 30 69 33 208 232 213 198 178 71 285 92 286 105 195 223 222 96 130 224 255 95 265 23 258 125 212 16 177 178 188 175 82 286 189 154 227
482 126 137 179 200 517 501 517 501 113 982 340 289 263 764 661 629 818 517 896 450 823 29 92 559 208 188 52 164 100 12 243 101 283 215 96 263 235 212 82 110 267 154 9 253
454 12 110 126 139 185 191 257 261 105 186 145 17 48 60 29 253 143 78 233 42 176 241 188 67 10 8 203 87
162 194 5 59 32 192 262 2 298 58 110 124 163 4 140 82 85 132 261 41 189 16
40 120 261 248 133 154 180 299 220 41 202 65 44 171 145 168 146 288 281 84 73 157
127 144 248 193 281 46 49 159 87 200 268 191 118 277 168 17 245 127 81 167 28 173 163
508 38 123 203 76 86 16 79 0 128 225 229 48 47 124 189 34 71 261 85 53 164 121 188 176 280 243 100 72 50 252 162 1 276 260 207 79 238 27 80 155 192 56 17
69 270 105 197 218 56 266 85 188 250 1 229 22 201 251 206 100 249 299 187 257 241
156 283 268 82 281 108 79 245 290 219 174 299 3 192 145 200 129 117 88 50 158 147
2 89 134 139 213 280 292 106 198 273 144 80 92 97 70 2 180 59 30 69 134 161 26 122 6 211 296
197 217 220 230 240 91 124 289 455 158 140 122 36 200 195 122 60 185 45 389 606 278 278 128 940 256 57 220 49 289 10 165 63 25 86 197 71 6 267 183 237 282 275 109 141 68 274 53
82 170 216 268 77 213 215 262 294 217 23 240 167 91 139 97 295 195 159 30 211 184 219 281 203 171 66 207 126 236 132 186 194 64 156 108 176 278 32 3 167 274 243
7 194 99 266 111 104 211 66 237 280 87 165 198 19 71 97 133 249 47 191 225
135 224 75 58 42 71 220 171 9 219 72 291 84 143 133 133 257 294 732 58 76
69 162 169 170 234 42 268 282 286 114 70 43 25 4 243 198 246 244 38 136 237 28 249 173 35
835 12 86 187 174 276 267 292 122 75 87 244 232 55 78 222 270 149 26 99 171 101 27
835 232 236 41 166 280 37 231 235 177 215 273 191 128 75 296 112 7 175 272 254 170 108
86 165 14 273 161 79 281 5 223 284 251 108 104 294 117 155 252 188 126 94 187
118 171 253 45 33 16 244 207 228 297 53 295 161 270 256 162 125 205 104 287 187 2 5
