137 32 66 89 395 502 730 584 688 525 724 66 151 911 260 122 548 566 907 845 621 565 542 991 244
42 180 724 961 120 145 298 223 33 470 25 478 743 134 475 575 990 122 871 777 32 191 723 115 570 202 143
591 212 7 77 7 653 281 136 377 121 105 194 799 562 636 437 105 647 98 843 870 299 245 46 84 254 168 49 198 80 285 32 166 155 63 211 272 1 180 26 41 288
28 38 95 195 246 985 16 210 210 108 172 151 151 28 119 423 151 63 601 668 512 773 318 172 168
57 7 220 171 93 67 100 214 255 169 296 149 221 238 13 109 206 209 36 70 43
795 27 71 98 184 223 35 122 203 463 50 262 197 4 197 50 259 136 293 50 25 71 45 887 438 399 95 399 234 30 228 5 81 87 238 115 242 80 256 296 57 20 194 196 190 179 181 86 252
271 200 167 86 275 159 241 137 297 272 36 139 142 88 168 102 193 12 198 238 149
74 121 214 268 178 3 10 229 277 120 38 215 148 42 59 181 61 195 247 172 192 43 298 65
37 59 102 177 180 196 268 109 166 248 150 46 35 129 249 132 22 80 184 203 84 101 289 113 75 7 70
0 30 45 64 106 180 233 220 244 60 113 254 65 172 181 178 173 191 291 91 57 297 292 210 223 170 138
159 298 139 113 68 299 30 14 53 255 276 44 205 77 104 100 0 267 268 47 52
187 231 102 193 225 66 119 112 225 53 298 93 225 146 16 216 7 136 255 117 256 65 149 33 61 144 96 91 101 81 227 149 82 209 84 114 177 100 245 71 255 97 173 160
37 261 125 269 217 108 174 193 92 137 2 40 111 98 65 226 138 72 101 104 16 248
128 235 257 258 232 11 27 195 94 32 288 36 201 285 226 220 63 221 277 167 231 235 58 120
532 8 125 259 267 0 87 61 140 78 190 92 37 166 27 188 184 32 249 12 288 14 8 276 248
93 136 157 84 178 237 249 213 140 219 240 203 250 179 85 168 3 270 38 244 239 187 44
38 109 131 284 75 202 277 19 36 131 232 25 234 170 278 227 181 112 257 142 90 77 172
44 73 119 232 270 299 154 11 31 53 248 186 68 49 93 261 100 242 122 264 64 284 296 71 109 140
123 140 229 252 84 7 153 266 42 240 200 191 127 197 298 166 225 108 109 74 213 293 64 211
16 34 233 142 135 162 74 254 69 89 13 70 197 176 37 297 137 217 101 95 234 184
532 68 136 170 235 254 286 50 131 262 200 74 51 95 164 205 243 132 221 159 228 236 120 274 21 207 59
128 137 158 171 30 289 216 190 270 47 192 134 44 104 102 142 66 131 61 237 139 163 5 201
68 213 259 138 220 143 176 27 19 113 121 43 55 199 169 70 140 299 62 164 30 187 64
