148 152 201 287 505 148 244 42 144 266 71 208 283 229 235 113 273 250 121 109 281 66 214 190 158
420 45 93 114 248 252 81 90 213 233 288 125 51 5 422 356 667 659 664 981 40 753 90 132 409 758 566 654 520 841 417 46 296 88 167 176 211 208 165 78 232 212 286 73 250 209 5 126 182 8 287
21 97 247 70 266 81 93 17 26 102 214 0 53 196 183 65 236 234 164 208 25 94
155 173 14 218 171 267 54 249 247 252 96 99 224 59 71 160 228 109 118 77 81
773 19 48 120 299 298 56 71 15 19 32 1 166 47 229 220 288 193 58 73 198 3 121 293 204
284 4 258 44 284 135 124 122 206 2 204 263 19 41 222 130 259 275 220 89 82
217 247 106 242 5 79 18 138 222 273 268 272 192 247 74 56 164 135 291 153 158 199
31 240 59 131 107 286 85 194 122 282 89 155 140 2 12 87 68 82 255 80 227
288 282 94 62 107 100 22 279 171 116 59 149 49 176 152 237 174 220 84 127 188
11 75 135 121 48 208 58 91 232 249 176 19 131 297 73 209 47 191 284 147 72 290
257 266 282 183 277 48 265 224 56 132 236 60 204 118 290 283 73 84 78 238 150 120 297
92 127 197 35 76 218 216 137 234 212 131 51 165 32 111 183 39 121 62 276 205 71 248
10 99 220 231 201 196 100 118 223 121 26 297 122 84 236 44 38 184 119 206 9 209 192 254
120 216 288 231 192 89 57 105 99 237 275 100 104 272 270 239 155 84 220 207 256 91 216
9 297 24 141 44 56 94 285 213 81 183 78 270 260 22 247 103 15 272 29 238 295
4 75 110 180 258 8 66 53 87 221 266 51 99 125 19 299 295 248 132 69 240 218 253 192 11
201 172 215 287 262 46 269 131 242 17 104 45 220 61 179 41 174 74 118 278 47
2 127 157 230 16 11 24 266 172 208 133 193 200 108 32 17 0 162 114 217 199 99 50 252
0 174 223 283 177 134 49 298 51 83 131 285 247 173 137 290 143 179 99 147 171 243 176 36
48 159 8 206 15 208 236 176 108 203 269 153 266 184 103 87 121 212 177 10 111 5
39 125 75 14 166 263 116 127 173 150 156 72 240 245 37 83 54 254 255 151 56 225
188 256 240 76 24 247 31 268 137 238 163 117 136 169 282 69 56 272 95 4 102
32 70 90 172 259 284 152 33 65 95 87 298 225 32 86 196 226 176 211 182 30 29 272 122 180 71
26 144 147 250 194 270 98 288 60 262 172 65 199 30 43 81 175 25 88 176 86 205 95
43 220 59 63 7 235 110 156 263 132 279 186 204 205 199 225 12 97 226 50 202 143
53 133 279 46 61 71 92 200 12 63 71 159 162 679 685 766 909 980 353 288 167 228 446 584 473 941 322 410 721 897 616 749 918 88 70 124 200 6 84 60 33 247 43 295 46 268 207 62 28 90 181 210 38
13 187 296 84 438 476 182 84 575 272 84 523 91 272 182 336 849 0 305 151 115 45 779
722 758 789 5 97 82 272 681 340 337 732 203 82 272 5 194 178 251 489 808 312 178 716 489 86 45 31 291 116 140 225 231 219 293 17 207 118 261 161 79 23 292 18 236
15 262 22 475 341 68 68 845 882 341 882 42 849 14 934 12 388 760 757 654 475 475
581 134 219 230 171 171 251 136 8 181 58 171 942 201 117 35 27 867 974 213 286 942 171 238 296 146 171 264 133 176 252 81 349 35 160 152 134 109 350 762 437 223 171
67 129 152 252 210 12 296 12 81 133 26 218 298 298 298 152 283 350 762 109 134 195 223
251 12 234 250 65 83 271 220 262 37 6 237 122 286 75 191 73 223 62 19 206
164 288 8 151 66 164 211 32 85 89 296 157 55 115 113 132 11 152 20 90 131 105
285 100 262 11 271 42 254 68 241 299 146 205 242 269 233 61 217 159 18 235 176
94 268 97 50 43 47 0 274 110 131 4 13 265 60 144 292 293 250 122 168 171 267
82 98 266 275 202 202 204 186 491 836 281 181 830 138 101 259 273 6 180 856 145 83 659 251
122 137 258 207 157 74 238 67 298 120 285 255 167 243 106 28 6 119 206 214 10 263
5 173 270 218 240 26 242 66 269 64 20 123 68 236 166 10 275 268 206 235 55 21
25 81 206 226 41 59 238 291 277 155 126 92 95 18 194 248 208 30 267 79 166 220
8 78 48 118 214 280 120 281 9 187 30 232 25 128 151 149 19 22 216 254 6 125
88 99 195 228 107 111 274 215 11 178 10 144 145 10 215 144 842 15 284 83 25 294 498 52 246 69 282
17 146 215 284 104 296 92 155 278 144 282 284 69 279 294 25 255 203 83 52 197 15 72 258 210 214 20 173 61 122 112 215 74 92 286 217 151 192 197 249 257 280
2 40 47 142 96 161 133 281 239 80 134 109 46 151 254 63 224 9 36 95 297 252 192
122 79 88 30 175 253 23 64 45 298 162 93 17 200 227 225 180 49 238 150 14
66 206 44 241 47 40 212 95 0 93 127 244 155 186 223 129 192 146 231 181 7 179
14 71 103 141 208 83 85 138 140 198 55 177 46 4 177 177 4 279 100 12 103 725 179 263 182 93 102 388 587 262 212 201 53 31 91 233 45 177 182 1 199 237 220 27 106 257 30 87 292 63
199 181 215 82 288 295 197 257 112 34 124 211 20 10 220 41 227 284 24 3 23
141 242 262 265 296 25 274 294 94 8 104 162 216 54 155 284 297 225 158 237 59 152
35 65 267 138 103 245 167 43 28 162 111 1 260 206 176 112 181 268 263 148 290 161 108
72 265 136 92 45 295 77 3 124 291 215 183 241 157 85 90 284 244 222 159 180 217
52 53 117 183 189 75 264 192 233 92 53 244 77 135 224 270 154 237 78 181 148 249 132 287 246
9 254 13 290 128 31 196 202 80 38 187 181 115 136 284 148 81 225 113 104 191 67
159 268 147 62 275 191 170 223 217 138 49 97 204 172 281 110 115 200 26 229 126 124
17 33 131 233 56 241 242 45 141 61 96 218 3 255 291 136 66 161 163 263 186 58
95 231 257 255 118 24 61 200 172 104 79 128 215 108 13 175 274 116 22 37 159 261 14
33 107 210 213 249 23 79 195 151 81 81 209 37 153 193 36 227 80 269 190 8 8 87 109 206 96 33 71 169 200 128 72 10 90 193 272 182 49 179 168 30 203 218 215 23
104 129 251 261 264 87 81 159 60 298 291 140 208 120 112 211 215 242 74 198 126 53 162 138 10
47 70 77 88 154 192 29 152 62 293 202 296 154 14 41 162 33 218 32 132 139 163 30 77 272 287
47 275 291 17 63 238 299 275 149 267 55 110 247 75 112 128 86 127 120 223 280 211 278
90 112 263 70 271 19 155 128 207 112 218 134 85 103 101 135 200 236 190 186 211 279 264 67 58 13 76 108 65 223 245 172 138 86 35 45 269 68 63 185 69 62 186
61 12 128 78 154 260 247 157 85 155 38 234 153 279 277 75 16 195 73 40 49
223 224 227 234 166 251 78 260 295 116 62 133 129 65 262 244 170 212 189 32 89 261 258 92
45 211 214 120 29 4 195 146 32 132 12 0 9 52 165 82 212 278 276 296 158 79
32 98 153 171 209 244 158 259 252 105 70 20 289 290 142 273 184 50 88 151 5 291 228 42 45 73
223 286 234 19 221 3 160 46 4 81 159 129 240 70 116 93 134 118 80 269 137 88
252 266 152 244 217 182 259 175 249 21 242 67 256 4 180 50 150 197 20 130 108 247
147 224 270 243 271 131 110 163 259 213 102 239 112 4 75 129 269 123 179 170 193 281 217
109 135 209 234 236 162 230 66 236 212 262 92 183 119 199 195 207 258 97 175 271 245 221 267 167
32 35 47 164 244 62 37 21 19 175 201 289 186 216 74 101 244 179 222 198 28 164 180 285 43
127 134 150 201 4 6 26 98 126 145 147 243 282 228 255 255 139 121 239 116 9 139 121 116 8 88 273 87 36 206 179 190 269 16 249 125 232 179 223 138 54 200 194 193 273 131 62 156 298 17 218 75 84
53 118 119 177 223 131 18 297 51 240 38 40 284 44 227 290 26 56 271 119 162 254 53
24 25 60 246 27 52 141 188 234 171 102 241 249 295 119 240 263 207 121 274 190 83 183 48
82 104 145 188 190 227 12 127 213 93 162 36 125 125 89 46 81 102 191 263 132 179 262 144 973 725 388 144 140 80 296 224 106 150 158 6 182 123 94 294 237 38 13 175 246 47 180 297
127 241 279 113 14 279 28 47 113 39 200 284 259 25 215 203 83 255 282 67 842 498 178 40 282 229 249 248 277 91 6 179 268 263 258 297 60 232 285 121 68 245
39 45 107 133 290 288 57 122 229 220 60 108 64 95 59 249 233 215 27 265 211 177 267 16 112
49 56 221 27 63 85 281 242 14 251 39 251 251 251 251 910 65 281 166 1 117 539 135 259 156 61 134 239 270 198 168 110 91 244 137 16 140 169 291 296 14 141 161 73 7 236
53 89 111 228 175 43 54 203 120 256 184 50 6 66 134 205 49 67 88 99 266 59 104
194 252 260 87 129 106 179 107 170 281 154 30 283 116 152 165 244 226 185 62 208 169 28
114 234 36 47 73 148 18 642 236 18 18 61 7 235 957 18 33 976 87 148 259 800 97 61 156 539 96 246 248 110 30 243 62 185 20 36 183 78 141 130 196 259 79 264 25 72
39 55 113 135 142 148 212 220 228 273 242 260 71 110 119 20 264 288 66 69 138 107 75 131 263 214 296 265 81 9
27 41 106 167 226 241 253 295 221 90 107 220 278 184 29 180 57 262 166 89 261 284 188 122 170 118 280 106
135 169 223 44 197 294 231 10 291 178 168 231 168 282 200 69 20 83 215 33 15 197 25 498 842 1 118 270 211 200 274 196 251 116 26 75 16 131 209 283 59 280 166 254 126
33 296 91 142 6 46 131 208 275 16 181 93 255 211 67 18 113 9 180 209 38 233
261 53 268 169 190 220 245 218 134 122 188 126 252 15 177 216 50 150 237 185 236
78 270 209 272 143 114 292 107 78 106 187 65 102 126 262 41 43 180 220 53 45
44 100 245 275 180 97 33 58 175 12 186 241 79 296 19 150 251 196 94 73 158 57 294 190 17 230 176 163 169 80 25 200 141 146 122 135 249 36 161 59 262 206 43 250
13 55 89 178 209 238 250 193 96 76 168 146 137 126 43 148 211 173 283 8 60 232 185 299 89 86 157
212 297 22 117 273 134 162 202 178 47 128 63 219 277 84 153 85 96 45 171 270 70
17 21 134 85 258 86 2 220 285 163 192 55 24 72 50 82 151 109 77 190 119
267 166 178 93 145 104 292 268 175 27 112 90 18 100 83 213 195 84 56 287 75
14 78 286 69 264 65 114 215 10 114 215 10 12 102 144 144 263 182 725 132 973 475 170 93 388
24 257 218 37 2 120 72 172 75 75 37 557 224 170 6 196 402 165 230 80 803 962 135 279 16 58 115 201 72 14 207 158 226 206 77 230 242 33 191 282 7 25
90 164 203 261 110 22 71 87 82 30 125 217 268 46 76 178 135 186 65 227 168 278 190 210
5 137 165 224 225 263 205 91 272 231 269 167 243 107 157 211 278 268 277 265 221 108 1 129 51 24
9 22 144 272 176 250 252 145 64 193 137 72 235 179 53 299 50 187 150 264 173 134 33 155
3 10 18 44 227 230 239 266 299 117 177 239 252 201 96 0 161 182 142 229 79 185 167 295 162 251 203 22
0 75 76 230 276 275 135 222 179 11 202 258 161 296 255 39 162 134 194 38 293 283 61 86
5 258 34 33 731 215 186 31 31 31 97 16 197 119 23 252 914 737 281 194 278 301 60 34 105 258 74 225 271 95 88 64 289 238 182 151 81 241 279 101 230 245
18 119 225 234 250 59 182 255 77 36 150 17 150 150 274 12 262 475 37 725 102 132 186 144 973 170 93 267 248 225 158 8 196 121 28 206 93 221 236 56 170 43 160 201 26 146 145
102 110 117 149 236 245 150 15 125 188 299 231 221 135 74 211 8 37 264 198 237 59 169 113 82 194
14 212 288 63 134 171 169 249 117 72 79 145 112 279 287 148 143 179 113 45 269 165 120
12 80 101 128 167 198 234 237 159 134 46 13 289 162 249 218 92 222 87 129 184 243 179 255 32 62 248 216
23 77 123 137 33 180 132 67 208 212 242 213 244 136 122 236 198 162 4 215 209 291 133 140
7 89 176 270 63 263 268 36 287 102 169 8 215 16 243 160 32 107 189 192 112 47
2 73 74 77 222 276 100 269 270 216 105 73 2 298 17 275 36 174 245 119 19 238 246 35 168
61 80 127 243 287 42 211 201 185 253 91 78 183 179 170 270 178 132 80 33 75 278 265 207 136
107 169 188 190 2 204 297 114 199 185 78 189 94 223 130 7 294 265 171 203 87 282 211
83 94 215 258 255 154 99 281 68 155 262 171 144 4 140 39 143 151 261 239 69 72 297 290
55 95 106 207 92 195 117 136 23 200 206 57 293 197 134 242 243 294 32 269 66 56 55 120
196 263 272 165 133 5 79 226 276 288 73 175 179 116 8 192 194 7 197 162 218
194 52 153 207 159 243 45 57 116 222 162 64 251 165 252 1 256 233 146 85 271
73 228 85 158 211 4 107 216 145 41 283 234 45 148 6 48 258 181 79 237 271
5 40 60 202 254 82 143 225 138 265 156 161 282 190 59 258 195 266 227 56 45 28 201 177 41
81 160 225 241 45 37 62 165 175 220 23 104 32 17 41 158 146 2 81 98 234 31 194
82 192 266 34 283 67 276 45 32 98 3 219 79 158 107 96 91 204 24 173 230 280
14 70 259 117 69 90 151 185 64 174 101 272 160 199 167 158 218 82 34 198 195 42 7
7 89 187 242 290 90 157 203 60 49 284 206 164 63 126 17 194 132 245 239 29 188 292
78 200 53 158 220 229 254 297 226 42 210 262 226 112 757 112 297 262 263 186 144 388 12 37 170 132 100 78 207 164 183 220 139 5 173 155 110 176 297 246 20 168 94 217 221 79 160
882 23 177 225 268 268 100 120 47 136 254 210 201 84 209 214 249 5 172 127 269 259 230 290 88
167 174 250 33 42 115 221 237 170 217 10 162 280 152 7 216 49 88 15 242 281
11 56 216 292 146 71 24 168 156 286 81 33 154 189 23 83 133 138 32 179 267 77 218 228
48 53 190 217 237 265 26 261 10 62 88 287 127 44 224 177 56 219 35 74 250 40 247 159 260
108 143 215 52 128 124 125 193 29 295 192 137 269 206 24 116 265 77 153 159 123 147 194
35 42 173 222 61 50 170 233 268 226 92 285 58 86 35 243 201 247 146 176 255 263 149
12 63 65 235 248 60 2 183 213 296 169 224 288 178 21 67 257 242 53 273 17 5 113 168 92
243 270 151 169 226 257 278 104 104 72 104 109 123 97 109 293 8 171 103 36 80 730 227 273 193 88 179 26 160 237 110 239 152 40 8 238 267 126 13 292 208 159 143 41 296 102 18
36 67 245 32 251 4 56 227 281 101 186 55 222 13 1 120 117 230 224 78 14 49
69 73 278 896 730 208 76 76 280 41 41 161 280 80 306 83 557 402 56 193 762 260 132 123 256 25 48 181 157 242 291 192 218 224 231 130 87 159 96 200 272 275 84
248 280 97 121 150 84 240 185 269 232 217 158 43 152 3 157 281 194 200 61 275 85
172 234 183 199 34 76 75 254 75 164 75 164 31 75 281 277 860 974 195 261 271 402 153 230 60 117 187 215 51 194 162 241 196 73 205 165 211 223 288 225 266 1 132
147 205 217 273 222 53 68 248 74 207 150 273 209 124 130 288 121 112 49 286 23 38 206 9 56 229 137 257 284 283 78 118 270 155 4 1 212 210 127 11 216 227 82 160
53 88 122 28 191 160 192 284 174 3 111 194 110 108 270 172 217 72 9 120 199 272 141
61 125 200 100 113 20 32 15 186 27 83 132 75 242 97 152 257 53 63 200 287 65 93
5 49 111 186 211 222 278 106 7 248 160 110 247 228 57 1 134 62 81 34 13 299 36 102 72
402 222 257 242 288 178 35 189 205 198 283 251 36 197 296 66 233 199 240 118 179 3 213
249 272 203 144 79 122 91 181 215 233 4 273 99 19 231 117 45 295 41 209 71 75
190 265 286 286 145 260 260 349 157 45 260 102 156 88 292 41 177 164 203 858 214 266 25 245 151 32 282 160 251 131 180 163 57 232 149 252 142 41 58 73 189 134
52 215 51 61 177 178 281 150 250 250 161 161 27 974 260 170 762 165 224 83 230 193 557 132 803 58 306 124 88 47 157 14 116 255 230 188 58 285 240 171 276 75 273 167 280 66 207
162 191 239 249 48 83 130 230 54 111 206 144 248 95 128 8 273 0 254 167 28 27 152
40 49 198 90 33 171 17 30 185 224 134 164 151 283 217 276 193 143 155 40 47 95 80
32 60 97 195 246 260 138 154 222 223 117 192 124 450 36 124 257 121 281 976 148 97 800 36 896 68 43 830 87 156 7 103 215 151 205 171 275 183 282 120 133 174 238 230 148 82 78 194 298 154
79 98 132 172 182 227 240 289 30 58 119 213 215 139 73 222 222 215 79 450 61 148 135 97 830 281 156 65 36 800 43 259 257 257 867 245 245 36 237 237 237 867 257 237 375 121 73 61 102 197 111 724
49 143 256 186 36 193 186 257 50 166 166 111 230 689 375 109 573 6 10 61 73 249 197
286 58 169 252 14 17 827 762 8 198 285 255 762 111 678 212 1 177 30 627 248 179 347 228
41 172 11 240 12 281 15 174 281 210 11 573 82 87 287 147 18 826 585 632 17 100 229 227 41 124 183 145 296 52 282 201 205 173 22 143 94 163 128 56 218 58
185 134 34 255 119 255 179 119 7 724 291 204 274 220 63 175 8 225 2 153 181 192
79 113 239 275 58 128 192 259 213 58 128 271 52 98 126 177 156 474 643 374 594 49 660 290 63 81 221 100 216 128 91 70 167 293 22 71 159 170 268 110 34 9 68 130
6 235 246 215 157 109 51 193 82 23 249 234 135 153 204 118 77 270 154 185 122
144 170 180 183 0 88 89 119 170 170 209 209 34 283 34 853 255 220 153 8 63 996 192 204 2 552 423
268 250 205 71 250 120 279 271 205 238 71 5 210 146 99 52 57 111 170 77 297 288 104 137 193 253 91 274 241 178 59 54 46 157 147 257 212 152 23 108 204
91 261 277 296 77 109 119 203 283 92 163 200 145 68 24 97 87 47 100 28 216 261 13
67 297 164 119 239 75 289 26 236 0 8 202 161 243 278 58 7 35 257 150 163 178
11 50 114 155 259 268 7 56 142 298 7 15 15 943 445 445 943 958 15 29 958 269 8 190 273 36 943 8 663 179
244 1 88 170 517 263 517 99 88 486 516 379 96 270 34 293 114 581 266 998 44 132 188 232 65 14 9 12 146 119 225 95 193 167 2 222 58 75 274 29 198
30 109 111 142 192 244 298 211 199 234 58 116 146 251 156 39 244 269 287 236 221 102 172 206 228 281 59
6 206 265 97 78 279 39 195 7 26 16 83 225 138 175 43 273 48 140 216 192 34 227
20 143 271 108 110 269 22 39 225 75 104 275 188 0 127 21 265 185 164 261 134 155 85
266 284 249 86 203 114 246 61 222 210 124 64 104 205 262 286 164 69 62 154 87 161
52 131 167 243 172 82 288 56 239 187 71 30 119 202 158 125 180 250 141 197 8 28 112 70
25 79 141 232 288 290 159 30 197 69 212 45 27 231 14 52 177 132 31 109 131 243 151 215 16 209
71 80 152 171 205 223 227 76 192 287 783 237 115 115 379 24 6 24 165 557 193 6 58 95 962 196 762 402 56 230
19 21 277 252 252 277 47 172 47 180 200 255 259 246 15 109 215 203 284 69 83 498 77 92 112 249 229 293 244 179 201 54 3 297 136 271 75 74 288 40 195 139
274 13 68 118 120 224 270 48 48 223 223 48 119 151 59 27 114 15 536 430 17 201 41 142 188 718 40 48 68 200 13 8 258 152 222 249 101 266 158 110 252 260 164 78 137 97 7
47 147 47 18 63 162 84 49 246 4 139 75 198 193 167 187 106 176 237 143 31 71
40 181 293 156 197 134 84 239 111 283 192 274 128 281 233 116 238 257 143 168 259 172 226
129 147 156 161 186 195 261 143 213 106 84 304 84 267 176 533 60 533 988 3 105 280 247 112 847 121 446 180 160 257 91 71 61 262 137 134 6 130 230 208 5 292 195 97 7 237 132 139 2
101 140 275 280 47 254 81 261 97 220 12 60 190 204 54 147 128 90 62 63 48 8 94 118
13 234 288 109 30 173 64 163 223 284 88 69 234 208 151 213 185 186 90 264 179 199 70
71 73 76 241 295 91 102 168 268 138 964 365 749 331 205 964 391 254 175 516 271 935 441 991 140 15 636 93 38
207 167 251 135 183 652 167 165 53 167 120 150 191 265 232 201 136 152 291 962 275 133 205 225 279 248 259 107 177 121 210 188 33 295 268 35 127 83 11 138 179
3 63 149 226 245 173 285 1 203 247 151 100 183 164 275 230 225 226 133 284 180 115 268 27 191
39 72 134 190 231 115 712 150 712 150 598 175 149 212 323 300 509 105 136 79 355 463 135 449 288
75 165 203 215 234 237 267 140 18 150 18 876 958 725 958 18 179 943 87 88 730 429 80 876 103 831 206 32 247 93 117 27 145 139 81 258 154 130 291 217 90 231 125 70 159 127 245
41 45 198 223 44 102 59 296 28 94 173 137 289 126 9 279 282 12 260 18 165 231 15 180
45 126 154 171 162 298 132 167 299 122 137 177 30 219 128 267 131 127 5 198 243 216 147
13 124 135 166 30 16 10 48 6 210 248 168 90 101 196 199 35 58 36 134 28 282 232 214
232 244 271 285 286 209 270 140 279 156 145 89 240 13 197 80 109 22 294 204 163 138 267 11 210
246 239 253 184 126 126 96 507 130 96 15 102 347 585 31 160 48 264 845 396 85 151 100 57 25 160 266 293 221 141 135 131 249 38 146 173 60 294 21 136 148 256 132
26 195 237 278 246 84 199 287 244 122 182 248 296 269 263 273 224 192 275 72 281 232 45
97 164 298 4 91 114 205 227 674 21 156 698 902 21 287 288 698 751 628 105 286 708 105 207 996 148 449 290
62 261 990 609 388 731 344 344 468 156 259 121 751 87 61 148 976 135 281 43 800 830
82 131 150 163 199 237 536 431 821 511 34 232 598 43 431 375 723 319 165 18 186 269 131 189 201 61 252 280 269 294 228 187 155 168 103 90 49 140 274 67 136 46 50 282 170 285
70 167 235 174 106 215 285 30 43 180 40 19 74 250 161 214 238 65 263 3 22 170 135
13 59 70 96 199 277 220 235 26 161 31 90 149 292 47 114 32 291 169 18 55 137 185 200 287 143
468 202 198 207 166 119 69 11 159 29 130 271 136 91 203 229 286 27 40 252 141
94 144 164 266 284 82 150 175 212 40 90 155 14 932 871 885 912 619 639 479 146 163 202 670 804 85 671 686 511 499 997 930 8 292 290 239 59 218 253 43 172 31 245 107 240 294 186 198 296 150 282 110
24 84 280 36 434 90 211 10 174 173 211 90 90 434 614 167 994 58 174 257 142 173 567 122 17 277 192 212 186 74 162 268 34 291 194 134 257 5 219 14 214 262 133
189 210 277 161 194 38 28 296 73 70 137 80 152 204 197 96 10 0 208 118 156 248 189
282 286 290 80 97 117 184 191 251 934 194 200 82 243 194 251 20 251 298 581 6 248 669 686 301 80 298 211 154 41 112 270 225 237 139 25 125 99 67 35 97 287 14 91 118 15 104 27
245 51 55 255 166 167 159 169 105 165 154 175 270 182 181 34 295 183 96 201 261
18 25 247 146 258 37 248 88 230 233 241 7 47 167 83 284 49 244 250 124 39 107
81 154 260 36 36 116 7 46 117 151 110 26 266 285 204 239 235 253 381 38 225 156 920 91 44 236 284 162 204 127 80 2 56 59 191 154 95 231 174 193 54 286 24
2 18 19 205 285 158 114 113 198 154 5 259 32 180 106 121 191 93 195 209 257 187 272 230 129
10 52 162 105 255 207 116 35 299 17 86 147 274 180 117 280 54 97 38 240 242 168
81 100 162 43 298 219 238 18 246 50 242 230 153 144 180 104 228 158 182 185 200 168 221
11 16 35 101 148 166 206 236 195 18 9 256 267 117 70 201 55 271 294 99 177 211 77 290 275 19 159 126
76 110 145 161 262 263 217 87 96 15 258 1 29 278 51 53 39 230 19 112 70 146 223 140 243
284 17 48 202 264 257 98 111 93 93 111 170 257 93 93 873 35 249 14 190 62 290 7 12 16 249 163 49 182 20 93 242 155 209 29 218 216 274 241 162 40 106 136 156 12
73 94 116 127 152 184 216 278 236 58 201 47 75 5 78 111 293 189 73 237 229 107 133 154 2 294 54 65
62 167 198 17 299 210 117 23 236 226 154 66 138 25 191 132 175 101 112 75 20 250 137
6 16 34 46 66 134 199 219 296 272 246 48 259 190 19 157 286 225 72 195 116 10 4 220 151 168 59 145 194
95 125 148 183 194 229 178 102 107 139 78 132 285 175 30 185 17 41 125 281 206 9 218 114 174 2
104 279 281 124 223 10 249 14 174 122 39 94 179 102 36 132 123 48 109 57 203 189 251
8 167 232 96 32 20 285 64 169 77 246 145 56 168 138 85 51 44 60 211 200 177 286
5 53 108 127 176 90 298 253 47 91 112 288 3 17 61 50 130 37 279 232 274 19 58 238 285
152 198 282 58 240 127 162 255 18 203 107 158 217 154 111 60 144 230 271 192 153 71 207
65 145 178 149 174 158 101 297 138 147 6 209 20 250 5 0 201 108 36 289 196 127 99
22 57 60 187 280 289 46 89 298 95 185 29 122 84 262 119 198 243 28 232 77 128 176 124 239 139
157 163 285 184 169 72 88 228 175 168 183 286 109 295 134 275 83 8 200 140 148 28 187
23 79 269 241 150 207 278 162 197 270 114 33 66 71 143 37 21 179 294 34 155 9 225
201 237 240 269 14 22 111 89 164 113 195 279 252 192 247 266 180 90 23 139 84 257 70 11
34 40 75 174 280 241 251 249 156 59 61 140 209 277 53 83 141 260 226 112 231 49 193 152 208
4 17 213 231 235 264 4 194 232 120 116 168 132 51 9 135 55 157 199 106 81 268
96 156 214 299 109 25 80 267 114 216 143 261 289 44 298 217 274 34 133 256 15 250 205 245
41 69 155 275 183 119 147 204 101 61 44 84 12 285 102 73 14 66 111 63 275 172 160 106
84 106 259 104 294 151 255 167 262 174 12 103 222 5 175 182 62 217 111 137 170 235 70
141 149 165 175 180 94 204 254 245 278 159 86 89 98 178 265 122 154 11 264 200 288 4 291
216 245 275 44 42 120 56 135 134 168 34 72 189 151 197 133 235 203 94 85 20 93
103 251 269 276 286 298 245 268 183 143 224 273 193 194 243 172 257 213 292 161 121 87 73 287 174
8 42 120 215 1 121 33 232 43 55 254 189 231 47 266 66 91 274 177 29 151 242 217 100
44 211 222 232 36 46 168 265 181 132 284 18 58 124 200 24 82 257 13 130 121 174 267
35 199 237 245 291 51 199 149 255 101 103 174 47 181 52 204 81 269 184 12 110 218 87 200 293
128 133 250 171 245 104 144 5 41 186 157 282 287 13 15 212 195 255 174 72 243 43 109
132 135 245 176 196 186 51 123 204 79 239 91 5 286 157 269 235 104 13 72 151 263 15 151 259 270 268 120 123 293 62 230 188 182 298 78 223 178 38 115 128
136 261 150 202 54 195 113 58 2 258 233 166 197 157 120 65 99 172 0 29 86 221
277 269 70 96 61 181 296 11 157 163 60 213 259 266 108 102 236 164 299 239 67
16 21 46 208 134 174 125 44 75 110 183 70 139 284 231 109 147 215 0 90 21 72 169 98
75 189 265 49 141 237 244 295 174 2 241 179 174 179 170 2 88 295 35 730 14 190 832 290 27 12 16
131 148 227 278 234 241 241 88 179 16 170 35 730 14 190 832 290 27 12 16 73 211 29 216 4 18 208 264 99 188 139 82 76 180 0 246 209 124 103 75 190 287 255 145
292 162 294 67 94 232 76 11 20 80 154 117 27 205 148 228 214 163 244 13 262
136 166 272 291 216 67 92 40 265 60 29 279 70 119 271 267 214 103 26 235 263 0 88
1 101 83 8 232 249 181 138 17 288 110 292 48 141 132 34 261 107 191 255 172 230
22 36 118 161 245 272 177 110 257 13 75 46 109 178 15 50 83 295 129 80 214 90 268 53 44 18
87 196 267 120 88 67 265 248 283 158 199 225 174 159 123 148 99 253 44 291 278 161 163
102 278 259 17 156 289 43 141 216 31 295 195 288 170 55 32 41 72 18 117 65
0 177 199 232 269 66 29 140 117 296 295 235 250 127 57 212 49 53 288 298 138 181 99 43 255
4 10 151 200 248 291 268 209 229 40 287 55 248 265 27 258 161 280 276 88 115 250 219 48 194 264
161 284 281 162 152 209 258 154 99 56 272 3 161 210 142 18 242 267 175 32 183
198 244 116 39 213 152 155 32 22 114 212 257 216 42 154 227 179 35 11 285 103 137
52 203 190 215 20 100 233 165 259 56 29 179 154 126 7 144 120 125 104 279 30 110 167 35 51 204 99 8 191 273 17 98 70 261 105 36 150 254 163 27 89 165
197 272 55 161 186 103 199 359 118 118 359 359 103 359 220 35 730 14 190 832 290 27 12 16 73 46 170 132 291 91 71 237 50 68 284 36 21 130 207 299 62 66 103 131 159
81 260 245 49 287 292 65 177 163 277 223 59 276 145 268 85 144 283 235 284 231 95
14 27 83 228 149 51 228 164 147 193 116 1 204 129 219 75 145 48 88 133 0 293 93 20
47 216 260 192 95 98 177 102 101 47 291 86 214 295 158 216 294 260 258 215 170 259 221
72 123 166 168 237 41 12 205 118 45 142 33 268 235 240 43 188 113 157 200 226
103 166 195 224 202 292 203 146 153 162 12 100 135 288 7 240 134 267 122 106 37 237 279 74
165 170 276 231 267 197 142 27 67 198 250 226 132 63 208 34 172 54 7 154 46 145
17 53 97 169 205 238 54 230 159 183 178 94 96 246 95 233 127 185 180 5 156 122 70 11 299
12 21 65 235 272 127 140 56 173 126 118 158 216 157 293 211 258 244 213 73 184 238 11 197
54 58 268 177 134 6 283 296 140 10 129 159 103 275 158 263 244 91 57 150 182 241 116
15 239 130 245 43 107 143 98 231 125 128 285 160 249 254 237 123 192 3 86 271 225
58 242 209 287 188 170 243 42 22 60 112 193 148 216 0 283 88 278 242 104 77 154
238 255 235 297 43 23 182 12 281 274 184 247 9 162 236 106 149 69 192 94 3 296
9 216 296 202 87 44 46 70 246 288 299 235 82 40 18 57 249 253 136 247 189 96
44 247 110 112 45 277 209 135 124 200 272 41 19 143 25 158 241 250 233 161 137 138 223 207 132 93 235 198 70 288 144 178 271 51 272 252 72 59 275 68 241
106 290 4 284 66 146 78 247 246 173 226 47 199 0 52 73 144 299 220 103 295
96 224 42 22 17 25 178 53 65 40 238 159 99 75 208 51 285 129 144 261 273 76
118 209 156 83 202 269 171 61 132 227 245 134 67 251 18 277 289 27 295 248 1
102 116 10 89 290 152 243 218 43 291 181 5 180 257 69 296 140 2 112 264 171
61 82 197 123 165 30 279 201 15 164 191 150 152 270 274 158 235 78 12 87 224 171 159
179 244 176 127 299 287 160 215 98 80 260 226 53 147 124 146 272 250 242 73 164 101
62 108 259 223 88 11 34 144 225 139 256 168 162 199 237 159 110 84 115 141 29 124 239
0 197 265 94 29 196 214 295 8 296 209 168 146 11 76 58 10 206 203 111 251 165 99
242 257 266 107 184 231 99 257 113 20 227 12 90 251 124 278 276 29 39 253 213 72 5
132 112 0 195 62 130 226 215 206 244 157 117 115 106 79 43 225 292 80 221 90
97 111 278 280 156 84 227 281 148 16 255 162 113 174 271 194 115 290 195 28 234 142 264 79 260 64 73 240 262 163 26 201 148 269 161 78 206 229 199 48 20 198 239 173 85 105 189 220 132 169 123 87 68 197 26 294 259 126 91 36 146 240
259 285 215 41 7 78 240 142 194 225 94 89 143 37 183 155 253 125 40 233 101 140
110 153 250 92 196 183 274 295 162 292 6 64 16 235 67 249 187 213 191 13 3 164 152
196 246 224 127 191 128 88 100 91 69 13 198 79 68 250 107 143 98 274 225 184 280
95 146 287 295 33 46 196 272 175 176 214 227 126 87 23 218 104 251 279 292 123 25 180
5 64 88 179 237 130 141 81 51 111 258 192 265 135 7 153 252 15 253 142 36 221 203
50 86 112 190 204 226 81 163 210 9 23 110 31 171 232 28 97 235 8 129 80 175 254 230 251
33 59 78 114 165 272 179 35 80 125 224 11 51 171 52 13 265 50 139 115 264 217 204 226 201 3
4 5 201 192 12 255 267 65 246 49 19 217 220 143 16 249 48 147 284 273 117 124 202
11 135 154 202 180 170 102 17 237 98 225 295 265 163 230 156 198 58 290 214 187 227 87 178
129 233 186 54 59 85 225 251 37 265 168 135 222 172 145 116 26 259 163 13 164
79 216 283 61 179 65 38 188 14 66 70 261 282 111 154 220 113 244 162 8 57 195 178
49 66 78 137 139 153 172 202 228 245 237 21 30 74 195 262 41 40 279 133 285 105 13 157 17 1 214 174 158
67 173 194 264 16 213 187 43 73 291 85 15 164 177 124 166 13 294 96 87 115 101 249 190
15 52 111 173 261 111 256 169 244 226 287 22 204 274 201 288 235 280 296 49 27 30 219 251 138
20 32 64 212 215 154 178 81 91 288 237 212 67 232 262 235 260 208 153 89 276 243 70 20
107 151 181 275 118 186 190 142 213 146 253 42 94 108 48 179 230 217 68 17 16 191 254 131
20 81 210 226 132 209 170 28 68 5 251 104 124 250 152 162 91 257 15 9 218 190 296
69 90 189 211 123 35 101 257 202 12 153 292 218 210 220 118 144 57 61 88 265 239 86 10
160 193 233 52 202 162 285 73 133 30 78 219 21 80 42 79 77 279 84 106 1 153 132
36 195 263 285 154 83 88 132 146 145 12 236 117 192 294 281 151 84 266 62 157 230 235 148
48 222 170 82 14 89 44 66 264 238 273 259 77 117 230 72 124 258 223 221 115
77 174 100 252 196 139 65 58 271 59 187 192 266 249 215 245 72 263 74 145 89 236
123 197 243 266 48 103 136 226 117 107 220 38 239 49 194 126 187 276 41 39 280 214 281 267
101 40 10 202 136 198 227 90 8 252 71 288 28 20 12 134 4 57 188 116 77
45 180 244 74 31 223 36 177 126 67 163 78 138 190 87 181 113 129 269 276 234
31 193 144 201 31 281 64 80 60 159 296 10 71 1 282 180 130 23 70 198 75
128 171 220 242 190 173 14 278 84 192 0 143 65 145 149 178 51 191 40 219 82 176 230 114
124 144 196 215 230 232 216 264 227 171 217 289 49 151 37 167 204 134 4 63 229 98 119 139 3 16
4 38 69 93 14 265 60 208 267 96 115 144 238 206 297 186 69 105 257 197 258 241 271 40
16 150 190 160 135 70 4 43 193 250 246 214 86 179 99 213 234 13 106 131 101 152
28 137 157 259 117 200 120 130 112 285 219 84 206 87 47 128 220 26 33 62 40 42 214
24 168 176 229 265 52 81 72 198 206 129 230 147 56 87 284 238 172 259 210 269 105 0 106 44
132 155 225 250 147 269 182 78 296 51 186 209 131 258 20 86 232 106 165 227 92 34 62
52 122 184 0 115 194 252 210 220 201 207 262 185 233 29 177 250 114 253 36 96 163
22 75 82 196 202 133 197 52 103 59 111 227 124 220 15 94 299 73 75 234 5 128 71 11 106
28 221 236 44 251 212 199 52 245 63 21 9 30 61 188 107 189 18 90 267 134 173
1 84 129 259 98 275 151 281 25 34 109 267 152 45 103 297 40 99 14 289 21 50 154 178
106 296 272 77 58 175 68 150 286 56 123 41 75 198 55 243 215 152 229 250 141
69 192 296 231 119 207 259 131 92 133 147 263 165 287 82 295 79 145 275 41 115 153 134
13 63 203 215 216 110 144 106 195 39 25 203 34 131 167 33 46 14 206 93 175 270 152 157 227
157 225 215 153 130 144 90 161 120 272 150 122 296 47 23 217 112 77 152 116 213 115
38 109 165 290 269 58 85 194 143 62 156 32 39 71 261 137 153 171 97 213 21 186 268 172
193 217 281 270 231 233 68 146 129 262 228 197 56 296 207 220 158 93 14 111 219 23 85
15 263 282 5 284 244 252 11 49 64 27 13 156 76 28 141 197 100 21 260 287 223
11 253 266 290 175 78 176 108 273 95 79 144 168 34 75 81 254 276 198 147 250 257 67
38 94 103 251 266 12 258 293 7 86 297 134 88 189 125 248 53 13 71 175 299 51 290 91 4
148 214 250 234 90 137 101 111 14 214 93 196 103 135 267 68 171 173 201 272 147 254
123 126 254 187 292 119 190 53 130 160 60 118 16 222 42 159 34 241 87 175 257 246 113
48 118 129 134 233 244 294 55 149 224 95 206 128 284 91 129 250 197 21 50 58 178 119 222 210
72 93 216 241 233 105 42 36 295 22 135 244 294 124 25 160 251 94 125 72 221 188
294 243 233 126 176 230 262 289 185 50 153 39 98 228 141 136 69 110 62 137 83
170 282 240 55 104 113 102 226 227 205 260 232 127 26 18 122 105 242 79 224 8 96
49 89 110 158 267 136 63 91 271 295 100 128 55 18 194 99 78 279 258 65 293 35 153 221
3 33 186 210 177 36 166 248 74 66 33 11 286 127 16 40 245 202 38 21 208 123 277
66 263 182 227 131 217 135 45 247 36 233 103 99 239 265 72 263 241 113 93 277 245
67 68 78 97 116 143 172 218 37 284 92 189 228 185 57 95 251 210 206 3 84 101 187 276 181
60 71 214 151 4 283 246 192 19 72 120 220 149 210 139 85 211 298 133 194 239 56 90
36 256 248 23 164 21 286 29 214 296 133 235 283 251 260 32 105 291 50 5 220 219
25 158 242 254 226 242 270 128 235 145 79 250 152 84 27 187 280 208 131 22 291 217 80
118 146 297 250 184 18 256 71 230 166 263 297 4 49 90 209 271 244 6 11 205 254 215
109 269 297 168 226 52 79 73 123 112 193 196 271 208 57 238 92 268 6 96 175 100 143
0 39 101 125 231 4 284 261 220 97 252 179 170 38 169 200 102 247 160 140 51 50 88 201 221
146 180 235 237 264 242 191 280 256 239 72 278 106 93 277 230 161 131 71 170 97 207 216 40
31 126 161 193 242 265 233 114 233 73 156 114 195 114 36 232 195 160 35 730 256 190 832 290 27 12 252 165 27 70 123 48 204 88 120 140 229 172 39 10 108 153 32 109 53 111
114 214 257 224 240 298 164 167 38 76 99 4 136 284 17 130 204 212 156 273 238 146 126
110 158 218 263 22 284 257 2 234 153 214 55 206 230 277 199 68 182 120 141 1 147 208 128
169 220 289 34 1 162 235 33 192 84 161 53 194 186 24 209 133 89 139 55 27 19 203
111 184 215 259 44 89 22 204 8 82 199 284 29 12 16 81 142 109 129 58 52 2 153
40 263 297 182 269 230 48 162 87 49 161 238 241 118 293 63 239 95 24 201 55 174 33
75 233 180 274 260 273 249 27 254 104 39 12 233 212 117 243 229 248 202 148 252 286
4 181 209 215 36 8 210 107 106 176 293 96 98 2 104 209 34 246 87 172 18 162 197
1 13 96 230 286 37 222 255 281 162 162 365 232 162 208 967 35 730 256 190 885 290 27 12 16 73 211 29 216 36 220 125 274 270 195 45 252 164 161 38 48 107 33 241 192 131 25 96 53
13 89 99 139 169 178 281 116 48 74 78 211 284 95 215 204 124 60 238 1 62 57 136 46 108
68 238 112 80 65 93 235 227 195 185 279 274 175 160 119 283 220 213 164 172 269
198 207 195 250 225 8 264 245 38 59 1 286 282 220 102 216 24 77 5 292 133 209
67 104 145 244 203 2 25 274 43 10 190 146 51 140 118 261 116 100 229 163 7 21 142 144
30 48 118 169 184 204 227 102 266 88 197 237 36 278 196 67 109 229 228 270 198 139 221 32 238 140 148
26 59 245 265 66 6 209 212 267 193 10 128 101 7 108 0 107 143 208 20 50 117 25 226
90 112 158 252 153 150 106 169 237 245 134 199 86 120 221 105 133 179 247 61 7 18 226
22 33 41 82 127 218 234 295 14 5 65 154 69 243 124 42 172 255 279 169 68 92 146 212 184 187 195 225
163 294 291 205 46 263 70 167 138 171 232 119 92 296 256 122 50 69 100 104 108
1 112 227 261 262 180 59 159 80 214 28 239 72 275 21 119 216 173 253 3 14 157 104 165 141
58 59 95 145 244 277 28 67 160 252 299 262 56 95 3 98 232 270 273 22 276 155 173 138 220
89 148 162 250 277 122 285 218 41 14 195 95 96 164 50 118 180 262 39 155 183 101 298 176 4
108 197 225 33 259 211 236 56 281 190 208 89 257 40 175 238 164 285 195 51 3 161 200
154 263 144 271 79 141 249 26 174 125 225 67 89 247 290 50 113 150 188 97 105
29 77 158 280 262 19 201 90 53 56 93 107 149 214 33 4 286 190 189 114 174 215 186
81 111 275 14 279 134 109 166 127 282 76 186 163 31 168 192 119 5 215 201 278
118 284 118 252 87 178 283 132 154 132 178 25 87 103 161 221 35 730 256 190 885 290 27 12 27 180 95 127 74 190 51 15 61 93 296 184 246 220 146 270 199 227 104 6
295 79 226 261 96 179 130 271 216 284 58 152 159 94 211 228 24 135 236 92 40
31 75 249 62 258 184 50 199 249 192 286 130 59 241 298 44 22 167 57 75 277 267 98
96 108 22 73 104 121 268 97 180 185 232 83 116 163 1 93 254 246 29 20 58 118
42 78 143 248 154 8 132 25 349 25 154 349 221 25 25 35 730 256 190 885 290 27 12 16 238 172 291 250 219 255 114 213 103 83 292 245 99 259 232 65 115 147 247 268
142 243 38 155 116 170 180 207 57 245 4 0 61 25 267 128 98 5 249 279 8 174
23 143 167 175 222 229 63 232 209 30 291 207 60 256 224 105 222 10 50 162 239 237 295 53 104 152
19 230 265 199 82 273 56 154 291 30 125 8 74 249 55 155 171 262 128 133 285 61 239
54 72 123 174 176 92 103 71 8 34 240 266 249 69 35 296 59 146 260 52 16 13 5
32 189 235 241 273 152 170 50 149 28 177 185 202 83 255 241 102 79 8 286 12 148 31 47 95
105 110 53 34 96 26 23 93 247 286 205 211 297 277 299 105 216 49 237 38 64 117
84 168 184 271 49 193 200 50 134 288 210 166 114 255 238 165 56 54 161 256 205 137 277 257
78 95 152 204 227 233 14 120 279 107 291 84 227 142 91 234 43 298 293 38 251 40 56 243 134 77
48 129 142 233 427 21 25 26 229 269 550 4 27 141 145 246 252 330 429 628 282 879 369 736 161 759 82 253 816 224 356 814 846 159 181 114 789
169 382 893 145 634 683 524 961 479 859 44 652 975 264 101 236 114 919 902 841 557
35 50 124 217 218 330 161 114 204 54 3 193 548 548 548 159 224 429 944 104 224 104 789 62 944 50 233 50 902 236 975 369 114 628 224 556 628 736 282 77 919 556 628 556 429 79 164 250 54 122 196 237 260 90 98 198 41 66 223 287 149 126 131 77 299
755 7 34 84 235 289 57 133 141 19 67 207 180 228 97 14 20 95 195 143 128 281 89 1 277 297
696 46 124 203 211 34 17 134 77 102 214 66 293 110 262 156 94 249 29 224 106 138 30 213 142
653 26 129 165 262 58 66 125 158 984 555 2 66 209 555 191 191 66 191 695 695 266 16 127 555 310 549 191 223 176 24 97 255 19 214 133 144 299 261 258 210 48 51 276 180 222 130 95 70
653 46 202 220 235 214 192 229 239 36 94 282 278 66 20 78 138 281 32 198 241 39 279
493 83 90 135 182 281 152 201 203 267 149 170 293 205 18 4 137 299 22 42 67 187 136 189 280 263
239 288 493 152 172 221 285 78 159 54 227 7 190 117 172 190 172 108 108 419 549 946 80 36 242 197 158 232 219 256 276 31 115 62 273 87 245 124 14 289 263 142 132 48 43 99 138
27 50 81 107 79 167 210 96 74 242 161 8 196 236 109 209 45 216 203 251 126 172 41
15 77 82 276 26 115 45 146 236 37 210 118 63 84 144 217 283 151 165 108 149 184
67 102 224 248 211 209 160 98 144 146 60 287 171 8 192 61 70 219 284 123 112 275 102 202
136 188 29 281 187 116 142 147 201 112 94 200 78 86 122 246 296 231 127 243 107 88
493 21 287 204 282 295 235 248 131 152 276 4 209 11 197 23 289 63 19 253 234 86 29
48 207 238 110 197 137 42 119 84 66 21 125 103 291 106 227 143 53 218 275 268 77
714 135 237 100 29 207 171 27 258 264 275 248 62 208 273 92 231 153 15 197 164 79 198
714 128 179 227 222 1 137 291 44 149 125 150 258 136 12 109 23 239 78 200 168 226 252 9
48 53 263 295 114 296 263 135 215 124 234 230 24 18 103 101 129 161 294 54 179 125 123
493 154 245 205 79 218 63 200 235 106 156 257 299 244 269 138 57 0 101 211 43 173
85 104 82 18 272 69 35 169 206 42 262 297 168 187 145 16 115 49 127 112 3 255
110 117 91 192 61 286 168 242 258 65 281 259 105 188 212 279 232 208 11 129 110
66 91 209 233 240 242 19 25 51 80 83 208 115 115 248 160 152 115 198 85 79 174 124 110 173 858 41 198 278 46 169 485 81 257 294 64 42 147 5 9 208 228 107 239 255 68 264 252 55 287 214 113
59 98 181 206 282 259 85 99 11 167 35 108 50 223 72 230 93 239 13 181 133 131 160 176 221
714 193 216 260 72 18 77 107 20 140 245 263 83 127 230 125 62 50 189 237 270 171 283
789 85 213 230 106 58 89 50 118 10 200 179 45 95 97 218 202 101 144 39 134 238 92
64 138 169 185 261 64 241 295 129 10 218 540 130 136 10 205 203 196 570 174 120 608 41 540 124 110 79 29 243 250 70 11 228 36 282 214 57 21 123 72 262 196 230 83 168 270 284
34 35 89 135 152 274 294 205 216 297 70 286 239 111 196 59 280 261 209 154 173 252 77 125 142 7 181
4 135 142 206 259 168 220 175 138 297 175 175 280 203 57 285 29 284 225 123 549 310 253 977 555 22 62 223 185 183 162 195 2 20 248 171 41 230 149 27 71 110 207 211 265 202 197
245 290 8 161 165 239 210 233 291 241 123 199 200 51 274 192 63 195 121 64 68 103
9 109 114 200 259 292 198 147 27 236 225 204 126 64 2 210 194 256 272 131 97 47 170
493 10 77 210 291 323 90 98 23 38 115 7 21 299 259 165 215 289 187 104 15 28 155 61 68 59
41 126 133 242 244 246 165 227 117 58 113 116 220 240 15 237 80 12 0 197 75 205 144 24 128 121
114 160 86 128 249 247 161 87 37 127 249 76 87 123 310 26 62 166 284 548 231 549 32 222 199 291 229 134 279 283 296 262 25 136 145 255 51 264 211 198 143 70 33 142
2 69 186 39 49 11 157 121 12 256 144 207 277 1 27 273 128 116 283 285 127
225 202 152 235 19 30 119 46 106 146 248 172 76 231 41 67 260 118 14 1 293
46 110 277 282 192 206 222 23 265 112 76 21 281 173 106 162 145 270 259 296 178 276 215 25
227 170 77 214 41 215 71 280 194 189 212 151 295 76 296 26 266 24 272 25 87
64 108 109 152 247 228 194 137 162 96 99 246 133 174 59 77 11 198 115 111 250 122 62 103 233
29 178 214 13 38 240 62 175 59 184 66 295 239 43 4 180 76 258 0 277 179
105 107 194 201 224 283 88 204 125 14 259 26 248 83 81 252 152 97 228 281 113 205 15 99
27 102 176 188 261 57 265 212 142 126 123 234 53 106 264 266 180 257 163 258 113 239 242 140
79 141 223 60 159 43 108 12 253 148 299 255 282 186 133 274 122 118 264 265 77 33 146
714 114 153 236 293 55 69 203 77 189 54 213 48 187 1 244 283 224 90 184 205 11 40 120 260
463 170 183 247 268 36 138 127 176 154 8 142 275 49 35 207 259 281 174 28 222 164 198 172 108
8 84 92 128 89 15 96 236 253 257 38 245 298 223 201 95 197 105 72 247 129 278 165 280
185 196 206 171 284 60 23 292 110 72 295 20 49 240 288 148 275 244 128 103 227 197 204
107 159 281 278 282 144 258 261 226 227 58 245 246 2 45 194 47 22 202 251 98 273 132
75 116 163 40 71 237 237 115 71 29 42 493 71 42 274 66 540 485 110 120 46 540 169 26 167 136 63 164 49 217 118 38 58 116 205 137 214 243 246 64 226 169 188 178
29 35 46 57 62 160 161 128 208 159 283 42 55 164 26 4 158 226 152 131 163 293 64 231 223 40 209
295 61 48 74 236 259 148 107 128 238 49 189 152 199 59 228 184 168 296 10 64
212 235 118 151 53 142 128 131 64 73 243 250 29 225 204 70 201 26 37 295 150 266
28 75 714 44 144 208 236 272 272 130 226 272 126 990 505 70 278 697 118 967 899 752 29 253 813 61 206 150 249 297 56 225 26 30 174 2 298 207 105 125 222 111 17 73 176 223
28 82 159 202 264 263 125 220 132 182 102 13 27 160 189 206 223 53 8 97 190 78 192 290 282
92 144 154 213 220 169 349 85 136 200 200 75 200 775 169 253 88 403 210 86 111 259 137 134 6
781 2 128 131 251 55 87 134 161 107 41 210 200 279 54 270 238 247 228 192 263 26 64 171 42
5 65 83 206 268 65 120 65 151 231 120 290 232 191 43 287 164 231 42 52 88 261 224 194
64 264 274 280 98 98 120 151 72 114 246 42 70 30 241 287 290 88 140 194 191 224 76 164 205 202 61 121 136 124 189 72 108 22 265 166 274 207 287 92 251 258 97 125
253 267 279 293 134 14 226 288 62 6 194 169 43 119 198 191 35 178 65 160 67 55 12 181
114 193 249 273 98 42 203 99 272 11 63 57 234 221 230 136 4 223 33 123 144 94 100
463 57 109 230 22 84 224 266 62 98 198 166 78 210 66 278 173 259 290 102 216 207
13 45 59 124 240 271 268 118 118 240 195 229 195 268 60 123 120 349 92 111 164 45 137 403
147 237 16 73 254 261 298 154 162 223 145 123 115 223 549 201 103 166 253 222 225 214 200 32 310 22 284 250 179 114 57 222 44 151 116 196 15 223 202 154 33 153 158 7 85 259 255
157 23 28 92 119 145 287 291 293 134 148 297 19 119 76 20 19 134 46 267 375 26 260 239 162 505 61 150 379 77 262 83 64 241 292 295 219 147 229 25 152 169 125 20 13 36 225 170 96
26 52 97 249 294 192 123 195 266 210 87 234 199 86 91 40 259 290 164 218 62 104 228 64 128
45 101 197 219 54 1 51 86 285 74 14 204 189 210 235 269 162 180 215 270 220 177 165 248
653 714 189 234 243 283 275 228 142 225 281 168 46 277 77 85 16 192 113 195 170 88 299 164 258 288
2 3 45 154 186 249 21 52 236 58 21 175 77 289 31 212 289 232 222 225 22 29 285 310 32 253 166 200 62 56 5 91 219 106 250 125 117 59 126 24 233 172 49 75 128 197 83 176 245
714 18 165 173 84 219 268 69 212 236 143 190 138 8 16 296 171 243 115 183 282 112 79 264
62 132 212 40 42 47 101 142 145 170 274 145 70 203 171 145 171 117 415 21 43 284 1 54 207 262 246 695 27 666 145 246 48 51 83 9 272 153 283 138 56 6 162 232 64 61 242 284 271 296 286
8 105 113 37 48 176 117 199 160 160 222 199 117 1 54 21 415 246 666 262 528 189 262 695 349 43 135 291 297 156 138 102 62 98 89 147 13 280 201 190 46 209 152 214 233 109
92 175 180 58 279 244 292 50 266 11 274 248 265 109 250 103 122 83 160 119 5 85 46
825 162 185 291 7 276 165 36 159 97 13 272 47 203 14 125 139 251 35 190 261 220 65
10 86 70 193 238 239 100 140 277 39 8 171 243 207 213 2 175 68 164 241 181
34 193 653 0 84 202 209 253 146 125 246 52 146 636 295 52 246 220 78 653 192 178 3 162 277 179 124 135 118 86 104 133 176 248 100 280 278 71 158 94 263 89 31 207 5 217 47 80
785 75 140 227 21 48 166 177 196 89 185 156 169 216 245 225 114 131 233 70 38 125 65
283 236 30 240 21 176 155 151 178 20 225 183 170 89 100 202 52 93 97 157 153
63 110 233 237 249 257 231 63 282 122 129 32 281 101 97 201 116 48 150 153 11 170 7 9 193
10 19 90 120 223 292 25 31 290 85 294 5 13 175 211 254 188 251 82 75 110 207 169 129
653 23 54 114 163 228 288 87 208 203 200 85 141 166 23 144 214 170 106 216 27 286 110 18 56 105 297
221 231 130 270 130 61 259 162 126 130 259 957 210 79 23 236 92 45 983 60 403 6
91 113 272 150 138 195 145 49 40 219 105 180 214 160 273 211 144 230 8 6 11 128 238
33 187 216 270 26 111 171 278 155 203 204 27 16 299 143 225 9 105 98 241 153 140 128 49
781 14 27 67 72 130 295 11 158 220 75 118 134 247 261 27 73 126 299 170 229 107 178 51 195 252 291
191 192 236 292 26 81 56 54 109 259 39 73 9 79 269 89 87 36 22 170 69 156 126 250
176 267 272 164 68 296 186 11 44 75 275 48 57 94 287 262 64 47 219 173 263 71 62
463 104 172 194 233 111 132 262 29 257 257 243 29 678 231 179 187 232 241 261 164 191 775 287 52 194 88 42
26 29 257 45 35 243 179 257 76 88 224 194 775 290 191 287 42 232 164 52 70 65 258 288 133 169 256 250 144 268 16 108 284 254 225 233 163 150 249 253 166
59 88 145 278 212 199 298 142 276 0 152 35 274 34 229 108 254 215 36 50 124 202 291 119
781 21 72 93 103 266 145 67 114 187 77 67 122 128 46 178 32 32 999 201 852 199 73 85 280 8 258
6 24 115 225 35 5 35 820 181 125 95 274 182 274 232 290 231 775 70 140 194 241 30 52 195 75 155 229 153 174 164 146 239 253 108 151 101 42 32 221 145 79 278 88
519 25 205 214 30 282 277 228 110 147 79 55 185 230 34 222 96 124 102 112 151 238 286 145
843 12 98 185 285 259 39 258 7 143 285 257 68 289 14 188 46 85 4 295 20 158 129 254 183
458 463 9 14 42 47 295 48 264 247 226 158 138 26 86 53 269 257 2 121 241 198 168 216 209 218 111
79 183 86 147 155 242 273 263 254 254 263 93 254 254 170 260 166 375 162 267 26 33 104 168 35 61 228 86 56 3 141 47 87 189 29 118 60 145 232 143 28 51 95 295 228 117 2
89 232 1 8 19 123 128 323 11 71 289 349 32 97 231 169 71 235 132 589 298 226 65 119 102 7 123 17 70 37 253 20 167 279 232 135 122 282 33 115 197 283 93 288 54 121 39 265
999 17 195 25 42 95 114 206 59 461 109 461 293 871 22 293 22 920 26 253 225 166 549 32 123 22 222 284 194 22 228 161 136 217 47 98 219 25 111 138 19 106 283 3 48 295 235 134
2 65 157 248 114 28 280 230 288 235 258 53 177 101 37 269 259 134 211 8 80 176 210 159 263 120 217 140 27 155 144 117 258 150 80 194 72 70 225 169 102 76 223 139
436 781 84 276 3 25 66 83 94 222 282 67 233 160 160 153 219 160 205 144 244 398 151 193 291 271 79 291 180 68 131 252 127 183 185 0 157 110 144 190 156 213 285 240 178 76 159 283 133 88 223
781 78 85 204 273 58 215 142 244 37 130 196 202 182 82 118 131 267 16 148 253 45 257 86
463 173 234 103 216 541 920 920 294 285 920 151 871 541 285 123 956 214 22 225 166 201 103 62 29 254 45 197 121 19 98 211 125 216 5 258 242 140 46 296 178 201 143 74 60
26 28 64 190 266 127 133 201 266 180 465 8 465 241 9 465 241 169 180 8 293 8 203 279 139 131 215 11
653 39 56 87 112 172 251 141 271 54 285 254 285 285 104 254 4 4 101 134 980 44 292 164 148 70 174 296 104 60 156 210 92 71 286 221 99 125 80 240 56 252 285 52 193 87 268
159 285 299 134 40 68 238 282 136 298 262 266 80 85 246 124 36 142 96 39 123 269 7
58 210 239 255 159 22 67 154 41 11 149 230 37 191 200 92 35 156 114 115 203
23 127 188 261 195 192 64 19 202 288 178 193 95 296 295 213 108 36 226 168 155 50 173 131
16 47 145 210 238 272 175 159 214 185 68 157 296 67 118 179 193 119 73 200 109 4 160 252 224
148 195 260 281 219 295 278 296 243 71 111 43 218 200 291 135 261 177 59 149 60 34 32 42
28 189 250 244 168 223 1 271 66 106 131 23 252 191 166 116 190 291 165 246 9 111 59
72 148 156 221 9 175 35 293 159 211 203 89 291 65 267 280 136 220 248 160 17
8 653 81 116 169 216 225 29 78 156 493 29 193 74 237 74 222 253 123 62 284 285 29 549 57 32 956 60 82 120 94 298 10 240 36 207 221 69 237 56 11 106 109 84 299 259 125
456 41 250 27 177 180 264 8 289 8 262 142 8 264 1 130 289 194 191 232 42 775 140 76 52 42 100 194 79 291 132 90 255 208 83 297 286 221 163 21 181 123 38 205 111 169
76 157 628 97 156 874 78 156 78 491 628 285 201 62 214 222 29 26 200 956 284 833 16 88 202 18 11 224 65 87 259 69 220 213 197 255 262 168 130 243 231 180
873 253 8 47 64 65 78 833 78 874 833 833 833 833 491 156 68 68 214 62 833 284 57 549 310 166 0 232 124 191 1 192 167 41 28 289 245 9 295 54 228 210 89 212 64 279
463 68 126 190 200 231 298 247 187 161 43 67 257 202 255 184 203 56 227 77 296 12 52 183 50 103 167
103 121 127 254 653 21 148 212 223 244 167 612 612 612 8 8 115 8 612 548 115 164 224 261 43 76 290 52 88 42 131 194 76 206 7 11 84 145 127 42 265 266 107 16 228 282 193 96 146 75
114 183 236 781 827 1 170 203 868 290 521 529 32 521 521 278 154 29 189 842 118 899 990 402 278 110 603 200 199 164 258 252 139 219 59 77 116 198 124 221 110 157 173 156 73 158 267
46 253 24 3 32 292 227 42 36 252 65 57 95 25 290 289 242 66 255 237 117 120
152 179 195 202 287 269 177 97 54 60 39 21 191 254 65 4 83 120 31 296 117 19 102
827 120 161 258 827 6 85 142 233 162 548 32 32 203 290 529 799 62 32 162 697 154 29 278 118 899 842 603 189
276 20 173 20 9 254 97 286 2 3 3 245 18 544 469 250 192 720 296 159 166 7 100 277 260 196 193 117 147 293 119 225 156 216 73 272 60 24 282 140 189
27 32 111 131 194 463 25 70 79 297 159 96 842 59 207 842 53 112 166 96 842 201 270 249 772 166 179 216 227 722
112 118 139 194 898 220 102 267 220 175 187 214 150 562 179 21 337 14 95 814 76 71 88 222 267 267 539 617 539 293 267 282 230 60 134 210 236 79 23 957 403 983 259 137
653 16 78 112 12 67 247 285 147 248 235 71 168 9 26 150 223 199 295 258 165 141 123 50
166 246 781 12 87 97 227 403 139 183 153 39 153 167 183 240 91 801 298 161 192 7 34 661 279 578 12
33 152 295 137 257 62 412 62 203 844 257 137 62 990 752 61 603 247 253 505 154 278 143 24 184 253 295 277 44 249 280 18 194 299 37 229 260 196 177 214 48 28 41
493 9 175 92 182 67 48 10 250 95 91 187 59 184 49 127 296 118 257 87 270 80 62
144 163 287 206 264 15 239 19 243 68 156 141 266 268 279 171 42 294 134 173 37 46 9
456 16 95 213 240 250 7 121 193 101 917 23 734 655 772 227 734 655 661 233 801 121 161 240 298 192 844 279 578 83 152 295 187 188 261 123 144 242 43 263 147 21 163 159 92 156 93 95 103
26 41 59 298 18 181 524 921 285 172 506 524 524 153 848 827 338 172 213 247 121 875 213 994 465 238
957 23 90 163 176 187 194 223 155 290 75 753 242 290 51 75 242 29 189 278 143 70 505 990 752 278 842 118 177 86 292 131 480 865 292 983 134 111 60 23 766 403 79 92 164 210 120 45
9 130 209 221 265 207 201 35 293 288 132 188 198 63 37 127 90 228 256 15 103 29 283 116
100 124 256 1 77 284 594 594 83 259 594 266 266 97 266 63 425 128 693 220 238 215 53 196 156 235
960 6 23 108 118 114 13 114 727 114 193 885 132 182 13 243 276 231 199 54 70 132 0 197 544
24 223 132 19 182 193 53 13 204 13 132 132 276 544 214 197 64 0 544 199 603 13
17 238 192 192 231 103 103 231 752 239 635 189 349 27 21 207 88 54 666 246 528 145 281 40 280 11 215 70 68 49 142 101 5 195 286 191 89 200 270 185 236 96 126 90 46 240 242 119 130 127 170 138 94 150 31 211 185 159 69 49 129 7
149 228 285 36 164 2 22 196 291 231 133 90 177 242 266 69 55 192 277 252 119 162
789 76 137 966 9 159 169 221 181 525 76 525 151 271 741 323 54 147 78 285 148 865 235 47 830 412 830 109 43 72 183 203 49 141 181 207 41 285 199 216 175 237 86 68 102 258 205 77
714 19 39 96 105 265 289 115 222 219 219 566 269 197 256 184 219 269 8 849 7 173 117 570 260 120 842 540 174 275 102 1 251 138 48 135 295 4 229 44 50 128 41 23 171 101 109 34 297
81 182 233 454 603 790 299 58 149 873 162 349 149 149 503 149 642 349 58 64 195 251 912 38 566 511 173
603 141 264 191 197 29 192 204 144 197 193 52 68 293 571 175 52 182 262 136 13 260 194
50 83 231 157 819 236 96 185 236 157 819 566 75 133 166 170 464 174 200 39 151 420 233 7 77 225 203 143 177 29 41 86 105 279 260 123 18 178 150 227 66 113 102
87 112 142 166 139 106 111 130 161 116 21 114 6 209 83 273 65 98 213 92 59 190
374 6 25 129 258 10 29 92 283 186 275 281 211 149 89 281 275 264 676 615 85 286 808 188 10 286 92 280 155 53 296 263 8 248 155 253 94 21 280 147 81 295 232 206 41 96 102 145 100
781 966 42 71 105 222 225 374 984 271 998 589 808 450 808 352 687 998 275 891 589 450 29 278 505 118 253 189 603 247
87 104 141 249 287 278 278 165 427 427 185 523 476 238 177 156 53 128 63 215 972 220 235 323 213 38 167 27 226 197 275 15 285 223 1 240 126 112 180 79 175 3 220 271
23 123 234 82 149 17 74 293 32 249 148 260 44 57 247 77 132 200 93 20 299 10
984 28 112 138 163 271 285 653 686 897 73 150 234 472 683 337 337 35 272 683 16 683 35 472 134 104 228 375 61 741 166 162 379 273 191 267 77 47 166 92 288 200 171 159 250 298 209 151 45 182 24 282 180
44 82 12 10 256 43 81 71 6 153 268 291 214 202 18 203 123 89 168 271 126 25
653 931 175 291 178 104 242 60 228 149 154 20 292 251 22 271 245 267 37 109 224 172 26 56
131 235 140 282 49 285 98 112 15 106 148 74 298 18 289 69 233 56 224 117 261
26 285 246 381 51 51 168 235 38 213 213 496 191 224 287 88 232 42 164 231 261 140 43
40 69 154 296 874 546 17 546 874 146 546 64 58 17 160 157 695 68 814 226 822 737 153 799
