180 183 487 97 107 112 281 293 2 195 199 988 620 709 889 293 153 660 218 495 906 514 713 344 814 262 679 436 978 883 326 520 344 520 326 594 276 536 86 520 594 276 344 420 305 520 86 812 106
782 54 68 104 171 193 223 250 281 282 160 283 289 508 151 989 147 996 1 6 1 6 679 1 679 268 167 381 508 182 245 206 265 246 159 29 162 34 84 189 75 88 99 146 8 242 268 14 16 93 175 212 124
3 12 138 292 281 227 155 22 12 41 243 268 70 9 150 145 1 272 175 139 174 92 178 30
64 138 299 58 101 80 270 2 179 123 218 202 20 120 146 157 217 257 295 36 79 281 190
31 58 158 100 273 133 166 159 147 240 52 77 237 210 144 252 208 53 270 122 247 115 175
80 223 198 55 85 18 2 46 285 72 207 252 104 0 101 226 64 190 176 186 297 7
253 297 78 241 168 258 216 103 100 280 187 140 70 131 176 248 225 138 275 185 87 31
19 202 244 284 125 228 163 3 18 198 113 92 89 254 146 173 0 142 240 159 177 111 252 101
14 81 84 141 213 258 169 219 210 21 102 246 57 296 43 263 60 249 224 14 137 231 182 154 213 135
21 5 89 100 24 56 1 12 237 51 209 28 262 239 268 125 6 79 33 168 249
9 33 149 18 184 12 113 127 59 298 262 149 55 265 182 290 100 77 74 162 220 223 295
71 245 77 174 28 256 153 298 283 246 128 69 126 167 240 235 111 227 73 177 107
65 223 279 290 78 121 48 127 204 179 252 1 38 270 76 199 286 141 209 236 45 243 276
206 210 237 147 292 43 38 57 284 140 252 31 91 138 279 282 36 214 232 148 24 171 192
17 55 178 201 204 280 293 73 145 259 6 279 291 179 204 125 93 86 227 160 117 91 198 136 35 130 181
4 269 283 50 129 183 282 59 122 101 223 141 0 86 109 243 181 3 52 107 157 156
80 227 230 59 118 21 154 243 146 271 223 53 5 248 102 2 176 172 198 207 173 142
121 176 275 195 125 63 64 296 73 207 197 220 128 134 133 221 36 97 91 213 200 285 103
12 24 83 126 200 205 292 94 19 241 218 0 154 2 126 107 66 12 120 122 178 285 41 207 194 81 141
199 238 253 30 125 89 254 237 294 48 137 87 190 271 21 234 215 148 187 154 192
5 74 110 189 70 64 79 168 33 126 204 237 192 144 225 57 12 54 219 172 29 236 47 176 75 94 111 52 18 175 124 233 112 120 121 285 115 185 206 59 44 74 144 114
0 87 115 160 701 107 130 259 221 159 248 209 218 151 18 55 208 222 73 256 68 44 258 75 191
130 167 278 160 91 193 111 241 76 295 134 37 237 81 224 7 288 8 65 86 147 226 153
