39 266 291 332 206 26 207 98 20 53 284 289 37 16 78 272 254 287 88 7 60 136 117 248
137 61 107 146 237 532 245 433 943 60 29 277 213 911 325 836 783 818 145 53 153 649 561 450 311 175 175 120 203 44 44 88 88 759 44 203 286 414 20 355 555 20 291 120 65
3 34 65 109 269 277 81 120 169 828 81 3 20 68 893 162 195 120 857 286 291 858 373 67 20 152
1 87 106 203 217 837 250 68 100 290 278 290 217 217 164 86 290 164 434 68 973 421 329 474 812
153 160 245 259 51 102 225 100 88 8 167 172 146 208 7 103 77 137 283 63 193 6 220
78 125 423 265 119 415 119 119 340 262 43 291 293 730 55 65 415 441 330 265 195 858 993
730 85 137 194 62 86 256 217 189 298 48 201 117 261 94 4 42 250 277 67 80 288 214 34
52 69 154 218 232 961 92 291 103 48 273 296 296 164 202 294 34 104 77 232 4 493 227 176
4 69 111 157 175 243 296 387 423 68 99 235 193 251 145 215 63 251 12 251 844 109 101 299 282 101 213 121 93 488 226 569 299 17 84 226 208 288 141 182 266 92 240 262 35 186 181 293 297 161 77 290
165 291 452 106 63 161 34 288 261 261 59 34 63 47 233 147 207 47 184 543 583 831 219
50 137 272 122 21 281 226 113 283 146 173 148 46 60 73 279 288 266 177 36 88 210 254
125 199 222 103 129 74 15 206 183 119 207 204 80 118 275 964 204 183 231 118 252 726 197
84 234 232 64 77 282 141 64 141 264 64 128 213 299 288 93 147 91 223 101 121 101 36 223 97 32 209 66 21 206 213 113 104 184 276 53 143 78 17 108 237 186
108 141 219 204 121 177 122 247 256 130 282 142 158 257 224 109 246 163 133 173 97 290 67
56 61 167 192 250 103 173 274 204 104 107 101 109 281 251 65 63 110 96 292 52
11 189 158 236 191 261 115 134 209 264 74 142 164 211 132 297 156 249 78 20 1 150
119 155 276 278 228 89 185 124 271 11 37 33 194 275 43 102 116 144 216 257 282 211 47 213
156 259 290 387 200 137 74 71 163 148 254 90 70 12 293 295 251 250 4 112 219 45 85 114
156 37 127 37 116 88 101 47 199 104 26 123 399 232 128 19 190 77 493 375 78
113 178 258 255 22 161 189 270 272 293 232 137 261 39 252 247 176 101 129 61 100 249 229
96 217 224 253 87 84 294 274 187 218 249 271 220 101 234 114 166 144 106 225 77 219 289 107
145 259 297 198 60 35 200 218 84 203 9 58 32 89 212 171 24 215 61 86 267 278 152
187 112 28 266 133 78 268 150 88 283 106 128 286 62 208 247 217 73 200 100 139
