42 114 212 650 110 114 184 251 282 388 950 78 820 55 679 194 845 589 24 136 978 416 871 833 844 968 848 358 912
48 123 275 527 388 950 78 820 55 679 194 845 589 24 136 978 416 871 833 844 968 848 358 912
101 207 233 232 254 429 936 72 936 99 99 758 72 936 746 114 473 758 875 746 229 336 185
197 93 247 230 76 252 66 50 123 143 22 82 214 255 139 67 182 11 8 168 13
7 111 152 195 223 232 777 18 242 777 94 94 201 201 286 777 48 99 11 61 238 126 395 294 14 183 522 526 421 250 126 472 205 81 251 494 559 126 252 494 282 69 97 821 205 9
950 58 120 20 6 127 124 143 176 291 172 129 42 51 288 18 76 111 236 286 231 196 57
113 126 248 635 65 195 287 159 187 141 70 289 9 13 258 220 246 256 104 210 224 163 179 255
943 35 69 211 167 269 274 112 52 70 94 226 151 18 175 77 219 71 61 156 190 128 253 158 186 243 145 42 299 145 298 279 821 287 69 225 164 9 883 255 150 181 928
24 49 60 170 172 284 237 139 290 181 87 13 146 141 150 18 40 21 82 227 295 99 76 277 45 78
258 163 54 56 202 4 107 42 5 284 93 78 205 34 247 162 174 220 268 181 136
252 287 237 83 192 63 153 84 87 240 85 10 299 134 209 294 64 202 3 11 298 217 240 292 179 0 100 292 244 240 291 768 157 266 668 129 254 702 191 131 194 40
1 12 26 73 156 295 248 64 33 133 169 112 191 117 29 267 77 210 228 184 16 12 89 111 137 284
22 158 60 252 25 134 277 34 222 43 120 272 19 13 236 194 282 144 279 200 286 65
157 201 191 240 278 20 196 133 155 56 130 231 272 35 83 182 124 183 291 175 230
37 59 75 241 245 24 184 134 111 28 239 93 186 6 19 135 97 146 217 69 220 173 221 116 86
166 263 73 116 185 115 279 25 124 12 132 242 251 67 180 147 192 110 232 248 268 87
99 245 5 279 100 279 153 5 74 100 226 226 232 715 103 149 694 191 605 938 224 894
251 150 101 201 108 224 195 20 115 8 76 6 105 80 235 95 227 280 234 99 166
11 201 247 187 204 119 202 244 51 260 122 39 230 191 224 22 131 33 200 132 285 123 216
115 129 258 87 29 177 231 29 29 64 105 178 221 877 258 114 114 62 21 179 956 818 129 17 9 194 217 25 65 87 48 223 58 158 236 80 37 15 180 18 106 211 35
18 222 224 195 17 141 93 239 120 169 97 257 193 3 187 35 76 246 281 219 0 70 10
114 132 161 623 163 172 253 457 867 357 868 393 935 415 706 942 91 898 458 245 673 360 781 953 24 565 241 859
62 191 487 6 155 637 404 582 163 291 49 155 251 158 251 155 582 49 251 262 723 124
129 217 640 154 579 955 86 782 870 244 803 870 263 572 171 86 942 263 69 870 69 503 263
903 16 183 204 227 237 258 52 129 267 79 284 251 33 223 9 100 239 221 266 152 104 202 178 63 173
10 192 376 159 793 255 117 159 120 218 51 131 234 186 51 234 73 209 260 55 1 78
245 269 116 202 26 147 75 155 42 21 47 124 260 171 14 65 38 41 128 168 132
111 191 278 142 74 230 142 65 85 85 231 295 566 202 259 259 887 752 228 240 142 152 162
28 240 30 170 53 189 174 638 174 195 174 53 181 638 45 193 69 107 220 184 189 111 661 21 155 208 138 200 188 203 85 173 166 246 65 267 294 194 181 292 130 289 90
1 109 110 39 284 124 29 221 83 176 116 41 216 217 38 49 112 269 22 190 47 92 183
92 141 281 289 196 21 13 48 183 231 210 185 30 269 0 243 161 117 52 273 125 276 187
259 204 25 36 177 289 260 96 13 32 294 67 160 174 197 9 162 121 57 228 299
125 168 17 131 146 17 283 163 394 265 93 394 183 5 248 289 791 49 247 99 228
164 30 113 250 214 30 68 30 182 250 30 566 65 296 123 165 23 206 142 113 228
20 129 163 196 239 255 286 220 45 156 126 42 75 118 148 241 6 59 289 172 175 174 150 210 290 152 171
111 120 179 265 41 173 202 117 221 80 144 78 257 143 168 183 293 290 125 229 47 254 146 34
83 99 154 156 157 167 176 297 247 293 203 145 257 104 67 35 148 168 251 14 135 255 258 239 273 185 6 208 37 207 43 207 170 158 428 112 148 10 76 29 264 757 292 531 287 245 776 55
172 198 228 98 137 240 158 216 27 218 43 139 152 278 208 263 213 162 126 193 40 160 24
127 291 185 20 273 109 48 157 106 239 66 26 270 88 298 240 237 145 27 99 132 248 113 193 179 208 138 152 281 44 233 272 41 8 127 132 19 155 64 150 159 30
227 131 193 166 161 102 173 204 125 256 226 65 124 57 76 262 69 215 160 135 299 188 227 156 198 183 225 36 294 57 241 242 196 66 29 2 208 41 246 73 21
59 152 100 282 34 97 18 19 244 149 62 156 262 70 99 235 82 273 236 283 37 172
108 148 175 210 290 85 71 192 207 288 253 220 51 159 244 221 6 121 187 190 16 30
130 263 264 38 113 52 74 148 55 70 62 218 49 160 29 236 202 255 186 97 69 185 128
55 238 259 103 138 6 75 222 220 10 296 167 31 59 198 165 287 136 231 150 67 294 145 248 263 180 2 214 183 61 184 81 273 111 161 230 50 152 119 47 4 147 188
77 84 208 152 242 39 124 195 258 128 93 166 139 87 24 217 81 204 183 272 299 160
142 177 210 262 151 226 88 88 129 256 266 151 160 129 291 44 360 186 12 775 109 576 576 209
272 89 282 86 294 279 178 23 4 63 100 67 286 17 45 132 131 292 249 80 69 251 152 94 171 132 186 76 234 24 285 144 181 262 83 47 289 203 133 254 53
23 31 155 158 167 221 158 254 113 164 552 98 63 229 225 220 996 153 9 8 204 274
79 158 190 275 267 190 10 146 234 153 55 164 87 228 155 4 97 107 232 235 142 123 140 69
180 216 5 253 76 224 198 188 77 33 217 201 285 34 66 261 156 13 175 72 213 294
142 261 263 287 288 37 268 81 189 27 288 57 288 15 248 170 166 191 15 596 134 174 197 77
16 90 124 201 204 103 193 69 154 256 4 167 281 34 11 220 267 153 217 58 250 65 146
7 131 156 224 278 299 251 33 7 249 240 271 189 246 45 217 147 289 245 145 75 136 143 213 232 153
9 128 10 193 176 98 179 284 212 183 290 22 153 7 202 149 295 43 257 236 38 21
91 186 266 73 282 98 274 55 27 32 205 112 185 137 115 37 79 192 34 256 200 259 31
1 35 139 238 290 31 216 96 222 64 53 153 232 155 164 141 81 186 261 156 68 173 21 110 56
19 55 133 192 271 289 233 150 37 99 94 281 26 285 290 240 147 169 263 226 188 181 164 168 50
294 226 175 60 248 293 210 134 270 64 180 127 223 138 272 161 33 158 172 88 47
36 146 56 171 36 129 139 297 44 225 165 173 249 3 172 88 255 69 223 199 182
172 239 265 87 111 261 273 130 128 47 272 234 259 142 275 25 240 123 114 139 74 89 170
79 241 241 211 50 297 68 297 230 172 451 104 291 75 775 252 360 274 137 912 186
32 33 109 139 263 1 31 14 149 36 92 60 180 52 116 271 279 25 278 213 72 91 77
11 30 85 171 127 239 81 36 292 28 271 31 170 246 169 195 77 188 131 265 68 257 229 84
25 152 275 279 165 39 260 245 206 104 190 78 253 35 100 131 159 142 137 91 122 183
82 250 156 196 250 196 239 203 225 284 181 204 2 274 175 220 8 291 996 153 192
67 76 292 111 47 733 22 165 169 195 94 120 423 45 28 239 30 265 86 759 126 236 285
13 45 202 156 43 142 235 254 295 192 26 243 21 83 219 36 162 149 177 97 244
122 127 256 97 160 121 203 152 198 265 235 215 142 9 252 287 53 290 270 149 286 158 20
189 213 254 18 283 162 185 181 276 194 47 54 169 38 116 286 273 148 292 171 282 130
26 114 127 191 145 282 107 95 68 4 112 134 110 27 227 225 247 245 81 249 293 59 97
98 180 286 273 14 188 134 171 80 90 183 22 4 214 179 89 246 104 144 288 9 130 36
98 232 244 279 212 109 252 153 156 92 23 80 37 56 38 108 178 184 237 208 1 140 20 6
139 207 299 259 204 101 42 87 248 22 20 57 247 44 263 211 278 276 98 202 236 121 32
69 121 137 154 162 168 212 104 87 239 144 240 21 83 192 1 43 146 35 243 97 42 221 208 184 95
36 51 68 180 210 149 213 174 39 275 139 45 176 41 290 151 229 190 245 249 184 254 160 91 81
12 114 133 265 266 117 139 284 200 127 88 29 238 66 298 131 235 56 76 97 106 241 161 219 93
36 151 137 30 184 29 240 58 196 37 243 279 262 112 166 216 239 233 97 52 81 124
98 233 205 256 86 161 28 168 290 43 218 45 209 175 21 42 126 282 198 233 185 207
251 267 272 299 12 116 215 74 253 244 273 245 184 87 5 21 142 0 171 164 236 60 99 110
111 169 140 226 157 189 205 273 133 86 284 0 88 50 15 218 240 238 281 4 208 219
13 222 8 80 48 146 265 52 143 2 182 270 118 72 45 102 184 234 207 257 268 53
83 179 280 21 56 237 25 37 112 294 129 45 226 212 46 62 221 13 126 268 151 290 265
34 229 282 278 105 45 243 294 155 173 179 258 214 67 216 237 174 114 3 136 161 226 159
20 232 286 65 253 173 241 65 255 173 181 423 229 98 8 552 724 220 996 63 225 175 204
137 204 295 129 93 206 94 289 281 47 75 190 216 59 85 268 71 73 63 155 55 145 259
25 184 194 247 262 200 218 270 178 51 261 176 95 12 230 214 129 85 232 144 157 213 92 296 114
145 271 265 193 222 255 146 24 293 35 244 1 216 125 28 185 229 287 285 234 94 7
155 229 253 124 247 116 98 9 17 9 9 17 7 153 114 55 29 506 292 531 450 264 26
11 46 131 226 240 133 268 189 274 177 165 6 104 168 260 76 111 233 187 190 294 132 107 264 138
71 296 216 30 155 281 20 244 49 62 198 238 93 11 185 141 137 40 131 42 283 48
90 118 134 17 11 197 140 140 197 11 11 75 103 186 576 274 360 252 360 109 576 236 209
7 22 90 198 199 201 247 25 129 99 266 279 66 21 284 151 137 79 69 228 42 12 287 251 110 186 216
14 197 218 211 105 262 176 80 153 192 196 279 131 222 50 138 266 76 201 287 255 127 119
154 247 293 296 125 281 233 138 112 150 99 202 166 179 246 265 191 41 209 63 15 237 79 60
77 149 173 232 271 56 36 58 10 80 137 27 271 122 235 157 116 265 243 192 237 161 261 152 69
111 55 147 268 92 1 7 81 284 236 183 270 210 84 257 121 59 174 18 68 56
173 77 15 144 131 183 226 292 228 82 243 192 107 246 29 140 2 191 85 265 86
9 50 108 224 42 191 218 205 151 71 260 99 252 276 178 125 58 155 76 182 196 45 227 169
31 69 171 226 186 280 153 237 101 58 278 85 272 51 194 177 168 249 95 116 69 185 41 179
233 245 237 281 65 228 204 231 46 40 19 12 43 229 137 4 243 89 175 242 147 232
70 202 56 14 168 213 207 205 100 28 64 264 121 147 45 2 257 34 274 75 103 266
71 132 174 43 268 82 249 280 210 132 25 250 214 10 216 86 197 211 279 29 171 88 154
190 235 186 231 1 5 5 90 289 63 292 264 450 506 776 153 200 55 188 194 114
50 206 208 165 162 35 293 31 292 17 211 163 23 118 121 283 190 171 103 18 27 173 143
39 54 124 146 220 64 77 173 225 257 262 124 229 50 136 179 84 49 121 85 109 72 282 59 98
69 144 241 218 57 198 187 15 192 284 225 189 276 20 32 173 271 233 1 258 185 40 210
15 189 287 116 49 16 292 94 64 101 98 104 190 31 212 43 109 21 285 168 166
221 228 264 238 164 237 110 17 186 120 146 121 215 143 35 153 204 91 230 16 132 180
8 24 56 275 109 222 197 83 55 113 262 138 134 270 276 187 296 149 18 36 51 54 46 249
136 224 230 109 285 119 292 226 7 148 74 179 81 252 54 138 68 94 14 247 199 33 290
14 57 249 263 182 88 289 76 124 85 222 272 273 2 33 108 255 89 201 67 37 244 49
58 153 227 245 196 209 278 137 195 99 166 160 184 243 13 269 84 169 106 93 151
33 68 104 122 126 185 198 223 297 5 192 70 42 143 201 107 39 27 174 19 32 30 33 221 251 154 299 172 3
187 188 207 230 275 203 238 287 73 81 89 37 166 265 204 65 281 156 72 116 115 77 110 144 268 72 209 190 120 129 224 132 277 84 147 86 69 255 242 146 251 95 156 133
196 270 75 47 117 107 173 68 198 61 149 228 76 147 146 150 224 33 291 84 95
55 191 251 216 135 279 231 105 93 78 119 52 263 196 39 169 73 242 92 132 178 212 277 99 207 165 298 226 245 7 61 230 237 206 267 4 247 66 216 159 59
6 98 224 224 173 10 234 35 205 84 184 214 137 294 278 203 221 121 242 240 99 190 72
3 149 8 244 290 281 146 60 81 152 166 275 210 276 254 219 21 26 234 270 55 235 217 242 32 223 229 229 229 254 157 123 275 752 206 65 44 716 790 566 286
53 79 101 117 8 252 289 280 106 253 43 53 132 68 5 135 285 42 56 223 66 64
235 273 176 115 281 5 197 243 200 145 299 294 174 43 157 117 184 181 91 113 102 57
196 208 144 51 175 81 174 251 299 52 253 202 190 5 278 124 281 154 196 241 73 117
39 128 143 278 296 150 9 286 200 296 133 72 203 49 41 211 128 13 227 40 51 140 207 171 34
33 81 90 97 156 238 261 186 6 146 223 284 51 53 279 192 68 211 259 58 81 273 180 263 257 37 116 351 39 179 281 103 283 179 104 281 45 254 123 566 752 157 204 114 44 790 468
23 195 793 206 193 103 60 187 173 48 286 86 51 254 44 159 49 129 97 215 45 174 297
0 115 134 178 20 5 234 185 207 189 176 124 289 2 177 164 254 208 271 297 80 92 37 79
142 36 296 181 192 269 27 250 5 39 178 256 120 211 97 17 114 286 122 165 288
62 63 212 264 284 67 260 22 220 62 54 269 266 221 184 281 241 187 214 256 15 42 273 74 10
170 174 229 267 291 109 25 83 83 207 139 59 253 83 109 188 188 634 254 86 46 61 773 273 174
16 33 115 172 194 90 178 28 294 148 239 97 83 250 41 249 285 62 209 299 271 119 185 157
94 102 111 11 188 108 195 252 218 220 278 100 124 193 65 8 297 18 298 12 244 184 130
248 288 1 88 242 9 217 47 274 57 299 53 36 264 18 129 77 52 90 109 108 76
22 143 149 231 135 289 298 40 268 95 32 68 102 103 266 54 188 294 178 285 159 277 261 92
123 148 252 232 105 78 179 242 108 124 14 91 54 236 15 104 152 45 291 55 28 213
161 163 192 280 161 255 128 144 223 136 30 58 160 145 139 252 130 14 175 266 282 106 176 135
15 164 267 275 13 83 32 162 189 182 236 280 168 183 246 148 248 220 24 144 9 278 262 199
19 90 126 262 298 43 119 271 76 41 245 161 138 110 129 214 187 80 124 211 222 84 228 5 16
76 96 106 141 192 49 97 285 179 287 277 218 152 165 210 187 177 128 119 0 133 125 41 209 292
149 294 78 238 270 221 42 16 259 210 88 283 294 84 108 277 182 187 191 19 83 87 60 15 67 240 123 212 136 185 200 44 16 214 108 175 197 250 234 210 58 28
87 127 207 212 98 249 42 165 181 268 92 210 200 295 202 244 137 47 284 149 174 262 266 32 203 290 38 164 282 183 69 245 29 258 140 247 42 157 248 200 9 227 278 83
116 129 260 275 88 159 71 224 137 199 149 215 154 95 101 78 188 8 148 221 210 298 144 123 267 177 6 84 65 258 291 128 96 14 26 150 247 148 131 120 79 142 157 40
131 250 29 127 284 27 174 95 48 118 242 296 111 84 202 217 36 21 136 272 238 176
2 9 247 65 297 297 65 394 61 134 394 146 285 208 39 130 72 92 143 233 230 87 942
44 80 212 226 201 201 201 203 181 203 289 573 289 573 33 7 55 776 63 506 78 289 114 757
58 162 252 73 41 48 289 184 236 82 165 284 242 258 143 250 28 86 246 103 4 112 35
21 46 62 185 103 191 100 105 66 190 220 294 258 262 93 156 20 243 62 200 41 231 246
36 52 210 214 287 112 137 224 48 263 189 243 110 179 165 217 242 141 20 19 101 198 46 295 23
85 121 148 170 242 266 204 299 45 187 125 76 184 207 4 245 88 79 160 49 298 230 179 221 130 118
20 129 132 170 195 140 33 83 279 198 240 3 94 41 48 150 245 215 105 73 9 116 138 194 137
56 70 132 155 195 96 45 105 195 279 222 50 119 114 257 274 171 2 276 30 258 268 55 251 245
68 88 125 290 100 294 269 137 143 0 130 200 128 174 59 256 180 242 219 109 132 182 234 152
56 167 171 238 177 191 156 152 240 283 175 18 244 38 246 46 29 198 259 60 40 155 168 106
135 247 94 132 194 250 138 236 54 259 277 187 169 178 99 24 161 140 72 232 144 233
80 141 173 252 188 52 125 128 100 35 1 160 93 192 163 36 68 259 64 145 289 256 154 61
162 223 19 119 16 18 157 162 227 293 232 36 217 267 88 93 83 246 190 117 248 242
42 86 153 10 202 51 75 145 261 220 116 208 193 134 2 217 151 122 113 230 37 132
108 274 282 296 149 119 43 272 220 90 27 219 10 291 208 293 25 138 278 15 190 260 261 103
56 74 79 108 117 121 147 151 157 178 12 132 223 209 175 62 255 78 4 14 94 35 287 65 26 205 292 250 289
128 173 138 8 147 77 139 57 146 101 107 217 55 23 158 113 236 165 41 151 134
138 267 25 294 55 42 78 150 293 221 191 122 290 170 107 296 199 229 31 276 79 56
272 20 203 137 122 87 74 226 256 298 268 94 19 220 109 236 290 211 195 180 267
106 225 275 278 297 232 126 65 285 273 79 290 164 259 46 251 198 255 154 261 74 58 196 200 92
83 121 233 136 68 249 230 132 279 215 180 57 289 235 115 84 267 181 26 278 155 275
13 61 62 69 75 91 267 224 197 145 128 107 249 74 238 283 246 110 241 27 221 199 31 105 192 10 103
28 160 282 295 132 103 184 225 63 264 61 144 93 56 241 233 223 197 181 159 288 40 251 282 101 124 284 27 131 7 4 63 30 64 77 178 96 241 280 223 11 23 290 221
4 24 183 208 235 74 16 275 243 21 289 146 40 153 178 88 276 142 89 109 141 100 260 221 38
102 127 144 218 216 280 277 110 73 99 18 30 269 143 149 294 236 44 139 247 196 257 299
82 121 138 152 176 228 144 106 59 113 48 27 34 107 204 280 100 281 248 87 15 57 245 154 13 179
101 165 201 25 78 280 298 43 191 16 137 250 212 12 93 296 116 18 241 230 142 247 182
37 180 253 116 288 206 233 245 92 11 197 56 202 158 228 198 286 184 41 194 60 100 179
34 46 73 271 131 53 205 144 295 177 120 232 12 65 59 147 254 175 290 151 47 173 142
4 177 214 217 40 256 109 160 89 260 188 215 101 243 184 68 0 38 295 131 227 50 282
49 136 194 195 213 236 22 208 289 143 272 81 192 102 168 241 24 42 158 225 251 70 266 125 259
73 86 217 44 143 157 169 140 287 118 296 251 63 35 12 113 226 69 201 148 220 58 289
103 214 17 237 174 171 229 265 9 126 47 118 212 170 40 272 261 216 157 119 15 69
8 41 53 105 173 173 73 173 173 237 173 158 122 611 174 722 250 273 166 634 46 82 56 254
46 111 130 159 190 172 293 281 203 82 163 282 3 77 100 160 84 128 185 112 164 292 170 158
117 191 293 197 14 64 59 291 42 299 189 251 183 264 97 217 208 228 124 200 35 116 153
48 157 233 204 46 263 288 237 36 124 108 199 16 213 197 78 158 220 200 262 163 222 15
7 21 128 242 39 34 364 783 122 122 285 783 114 573 215 292 55 506 29 783 264 188 757 7
55 117 142 267 179 33 220 215 127 271 206 124 297 244 281 153 241 238 26 231 246 157 69 66
117 135 141 175 237 265 294 190 39 280 152 161 285 80 67 35 145 105 11 210 295 142 121 242 130 6 84
86 173 199 203 25 160 227 163 149 218 145 146 98 272 69 56 118 124 88 299 1 30 122
13 23 118 125 258 4 274 72 236 193 134 256 75 294 286 102 168 97 84 132 5 114 243 247
157 59 128 13 27 33 253 118 92 179 119 151 241 147 78 43 145 83 127 248 24
98 159 174 201 147 284 203 295 192 130 282 72 163 152 75 99 115 122 281 242 221 68 222 22
9 64 81 119 122 364 87 87 122 947 364 947 976 206 853 531 757 114 63 7 29 194 200 783
122 143 259 191 292 115 162 180 205 199 216 27 73 175 263 257 85 15 236 286 133 202 226
72 141 178 212 243 53 114 161 201 155 64 272 126 191 199 12 167 119 159 279 237 94 116 294
162 199 134 23 130 8 23 248 23 8 294 56 773 254 166 273 86 65 722 166 250 302
48 106 224 364 288 195 158 146 267 198 183 243 189 95 30 78 258 81 143 11 2 85 186 109
152 295 231 86 139 271 271 168 175 271 231 168 295 114 516 293 266 828 44 905 26
125 127 130 151 133 20 24 200 245 8 215 81 232 91 12 82 28 258 297 268 146 95 83 277
97 161 117 112 253 20 191 281 198 152 99 205 136 114 45 140 25 122 54 67 149 222
290 282 258 200 189 9 126 227 247 129 212 37 36 182 84 202 190 10 58 220 25
46 123 262 654 201 237 219 229 379 151 108 0 191 188 230 217 208 50 22 76 63 293 151
102 202 280 260 248 232 25 278 279 114 48 233 97 38 95 81 76 209 90 116 252 74 211
32 108 110 157 189 217 237 122 92 263 268 221 215 123 10 144 138 34 237 280 98 178 37 210 12 201 236
46 75 98 199 243 67 123 165 37 281 91 163 182 204 4 22 102 194 282 244 133 101 267 127 234
16 154 174 195 54 75 257 117 191 184 247 0 177 21 100 98 1 104 298 246 91 233 107 293 180 114 185 87 24 236 70 210 143 203 1 255 218 69 22 295 18 175 101
51 92 109 174 217 978 978 48 48 60 978 172 163 955 595 757 783 7 200 29 289 194 536 63 531
117 257 197 239 216 119 171 11 282 151 208 230 55 131 4 52 279 59 117 285 72
203 233 104 241 205 235 28 87 62 12 298 58 150 199 287 112 144 162 70 133 82 248
18 203 284 246 282 294 207 118 197 197 219 294 207 215 259 284 200 498 282 33 109 842 20 115 266 37 268 196 138 269 80 91 260 117 176 200 42 29 252 228 237 270 253
57 87 681 93 94 133 144 256 761 943 521 337 798 411 928 464 530 765 470 244 492 945 587 541 132 199 37 833 157 5 105 230 139 242 200 25 143 214 55 66 19 37 16 9 52 278 216 27
71 81 199 333 333 700 40 40 640 640 468 869 293 332 189 809 390 251 494 38 923 442 440 501 633 633 501 201 34 47 61 267 56 44 304 633 34 278 456 261 855 750 31
962 6 203 268 293 750 965 128 253 43 118 91 175 56 117 32 19 301 91 149 139 606 341 635 111 131
119 172 175 270 377 116 226 295 261 131 201 269 65 187 5 165 34 285 70 73 4 164 104 166 264
995 27 32 225 262 377 795 203 203 102 777 50 41 216 142 62 774 200 50 428 149 514 390 201 502 92 23
95 107 200 795 143 136 284 21 241 205 18 297 107 225 169 3 104 16 124 216 281 261 183 299
179 196 214 224 23 152 71 92 227 85 73 119 135 172 63 125 111 250 159 28 20 204 187 89
27 60 239 175 63 154 26 108 54 71 43 213 78 288 101 4 92 48 21 276 35 203 153
137 44 137 12 90 116 257 2 56 10 232 235 46 119 71 277 159 135 226 7 146
207 214 217 231 118 83 213 16 12 212 159 108 264 98 282 165 271 247 134 280 231 131 260 215
38 124 175 202 219 63 241 94 30 36 114 214 91 155 172 127 240 85 11 93 153 64 149 225 78
233 377 247 7 88 213 157 214 231 63 253 279 17 153 126 65 136 189 187 101 38 46
6 110 172 223 223 35 117 76 295 33 297 42 31 238 25 92 270 44 124 100 296 257 61 5
60 225 193 293 66 199 228 230 262 247 186 158 105 240 86 53 118 195 101 4 5 284 190 22 277 155 184 2 126 271 286 241 99 45 216 234 67 157 239 214 173
42 106 107 132 227 170 233 15 154 275 286 151 220 75 117 87 269 131 175 105 270 224 9 242
108 216 243 277 280 124 167 279 285 109 45 114 85 102 248 8 297 112 194 231 270 30 72 276 137
221 237 259 233 273 240 8 167 257 30 79 149 32 192 85 165 120 6 209 214 53 258 130
105 194 53 211 237 282 274 277 205 131 287 286 205 34 167 115 128 855 75 109 84 247
42 97 150 176 184 221 151 219 138 22 299 276 196 288 40 85 240 275 60 224 279 223 112 232 157 101
907 204 226 246 202 33 150 242 223 109 128 177 209 7 248 89 54 24 53 219 123 5 210 167
38 185 271 288 111 122 149 95 32 283 29 18 211 273 60 239 38 120 226 59 184 89 97
72 109 208 238 251 275 5 173 70 199 88 75 19 205 65 27 125 139 206 130 95 17 238 138 288 275
142 167 226 54 150 37 117 30 64 276 199 106 164 142 257 200 244 291 166 69 280 180 102
233 204 261 76 247 272 160 137 108 88 278 152 17 7 101 109 193 163 52 31 58
10 38 66 152 179 256 218 144 254 215 118 157 182 169 211 50 171 227 18 39 173 65 138 98 163 222
49 62 245 263 97 187 218 277 117 264 149 87 164 86 225 250 148 195 26 270 28 291 103 161
23 71 136 142 169 241 279 118 172 215 288 20 18 80 107 192 245 227 2 100 286 49 113 236 125 6 297
193 1 290 188 116 94 229 79 12 248 111 194 276 124 18 16 130 87 205 113 143
75 283 290 196 115 220 293 243 260 203 117 153 174 49 112 69 44 110 228 71 35 271 113
30 140 269 47 244 48 86 95 252 251 39 215 114 299 28 43 195 167 96 105 183 13 216
78 206 213 254 294 29 264 196 270 21 202 60 116 59 139 213 117 40 126 69 182 6 297
231 286 267 233 285 38 237 268 186 265 296 42 97 257 110 277 163 45 209 183 149
41 21 131 113 295 288 255 56 212 161 196 183 286 156 84 89 26 49 121 102 27
145 192 203 298 215 215 56 182 29 182 219 56 861 182 286 205 34 167 115 128 855 75 109 84
12 14 41 167 278 269 124 60 27 144 15 175 30 294 86 292 107 171 193 12 209 32 162 228 116
907 28 32 255 206 67 139 159 258 193 181 89 97 125 237 275 123 8 9 171 115 189 257 180
68 125 237 30 249 201 297 92 29 215 102 51 78 141 115 268 111 295 34 126 241 186 227
1 296 299 126 1 68 270 294 70 65 24 55 72 133 17 132 61 26 247 226 206
13 163 223 278 216 19 203 178 160 192 145 190 227 16 184 33 101 275 249 24 97 26
48 61 63 79 209 29 78 63 136 181 246 23 112 280 277 44 270 203 3 45 201 185 275 222
72 215 222 192 59 286 202 274 122 134 234 83 23 12 52 170 141 164 216 138 89 43 231
46 101 132 5 219 65 244 105 162 114 214 49 86 189 54 217 80 52 30 192 37 2 264
209 206 70 65 155 93 231 222 299 81 115 69 291 247 160 75 279 133 199 209 113
71 110 151 211 267 78 109 271 23 207 227 50 156 278 181 179 138 119 70 238 191 226 145
124 173 48 9 79 15 56 156 142 272 225 183 250 83 72 214 97 252 105 235 199 259
110 148 295 82 22 74 96 132 238 162 211 258 41 137 18 197 2 27 296 245 31 184 220
9 117 226 277 165 146 26 263 151 114 76 262 54 75 163 288 182 174 186 85 167 88 36 0
149 171 207 170 171 226 102 287 202 280 245 223 164 149 85 257 94 254 152 236 232 186 161
133 177 297 92 194 94 194 95 194 286 205 34 167 115 128 855 75 109 84 247 85 673
26 208 260 211 137 223 291 191 187 198 34 27 263 24 151 165 218 158 244 237 93 285 139
101 120 147 162 228 21 209 49 17 24 198 158 234 266 204 260 299 80 126 296 206 256 55 178 65
114 97 258 56 241 248 213 276 94 281 127 50 5 115 105 163 215 0 211 201 233
10 68 124 128 209 269 239 233 195 48 147 37 121 139 89 66 101 17 246 122 221 71 9 49 254 202
59 197 118 132 259 125 290 200 50 171 227 204 273 279 236 39 159 25 164 10 234 241
12 200 237 243 297 107 226 104 91 243 125 144 10 298 53 288 97 256 244 87 103 184 214 252 283
272 277 110 244 242 248 176 253 223 136 82 19 204 5 76 189 201 157 256 243 287 205
1 80 102 120 260 266 39 187 278 255 122 53 280 212 114 34 109 267 92 204 277 44 74 111 191 276 190 190 190 267 295 295 267 230 103 190 286 205 34 167 115 128 855 75 109 84
151 250 288 6 135 71 146 161 57 213 219 263 96 186 5 51 21 155 89 290 265 112 119 145 150 195 46 39 255 256 168 68 50 222 144 149 285 3 196 261 260 296
191 219 140 170 274 27 196 137 190 253 47 119 228 212 131 188 144 38 62 291 201
111 15 149 86 273 27 169 163 220 18 22 112 99 206 232 173 236 189 108 176 81
48 94 172 237 266 77 77 3 66 117 273 273 117 581 258 228 155 46 50 364 127 37 56 856 94
42 229 235 244 271 277 192 279 53 107 134 74 176 209 26 139 173 84 199 29 292 30 178 229 57 285
21 75 170 209 154 69 235 213 271 266 281 10 49 134 185 140 204 222 127 117 260 31 83
4 136 176 141 43 117 250 265 77 251 70 216 35 164 85 189 294 64 129 2 11 150 209
14 107 163 206 276 272 15 185 161 41 47 82 267 33 215 31 45 240 190 274 226 136 170 143 142
27 111 288 285 253 63 290 100 179 140 78 287 250 217 139 279 206 210 68 20 211 164
143 63 81 63 63 502 502 54 123 123 81 286 205 34 167 115 128 855 75 109 84
13 125 192 104 181 169 230 104 104 296 30 30 220 60 49 140 240 110 167 14 256 210 156
11 50 64 124 213 230 46 15 279 70 187 247 144 14 132 272 201 7 33 199 169 214 30 58 73 195
8 148 171 177 236 167 120 250 296 185 66 242 188 59 70 230 88 158 235 216 77 63 160 53 26
131 208 114 221 158 289 261 43 194 232 290 198 72 235 260 181 157 246 20 86 54
266 188 194 191 183 222 283 286 25 165 271 282 145 217 265 56 162 253 9 169 123
750 14 286 130 233 284 114 174 235 80 292 160 120 213 17 261 217 228 59 264 30
45 66 179 293 118 30 62 46 231 154 185 188 171 165 197 27 176 102 109 136 114 151 232 145
187 207 206 110 60 1 115 297 25 120 41 0 262 209 223 299 267 85 161 225 286
9 51 71 206 217 55 67 88 12 53 210 108 74 268 174 291 176 41 186 19 103 87 285 105 64
106 220 251 195 285 293 200 110 174 107 85 258 31 154 134 207 88 299 98 58 252
53 87 152 280 48 153 200 260 188 207 111 99 136 104 79 47 184 52 128 49 141 25 242 131
188 193 221 750 204 204 7 161 214 111 47 258 90 581 258 228 155 46 50 364 127 37 56 856
177 216 268 275 139 229 157 188 60 117 181 81 104 2 259 74 3 214 194 119 143 170 126 63
995 27 78 194 258 104 283 193 238 252 122 45 234 90 144 158 215 115 273 112 260 80 28 152 117
995 24 221 28 70 99 137 143 167 41 0 174 47 155 260 46 250 14 48 270 186 196 87
192 84 35 4 259 2 215 71 281 158 221 284 102 270 25 90 159 146 92 89 26
72 105 200 247 8 5 238 147 71 9 165 107 49 108 77 270 83 66 253 237 194 155 234 262
42 172 155 109 192 272 136 259 90 286 145 269 210 198 28 163 65 39 240 280 273 246
52 108 163 229 262 266 287 291 229 264 58 150 43 267 19 299 284 235 179 97 115 22 218 209 2 83 56 53
34 117 147 283 121 280 64 212 0 258 67 112 88 130 165 16 265 11 245 117 72 35 114 187
16 51 159 173 198 131 47 110 252 255 179 195 180 16 198 206 126 67 186 282 288 223 243 122 275
21 59 154 281 278 280 272 92 110 95 173 115 258 204 47 107 290 43 148 172 41 90 111
124 157 240 248 261 285 148 114 271 29 293 68 87 298 269 90 250 145 155 172 254 266 99 258 219
25 119 180 201 229 245 117 52 99 102 104 36 26 85 65 296 219 266 71 256 0 275 269 166 156 154
87 125 247 97 206 71 183 242 68 225 82 40 182 235 120 10 4 27 151 28 138 269 3
44 179 245 259 210 14 80 97 11 124 118 213 106 287 10 242 50 60 7 215 164 23 72 66
41 162 89 279 226 41 175 166 145 138 146 118 269 73 292 91 231 103 23 289 98 152
223 232 186 241 221 181 30 259 106 296 42 25 70 77 233 105 113 116 82 278 127 74
15 144 214 183 111 52 140 201 77 3 42 259 59 136 268 96 224 181 294 98 163 116 141
36 7 6 298 77 250 176 100 280 4 40 171 196 15 48 230 277 199 192 172 168
147 205 197 263 133 45 299 35 134 228 254 221 283 78 146 20 34 244 88 137 106 12
88 116 183 228 148 299 134 48 113 277 55 203 256 73 251 224 137 259 268 69 132 150 84
75 123 189 212 197 98 198 153 283 233 4 65 173 278 221 135 7 36 33 281 269 55 58 287
258 112 157 158 231 147 43 176 180 8 226 224 122 128 131 73 149 9 144 257 275
52 183 750 49 251 128 13 174 133 64 159 14 36 16 83 81 295 270 87 230 200 272 162
60 215 217 265 155 197 178 88 233 251 173 87 138 298 164 74 1 5 102 227 77 274 18
31 76 225 271 289 192 269 189 22 9 105 34 122 126 219 106 104 157 188 166 282 133 216 172
13 31 125 138 167 291 79 16 96 1 115 216 151 272 120 227 296 281 294 106 292 3 150 180 152 267
17 78 85 71 230 276 208 191 110 228 161 33 145 99 215 30 34 197 297 178 133 258 216
190 235 299 132 163 118 243 285 277 140 96 12 78 157 217 67 190 26 72 134 107 233 273
37 93 192 87 195 190 275 283 73 21 65 220 297 255 284 256 153 33 101 289 124 210 81
79 216 254 153 269 263 24 100 157 159 205 73 119 212 41 143 108 63 197 68 198 222 55
39 76 116 184 226 238 273 279 296 481 132 248 242 293 282 185 246 154 67 43 140 104 134 54 62 150 90 194 151 220
12 68 154 231 77 193 286 183 32 238 106 182 28 249 118 190 250 56 102 208 100 139 198 109
56 269 285 410 481 60 35 129 15 239 145 188 177 198 292 43 69 115 89 70 31 207 2 185 87
153 155 266 294 224 10 138 293 15 62 72 251 37 48 216 91 189 14 202 174 266 280 153
41 113 179 228 195 74 241 294 59 262 57 19 8 46 143 62 0 112 91 43 50 9 142 234
94 120 244 269 750 96 164 47 196 280 104 140 204 14 206 160 16 103 27 239 35 162 58 271 254
47 52 215 299 195 36 83 273 130 26 132 253 157 101 0 250 64 144 218 177 274 121 145 146
995 5 57 209 217 249 250 257 287 750 21 22 276 4 48 266 85 272 47 74 77 45 128 92 26 193 148 40 234 101
66 137 239 106 213 98 113 281 142 130 272 118 246 163 67 231 33 48 39 78 255 276 247
995 208 223 151 137 188 289 138 18 162 134 6 125 281 210 5 11 103 68 55 247 239 185
157 190 196 10 95 280 194 227 253 36 42 109 229 67 19 62 192 263 8 184 287 169 74
4 291 297 54 259 117 46 215 200 233 25 108 258 42 177 226 175 75 168 241 41 173 165
98 144 25 291 89 280 81 118 43 188 171 114 26 16 216 288 180 239 186 284 229
41 74 80 253 258 292 116 199 277 10 275 254 112 149 271 18 179 124 55 243 8 294 191 31 150
245 186 236 240 49 71 142 212 173 46 176 35 17 97 259 269 99 161 80 86 119
24 224 242 99 79 92 232 107 24 173 278 31 26 255 86 33 74 252 75 25 262 19 296
24 57 84 104 218 27 123 222 56 213 232 180 89 177 44 218 80 47 284 178 145 193 90 7 221
60 192 295 174 133 17 261 272 163 114 70 8 202 154 93 32 81 99 285 249 223 236 86
61 89 271 131 295 138 155 153 145 181 62 79 80 281 96 282 72 152 82 250 20 165 132
38 131 294 508 53 166 54 27 33 279 113 100 84 200 198 138 156 49 66 264 231 82 11 48
154 185 222 83 290 33 37 97 109 263 165 63 16 128 130 2 116 71 23 163 239 76 241
18 140 146 222 229 252 268 271 291 155 254 67 16 19 2 36 20 7 71 48 32 90 171 154 145 299 132 74 113
34 246 123 287 38 92 15 166 106 83 32 89 252 84 8 139 202 278 108 243 126 259
20 67 117 54 21 165 90 97 29 252 52 177 82 31 121 175 17 271 26 211 111 239
750 160 43 249 33 219 21 117 98 265 287 282 238 127 35 112 244 269 8 1 20
154 209 295 274 0 183 287 276 41 198 215 155 217 35 48 45 148 255 243 12 203 178 145 111 141 145 33 8 253 261 117 183 182 76 38 3 158 52 229 67 255 50 97
91 124 127 750 54 294 248 125 94 191 60 57 95 3 185 284 24 5 153 49 260 51 18 44
36 171 65 104 131 177 249 268 80 34 188 222 106 100 205 31 175 282 288 157 118 82
0 152 260 11 0 39 125 218 78 145 13 107 149 114 172 260 185 224 130 242 245 65 289
177 242 276 93 103 105 195 50 74 82 79 51 15 110 61 264 170 113 222 128 208 186
28 219 220 260 278 292 88 166 40 64 262 3 73 160 164 275 35 122 203 169 104 208 45 281 247 269
172 256 124 72 155 159 251 89 159 89 251 167 581 258 228 155 46 50 364 127 37 56
2 43 136 159 166 77 182 197 34 50 65 279 215 146 173 82 238 142 119 52 114 18 29 54 212
995 2 42 90 244 282 102 202 187 192 266 135 265 32 70 281 95 185 94 264 29 129 203 165 75 105 212 184 70 269 227 240 38 63 297 259 222 0 112 88 145 136 225 159 89 199
137 237 288 297 259 278 255 202 158 23 3 197 33 32 53 115 179 260 185 152 248 232 245
67 107 108 130 276 750 234 84 182 55 12 85 12 182 198 151 890 107 255 299 264 256 163 83 203 202 187 89 148 30 138 217 35 50 224 92 255 221 26 199 55 127 168 61 79 272
252 254 890 178 289 115 240 293 135 258 60 80 184 117 282 236 110 109 207 163 152 63 174
1 11 42 246 294 39 118 269 39 224 224 204 49 49 105 198 242 100 0 824 933 278 466 310 285
78 82 95 240 216 156 128 238 2 295 176 66 234 269 118 152 245 133 287 228 182 85 276 13
34 179 286 287 255 287 167 123 110 289 117 31 6 256 296 257 232 97 39 131 10 126 72 11
86 120 193 86 125 165 46 196 54 14 81 216 200 132 288 7 150 287 274 23 290 33 260
252 183 23 104 183 88 88 236 18 236 23 236 961 862 799 131 51 219 94 114 389
157 523 96 247 10 46 266 34 110 82 61 292 16 230 190 72 13 128 83 199 120 263
185 246 125 265 246 181 88 202 88 286 205 34 167 115 128 855 75 109 84 247 85
189 218 120 98 137 64 137 142 64 142 120 294 231 263 69 179 225 509 134 181 95 44
223 239 750 182 181 79 178 66 162 82 228 30 281 27 291 141 186 292 171 265 93 88 85
15 222 253 156 55 21 121 176 252 48 247 248 219 148 154 53 134 284 276 112 206
197 293 750 258 274 170 221 204 257 135 1 120 262 295 97 294 73 220 279 217 59 182 215
186 191 222 440 47 37 275 948 275 270 298 948 75 269 49 90 76 151 272 73 294 98 36
39 77 129 163 281 292 174 158 238 179 239 265 97 187 128 299 139 99 163 30 221 165 76 154 119 274
67 223 289 276 256 121 63 161 13 224 222 278 184 87 44 32 139 262 292 181 223 154 115
59 98 130 20 217 14 59 281 145 125 19 39 35 168 285 171 282 222 129 258 287 137 243
107 750 779 130 16 67 143 229 264 89 177 255 278 209 232 168 266 0 6 221 92 200 201
68 10 122 85 254 272 232 217 4 286 205 34 167 115 128 855 75 109 84 247 85
121 166 277 81 127 257 418 73 257 657 3 890 667 176 671 212 386 37 524 50 13 525 260
34 124 48 116 246 270 73 67 49 286 214 263 120 106 254 148 108 281 147 58 271 188
151 216 268 66 285 272 205 104 124 254 276 26 106 129 112 38 44 69 264 234 202 290 262
90 148 245 43 152 118 186 25 144 19 159 184 195 41 256 147 203 242 241 278 293 162
139 152 260 416 153 117 123 1 79 132 264 139 119 244 102 21 290 297 219 224 7 285 255 190
48 51 59 140 188 135 22 274 279 220 64 98 76 105 94 295 48 111 84 288 201 249 185 2 294
51 131 205 273 2 74 122 240 215 272 189 264 115 208 257 184 121 35 237 220 153 22 123 81 274 289 43 274 279 21 166 152 94 274 707 153 10 182 127 813 27 52 167 56
14 128 143 157 287 179 142 179 511 290 511 247 179 179 258 290 506 62 242 869 473 55 75 784 178
143 764 253 179 284 204 225 55 188 267 196 118 30 255 159 62 44 296 89 195 117 172
995 83 247 854 854 40 876 876 81 6 81 198 192 198 34 595 183 126 243 471 609 678 222 241 286 196 32 246 118 83 88 202 298 188 27 34 240 237 0 114 20 17 129
1 87 152 175 205 285 21 7 220 12 267 86 153 270 155 195 289 134 66 242 299 106 26 75 262 208
33 121 226 67 200 101 245 205 288 120 131 49 269 103 147 192 107 112 92 194 74 256 183
144 148 175 50 114 191 241 167 223 232 238 122 178 93 152 177 67 96 76 111 280 127 28
97 182 277 92 92 143 92 210 15 749 159 213 34 534 256 118 82 218 101 18 749 379 983
5 148 172 121 171 244 165 33 18 36 231 295 3 206 66 268 251 10 87 116 210 259
92 260 77 61 230 68 268 276 100 25 140 172 13 284 135 183 238 259 220 152 224 283
47 107 163 279 292 0 91 83 189 292 143 208 126 581 258 228 155 46 50 364 127 37 56 856
18 131 134 291 192 128 121 219 88 180 206 272 41 116 169 283 288 104 157 229 0 39 1 228
31 75 254 172 195 73 129 117 15 243 191 116 89 24 53 247 269 29 49 264 68 11 169
153 265 177 253 196 112 104 7 246 281 108 140 161 297 181 57 280 236 13 284 255 21
24 162 179 238 750 277 277 749 277 119 749 34 118 82 218 101 18 749 379 983 59 276 855 299 882
28 192 120 142 123 107 107 107 153 153 120 286 205 34 167 115 128 855 75 109 84 247
3 178 288 32 33 59 114 247 207 124 131 130 76 219 153 287 84 6 299 16 143 80 221
126 177 224 592 247 90 127 108 279 101 249 162 270 293 116 140 14 63 72 42 26 196 50 1
187 266 62 42 71 181 88 3 144 22 258 96 212 245 58 87 154 254 133 189 104 77
234 501 34 91 391 879 443 842 41 973 805 717 913 299 194 982 116 682 181 670 775 9 619 331 401
263 270 85 8 176 272 653 85 570 803 377 927 986 927 932 160 986 469 296 402 112 927
33 95 138 146 546 99 21 248 139 546 364 636 76 410 139 248 791 201 873 557 252 248 791 76
30 103 127 21 287 94 262 17 142 297 19 83 251 137 261 113 176 27 9 247 133 140 195
41 106 175 193 161 51 220 207 156 36 49 238 271 232 102 274 245 18 278 213 56 187 270 180
166 248 33 122 227 0 150 135 23 192 16 153 59 179 67 261 238 249 31 123 158
103 255 277 166 98 67 54 49 296 80 69 39 167 174 32 24 148 287 282 173 288 273 291
80 286 177 179 132 33 82 68 167 4 143 269 256 230 23 127 130 154 278 227 72
65 142 262 217 2 3 118 136 38 154 64 205 121 246 47 248 11 61 163 12 291 276 156
174 62 181 168 122 177 96 167 64 260 185 297 154 296 258 193 126 164 40 17 54
261 42 100 68 7 126 166 195 287 207 47 250 116 75 216 30 288 70 59 215 32
157 21 234 176 207 246 111 120 161 5 25 162 13 155 150 130 169 103 287 66 72
20 67 79 175 264 35 43 101 274 102 297 134 97 23 64 220 277 141 180 250 242 184 144 142 227
245 290 120 176 159 232 77 296 277 160 83 92 5 139 181 27 201 87 108 132 285
92 133 72 163 231 259 274 232 123 18 251 201 228 242 161 84 166 27 151 33 54 94
12 44 56 199 245 249 178 197 295 33 84 59 0 248 22 52 28 286 281 285 212 125 182 293 184
965 52 87 256 79 175 69 48 35 153 200 99 219 123 257 27 176 122 271 239 184 25 101 6
51 124 163 189 243 155 263 113 261 64 30 77 255 76 1 27 129 230 5 283 180 158 174 297 208
1 45 156 19 139 144 131 298 73 209 116 159 120 109 202 39 241 42 233 250 93 83
76 166 175 292 185 29 83 209 131 171 278 279 215 169 231 281 259 114 8 262 95 55 156 133
3 30 80 87 98 108 233 296 503 176 148 2 235 114 183 96 195 251 273 180 84 234 0 135 245 250 31 40 140
282 277 120 55 294 167 47 45 17 139 75 197 248 188 257 292 34 74 192 2 172
18 60 223 231 503 228 248 180 235 259 258 210 288 230 185 279 222 17 93 28 56 209 119 192 296
234 220 11 143 48 252 81 228 195 78 99 177 232 175 68 137 293 169 84 69 135
72 270 207 123 7 267 26 225 63 298 17 266 52 47 184 55 146 281 19 166 97
72 119 157 176 283 200 245 141 109 227 38 178 144 124 39 278 107 156 33 55 132 238 79 190 212
15 176 181 204 100 60 213 186 170 269 191 124 35 98 111 249 15 240 210 24 200 118 44 132
0 153 161 193 282 289 218 186 207 78 116 82 105 88 6 176 184 271 17 60 155 45 111 79 75 115
176 211 258 30 81 290 136 250 3 217 33 76 278 197 135 95 282 293 21 260 297 244
61 160 169 99 233 231 84 137 57 30 214 60 90 210 105 24 197 104 33 43 98 178 45
965 218 289 214 99 241 254 230 270 61 27 140 29 117 218 96 95 71 213 294 73 128 259
71 48 89 108 3 107 14 145 59 72 17 40 296 133 172 242 71 10 192 27 13
114 39 151 7 193 227 206 285 173 96 248 107 238 191 132 260 48 66 20 27 52
265 292 35 249 216 87 228 216 214 1 223 205 1 214 124 125 238 318 47 295 644 90
51 69 298 14 26 31 109 4 162 111 162 152 46 111 12 254 890 195 270 213 57 446 54 82 48 235 890 66 172 76 219 106 244 210 193 277 164 35 266 250 8 51 264 122 154 276 214
64 100 160 243 285 50 57 11 50 212 50 230 180 180 295 11 229 244 252 220 48 2 267 689 36
100 270 178 99 132 137 282 294 121 22 257 261 150 269 297 162 290 105 288 293 186 167
65 79 89 183 298 184 132 60 30 119 127 222 201 267 265 116 204 44 142 45 159 239 209 268 194
33 232 291 176 24 257 244 125 103 17 241 65 145 218 110 44 182 40 63 209 47 252 46
34 138 90 29 93 171 29 537 286 90 29 186 22 37 762 103 173 253 946 291 192 341
19 36 62 141 201 238 295 283 286 197 159 42 227 176 100 92 28 59 181 175 0 46 221 13 188 213 45
99 204 229 247 256 284 287 43 141 234 292 56 267 41 297 25 162 189 140 210 15 278 173 77 211 1
97 177 234 86 39 106 251 137 181 276 170 238 174 142 196 33 67 146 14 235 275 118 32
976 25 299 43 132 261 221 60 36 60 36 158 265 293 221 10 134 198 936 258 107 97 88 187 201 95
101 60 91 101 225 265 570 570 265 261 258 173 114 166 317 936 165 134 10 862 128 862 290 862 91 862 196 264 253 862 271 165 890 190 37 255 167 148 80 238 43
51 149 242 44 261 104 150 175 138 94 239 197 107 87 280 267 18 259 99 147 76 226 255
19 299 103 13 118 96 52 210 27 20 269 179 105 267 26 214 86 190 205 216 279 75
297 212 138 188 155 149 258 160 120 103 293 147 274 272 210 176 165 238 78 217 252
42 237 242 249 260 291 51 121 85 289 201 240 6 38 19 203 20 221 69 76 279 181 134 116 99
66 93 186 256 298 177 51 33 97 241 58 179 8 105 128 71 273 32 210 234 13 153 267 25
157 229 152 241 109 288 292 171 30 182 58 294 164 243 148 130 160 270 293 138 161 262
150 153 276 292 39 95 135 252 264 291 18 188 256 225 295 85 83 0 287 121 212
24 75 81 238 287 12 253 77 140 77 94 12 77 217 453 125 90 367 601 262 236 290 549 41 238
16 32 49 124 229 91 202 195 263 292 80 132 177 65 215 163 87 222 218 220 295 287 122 181 56
133 155 158 208 238 250 36 117 251 271 230 153 169 71 21 102 247 297 46 254 31 149 276 182 147 275
13 180 296 225 67 79 271 168 159 28 46 289 294 153 244 146 51 105 257 123 154 267 231
50 59 2 230 41 22 41 281 2 263 88 203 110 275 946 762 253 341 103 80 43 291
68 150 223 236 269 239 0 14 132 192 192 239 192 0 76 94 147 64 603 131 101 211 535 252 62 268 208 199 113 110 145 147 87 65 246 168 13 170 169 67 98 194 281 217 146
94 104 239 156 207 209 37 8 90 167 173 179 149 260 62 80 85 291 59 34 224
82 136 143 147 46 231 44 59 270 161 175 117 100 239 223 124 63 43 189 164 120 20 291 272
42 113 177 233 253 97 229 64 153 127 14 221 154 96 37 116 78 227 126 184 211 253 295 215 122
53 61 82 197 283 260 204 285 213 224 172 166 182 59 36 98 265 244 37 206 288 10 268 53
176 187 880 199 296 120 110 155 155 110 263 899 54 603 64 292 62 252 497 535 94 296 68
75 501 139 238 60 241 121 208 269 77 291 174 0 128 258 187 146 169 175 205 57 296
965 72 187 880 296 36 36 110 899 254 36 199 239 120 899 497 101 296 252 163 211 94 94 757
1 256 283 293 197 260 118 174 260 118 197 38 547 220 223 258 601 30 295 203 367 90 238 124
19 153 203 283 44 269 168 279 146 204 213 270 25 47 27 177 225 70 191 222 219 33 129
179 254 264 266 212 31 24 260 81 165 205 126 105 8 152 151 184 82 100 115 139 20 195 33
48 187 288 259 19 217 96 172 281 193 178 101 291 126 156 249 136 270 199 187 40 181 296
29 100 119 149 246 250 41 214 116 279 256 179 145 170 42 17 254 134 104 271 24 60 82 213
185 250 4 159 256 97 91 31 84 155 146 108 6 110 183 81 247 225 113 191 255 20
206 240 76 239 59 255 130 137 198 95 278 81 242 191 123 23 148 120 25 240 7 12
965 20 134 145 286 8 271 292 153 159 250 248 34 249 122 269 199 205 112 212 210 91 178 296 55 261 9 87 24 101 180 295 278 124 244 18 184 20 0 248 40 135 204
298 122 276 22 230 73 131 225 98 281 297 119 55 229 228 62 234 266 172 49 84
132 189 236 255 279 294 501 189 20 218 286 162 17 176 7 296 276 273 83 179 56 115 269 88 102 126 293
70 234 244 33 147 239 257 150 107 250 283 165 237 200 179 67 47 146 55 233 1 31 268
965 86 18 145 203 132 199 37 181 31 41 148 36 286 269 93 28 201 238 162 197 113
8 169 249 272 165 234 21 98 166 124 168 173 172 287 196 231 142 58 16 147 295 99 5 197
107 144 172 244 180 162 219 189 211 21 253 85 100 297 136 27 129 206 144 78 47 268 52 20
273 503 166 287 79 246 7 228 125 154 271 117 241 277 298 97 176 6 216 297 133 196
14 49 54 503 230 94 44 237 239 46 181 191 274 198 203 248 231 75 139 39 87 20 130 256
22 44 59 81 101 132 7 141 265 205 299 137 268 282 63 167 191 206 34 154 24 70 43 103 115 221
21 189 192 11 206 54 256 99 192 25 112 128 119 171 187 293 36 210 193 296 24 46 280
17 110 252 236 237 8 285 175 1 227 2 63 115 44 238 120 161 268 261 277 9 46
17 61 67 162 267 278 106 291 180 293 79 59 191 278 192 207 200 141 55 234 52 1 80 29 117 37
103 211 292 620 115 140 23 194 242 318 274 290 203 295 262 30 367 644 255 238 453
25 252 216 16 264 133 135 29 23 296 58 95 261 268 106 3 10 186 259 269 50
29 124 183 131 43 58 166 100 106 103 221 206 266 32 298 75 262 269 282 258 219 49 268
104 109 157 72 55 157 157 157 72 54 192 341 762 253 110 190 79 255 167 238 148 946
72 108 249 30 102 89 178 177 189 166 294 151 155 4 25 96 146 217 190 100 156 259
21 35 88 191 299 242 44 242 196 160 295 211 44 150 290 651 160 236 367 274 41 203 30 644 90
196 226 133 18 198 197 231 246 150 217 51 32 202 203 48 24 149 199 146 10 251 61
26 194 294 210 271 184 238 64 105 162 265 116 207 211 37 3 141 75 97 179 286 268
8 104 116 208 38 273 208 278 231 8 33 157 104 13 191 196 289 185 642 131 20 105 55
61 156 341 180 252 130 203 282 284 2 71 268 165 214 239 127 147 97 28 205 163 217 204
154 262 279 503 218 76 30 250 61 226 54 228 29 58 257 74 26 224 238 204 219 10 60 50
965 232 24 170 227 61 48 51 237 194 289 202 148 19 265 273 29 298 192 190 291 10
83 151 177 282 341 274 185 222 33 204 78 182 256 144 104 165 79 160 142 181 177 65 195 130 194
965 257 96 128 224 256 234 157 277 143 147 57 4 281 242 78 164 199 60 123 100 236
129 158 190 262 83 152 180 81 8 214 149 187 124 237 6 70 246 102 289 222 16 248 85 154
197 282 289 195 67 147 154 164 149 55 46 63 169 54 52 186 291 208 9 298 228 256 113
7 71 93 186 208 118 19 61 75 115 180 32 125 196 65 38 128 72 135 182 263 229 153 222
11 95 204 228 280 160 23 152 88 128 189 249 265 2 162 297 106 224 117 85 202 263 9
21 36 119 120 133 159 20 145 236 168 193 255 145 236 236 255 255 154 103 213 227 65 365 251 923 231
217 4 154 212 17 154 84 260 212 4 4 211 757 64 308 147 293 163 535 252 68
54 291 55 87 270 214 282 65 30 166 191 93 31 198 106 75 120 72 242 210 178 158
57 103 154 120 137 93 161 39 268 25 121 6 264 241 57 139 0 85 2 292 99 24 155
32 82 213 274 239 235 222 191 115 56 122 10 186 3 198 201 230 38 131 130 94 120 23 79
204 235 268 148 0 156 110 140 38 32 115 46 286 278 60 64 245 67 270 179 27 219 169
73 78 109 187 291 194 44 164 22 180 223 295 179 102 104 160 109 174 292 144 78 48 155 246
36 217 236 287 501 76 86 297 17 76 17 259 259 261 297 104 185 318 55 289 196 33 153 157 105
211 245 281 296 14 95 63 232 96 138 190 99 181 125 142 292 274 171 62 191 295 36 241
73 294 501 141 294 195 166 42 55 114 237 98 93 291 118 30 163 43 69 1 40 113 58
125 195 227 143 239 9 120 245 287 282 79 198 254 63 44 115 38 257 17 104 255 68 37
74 80 194 53 150 112 246 78 58 187 32 271 204 277 201 9 233 165 115 17 62 205
178 293 503 55 163 109 0 289 176 206 87 189 266 48 130 7 140 235 116 4 261 133 114
965 2 10 169 241 270 281 242 70 85 212 248 19 61 203 193 159 9 2 200 66 98 173 109 104
19 69 96 153 70 25 148 99 5 79 277 239 122 63 165 22 117 85 184 24 178 205 187 238
107 198 194 102 129 90 50 251 19 188 195 88 17 252 145 179 157 61 49 285 200 261
28 78 183 218 70 207 207 36 21 276 36 219 32 191 165 270 365 279 48 12 279 48 890 57 890 213 169 233 87 202 296 229 67 31 140 218 61 129 133 12 88 213 41 77 283 6
87 122 154 220 240 281 828 86 63 225 189 79 277 229 14 175 96 276 216 59 278 203 136 193 103 37 160
122 129 158 166 171 285 501 231 108 91 42 51 170 222 28 124 113 167 115 78 266 29 35 54 90 18 250
270 599 85 41 293 56 43 35 243 12 248 37 123 142 57 154 91 53 249 73 125 238
120 147 295 285 166 103 28 100 187 76 286 71 256 253 21 30 119 39 91 182 160 142 284
34 120 135 197 257 238 221 268 261 175 59 102 57 278 255 252 293 32 34 4 93 110 65 210 41
158 172 213 197 240 143 10 261 179 137 238 249 97 231 255 80 156 64 42 46 199 110 162 262 241 286 271 257 189 136 164 117 58 104 133 131 230 47 126 134 29 183 226
17 202 222 253 289 264 43 254 196 60 217 131 33 190 39 133 92 127 85 4 222 29 115 49
1 183 265 264 117 173 270 299 163 291 18 107 134 53 46 47 33 14 155 142 89
241 271 181 203 223 282 294 213 199 151 64 0 291 224 175 76 87 78 155 215 142
259 501 289 119 5 176 110 8 79 4 165 0 159 59 143 56 16 291 48 168 36 45
94 214 194 194 250 860 194 860 255 580 19 52 724 125 62 131 64 296 147 163 101 54
84 93 103 165 9 250 292 255 101 91 16 55 289 177 186 103 171 1 204 124 191 21 227 7
7 133 828 229 240 192 63 216 90 13 98 276 264 143 221 281 205 56 265 154 199 92 19
71 77 113 251 269 77 122 65 76 235 100 255 7 234 38 252 133 163 214 278 126 143 266 3 170
11 25 50 72 227 284 231 214 54 102 33 214 187 33 246 580 248 177 276 10 16 219 43 66 241 222
22 137 149 169 87 177 114 32 190 137 2 42 224 223 277 157 69 275 11 216 180 103 23
976 89 36 224 290 119 215 165 167 73 35 75 230 141 44 92 280 120 278 168 32
84 45 107 175 150 257 111 78 295 127 109 288 122 246 224 220 202 117 95 248 216
9 100 127 274 211 83 98 46 41 39 192 225 105 107 117 89 145 260 254 258 292 95 81 139
122 200 120 131 225 220 257 90 179 291 169 268 152 211 74 30 3 93 240 20 244
24 23 188 286 281 190 237 235 184 96 7 225 196 268 82 222 231 277 65 25 5
175 28 94 269 149 147 87 160 41 143 198 236 47 71 243 248 182 218 7 76 12
25 170 242 264 152 90 42 77 82 7 207 257 250 211 180 37 6 288 11 99 160 295 181 98
965 175 283 48 2 186 139 30 91 163 155 127 134 59 65 245 219 142 66 7 247 26 3
71 214 116 42 3 31 266 106 284 125 248 25 171 162 217 59 154 268 10 41 184 249
29 37 151 229 245 202 181 182 193 131 164 137 3 1 124 62 217 197 207 242 12 33 115 8 233 227 136 85 108 33 274 164 177 289 263 193 192 225 42 174 117 39 198 2 52
37 124 138 140 148 284 8 145 78 102 279 239 121 160 58 154 2 287 92 59 264 6 20 295 124
136 166 69 269 49 88 240 207 24 56 128 118 104 219 66 187 87 196 215 184 150 124
248 263 156 81 60 79 281 67 130 92 213 268 65 23 86 151 243 225 214 298 240 218 188 17 181 280 298 108 166 287 24 211 165 37 104 134 66 100 234 103 186 51
73 141 177 245 258 33 295 78 59 263 138 220 243 152 259 206 145 14 20 178 43 5 216 204
24 128 164 182 243 115 225 93 222 255 117 113 52 265 116 140 274 65 70 123 106 287 219 227
152 174 210 92 167 216 190 277 218 238 57 139 113 16 259 127 26 181 140 165 146 2 96
68 130 229 267 115 71 253 248 162 293 191 259 225 207 38 197 23 35 232 195 184 201 119
135 228 239 251 264 200 55 204 172 287 264 109 224 1 167 3 193 60 52 158 63 199 180 108 276
965 52 233 244 207 18 291 11 60 924 291 291 36 924 757 296 211 261 723 54 94 68 292 535
2 116 178 112 198 61 280 182 35 247 208 291 246 63 11 76 266 75 37 223 147 228 66
153 235 276 158 244 45 154 81 200 110 276 186 193 171 181 136 73 246 273 231 169 67 189
7 117 238 296 107 216 244 205 278 209 214 116 16 192 143 175 148 268 32 4 0 14 49 78
8 15 152 188 209 236 239 297 2 58 119 79 267 56 231 91 182 248 28 122 211 85 99 269 191 45 246 95
150 184 185 155 16 37 197 223 127 184 133 36 7 218 231 53 69 248 165 34 11 90 115
291 259 159 298 31 190 220 241 75 4 151 38 216 28 108 27 91 20 61 67 25
58 103 278 283 198 174 209 126 127 28 64 47 16 84 146 268 81 179 132 225 217 91 244 154
48 121 190 233 252 174 298 47 90 152 11 147 37 138 6 198 86 255 43 233 126 260 281 291
50 60 187 41 52 87 68 132 38 188 19 200 265 276 28 17 171 103 296 139 241 48
255 501 262 106 77 65 12 115 67 290 133 62 38 58 6 281 39 250 114 216 142 17
965 275 174 211 60 237 28 68 250 104 261 166 48 115 206 145 144 2 172 65 50 63
2 18 73 199 234 18 62 151 229 155 129 180 9 40 16 280 125 74 61 234 164 232 178 261 1
171 281 287 74 216 31 200 75 1 295 262 87 107 226 142 149 267 134 10 82 156 250 61
109 206 218 295 118 288 160 3 94 123 188 294 108 207 19 265 187 37 231 24 100 126 71 68
214 265 67 63 67 173 40 40 167 173 542 890 79 80 167 238 255 341 148 291 190 253
21 258 181 297 210 263 9 160 231 123 144 189 38 15 258 281 53 152 230 121 191 222
19 151 103 207 35 152 114 23 299 66 123 12 68 125 116 9 273 101 257 151 126 100
19 38 112 229 291 44 100 293 150 96 118 187 69 213 23 0 207 71 219 28 53 259 263 59 11
91 229 234 280 63 279 179 233 177 142 48 194 60 126 71 249 35 127 168 199 296 187 146 107
298 270 59 150 267 267 256 83 196 20 33 55 157 185 282 318 131 239 104 179 289
130 215 243 140 25 215 186 241 296 212 189 92 249 196 158 10 250 130 271 79 279 39
294 82 89 80 155 194 206 210 116 121 165 271 141 2 111 46 41 16 112 196 216
150 210 263 42 44 220 192 270 12 108 141 173 71 121 66 299 281 280 17 26 290 211 27
158 226 56 215 184 228 102 243 88 105 172 233 62 63 217 206 108 197 136 252 261 142
177 243 542 54 113 35 204 210 115 134 111 161 284 272 51 295 216 145 203 164 56 151 289
276 211 403 542 240 416 232 219 901 542 784 94 163 147 64 603 68 363 131 261 535
124 186 212 191 168 261 6 269 112 276 59 227 224 178 262 223 256 117 25 289 177 166
90 102 134 136 167 229 50 11 43 121 27 52 109 135 260 168 208 1 79 127 153 206 35 259 250 295
75 288 110 286 133 153 22 267 268 59 37 12 126 44 56 156 181 102 147 213 38 9
10 70 107 224 191 95 30 73 240 170 50 27 159 94 17 34 111 239 48 227 260 99 266 124 185 259 21 59 139 74 179 233 141 276 38 286 2 270 163 84 76 56 245
78 106 167 260 505 62 14 187 270 216 198 135 296 127 232 299 78 169 234 63 278 9 254 88 167
178 106 282 283 277 114 136 115 37 7 245 237 201 22 244 36 165 258 140 280 266
43 122 268 118 9 146 121 120 260 250 20 1 221 152 190 46 245 276 30 159 130 215 243
43 156 230 552 397 552 552 784 552 397 922 719 191 289 318 282 642 157 104 196 131 240 33
