53 160 175 275 298 300 111 144 295 51 252 299 12 208 287 236 249 237 204 190 22 276 100 132 34 240 182
100 153 201 252 185 797 342 342 6 185 185 459 185 251 36 50 104 426 141 104 294 145 689 104
81 144 151 248 297 37 293 293 37 761 745 560 745 37 772 70 545 160 745 539 457 539 419 814 980
12 202 576 576 774 625 574 765 433 955 814 631 908 133 468 765 189 17 934 625 897
970 35 61 165 220 262 576 625 574 774 433 574 138 138 576 138 765 227 576 133 631 189 17 987 483 846
130 132 233 123 195 267 154 59 72 133 27 65 271 219 157 39 187 61 83 55 228 208 26
62 99 279 487 197 73 179 174 70 117 107 111 172 47 254 289 201 232 93 58 275 207 261 268
83 753 814 504 201 753 231 803 36 504 441 657 231 912 543 247 184 187 29 115 532
12 33 239 260 27 258 216 79 204 101 141 158 64 114 294 34 166 272 104 68 40 275 39 232
52 133 191 241 300 173 68 194 232 271 266 38 242 121 255 182 222 84 9 62 48 251 40 293 43
31 48 224 693 467 528 458 458 792 528 476 540 129 741 105 623 967 59 197 34 609 683 258 44
474 143 58 55 238 154 106 268 90 292 252 269 274 102 131 25 27 124 257 211 8
192 202 138 433 433 184 955 138 955 433 576 433 625 765 948 78 70 574 576 365 908
112 280 474 963 503 400 663 400 850 850 663 503 251 574 290 659 255 262 655 125 655 296 230
28 88 123 217 219 214 56 264 238 168 162 1 284 220 113 9 198 100 101 40 31 38 230 236 261
275 184 138 576 138 184 138 955 774 184 576 765 625 77 133 58 13 908 70 365 560
15 68 138 181 443 771 184 138 576 138 184 138 955 774 184 576 765 625 77 133 58 13 908 70 365 560
41 76 174 237 275 38 92 217 170 200 114 64 71 16 23 188 101 97 275 169 248 130 82 4 286
280 293 3 205 228 151 144 188 157 238 207 134 199 221 25 148 67 130 99 261 142
56 247 256 295 298 299 493 458 467 458 493 129 467 717 792 105 81 156 39 53 14 217 258 46 741 145
82 185 418 867 516 403 403 454 867 598 867 454 51 61 198 1 200 183 887 621 3 211
32 86 98 294 29 180 151 146 46 93 18 223 131 253 55 145 210 183 184 171 9 124 37 209
30 75 80 144 162 118 289 79 463 289 118 463 534 118 79 241 117 197 124 164 95 70 197 990 12
5 27 88 114 135 140 198 771 37 290 90 158 197 188 267 152 120 171 179 64 235 134 58 67 139 72 96 61
47 155 121 125 125 92 534 865 121 118 865 164 241 709 117 228 216 990 197 886 523 37 244 233 205 286 17 96 81 248 142 282 139 42 162 273 269 134 246 122 93 91
26 123 213 454 418 516 403 403 403 598 631 598 192 32 239 183 621 148 61 3 236 230 200
1 8 52 96 123 216 252 15 153 189 266 284 555 930 922 944 86 284 256 313 194 226 9 167 18 230 774 199 122 229 118 22 223 182 260 244 164 297 129 207 285 147 73 74 69 268 65 194 274 220 240
38 180 443 97 169 291 70 155 178 149 266 104 5 42 229 29 68 94 54 144 0 235 61
82 151 189 215 58 228 209 54 87 294 287 133 263 255 13 73 21 299 177 104 236 277
36 254 274 238 299 42 92 286 187 261 18 160 103 13 219 145 106 152 72 52 217 263
150 157 205 277 443 134 182 11 6 115 30 260 287 0 125 250 271 196 222 240 224 66 189 292 149
295 289 534 463 463 534 118 118 118 534 212 124 19 197 886 523 18 990 241 164 70
209 220 80 26 102 136 85 267 35 232 256 253 76 98 182 139 203 127 281 152 3 33
68 208 223 774 202 202 184 138 576 625 774 765 138 433 605 5 214 81 55 149 365 576 136
80 197 278 112 135 183 127 89 46 38 239 287 247 184 124 221 199 55 121 233 48 128 195
50 64 120 128 296 93 283 10 134 225 46 86 78 248 261 270 28 39 131 14 167 249 243 292
163 229 43 44 242 135 143 15 1 190 130 22 67 252 54 278 272 235 182 192 274 269
19 238 276 206 11 2 145 185 9 225 20 141 7 67 284 155 89 161 124 19 17 117 119
9 63 227 403 896 608 682 405 724 329 704 135 17 976 646 777 109 265 133 908 59 363 148
159 166 197 214 12 129 264 237 206 262 251 150 159 292 157 215 134 130 220 92 41 267 208
18 36 14 29 226 286 49 35 140 259 52 262 229 199 174 141 294 10 253 218 26
13 241 259 187 34 38 191 180 289 68 70 134 95 17 118 156 100 96 160 258 119 147 132
168 238 270 285 1 78 42 234 223 275 193 25 198 131 29 230 80 93 86 141 267 38 158
0 40 163 200 184 576 202 765 955 138 765 774 214 576 55 149 605 107 574 55 28 298 136 112
96 108 193 278 474 249 8 78 254 263 199 232 84 10 102 256 20 177 196 108 144 274 126 178 128
11 25 62 77 213 273 276 765 955 625 765 765 202 576 765 202 112 365 605 55 771 28 81 149 147 136 298
6 65 4 151 24 220 80 102 212 279 241 93 139 183 251 288 49 172 171 254 149 116 133 850 663 850 574 850 503 963 663 503 133 400 36 316 729 57 277 222 33 158
174 443 290 503 574 133 400 400 574 663 850 290 503 963 316 913 946 296 158 36 5 192
252 68 230 142 259 265 121 121 237 139 285 202 84 103 117 279 182 204 256 57 123
58 106 208 279 104 11 77 182 150 164 55 238 153 53 41 251 210 32 60 239 267 114
18 37 138 221 196 138 119 102 42 162 273 224 243 298 209 85 242 257 140 166 47 56 239 153
196 291 443 30 158 115 102 28 288 271 113 35 40 89 205 78 79 38 20 123 41 153 5
12 110 167 273 118 865 463 534 289 125 121 79 463 139 196 70 12 164 990 68 124 198 19 886
243 277 167 250 252 14 24 56 31 242 169 225 54 70 80 245 117 193 104 232 297 92
61 85 191 203 285 108 96 70 117 188 112 253 205 29 274 226 151 214 86 153 83 101 24 35
32 105 226 275 746 53 44 286 138 36 33 20 99 28 249 14 260 206 73 154 90 202 137 3 261
43 90 208 230 285 59 50 48 281 204 113 236 275 72 88 263 222 259 118 140 137 98 25 272 129
2 19 40 103 115 229 230 289 284 293 86 256 181 94 52 77 275 13 82 258 100 200 279 139 3 109 123 45
55 130 221 189 31 42 44 200 273 109 263 222 191 152 139 70 115 55 180 1 13 88 203
13 153 463 463 125 463 463 125 125 463 409 409 70 198 990 139 12 37 197 241 134 164
83 183 293 467 493 792 493 528 528 540 493 476 271 609 118 44 165 91 14 313 768 105 863
39 183 195 263 647 69 19 80 161 166 249 217 250 195 109 299 86 118 77 141 156 296 291 74 232
25 248 233 263 197 32 56 176 142 83 98 227 51 45 87 109 22 210 89 47 173
25 52 155 214 269 250 172 82 154 215 130 121 5 14 4 245 229 167 242 168 20 2 118 56 156
60 67 89 102 221 240 252 277 292 115 139 282 263 5 191 198 109 11 141 179 243 75 289 29 112 151 155 97 218
49 119 277 287 443 458 540 476 476 528 458 717 540 476 792 493 46 44 118 81 14 39 105 967 217
166 167 266 250 252 204 161 263 202 125 261 126 162 127 77 178 98 142 238 20 208 118 18
269 293 96 297 4 196 242 229 244 78 245 267 38 285 97 154 21 34 152 15 117
23 97 118 207 226 263 119 25 0 254 73 169 54 151 255 212 182 209 99 298 277 36 70 117
24 37 61 93 182 189 184 124 68 157 93 2 270 250 152 268 185 291 56 20 130 81 72 272 248 106
54 57 101 173 221 264 211 254 75 108 117 215 170 24 43 90 35 188 122 243 218 138 97 16 284 175
89 203 282 968 603 260 260 968 595 28 190 213 968 24 558 43 432 534 29 33 224 352 291
22 47 169 195 274 183 255 36 111 12 126 81 296 176 146 188 83 8 2 257 16 131 21
232 140 179 193 555 555 922 61 6 256 284 91 79 118 229 724 18 9 230 91 122 194 292 237 72 196 248 188 151 1 283 282 5 48 126 270 146 114 35 129 242 67 76 286
982 93 244 463 534 534 865 865 125 79 118 534 121 139 18 68 241 70 37 198 134 197 164
15 91 254 266 54 233 54 138 192 529 764 567 192 562 196 236 32 938 295 249 196 514 192 239
30 42 292 824 769 866 522 522 522 769 866 209 53 683 977 158 23 616 258 644 429 223 710
3 42 746 157 251 44 291 52 281 32 37 185 227 35 273 73 231 124 2 104 153 131 200
16 228 746 113 258 201 157 10 167 239 175 95 260 227 96 158 149 193 202 245 298 273 102
88 142 50 247 73 217 10 142 263 195 98 27 294 31 268 174 292 161 66 269 183 43
43 70 151 118 118 92 463 79 534 118 125 289 196 990 37 18 12 164 139 134 241 270 228
66 127 138 184 955 625 774 574 138 574 138 5 594 605 118 351 365 578 107 994 214 576 136
171 292 72 26 1 80 225 89 207 167 202 5 22 211 236 10 205 92 234 64 9 47
142 271 292 952 6 944 284 284 256 555 930 61 944 18 724 774 91 118 292 277 229 122 79 230 297 150 23 171 165 122 5 6 100 162 53 201 42 4 98 123 281 289 26 41
150 151 194 232 258 206 190 148 85 97 200 59 147 72 30 197 278 211 275 82 243 58 49 232 168
5 125 217 239 243 287 952 16 226 52 42 173 135 41 203 251 262 244 148 46 74 260 282 58 284 94 63
155 35 62 106 139 185 267 555 313 313 256 284 6 922 313 6 313 237 292 277 194 91 18 122 9 91 774 137 109 175 56 85 266 218 105 50 39 205 278 161 52 23 103 227 159 5 274
198 482 706 188 188 188 706 188 961 683 706 188 786 543 124 332 152 160 351 260 217
61 146 225 256 262 283 433 774 138 184 955 576 202 202 351 994 136 574 112 28 605 578 55 365 576 214
160 198 225 360 228 352 186 362 917 202 228 236 230 621 800 249 29 589 196 405 211 910 192
30 174 193 253 174 360 352 352 970 228 644 294 158 773 171 589 249 405 239 196 621 887 196 230
256 138 765 433 138 433 574 625 576 138 433 774 765 351 365 55 372 576 136 574 605 254 237 107 237 33 989 52 96 96 96 33 44 318 996 167 256 213 724 968 621
8 21 180 558 28 968 595 568 603 968 75 144 491 224 43 29 948 864 534 40 33 797 77
96 281 280 53 232 143 264 246 235 77 171 114 34 244 189 11 283 173 190 96 193 132
28 38 269 706 876 876 603 603 603 876 859 160 193 351 786 332 85 152 905 526 625 217 883
185 474 40 187 146 47 128 165 131 94 225 159 96 1 37 204 212 228 235 249 30 145
176 211 215 474 104 55 34 24 154 50 231 102 43 39 22 165 270 35 160 226 62 91 224 176
25 80 400 574 503 400 290 400 574 503 133 663 963 33 240 316 103 5 36 751 710 192
35 163 251 103 800 281 135 103 103 251 26 996 213 54 318 251 724 256 167 621 232 968
106 281 243 17 120 289 71 182 164 24 204 275 128 254 267 22 30 205 137 65 117 45
58 144 159 232 63 203 355 203 128 230 177 148 230 117 233 148 57 139 269 84 182 144 81 279
73 199 285 289 206 291 259 263 103 29 32 132 214 68 178 258 252 183 34 53 98 134 193 192
20 35 118 162 239 299 774 483 15 213 15 112 112 251 147 213 44 658 724 232 213 74 996 251 621 236 54
13 33 139 227 443 474 258 189 83 105 163 11 47 202 233 297 178 181 13 237 242 185 61 63 172 112
22 41 68 93 176 217 248 269 774 576 184 574 765 774 138 574 433 578 351 118 365 55 388 214 352 388 605 594
255 292 143 32 36 249 52 279 76 283 41 111 8 183 224 205 281 141 9 222 95 17
19 21 172 236 188 77 264 233 91 121 31 152 243 298 191 240 161 26 17 273 229 209 97 144
89 114 165 603 961 188 638 482 188 188 876 603 589 193 260 883 152 905 124 565 47 332 85
8 57 189 212 189 160 110 15 116 144 252 189 251 44 658 74 54 968 236 232 621 996 562 239
60 574 446 133 400 663 503 574 446 400 290 503 850 406 368 2 240 33 710 183 729
119 175 217 266 433 576 625 576 433 574 774 184 184 625 107 352 118 388 372 214 298 605 994 388
265 299 135 67 125 200 181 284 54 257 291 293 85 53 33 129 241 58 56 101 97
78 210 269 503 290 850 963 400 574 446 963 503 850 33 57 5 192 316 164 183 368 334 240
182 185 212 230 86 930 284 944 944 944 6 86 930 313 194 804 292 135 655 804 9 167 230 197 94 94 938 65 36 660 938 660 94 530 938 276 218 204 162 575 682 892 195 123
102 112 156 239 293 184 107 187 138 172 91 136 218 193 147 33 298 4 270 254 55 114 186 230 92
138 187 245 28 219 239 24 57 83 184 162 48 31 173 54 141 153 2 7 231 149 118 42
96 164 265 474 374 855 859 39 39 72 635 855 746 89 374 872 514 192 196 405 621 800 249 29
211 220 83 105 145 160 944 944 86 256 930 313 555 9 118 804 804 230 91 277 91 197 175 292 237 724 635 859 374 168 855 31 770 211 29 295 825 192 621 196 910 326 249 800 239 405
14 41 98 106 201 235 576 765 955 765 184 576 202 625 574 138 576 433 118 214 55 351 55 594 388 298
5 106 162 291 576 765 955 765 184 576 202 625 574 138 576 433 118 214 55 351 55 594 388 298
82 128 236 574 446 663 574 574 400 663 251 133 574 963 503 710 57 5 33 729 394 334 103
40 60 166 171 187 952 133 251 503 574 663 133 400 290 729 164 192 368 158 103 240 394 710 36 913 2
124 190 216 157 200 148 46 152 39 149 43 262 258 63 293 0 228 265 251 8 205 4 80
23 214 788 214 85 85 870 383 463 463 735 788 788 224 939 384 113 890 253 139 97 39
33 97 200 215 157 271 297 2 91 202 104 267 24 105 243 231 183 137 98 135 170 80 294 258
49 172 177 198 169 31 160 108 273 97 205 1 158 252 112 283 240 33 93 199 139 4 191 203
188 11 514 11 432 342 381 432 381 266 15 840 59 64 580 621 268 323 427 34 720
51 76 86 167 293 282 94 94 564 260 854 328 293 238 963 120 298 657 61 503 69 215 41 52
120 432 777 383 383 974 777 421 653 468 196 621 578 859 873 825 192 887 295 589 800
108 167 230 288 148 280 72 24 65 30 127 98 266 83 63 49 204 82 256 296 75 37 90 171
293 870 214 870 463 214 640 383 383 788 870 404 404 270 224 253 262 497 57 939 771
50 64 170 81 68 5 169 3 100 172 168 237 219 47 244 235 7 73 149 70 134 297 90
43 50 54 198 63 68 93 169 256 267 6 61 930 930 922 922 6 284 229 9 292 79 237 804 175 804 197 317 194 724 493 458 540 593 792 593 528 528 476 129 271 81 768 239 779 156 524 217 364 316
11 32 41 58 176 258 129 458 458 467 493 467 458 540 467 46 967 364 271 316 81 271 14 768 863 326
17 262 267 938 98 185 273 175 257 74 17 2 10 93 147 153 274 261 208 20 205 115 82 124
27 57 246 276 270 280 212 23 121 118 168 3 84 261 126 135 29 65 46 263 32 221 12 296
64 85 796 796 587 32 500 299 299 230 32 32 563 299 196 589 196 873 796 578 29 32
19 107 675 452 389 591 452 421 25 452 821 367 931 40 30 705 913 873 289 30 819
40 160 161 169 638 61 930 284 284 61 284 256 284 922 79 292 804 167 175 9 135 945 804 317 229 259 80 279 250 64 19 222 4 176 75 288 253 73 291 221 127 45 139 124 99
63 275 548 106 251 278 28 160 162 167 103 273 178 36 50 99 135 166 233 112 261 113 283
139 171 271 235 174 166 123 260 180 52 194 5 111 55 182 33 78 244 172 138 161 227 102
56 140 170 226 227 156 53 21 87 124 297 150 163 39 142 46 199 126 151 201 143 184 27 275 102
299 552 931 71 60 46 552 71 60 71 280 798 671 379 910 192 825 32 873 230 196
75 126 210 829 829 454 237 640 614 237 22 454 829 176 77 148 116 129 35 729 60 131 829
210 222 169 231 201 125 127 97 227 27 225 5 245 272 202 115 168 246 192 117 15
41 170 175 259 55 151 234 237 244 53 230 284 292 20 239 206 236 25 254 261 169 112 260 203
86 96 191 774 433 202 955 184 138 574 55 578 605 352 594 771 28 107 214 574 351 298 118
99 156 189 190 487 225 806 687 570 921 860 806 145 76 562 213 658 996 968 54 724 318 44 324 236
167 180 94 687 860 919 437 860 332 983 208 860 240 686 996 251 213 621 213 324 239 724
50 215 287 75 76 133 70 163 204 246 83 181 251 68 8 2 241 283 239 71 248 69 215 62 603 215 259 286 286 139 139 62 159 227 943 47 83 201 336 562 132 389 150
193 226 792 792 458 476 458 129 528 493 792 717 105 217 239 316 863 313 326 81 364 46
232 89 83 166 207 211 63 202 198 188 162 290 163 86 204 66 185 298 285 80 181
26 175 286 251 133 963 251 574 663 574 251 133 446 400 290 334 164 57 760 220 158 394 2
12 102 176 296 104 77 285 82 168 78 1 156 163 176 127 55 7 258 223 41 248 234 280 109
36 149 274 244 28 192 112 184 176 218 239 77 12 133 186 76 295 85 261 59 119 222
66 119 265 204 166 68 256 18 30 185 284 182 217 190 282 3 133 238 54 134 192
58 103 952 121 125 125 125 92 409 534 125 118 118 289 713 12 37 798 834 19 270 197 709
129 137 152 108 530 108 65 94 530 644 644 644 42 414 314 374 892 3 249 793 905 218 439 176 168 121 111 65 203 139 207 267 151 152 58 116 274 6 218 250 279 95 288
7 32 181 256 165 12 61 107 296 126 222 146 235 159 204 110 66 233 71 239 103 164 72 51
62 93 207 640 494 421 640 740 740 494 454 919 421 22 104 272 295 342 176 121 494 77 86
121 670 32 107 219 227 236 555 6 930 6 6 930 930 930 356 292 122 230 79 945 194 724 135 625 317 804 743 313 313 130 313 713 741 969 678 313 454 69 758 41 616 4 159 52 7 657
130 390 39 179 189 45 179 179 316 220 164 394 33 760 57 334 368 158 192 103 931
218 100 256 256 61 555 930 313 930 944 256 317 237 122 197 356 804 135 945 724 9 167 208 911 399 705 715 522 705 633 208 208 705 399 340 367 748 48 931 819 40 23
118 128 156 270 449 655 669 680 272 669 187 272 549 187 729 272 902 525 213 621 44 213 239 996
78 161 180 233 788 640 404 788 463 404 640 870 85 788 452 262 547 939 137 139 612 813 509 349
13 94 152 175 233 576 765 576 955 202 576 574 774 184 576 765 433 836 55 605 372 118 107 388 298
53 69 168 870 788 640 640 452 404 870 788 85 452 463 463 110 224 270 612 771 509 262 813
95 161 238 135 271 97 41 18 231 86 206 79 182 167 123 277 9 117 100 274 225 23 19
19 59 123 142 262 270 474 196 273 215 116 194 101 20 201 3 225 97 104 165 19 24 202 277 237 289 182
57 86 191 222 276 670 229 68 218 45 1 259 125 289 257 30 204 100 31 122 179 62 33 242 237 157
15 138 92 139 135 285 192 138 50 191 204 112 88 258 147 7 171 65 264 167 165 244
21 47 109 154 265 87 255 279 77 155 295 144 140 167 104 260 180 60 182 70 164 205 214
6 93 368 798 640 597 280 157 680 96 280 597 383 96 96 106 556 236 133 220 204 229 508 460
298 368 16 16 250 648 572 572 198 250 121 16 217 279 57 2 913 368 316 103 164 158
172 214 270 870 870 497 252 788 870 337 585 890 788 241 476 230 29 211 192 196 423 800 196
101 443 94 938 660 530 530 88 36 644 94 108 65 660 518 204 439 905 276 374 793 804
29 188 952 289 45 286 219 124 139 68 196 8 275 78 80 152 4 192 202 129 106 199 296
73 111 141 550 577 129 588 540 812 577 540 161 4 616 159 813 641 61 263 7 79 41 52
60 87 103 110 52 88 99 297 235 160 136 204 9 294 72 131 296 115 47 39 38 202 10 121
45 171 746 383 383 640 452 463 640 640 39 113 939 110 771 868 137 547 57 509 384 97 349
22 36 172 176 247 142 174 175 219 263 189 158 24 297 190 25 283 272 172 77 173 91 46 182 180
231 253 482 609 869 555 482 135 801 718 482 820 801 482 167 213 621 54 318 902 251 724
11 41 44 157 291 370 482 609 869 555 482 135 801 718 482 820 801 482 167 213 621 54 318 902 251 724
