92 209 512 25 153 155 192 263 267 30 21 140 183 33 292 188 215 150 60 93 64 231 276 132 179 131 22 56 204
36 168 178 25 954 169 309 98 48 312 756 87 678 179 719 833 879 735 557 587 605 911 825 294 161 3 130 124 291 38 254 261 299 76 211 95 288 17 256 298 227 241 52
131 256 175 151 157 69 53 65 215 8 17 28 29 27 247 67 96 75 131 163 155
629 194 283 282 12 22 254 141 250 251 95 8 168 231 118 144 74 56 204 128 138 105
77 79 119 151 166 2 30 103 140 280 147 467 164 147 931 164 641 219 390 144 144 282 358 111 476 241 358 789 454 720 252 127 277 195 242 50 126 34 134 90 194 229 138 125 66 129 169 265 204 297
126 152 251 61 94 100 65 28 242 142 102 213 110 200 125 257 236 187 206 85 181
2 191 215 89 40 235 157 255 71 227 268 0 139 294 177 179 107 56 254 116 80 131
33 149 153 202 213 0 19 87 63 269 227 78 222 28 41 195 130 140 36 146 268 280 121 102 171
72 120 168 20 178 263 7 162 125 114 65 116 38 118 165 201 55 103 121 170 296 102 173
96 106 204 113 191 226 936 169 829 720 853 374 318 949 501 593 250 141 50 95 234 35 275 762 654 949 263 25 58 42 156 22 251 222 57 230 213 184 183 28 68 236 187 143 4 47
77 85 133 182 299 198 27 217 60 144 20 72 143 96 281 104 85 40 120 187 247 49 17
122 258 192 240 13 225 151 193 255 186 36 91 179 108 207 38 195 176 196 202 278
44 66 75 185 197 202 226 298 203 194 268 161 88 243 104 54 66 129 99 31 181 259 94 265
35 69 83 94 263 294 58 144 17 235 109 143 213 135 222 202 262 70 118 133 66 4 297 237 28
191 210 241 94 6 256 147 203 127 254 259 121 154 82 255 139 56 274 149 264 163 79 90
96 183 140 222 16 224 107 82 63 42 76 259 115 252 104 206 100 36 68 17 49 88
31 162 248 276 216 184 35 103 106 242 211 60 24 151 62 240 198 298 218 9 23 92 171 32
11 17 193 213 220 275 187 289 236 182 203 181 222 167 55 200 12 273 177 102 101 180 295 142 209 79
16 187 262 298 47 196 22 215 68 109 183 283 59 17 52 115 246 297 144 111 166 12 37 251
45 109 123 66 17 28 127 138 58 256 283 47 291 166 11 174 165 160 117 98 134 267 77
28 42 229 149 147 9 59 273 263 250 162 185 100 212 42 267 204 135 200 60 223 236
10 88 176 290 158 222 257 113 39 140 159 251 183 295 244 215 291 120 86 12 89 276 149 154
119 8 280 255 74 110 72 87 26 123 112 144 38 217 259 195 64 85 147 168 289
629 55 203 250 124 143 291 137 221 1 178 275 59 150 130 95 32 104 52 174 135 53 43 195
70 168 187 111 193 40 96 6 48 51 209 20 215 99 218 166 183 118 135 173 76 5 12
37 73 151 198 164 63 222 295 36 155 46 251 11 172 282 226 253 74 3 197 299 95 254
13 25 86 65 68 163 285 228 134 222 233 164 13 23 268 62 124 160 41 232 213 243 156
130 134 169 226 237 126 157 137 51 72 188 77 79 236 231 206 47 162 7 119 8 41 186 171 6
430 40 68 124 185 195 298 227 204 292 299 261 13 153 131 270 53 93 155 183 45 145 150 243 138 237 254
215 291 196 138 172 156 35 117 30 212 91 17 58 224 219 80 131 273 7 188 48 60
26 72 20 153 220 29 11 186 157 101 86 59 49 289 167 149 201 272 60 138 187 67
45 151 200 207 218 102 444 444 444 848 686 259 259 259 848 594 828 4 140 20 554 110 683 159 708 87 131 205 178 15 236 110 20 269 245 152 67 39 121 59 233 132 26 96 247 273
286 273 268 176 260 229 200 120 22 100 208 32 256 18 19 23 217 165 282 105 129
41 96 172 284 125 230 41 263 248 166 213 46 276 214 8 54 107 9 139 35 49 249 17
29 43 109 144 180 28 243 179 50 274 246 213 3 240 203 10 93 102 210 127 45 157 35 268 31
430 568 629 42 92 147 172 251 288 289 294 272 168 106 241 105 18 274 144 259 153 206 199 271 127 223 131 161 98 15 101
34 54 138 226 283 73 191 272 259 928 444 259 928 259 756 928 459 259 426 756 89 140 120 828 594 220 554 708 75 216 170 58 183 253 204 298 96 105 265 266 115 163 2 44 155 99 268 288
17 102 152 217 230 174 204 227 230 219 249 83 54 96 256 180 275 269 173 24 231 33 265 127 73
87 181 245 256 280 290 426 426 901 444 459 901 327 848 756 792 140 472 594 148 751 120 159 4 20 89 58 129 161 73 182 159 252 101 128 117 46 143 36 50 114 89 102 27 196 277
39 76 95 245 286 296 22 45 241 262 214 141 74 38 221 276 185 133 233 153 207 223 151 235 110 100
21 151 99 11 118 98 191 129 71 102 194 29 111 28 105 229 41 106 210 212 31 150
22 35 38 73 128 207 219 237 49 103 211 39 156 19 287 107 260 63 133 239 42 30 261 205 135 276 207
430 76 112 238 285 541 864 848 86 349 349 864 864 295 864 864 140 17 280 515 209 251 62 125 503 94 233 93 192 283 100 285 244 145 4 234 177 187 249 9 190 79 36 58 293
3 161 218 284 56 39 270 9 226 259 161 157 222 275 255 280 38 25 29 256 3 282 120 225
57 210 23 166 61 182 16 296 248 51 273 284 31 47 57 164 75 170 276 90 269 173
15 126 184 223 249 258 291 260 242 232 192 127 12 51 122 11 261 271 187 82 17 169 69 16 108 107 293
167 183 185 196 293 268 229 262 200 161 128 233 274 86 213 16 211 189 180 181 164 218 111 143
831 2 90 296 686 901 756 459 327 848 756 259 327 444 426 901 601 554 683 618 89 594 708 148 82 264 135 234 182 10 87 86 197 260 109 78 163 274 64 299 177 203 241 47
9 49 298 189 0 53 20 132 242 154 169 163 241 258 67 285 188 77 50 298 160 294 51
104 217 227 22 192 137 16 192 243 115 163 247 163 973 250 210 444 232 226 213 844 844 520 439
238 146 245 74 34 34 5 13 497 227 131 256 177 161 117 210 96 891 832 214 5 294 79 127 278 257 82 97 58 171 71 221 271 124 146 119 89 299 34 289 223
105 225 91 142 84 186 114 220 119 223 130 177 257 221 13 112 216 202 281 68 249 93
143 274 29 160 231 36 64 47 30 27 232 298 276 56 162 181 19 272 213 44 193 139
105 111 173 283 629 98 269 15 95 255 255 336 336 336 255 70 159 683 68 683 563 23 32 77 250 202 28 203 242 80 223 243 59 180 73 121 150 185 213 65 158 214 89 170 126 42
218 258 50 63 121 244 120 278 272 27 245 130 207 139 32 234 252 184 115 7 236
41 90 59 5 62 35 222 278 107 8 177 81 20 219 26 168 82 17 11 216 44 140
430 10 178 193 195 268 36 89 151 680 244 255 336 244 95 244 244 23 194 298 77 68 32 58 427 263 563 250 202 193 41 244 132 293 279 235 254 77 111 227 267 67 266 35 162 253 286 10 104
84 144 245 191 124 288 230 213 277 143 264 269 120 292 193 113 221 21 0 218 210 119 109
72 96 181 219 286 29 217 149 117 36 80 129 290 132 286 225 180 268 58 210 93 151 73 92 175
838 14 124 196 258 255 92 132 245 22 171 275 4 289 23 243 87 48 244 162 16 268 57 188 169
140 156 81 16 15 93 127 83 52 17 88 112 10 125 266 21 183 298 4 218 59
55 181 118 207 245 680 502 95 15 336 255 500 244 796 298 23 58 32 103 68 263 250 260 141 427
46 112 146 154 167 193 202 257 255 244 15 680 269 680 255 500 680 263 563 103 298 250 202 427 260 796 23 70 198 159 106 88 254 6 276 34 103 59 189 292 81 0 284 27 8 239 133 228
838 142 249 262 58 149 88 236 18 293 111 221 271 183 232 47 267 185 296 38 125 251 1 213
563 110 214 268 297 229 114 170 241 2 222 279 140 19 35 275 274 282 267 203 235 41 53 107 134
39 101 278 297 114 291 17 208 80 29 61 41 215 27 65 84 43 191 78 141 132 47 150
11 36 65 248 108 192 259 247 114 223 227 25 81 134 220 32 118 49 262 73 270
52 156 213 191 83 238 245 168 265 170 120 64 188 121 184 273 58 198 149 264 131 63 268
64 78 124 144 154 246 151 172 205 42 261 61 109 238 99 199 13 0 219 209 283 97 25 60 102
831 7 115 128 225 263 78 18 16 111 295 279 187 130 28 98 274 222 92 73 192 50 211 59
128 41 43 33 0 84 7 134 76 181 112 124 62 78 17 64 127 74 263 123 106
3 216 115 166 89 243 165 130 261 245 28 65 212 228 229 250 113 69 52 272 122 137
629 184 170 80 255 28 51 225 30 160 245 16 198 122 267 152 166 34 227 102 247 163
19 211 215 228 211 974 127 657 974 327 211 613 613 631 207 151 280 212 951 242 55 46 136 59 135 288 170 9 29 140 227 159 151 82 262 43 238 249 215 71 121 296 65 100
19 55 177 229 44 65 157 255 116 245 167 167 116 180 245 62 928 59 192 831 846 173 64 298 56 278 503 170 139 149 202 47 125 265 263 282 280 290 98 286 20 111 248 192 154 166 100 31
128 197 129 167 8 298 100 10 156 185 37 117 246 111 34 254 166 151 41 238 43 225
629 16 41 206 247 56 94 83 660 83 798 708 708 140 789 980 140 478 804 459 299 258 43 187 903 43 537 134 148 181 129 263 250 246 158 22 74 187 224 92 293 15 70 149 186 117 170
17 91 270 127 12 32 185 4 50 234 47 131 24 284 266 274 138 17 64 10 183 272 11
261 231 146 292 138 191 199 84 22 108 229 268 230 143 200 170 36 68 57 58 61
77 278 207 95 230 120 266 111 99 11 257 193 74 109 127 21 44 202 135 72 181 289
146 160 74 101 238 45 51 192 124 280 27 53 277 222 126 131 37 221 95 114 55
64 198 207 243 760 123 627 183 123 298 269 108 162 192 64 831 170 155 56 971 44 89 173 123 33 143 241 8 219 157 63 284 244 5 260 197 164 125 256 2 298 15 270 283
118 193 215 241 16 13 228 51 223 225 88 142 126 284 156 64 184 2 265 137 140 269 165
153 154 71 188 275 46 248 23 260 116 285 40 183 153 20 124 132 85 173 291 63 174
7 155 285 195 177 273 263 100 231 198 49 86 111 267 113 200 255 193 242 180 204
148 222 237 249 287 186 237 37 215 281 247 3 251 121 267 220 163 265 205 243 190 264 96 166 258
74 141 239 263 274 275 130 241 103 8 267 90 210 112 41 198 162 259 167 144 109 40 5 48 69 30
68 99 124 154 88 158 209 193 12 246 293 145 77 208 8 225 93 155 17 87 240 104 172 182
33 73 234 244 278 186 154 180 92 64 169 281 181 111 4 299 32 50 95 155 235 73 257 127 16
629 46 19 99 208 272 37 803 140 8 166 37 791 371 420 8 789 5 181 771 283 10 103 66 202 205 124 158 89 14 249 258 24 228 268 41 130 28 171 160 194 103 279 217 189 136
19 213 279 53 75 147 36 63 7 141 73 144 100 278 192 259 90 30 128 276 127 69 174
226 238 1 26 277 279 228 104 68 111 172 103 71 223 69 167 289 202 241 67 235 237
18 88 251 275 287 24 57 177 276 205 185 10 89 186 31 238 268 203 50 73 199 106 217 244 116
200 281 126 191 587 95 255 255 269 255 502 500 269 255 336 244 37 10 202 23 103 141 194 263 158 77 100 79 40 192 217 209 272 168 117 45 283 150 89 144 257 49 94 164
5 38 51 279 119 140 243 216 155 128 255 103 168 246 193 134 80 41 221 188 3 195 278 81
112 176 71 140 113 80 49 192 238 276 156 283 291 177 22 137 2 159 193 262 197 207
953 62 99 140 172 247 183 142 35 6 295 31 147 1 138 88 243 196 90 299 192 42 85 152 79
57 72 159 235 281 294 232 15 47 242 234 265 35 9 34 2 261 57 296 100 241 130 270 112 226 70
65 166 222 61 208 170 214 22 142 167 125 134 45 123 263 252 206 189 244 163 240 124 195
59 831 21 29 128 143 148 207 245 52 268 129 479 164 249 264 346 272 583 3 571 213 272 357 222 155 172 193 184 273 6 113 205 66 64 43 23 177 123 294 47 161 1 293 221
41 73 175 203 145 33 115 58 70 260 100 298 98 154 37 128 66 94 206 224 161 226 208
169 294 73 43 39 219 118 216 256 42 280 96 182 61 264 235 90 91 282 60 69 210
62 180 183 276 291 197 33 14 202 79 234 5 176 235 122 272 18 80 69 287 205 227 52 258 206
6 100 153 181 191 232 103 238 111 26 101 49 62 27 276 169 220 229 10 12 182 149 296 252 93 255
96 104 41 139 253 276 127 262 91 212 250 115 299 227 193 275 271 106 89 126 64
13 41 61 201 210 280 90 63 220 219 77 112 20 114 156 8 1 199 218 260 259 164 286 13 175 169
831 105 178 260 114 23 70 170 197 274 252 192 67 17 144 258 149 83 221 208 44 299 146 85
430 15 37 51 117 149 295 296 130 104 94 189 280 276 24 68 199 197 191 98 44 286 121 271 97
95 287 276 37 260 201 26 175 294 55 187 67 288 121 225 77 183 186 65 207 198 14
737 3 61 84 146 157 196 245 128 135 45 150 196 38 34 132 192 290 191 35 98 117 28 22 23 66 298 217
128 160 199 200 217 121 125 271 93 59 166 2 270 251 113 89 200 181 28 264 79 246 34 118 201
683 6 92 159 234 263 106 191 52 53 123 258 185 141 7 179 137 246 88 276 201 221 190 100
987 255 38 86 79 32 295 188 160 50 299 129 95 72 35 265 101 211 99 40 166
987 64 75 44 184 215 67 282 293 34 11 142 20 81 124 175 296 102 0 273 39 129
21 25 127 193 216 240 258 115 29 250 87 193 53 147 208 168 142 283 162 299 22 157 73 133 10 90 111
518 737 40 131 156 195 199 65 12 97 256 124 181 80 0 163 216 220 188 63 115 112 47 98 3 290 116 116 254 204 68 42 287 226 127 166 111 274 269 227 172 126 50 278 240 236 84
95 223 185 94 4 289 265 276 181 173 141 178 86 232 267 3 192 186 266 283 166
89 195 261 61 198 246 11 77 187 96 116 39 52 280 19 172 129 131 295 44 159 73 49
227 21 141 181 65 197 212 119 183 182 129 22 255 52 96 86 79 243 25 168 237
683 45 305 683 157 201 284 76 123 109 123 76 109 147 46 503 718 971 278 89 866 526 155 458 173 168 56 282 141 35 131 100 161 113 2 262 218 193 192 93 225 278 291 253 176 84 36
594 13 95 150 186 190 194 37 77 71 252 0 238 147 218 245 249 227 152 97 63 228 93 188 223 149
30 45 205 612 963 963 631 657 631 327 657 327 963 55 296 136 718 46 212 57 678 59 117
0 10 104 193 765 704 151 217 30 151 765 937 217 937 368 661 208 357 511 328 430 891 165 84
47 110 148 174 190 305 408 58 67 111 139 213 233 144 197 272 364 216 138 206 147 92 89 22 163 245
831 23 357 746 456 232 689 536 689 865 536 48 238 456 232 864 823 299 265 219 63 176 153 218 51 216 252 69 157 97 233 64 226 44 35 116 178 249 210 208 225 150 289
13 122 64 227 144 290 142 81 225 2 271 159 8 286 34 49 44 248 101 32 272 1
544 123 160 172 229 221 226 79 123 142 281 163 9 224 187 157 76 100 92 57 85 18 115 91 155
197 206 58 134 43 24 164 261 64 186 92 256 125 15 198 244 190 247 181 65 255 238
23 65 68 183 245 114 253 187 285 76 116 181 197 128 240 259 171 298 151 299 231 113 210 241
424 52 152 2 127 286 67 132 78 136 23 212 219 273 186 12 133 199 209 103 298 257 68
135 168 486 46 171 293 305 47 437 197 262 747 190 747 747 120 197 190 419 40 441 256 830 204 289 778 747
16 47 105 166 184 233 797 185 464 459 185 74 459 176 342 459 44 92 285 38 753 227 208 112 604 141 336 15 95 255 255 255 95 255 95 244 70 445 194 37 250 796 141 202 23 427
894 249 264 274 953 960 127 175 784 953 679 901 959 901 901 901 31 267 152 89 251 20 927 339 190 79 262 120 196 120 852 242 196 179 79 852 830 48 690 256 289 19 441 9
629 831 70 71 107 144 146 255 282 176 74 6 856 6 459 176 74 185 154 227 12 92 357 227 141 199 34 243 112 19 71 1 129 47 209 37 60 51 186 204 41 42 258 167 153 109 107 122 284
0 116 202 93 178 185 273 248 86 16 61 209 143 142 232 180 110 151 134 114 241 170 49
156 177 281 70 80 255 850 173 800 394 622 245 173 758 137 445 77 384 205 32 220 507 223 108 259 103 43 144 75 16 100 202 236 224 181 152 42 279 23 57 189 3 250 60 72 263
90 97 177 218 287 255 296 281 94 60 248 211 109 112 136 249 234 75 73 171 108 128 48 118 68
128 153 291 253 242 24 76 282 28 1 62 5 79 145 52 86 179 171 225 80 41 188 163
14 63 100 141 156 291 287 245 125 116 54 239 143 147 112 222 76 148 251 22 73 77 250 87 114 233
831 123 135 208 107 20 204 236 179 136 191 112 252 85 174 21 36 100 3 163 57 0 88
9 44 75 10 15 149 153 183 296 305 865 605 645 605 532 326 624 640 3 240 70 644 848 664 6 730 882 326 26 230
64 106 471 532 559 253 253 532 624 532 880 532 253 559 848 26 640 664 644 623 154 730 192 203 76 225 75 90 55 299 261 130 11 56 121 59 163 77 208 69 110 117
831 937 953 14 159 185 187 203 282 19 136 156 172 161 36 77 11 60 218 219 59 190 289 6 121 234 175 66 24
17 134 137 139 248 298 953 8 92 230 266 766 845 266 134 802 766 904 275 284 160 384 207 207 202 145 976 117 958 103 165 179 240 42 85 230 192 250 207 44 80 161 4 186 89 189 176 294 259
290 178 214 17 481 214 360 415 710 100 504 673 118 840 232 127 616 749 358 454 135 784
797 258 549 9 857 9 857 626 258 9 457 9 574 761 125 129 117 594 125 110 563
30 44 111 150 257 857 626 258 457 258 151 525 151 594 836 771 884 197 802 16 125 882 600 574 117
629 144 169 236 929 465 863 913 361 108 716 108 985 913 262 985 208 193 76 129 198 848 355 932
19 69 170 756 459 444 259 928 928 426 259 756 459 194 601 922 447 691 472 828 792 971 579 206 247 139 166 185 283 197 180 19 226 239 57 40 213 1 106 61 104 223 103 298 213 173 58 256 231 284 12 278 204 122 42 239 47 38 299 113 147 163 296
51 137 138 459 85 126 220 247 334 451 208 702 998 998 451 998 738 967 951 334 401 529 57 269 191 492 248 311 144 55 274 87 256 182 158 228 111 289 77 241 186 89 9 88 201 224 157 62
119 245 105 249 129 182 258 202 19 267 15 45 144 147 41 39 47 256 104 264 115 118
202 286 294 21 93 104 109 167 260 801 753 692 340 809 730 692 555 109 248 834 863 289 235 499 364 207 718 133 477 138 146 179 159 203 117 221 134 171 215 88 180 38 133 110 260 11 204 297 122
25 152 157 169 245 82 104 124 125 135 163 229 264 868 478 868 824 932 346 831 749 868 159 927 406 391 803 570 130 790 4 720 834
36 165 179 213 218 643 814 750 667 766 643 638 311 893 492 385 631 57 161 208 269 643 192 375 107
184 263 649 127 127 489 78 715 551 572 489 776 551 111 820 184 726 190 105 900 754 773 208 199 185 144 204 52 137 248 133 25 40 114 139 146 172 59 4 161 101 191
378 105 260 211 199 120 172 114 137 218 155 223 285 6 11 145 18 136 243 200 17 174
2 33 103 120 139 293 544 36 156 183 289 79 79 409 534 865 125 463 118 125 289 92 534 124 798 886 270 834 134 37 924
378 3 9 30 59 108 198 205 999 251 930 251 643 649 552 643 524 394 910 552 98 52 35 34 119 791 863 137
106 209 240 97 844 776 722 97 564 908 415 931 780 758 367 280 408 34 271 822 82 317 782 138 122 104 265 213 293 101 127 106 53 248 251 295 177 142 109 218 162 97 201
117 123 219 217 296 259 164 125 10 120 228 148 172 82 108 191 260 101 106 134 230 85
102 903 71 96 736 228 477 28 800 113 41 800 28 800 800 162 839 294 808 98 838 428 960 129
157 233 235 285 607 135 297 137 135 137 214 285 297 600 135 52 894 19 413 270 243 161 156
44 217 346 292 161 412 271 878 575 599 529 161 292 220 492 294 248 385 760 529 191 208 265 220 77 259 58 75 37 161 116 128 127 273 45 96 130 247 23 223 188 186
