18 262 10 188 369 178 275 186 266 196 33 228 285 200 297 155 93 62 278 238 34 105 67 257 79
183 220 244 290 358 244 906 201 269 339 518 387 55 463 905 237 988 94 140 332 722 847 437 290 456 745 577 500 456 544 110 544 110 504 705 504 650 884 705 329 705 899 884 745
40 106 347 425 80 282 118 307 282 421 381 795 266 853 131 112 809 260 417 417 728 702 809
117 255 10 620 511 894 10 51 882 521 156 255 504 325 281 64 597 22 76 270 97 9
58 634 827 611 395 412 395 139 242 331 611 559 242 559 412 193 93 412 77 192 257 61 226
8 202 870 383 500 95 135 135 682 92 500 79 385 37 578 72 196 543 79 281 740 268
119 251 776 25 186 15 155 124 295 229 207 139 252 76 273 235 36 264 268 119 195 230 214
111 146 536 181 853 181 689 853 105 853 181 689 45 554 462 72 364 911 61 342 104 148
16 95 559 453 446 750 813 813 813 750 285 322 957 322 273 915 13 919 55 64 80 735 20
927 198 239 241 355 698 116 294 6 165 89 262 182 233 23 237 46 20 255 92 57 74 257 168 37 245
58 127 140 162 192 418 144 32 208 653 462 165 61 183 559 962 156 0 232 292 128 894 237 269 974 528
156 270 275 279 418 7 200 21 278 260 232 73 209 228 261 159 84 290 194 26 123 154 130 117 135
105 295 258 36 155 161 242 247 255 248 165 147 123 289 212 298 187 62 133 204 47
51 72 107 194 198 268 776 822 172 186 233 248 223 202 94 153 66 182 126 258 156 73 64 11 69 230 96 36
62 177 253 446 423 399 246 285 453 399 285 399 399 13 842 247 593 273 55 564 185 64 645
22 227 698 132 31 265 168 21 209 194 106 64 266 299 124 230 177 141 18 156 41 97 3
4 10 114 243 182 187 130 239 291 94 75 12 266 98 292 274 32 224 27 45 203 296 216 88
359 261 92 285 139 292 192 2 264 299 154 90 207 34 61 160 30 122 133 240 41
8 52 79 134 165 112 85 238 239 37 154 113 79 167 97 27 152 125 45 232 10 230 55 183
24 229 647 161 513 487 70 161 895 232 43 49 196 61 307 292 303 934 13 290 136 242
250 258 559 47 6 115 134 182 283 11 193 35 251 294 164 99 116 205 218 25 258 242 222
287 117 280 169 236 103 299 258 204 229 25 58 102 260 66 166 96 38 109 99 266
57 199 212 214 272 590 105 180 17 190 95 286 23 41 298 186 165 204 167 279 150 211 215 79 98 123
28 142 278 210 295 265 59 70 97 72 283 251 51 247 119 282 93 84 190 192 259 9 266
61 231 295 733 677 696 222 677 696 322 127 322 192 5 262 14 681 285 221 360 88 244 973
77 145 216 258 288 8 162 237 17 97 181 268 103 2 39 298 167 102 217 33 88 34 92 138 245
133 167 212 359 343 702 511 874 764 511 567 343 255 479 86 347 322 340 968 511 920 191 870 147
54 12 230 251 41 263 117 185 190 141 90 208 28 127 203 131 55 30 63 254 81 8 210 241 251 32 71 20 226 121 124 129 218 223 62 200 49 270 37 171 221
142 167 0 199 175 124 199 245 170 245 0 124 172 58 187 497 331 273 465 284 938 767
49 212 159 240 268 25 289 235 148 273 65 223 210 185 85 55 253 106 136 5 179 220
134 199 236 56 40 283 117 230 247 229 199 20 43 275 278 86 103 130 159 35 6 188 291
183 246 261 297 72 137 184 156 41 238 139 119 87 26 179 298 77 287 116 29 192 123 94 12
12 135 195 272 194 262 283 102 235 67 159 115 45 13 225 276 256 140 287 246 69 177 117 269
123 134 157 822 18 56 67 80 74 66 3 284 204 112 106 136 29 258 31 287 89 170 286 278
5 58 94 232 237 282 245 48 230 41 225 162 94 138 238 295 262 211 20 202 246 253 81 146 121
42 44 21 157 13 164 79 89 17 286 24 172 73 139 116 273 131 22 259 12 10 30
76 84 226 239 274 250 168 86 166 103 38 41 276 72 123 151 49 132 96 135 79 186 189 21 169
98 156 239 246 249 559 738 455 718 267 402 718 455 738 565 209 974 895 160 247 14 858 259 150 92 346
97 245 248 272 282 207 226 180 271 101 167 106 233 75 292 208 96 241 9 35 150 98 138 143 202
42 244 288 111 115 88 297 202 165 36 213 286 226 13 25 216 65 83 130 280 285 264 3
927 20 30 234 286 188 180 196 255 19 97 222 90 218 33 39 132 0 156 199 34 294 80 205
9 52 97 178 187 277 225 201 86 10 30 146 123 11 253 148 70 76 284 140 137 231 233 50 111 222
41 45 78 255 359 37 112 295 125 61 74 280 65 68 149 203 289 241 189 117 148 158 236 281 211
72 94 113 29 297 170 116 110 205 14 288 160 122 278 0 125 12 154 127 7 212 52 179
115 120 171 634 227 3 113 172 199 74 6 261 178 89 29 116 186 132 166 225 124 119 57 296
15 85 86 146 152 186 188 222 112 50 39 29 293 83 157 221 200 47 77 263 73 160 133 178 28 124 117 40
48 189 190 34 127 133 148 296 286 241 76 213 176 288 291 41 32 224 182 212 156 2
927 44 99 117 295 136 18 32 268 35 10 90 275 119 11 17 263 240 129 271 234 144 99 267
272 282 295 70 182 181 124 177 20 85 150 168 79 169 91 104 252 133 66 161 200 81 277
50 101 242 279 84 177 153 100 43 45 184 52 66 273 175 249 254 41 200 165 146 112 28 290
291 167 226 242 193 154 215 63 158 169 119 236 19 17 20 255 117 2 27 143 131
128 257 199 59 111 212 187 63 172 272 69 109 108 276 100 160 167 96 158 18 299 66
946 54 40 199 264 207 108 81 13 235 233 69 95 134 176 292 195 196 275 103 70 66
39 53 187 219 59 262 21 230 43 64 136 132 76 11 167 8 253 51 34 117 280 46 209 52
149 196 217 260 273 140 12 105 228 285 223 127 164 82 162 75 171 264 91 7 166 93 47 232 20
17 55 77 130 202 229 234 37 211 33 268 238 51 17 88 91 28 277 193 31 169 97 11 95 125 151
926 245 58 90 227 52 173 39 164 204 248 216 113 163 266 257 200 277 189 182 23 256
95 124 182 297 257 131 244 246 108 172 125 33 20 111 251 97 179 42 6 34 162 134 76 219
115 134 202 231 25 10 256 154 193 33 104 202 203 235 12 23 121 171 4 289 172 143 245 69
183 46 100 173 232 404 103 870 509 227 730 853 227 730 227 509 351 256 56 169 194 163 219 650 418 909 672 321 271 649 672 247 271 672 247 909 909 895 93 117 582 450 269 263 55
148 232 482 103 215 22 190 217 199 2 168 10 238 38 212 82 257 158 224 177 227 73 192
927 43 44 55 166 264 228 126 9 29 154 58 177 147 155 99 265 42 15 21 92 50 137 20 229 270
131 418 33 282 118 48 284 175 109 238 70 7 268 43 206 199 247 19 72 197 299 105
14 159 149 104 40 77 76 132 190 236 109 195 271 95 20 152 142 88 182 188 274 156
33 90 210 822 827 36 163 248 103 282 131 134 25 13 269 70 95 24 51 154 198 286 93 115 172
142 159 204 208 816 98 214 48 198 76 274 138 232 128 190 28 231 151 168 124 79 0 299 203 26
47 54 180 280 827 53 73 136 253 195 200 83 1 215 161 92 99 155 89 287 165 105 166 234 8
59 278 295 181 24 153 91 102 30 226 113 174 295 184 28 61 212 268 129 271 59 169 279
5 7 91 112 135 143 257 80 272 62 140 262 96 269 174 46 29 199 184 221 244 1 79 122 26 232 150
78 108 233 267 5 48 221 87 153 179 285 4 250 253 176 280 272 43 185 21 134 91 294 36
69 129 248 279 148 179 29 91 134 59 234 278 65 20 12 66 9 4 267 168 130 51 221 115
38 185 199 241 293 359 243 265 38 35 161 37 192 269 167 46 264 123 14 3 76 173 143 2 15 235
16 103 186 177 231 52 26 154 46 147 16 68 185 171 188 184 199 271 148 115 269 284 287
23 92 110 113 138 815 45 134 22 283 132 200 76 243 208 255 32 56 294 140 225 216 238 184 28 110
18 43 111 150 206 219 611 187 297 39 223 122 231 283 126 99 6 182 0 101 243 298 40 3 251 249 103
154 190 264 418 240 249 254 132 231 239 242 251 34 60 29 289 281 261 37 188 81 250 49 229
19 236 169 284 44 112 88 159 183 200 197 17 89 234 149 37 285 101 215 139 194 32
78 90 191 91 10 119 139 211 162 246 153 272 41 83 60 231 121 249 0 196 154 146 264
927 75 106 153 168 219 220 293 291 131 215 127 43 244 77 297 261 188 248 150 269 120 36 259 117 85
946 21 294 559 634 168 31 58 62 262 71 149 57 172 83 193 210 60 191 141 268 145 28 107 125
51 634 66 390 126 440 66 128 171 66 128 199 171 244 5 184 51 684 14 773 81 988
946 112 220 224 246 265 140 176 287 189 249 265 233 129 281 285 103 284 39 169 280 5 126 28 58 77
927 32 83 156 227 822 156 92 171 267 54 203 69 95 227 141 57 91 4 207 198 153 288 22 147 260
32 172 698 62 140 217 173 258 211 107 75 294 282 112 1 115 274 191 260 265 138 194 156
102 139 205 290 222 19 19 287 171 42 287 184 5 465 244 51 256 81 988 200 578 65 159
245 634 80 80 42 249 80 80 171 281 287 196 988 184 14 773 244 167 20 65 684 81
61 64 276 103 121 135 283 75 51 87 102 127 73 266 180 124 115 139 148 54 76 82 281
215 218 131 299 107 23 167 207 46 136 162 30 272 65 35 26 155 63 253 226 126 67
173 253 733 470 38 38 127 470 470 696 360 681 283 202 41 53 65 262 128 142 192 11
472 65 43 231 108 73 32 188 213 139 235 164 288 273 133 155 79 219 31 237 195
37 192 195 222 254 19 19 278 227 226 161 749 482 19 773 51 184 578 818 159 20 167 256 271 81
33 171 187 244 472 124 269 279 195 180 290 32 140 41 236 13 252 42 212 226 194 143 274 296 100
115 146 199 221 219 144 147 207 722 54 722 144 722 144 161 139 84 159 215 203 16 282 976 212
125 170 288 270 38 137 14 113 295 26 225 202 282 112 298 85 37 289 222 224 161 19
122 150 173 294 99 197 6 296 279 261 1 110 225 41 8 178 164 211 124 282 194 273 219 270
48 115 139 275 907 798 981 459 537 981 537 907 365 459 541 77 749 400 397 380 248 925 465 373
22 125 165 75 159 288 41 19 248 261 27 50 86 73 52 99 211 67 98 84 36 213 209
72 78 162 268 283 292 993 552 293 552 335 707 707 958 335 329 997 824 732 558 138 253 221 164 52 514
64 71 221 285 289 203 191 293 117 59 171 268 217 66 260 114 115 71 70 42 254 67 219 165 65
134 207 234 258 472 195 262 290 299 287 245 224 223 112 230 42 8 280 296 151 135 158 198 231 34
48 98 126 150 195 213 244 287 359 264 251 251 598 264 333 101 177 823 412 177 271 222 499 135 123 89 19 110 167
31 56 153 156 165 243 266 542 39 106 125 163 270 73 256 260 298 65 224 210 287 91 199 254 294 242 135 45
45 79 180 231 235 187 283 107 256 276 294 247 281 228 58 223 282 211 157 176 260 31 235 290 113
24 107 251 333 333 147 823 412 101 598 251 264 873 177 19 280 271 167 143 614 923 69
83 103 256 559 284 267 147 114 77 204 252 120 218 247 165 113 112 62 60 268 193 150 233 185
36 173 199 243 219 38 61 251 38 800 38 800 61 110 54 236 562 256 54 54 251 239 167 621
927 143 634 250 74 299 25 17 152 194 113 258 81 264 269 254 49 40 178 173 253 36 147
159 197 217 270 294 57 552 185 185 57 498 552 185 498 679 275 136 156 73 283 130 134 800 973 769
220 19 135 299 227 178 106 18 276 199 185 241 179 183 294 17 286 242 32 8 212
18 49 116 177 190 278 286 815 613 271 271 909 957 247 321 271 672 957 440 24 269 230 7 70 693 291 117 472
927 195 207 46 280 247 217 162 74 102 59 157 115 23 125 130 122 91 151 41 129 241 67
125 74 91 225 14 24 122 130 156 177 124 150 137 209 253 23 297 21 298 105 196
188 283 257 2 34 2 664 34 257 543 177 219 828 690 842 203 714 294 186 41 510 165
927 66 226 197 985 483 226 282 270 424 782 149 248 273 754 242 218 299 167 670 486 69
169 188 542 276 270 17 260 175 296 295 50 148 11 206 137 263 232 129 38 30 290 70 73
7 136 215 272 242 45 182 206 18 132 37 98 145 102 110 130 153 114 123 140 181 184 75 185
73 133 143 240 634 239 28 0 239 0 348 180 197 243 197 348 0 235 76 1 296 166 8 75 167
298 102 108 234 100 221 144 160 212 253 3 248 270 179 139 224 218 140 238 192 214
946 129 150 282 192 175 19 296 52 141 140 197 142 44 61 202 246 217 219 95 20 49 139 128
50 216 288 56 101 116 335 3 450 335 478 184 450 759 536 40 508 101 732 29 864 768 86 970 787 244 222 733 38 222 696 733 677 639 127 127 127 72 53 14 202 67 11 142 65 681
54 108 196 283 847 106 35 191 54 88 15 121 283 40 195 164 292 148 265 100 3 129 251 228 60
34 63 100 103 235 239 246 359 233 217 146 122 295 30 225 287 82 165 240 36 66 297 150 62 1 34 181 104
160 263 288 472 6 3 234 261 200 84 120 153 118 102 16 140 55 61 199 7 105 177 13 282
674 704 143 298 288 18 34 111 19 165 249 100 229 252 255 57 138 7 87 215 112 117
6 91 157 197 242 79 273 282 261 279 269 7 37 148 177 80 39 276 16 223 70 256 171 51 44
946 47 252 272 634 37 208 241 76 214 187 286 126 35 2 32 253 183 33 59 95 131 196 84 207
16 30 105 275 537 513 513 26 121 136 42 129 26 42 115 146 146 17 29 76 77 620 341 18 161
986 1 130 150 215 255 247 70 32 232 46 56 161 235 167 118 265 208 267 138 1 159 149 131 231
63 181 246 271 123 50 29 57 58 280 214 227 246 160 44 243 255 225 9 223 14 239 162
84 107 152 181 261 262 218 262 140 225 264 75 9 81 52 222 36 145 294 281 87 233 221 16 141 126
252 41 227 70 119 36 141 108 7 183 251 15 218 12 2 214 43 137 157 132 178
128 166 130 265 293 182 163 216 91 214 67 34 109 234 292 162 62 74 224 277 276 121
73 93 158 235 59 8 289 7 240 277 49 170 136 242 194 152 198 159 10 65 4 218 193 281 291 133 277 194 174 278 58 24 137 206 94 198 288 118 242 169 292 259 4 241
27 33 166 265 273 284 174 40 182 273 200 119 243 48 186 55 239 251 128 136 81 213 288 262 289 234
9 144 199 213 227 252 634 288 247 30 282 285 227 170 263 157 110 123 85 279 196 223 99 125 258 55 26
123 440 542 35 30 180 275 165 94 46 233 185 36 146 128 158 247 108 227 148 212 282 33
131 195 234 254 124 107 295 31 9 25 2 122 75 22 71 235 26 299 219 156 231 275 78 249
927 101 163 178 288 29 206 29 22 206 38 263 65 188 263 206 101 828 247 759 502 8 135 161 834
85 100 197 34 245 132 94 12 133 42 122 147 168 170 292 247 173 174 92 156 22 198 120
80 163 234 848 271 271 613 624 649 672 321 649 247 26 271 70 450 291 472 93 117 608 137 269
97 101 118 203 135 19 178 161 37 58 90 62 265 202 171 20 91 120 97 22 92 18 47 274
105 120 43 236 178 137 4 18 180 297 170 298 54 100 296 233 60 156 172 72 57 45
34 516 186 902 288 960 288 385 902 902 960 163 186 202 207 162 333 866 164 296 126
204 208 150 172 150 641 641 172 641 483 252 172 534 534 43 537 136 277 947 800 188 2
115 185 193 148 33 179 245 214 155 186 237 134 16 215 113 95 249 251 9 256 136 293 152
177 186 121 84 137 186 258 25 119 139 257 267 223 147 181 66 165 13 236 274 19 154
10 128 134 167 296 359 186 115 46 46 115 115 115 482 944 944 179 259 295 157 130 286 212 682 324 432
23 62 268 290 197 62 172 89 3 232 147 288 259 32 79 255 214 112 298 246 272 193 82 4
927 114 800 514 290 133 800 133 290 337 8 109 127 34 189 211 174 122 99 454 255 90
49 286 169 279 125 53 94 137 254 165 8 299 131 193 139 78 271 30 120 295 25 288
35 273 634 125 211 200 103 192 185 1 84 263 262 210 44 65 168 45 12 246 114 266 151
222 559 189 41 133 180 184 113 284 118 174 97 266 53 293 111 169 267 27 32 275 146
34 178 186 232 281 228 96 79 132 31 77 68 78 236 74 123 280 100 172 66 232 229 4 3 53
11 57 189 297 128 12 50 28 126 296 189 146 29 174 220 188 156 264 164 137 4 231 291 194
39 184 222 559 160 178 106 23 173 50 297 224 10 287 268 47 285 234 253 33 83 298 85 168
168 236 299 180 34 286 43 261 154 206 233 237 200 32 211 44 135 190 294 41 117 218
39 296 297 70 3 5 184 278 49 238 192 37 264 120 16 2 125 155 299 212 289 191 277
95 542 223 967 247 247 278 787 718 172 324 4 212 130 490 453 157 259 487 286 10 185
12 292 166 163 227 280 191 136 84 269 173 162 279 0 209 298 120 60 132 282 17 125
46 157 165 50 25 363 22 391 164 638 112 363 638 638 146 184 20 5 159 692 244 606 81
949 29 61 279 234 218 77 245 138 113 101 75 100 11 135 294 270 87 5 74 214 10 81
75 697 7 32 506 265 856 176 954 265 856 40 420 974 538 260 210 585 862 216 86 980
114 239 255 270 634 677 222 696 38 733 733 696 733 127 681 41 221 344 202 67 88 125 65 5 14
208 9 123 359 9 359 269 476 499 123 269 359 499 226 43 5 187 912 800 749 335
73 225 250 175 175 131 86 723 732 232 175 175 929 929 232 104 199 311 681 766 495 246 352
28 96 472 329 393 293 993 393 707 552 293 707 530 212 574 235 866 357 53 52 164 253 939
100 133 54 173 250 112 155 178 4 245 32 9 160 74 78 224 275 262 221 286 64 10
102 126 248 299 167 86 123 127 150 38 247 250 82 30 282 201 178 2 24 72 3 161 205 136
0 8 81 254 288 184 35 120 22 211 226 51 5 232 0 194 215 36 297 257 274 200
30 43 120 160 192 297 259 82 279 257 16 117 6 221 124 45 211 205 235 238 85 236 251 222 178 60
144 281 897 18 120 18 18 887 18 257 18 620 359 295 567 18 127 229 39 341 121 277
51 67 144 210 193 228 175 102 13 29 25 61 282 88 22 109 103 269 289 76 222 28 18
53 133 176 195 171 169 150 17 258 43 94 14 285 99 127 265 81 173 50 272 252 196 58 146
71 77 263 40 215 709 709 215 701 581 782 879 58 215 592 374 531 859 21 905 121 477 167
38 44 86 201 290 86 573 997 508 392 530 573 955 997 675 530 164 164 507 58 679 509 586 802 151 84 257 118 140 251 238 171 81 225 153 175 280 30 8 9 72 121 163 173 78 136
40 140 239 370 412 498 874 275 399 37 572 71 275 37 485 154 22 555 890 409 720 212 241 250 754 172
1 79 144 162 181 417 294 14 91 127 278 187 29 196 55 19 270 224 204 54 233 260 190 10 109 286
92 162 482 958 552 552 993 997 552 993 335 866 164 939 574 52 53 541 260 530 67 323 657
246 273 279 286 949 179 949 969 528 741 528 721 907 535 929 871 167 591 20 692 159 81 988 849
291 634 710 846 289 710 631 952 844 126 695 251 341 20 545 343 823 122 937 579 178 331
24 50 204 228 238 74 1 232 279 130 91 200 254 92 58 25 289 251 180 175 239 95
1 28 83 104 150 330 570 721 151 121 104 210 721 151 280 180 33 31 63 949 390 123 285 835 669
27 181 127 38 733 127 639 677 470 639 322 322 322 470 5 262 125 14 142 221 88 53
22 87 143 243 658 624 957 271 624 909 271 271 672 26 649 613 321 582 93 230 598 440 263 291 693
172 247 255 195 91 242 75 188 93 48 142 10 175 279 260 61 20 285 40 238 36 12 212
911 48 110 15 200 205 78 299 228 71 276 17 101 184 117 48 128 111 143 75 264 295 19
88 172 234 408 412 201 46 232 235 55 230 179 204 110 127 111 23 241 177 87 153 61 75 120 148
921 121 145 408 472 19 24 29 233 235 60 10 273 159 80 249 120 244 26 188 107 251 76 37 254
127 168 171 280 320 70 144 203 29 265 59 236 54 76 74 262 259 285 271 194 126 25 13 291 264
39 50 55 114 223 291 249 84 40 158 42 190 257 207 199 270 278 60 246 146 234 204 196 260 132 195
7 262 488 698 811 895 898 972 972 446 355 895 231 446 26 47 885 88 70 894 585 944 11 840 791 179 227 48 247 103 46 294 8 126 164 188 58 51 125 185 1 105 101 170 13
