137 244 252 286 71 87 162 240 158 265 80 251 200 143 110 22 60 149 45 49 185 6 222 294 18 55 38 130
64 320 362 89 97 185 192 530 124 929 76 61 143 534 58 797 378 699 887 524 55 16 456 78 999 756 917 227 71 15 215 166 212 256 35 177 116 108 193 75 5 261 74 297 16 237 102
151 154 174 274 207 125 154 21 256 160 73 48 157 78 247 237 204 88 174 278 18 281 145 64
785 994 167 244 252 245 8 283 26 160 21 76 252 198 153 34 243 81 202 74 144 15 180 47 101
26 29 186 192 35 194 187 8 158 163 32 103 1 203 214 223 253 29 94 282 135 104 243 28
78 171 299 655 357 114 492 81 357 655 655 631 386 244 923 492 528 504 671 655 293 260 251
994 78 199 230 277 311 648 119 119 513 119 304 311 4 266 278 140 407 462 63 667 222 27 168 82
203 295 716 716 716 439 835 439 309 716 355 695 290 240 42 266 27 716 945 205 156 290
54 77 92 101 126 138 12 172 294 212 196 251 182 133 189 82 62 94 298 51 88 47 96 64 164
48 171 298 714 236 285 217 26 175 255 271 169 33 254 153 23 73 68 50 52 91 51 83 243
135 212 320 658 39 105 148 105 148 148 148 990 788 59 125 327 220 214 990 522 103 262 76 245
279 294 714 829 311 304 247 304 231 247 513 106 238 253 4 168 37 82 290 667 140 63 213
64 134 158 177 270 680 695 835 695 309 44 309 835 695 355 44 647 240 156 209 142 290 186 410 903 77
97 30 13 211 280 112 171 18 61 259 45 164 31 275 121 143 268 35 134 34 209
340 0 631 631 492 344 344 940 114 259 955 72 241 115 285 848 187 735 251 8 88 45 211 232 74 250 73 63 295 138 42 217 200 259 40 178 83 113 230 248 82
56 80 236 298 138 275 265 173 45 93 287 97 254 16 59 282 260 38 225 242 46 102 236 111
27 147 258 609 178 69 32 90 95 211 285 163 65 203 67 91 100 218 94 108 58 1 298 143 586 682 682 682 241 273 682 682 291 241 307 870 155 192 511 250 489 223 992 961
55 85 248 356 101 267 261 42 40 204 47 229 22 189 122 291 58 273 241 293 180 57 162 186
994 3 12 81 87 134 237 264 211 73 119 282 177 63 64 2 158 173 16 181 149 115 51 122 250 288 43 292
830 94 103 219 123 40 43 255 126 293 89 221 244 192 261 193 52 95 38 235 98 69 25
994 137 210 344 940 81 631 81 631 631 940 655 940 344 357 88 293 260 8 199 24 211 107
994 83 173 187 255 260 651 829 36 829 823 36 516 182 279 592 601 492 196 591 560 19 304 223 161 25
5 46 147 270 240 23 217 215 279 117 133 21 123 68 186 11 221 211 152 41 124 287 100 210
76 200 296 188 265 83 181 213 147 212 247 251 129 111 47 144 158 8 195 222 248 228 223
64 249 263 277 27 211 160 160 53 145 231 240 177 27 117 248 7 437 163 87 11 23 282 487
235 295 11 11 11 11 225 147 81 11 248 938 225 158 79 131 890 87 990 149 13 522
258 648 648 579 304 829 231 648 648 648 829 238 258 37 168 502 257 89 8 822 277
29 72 206 210 269 609 270 75 94 244 204 240 205 284 171 214 207 280 177 45 90 185 67 58 115 11 55 730 682 19 194 19 101 19 194 887 19 50 437 132 294 102 11 271 117 171
91 230 904 833 441 441 900 833 904 809 126 29 136 262 77 273 216 27 135 221 262
71 85 92 69 171 290 278 206 133 60 52 192 97 159 220 124 44 100 104 209 172 296 115
960 98 169 285 356 246 46 51 84 152 271 213 55 171 245 41 243 120 183 102 149 275 52 167 32
64 104 155 175 281 284 45 59 185 258 5 229 265 69 8 253 93 100 163 286 13 181 261 57 277
32 34 138 283 74 248 80 9 298 150 163 73 110 130 147 126 113 121 259 263 226 8 252 62 185 168 134 94 248 0 162 271 71 65 224 69 239 276 137 177 4 48 139
950 73 356 159 281 281 281 213 466 208 45 252 45 286 11 132 437 559 23 294 102 19 116
81 149 150 273 268 60 144 112 104 14 137 276 27 81 270 234 204 121 30 17 196 258 225 191
791 237 247 254 281 251 252 208 466 133 252 83 208 70 171 102 132 19 271 487 116 87 11 23
68 182 212 235 340 291 860 860 860 829 516 829 592 43 22 213 25 592 591 250 19 296 161 560 240
951 19 200 238 356 291 448 403 291 586 989 403 586 307 155 250 67 172 164 330 528 390 297 769 243
48 237 199 207 166 283 120 262 263 146 296 218 85 101 256 230 292 213 125 144 18 41
803 5 52 115 340 150 133 64 206 53 251 175 218 138 163 216 42 282 26 97 298 203 272 5 145
6 52 156 212 232 281 357 492 0 344 631 172 344 81 141 385 211 260 735 505 229 107 528 912 8 259
150 156 159 196 236 257 285 257 285 104 257 166 285 178 79 990 103 176 262 158 96 225 522 113 48
198 236 240 258 680 175 119 214 268 274 175 91 214 115 108 115 175 172 379 547 453 125 118 246 481
133 228 242 309 356 609 229 259 52 250 7 89 68 254 233 238 186 243 143 14 128 293 28 72 159 236
27 47 114 154 165 23 61 238 53 243 247 90 141 85 261 148 208 114 284 100 49 87 117 172
791 951 63 231 272 277 609 83 222 59 237 268 83 345 26 239 254 236 181 118 58 35 730 70 427 172 379 28 225 225 171 201 59 161 237 225 119 248 225 48 113 248 87 890 24 158 13
68 75 88 169 47 112 274 219 161 60 81 8 167 269 229 30 116 298 68 169 171 45 196 251
866 15 286 680 98 293 30 260 230 274 295 41 209 207 117 253 119 171 266 138 118 203 116 103
161 206 274 67 270 125 121 409 289 289 534 289 463 79 289 197 990 19 198 241 134 12 886 37 270 227 298 115 95 181 109 30 178 147 10 190 73 215 142 97 188 105 139 85 210
71 96 269 91 23 120 248 26 280 32 135 30 60 197 111 296 299 149 171 165 37 144 232
866 14 680 946 307 946 273 989 241 403 273 291 307 137 172 255 961 528 155 250 297 465 223
123 128 238 282 256 266 74 184 189 277 98 33 196 19 283 18 16 93 99 276 208 171
951 33 121 183 609 906 278 906 145 243 269 143 287 243 269 250 278 87 248 990 490 48 938 13 79
91 134 340 247 755 231 247 648 829 304 829 311 247 755 648 37 89 277 27 126 257 8 137
926 195 356 27 270 15 185 193 233 48 46 262 83 88 247 74 175 256 298 65 23 255 215
240 284 8 296 72 211 53 18 289 74 49 89 298 244 158 219 290 47 149 108 251
75 117 197 242 609 57 57 50 106 244 167 106 167 167 50 559 117 487 171 282 887 271 11 23 230
7 22 95 118 154 240 325 367 127 325 325 127 367 952 723 203 355 127 674 238 256 342 248 3 63 402
205 216 282 273 78 138 40 241 252 76 200 70 26 217 110 9 184 290 69 92 45 270 2
90 115 272 44 294 153 123 195 77 270 59 62 130 94 12 242 119 292 243 266 42 208 91
2 11 251 252 15 216 149 331 283 149 136 211 565 807 427 481 58 976 730 246 107 453 150
248 275 96 66 103 243 168 220 155 238 175 27 208 42 19 249 24 126 142 299 9 283
151 250 254 275 276 325 723 952 325 465 960 465 280 127 342 3 674 195 690 402 256 273 249 238 248
62 202 171 163 171 171 248 398 120 97 248 261 63 129 194 106 29 141 280 90 142 123
137 38 91 110 228 263 164 118 860 164 103 212 103 876 883 118 194 169 573 278 671 100 27 56 163 650 97 249 73 73 5 248 5 97 17 170 129 106 142 255 218 194 253 90 123 29
73 86 181 304 579 755 513 231 231 829 513 311 648 231 83 258 822 63 168 244 137 257 89
868 100 199 810 0 0 0 128 126 876 24 162 85 238 192 27 45 56 19 219 573 215 418 650 357 940 940 344 172 114 172 172 344 172 655 357 505 590 107 233 187 260 32 211
61 69 130 195 103 108 204 28 3 278 254 57 101 197 93 216 55 189 280 98 69 75 64 114
23 186 208 367 325 203 325 367 367 127 952 280 355 355 465 256 859 238 123 828 690 249 674
101 113 154 252 254 88 353 25 111 240 353 240 232 66 77 58 122 354 836 67 743 819 226 228 186
97 100 289 561 16 205 228 290 561 299 13 20 65 2 274 126 13 139 650 100 163 173 259 27 45 573 192 671 169 0 492 631 81 172 0 344 193 32 260 445 153 211 735 141 285 853 107 590 233
994 115 680 851 70 851 134 627 87 641 87 327 70 410 70 148 423 866 275 182 190 296 142
15 179 81 655 631 940 172 172 357 229 227 285 141 233 32 187 590 445 385 260 107 853
951 51 99 143 261 790 117 3 266 100 261 37 117 592 591 182 223 161 560 19 36 240 708
249 254 285 16 16 285 24 242 272 16 163 16 272 58 77 819 228 280 892 17 122 280 459
10 74 111 40 137 5 195 159 114 147 158 67 227 292 239 272 105 20 253 95 123 154
159 160 224 275 290 247 199 152 52 281 5 87 161 279 160 64 69 272 198 264 105 117 76 189 259
87 124 166 233 284 64 66 84 141 84 59 55 66 253 102 23 230 171 437 887 294 282 487 87 248
65 75 135 254 289 542 951 420 488 292 420 20 488 12 149 275 256 215 219 418 163 19 488 169 650 173 100 57 104 53 260 213 78 58 65 256 49 38 9 40 105 214 228 191 3 230 257
134 228 58 265 4 16 234 70 68 127 53 139 295 213 175 197 210 215 205 134 114 289
926 46 217 271 609 631 492 940 631 492 172 172 344 590 229 832 735 285 227 445 141 309 153 187 32
255 680 238 235 118 283 105 204 81 1 171 282 190 259 31 147 272 293 95 32 193 78
79 119 259 631 655 357 357 357 114 81 940 0 590 211 285 385 445 735 309 832 227 233 229
47 143 208 65 122 218 41 34 287 199 256 280 281 46 172 74 166 189 279 284 108 228
0 59 94 624 554 853 45 239 536 819 819 554 554 45 880 185 364 773 196 148 502 933 545 992
133 274 586 586 307 291 946 307 946 586 273 273 155 330 137 192 164 243 38 961 297 390
760 35 176 183 266 196 238 157 177 103 1 80 297 237 252 112 172 230 234 99 222 198 132 29 114
26 81 84 126 155 195 340 351 732 181 351 798 181 440 885 319 935 307 251 927 444 66 582 879 528 229 107
69 226 340 485 210 82 260 91 280 114 136 72 118 207 97 46 298 44 100 26 248 266 179 126
73 76 194 680 631 344 492 344 114 940 0 940 233 445 193 229 285 309 153 227 260 832 32 853
810 80 131 250 485 273 900 923 273 273 66 188 900 923 276 629 410 27 386 155 248 290 78 716 224
118 135 180 248 250 187 236 177 40 135 195 8 161 48 20 230 211 246 16 126 167 78
868 340 269 5 1 114 287 262 223 17 258 11 105 228 176 243 87 83 289 263 178 127
162 190 207 265 267 960 516 385 186 655 516 288 186 862 516 288 186 766 712 299 296 164 207 333 866
278 44 204 181 61 269 12 152 262 181 44 262 77 15 136 26 858 309 188 27 221
111 167 209 609 84 189 189 803 292 292 100 306 803 518 178 292 155 248 164 224 209 77 629 716
264 340 680 56 152 297 297 48 228 288 116 116 194 253 29 142 218 280 90 8 255 170 83
994 20 293 81 492 940 344 344 114 655 0 344 187 285 211 193 832 107 590 229 233 141 32
41 100 235 142 269 190 122 288 259 212 296 291 274 163 35 48 37 250 125 191 73 30 220
86 138 160 178 902 516 516 655 288 516 862 163 960 655 385 186 829 164 766 202 286 162 296 730
163 340 249 224 242 72 152 49 246 29 188 64 46 236 193 259 228 279 76 85 88 104
94 131 204 229 245 609 12 37 152 156 157 228 280 340 463 409 125 125 463 79 463 534 92 121 79 118 289 197 197 18 713 12 709 228 134 242 2 109 109 2 109 874 2 257 148 664 243 510 239 216 41 279 186 714 294
126 14 958 294 258 258 163 913 16 420 144 913 96 103 890 79 447 24 176 831 490
22 162 195 609 924 951 79 106 188 273 289 534 121 534 118 534 534 534 118 289 865 241 228 709 270 886 18 68 139 197 174 281 68 274 198 197 133 72 138 223 80 93 141 227 193 226 61 211 182 200
60 65 83 243 155 80 201 213 79 34 227 144 71 116 12 52 55 294 130 241 118 268 91 154
1 27 193 650 268 72 114 35 113 76 230 116 54 51 196 127 186 34 57 243 11 4 210 115
167 309 650 344 81 492 0 655 655 81 655 631 172 940 211 32 187 735 590 853 385 107 153
22 131 238 255 307 291 273 586 682 586 682 989 448 403 307 241 223 38 155 961 769 67 137 192
12 19 36 83 142 271 994 2 55 96 240 175 143 132 55 222 222 143 132 222 265 89 927 40 98 267 197 810 292 31 95 252 69 230 252 252 230 144 252 252 175 246 879 45 807 977 976 379 58 107 427
36 129 215 221 228 237 255 340 525 102 266 277 277 297 45 73 277 153 151 136 55 959 188 135 77 126 136 858 309
74 176 247 4 223 10 179 66 195 278 175 208 5 110 262 35 219 84 155 282 173 277 122
987 240 51 148 15 188 189 188 148 64 87 990 176 79 225 96 890 262 178 158 447 24
50 89 95 135 275 125 125 289 409 865 121 92 534 125 68 886 164 139 241 506 37 18 713 134 197 311 648 231 648 579 247 304 311 82 156 126 505 258 822 8 881 957 37 168 83
67 176 201 293 107 171 285 57 124 139 227 177 293 232 59 106 89 121 85 53 241 21 99 252
950 55 104 160 208 279 7 139 43 142 39 291 83 30 158 71 80 137 230 251 109 173 78 47 147
2 149 168 180 241 97 827 103 133 692 97 827 133 119 26 9 15 136 188 77 135 809 273 136
994 54 173 624 448 291 291 403 682 586 989 273 360 511 769 38 137 164 961 172 243 250 67 887
57 93 238 538 940 655 0 940 81 81 655 631 492 445 735 187 141 107 229 470 309 285 505 227
13 81 222 228 905 696 696 155 251 283 251 673 251 814 723 283 158 24 831 490 87 178 938 768
93 340 680 190 179 123 157 179 154 22 179 286 255 256 187 109 358 23 133 253 149 90 780
52 86 248 403 448 403 403 241 946 241 946 448 682 291 273 961 155 223 255 67 192 360 390
803 31 948 157 828 739 828 194 828 28 194 228 64 29 218 142 123 106 280 129 748 253
155 181 202 680 44 139 194 680 92 118 92 865 534 289 463 125 139 713 70 12 241 164 228 68 19 134 886 124 114 357 114 655 631 0 114 344 141 853 385 832 233 590 193 735 309 107 227 32
251 281 650 107 182 236 240 272 78 109 147 186 243 150 195 242 197 294 108 93 184 7 141
153 239 511 973 386 107 960 766 478 960 153 716 629 177 486 164 945 290 386 27 142 78 410
951 49 973 153 960 153 478 107 973 410 241 875 386 142 209 164 248 77 945 27 177
21 128 327 72 134 627 851 243 641 134 423 693 275 142 132 108 866 188 871 695 96 182
146 203 144 76 155 239 166 242 190 246 252 27 114 4 93 293 233 80 181 104 158
4 10 289 622 139 108 234 186 40 222 287 173 37 103 190 272 100 166 219 113 240 273 95 229
147 190 295 631 172 631 344 357 114 631 631 631 153 193 503 233 853 107 285 505 309 187 735
19 46 121 172 833 582 360 229 935 935 360 142 935 142 58 502 879 976 453 287 150 107 977 314
20 148 273 317 163 136 219 172 134 246 12 36 101 49 214 20 25 288 43 115 265 68 107 213
126 150 370 306 533 306 533 129 524 472 481 314 277 890 938 768 158 96 48 931 87 447
16 194 516 862 186 385 655 385 163 385 862 288 351 902 326 298 434 164 866 126 232 65
130 171 264 650 53 902 54 225 902 218 218 902 821 332 882 28 187 433 90 925 23 497 149 45
950 76 277 291 451 22 128 191 22 115 115 115 583 73 4 128 354 228 77 122 591 280 270 836
42 226 53 36 862 118 339 708 128 355 700 693 841 126 188 959 262 841 15 26 309 342
803 94 624 52 200 214 269 116 101 170 37 102 249 107 70 27 248 106 199 38 167 117 105
868 45 133 972 133 600 972 374 924 972 334 525 586 924 905 687 229 107 726 26 582 307
32 92 128 181 283 229 932 708 166 339 932 339 871 126 309 216 26 262 27 188 273 15 841 262 136
810 34 90 209 230 275 650 26 160 158 57 116 221 110 207 87 277 254 260 93 217 31 61 113 131 176 165
85 187 250 976 904 904 876 528 965 904 528 876 172 287 246 107 178 379 150 481 886 502 407
803 115 196 74 297 186 85 72 255 194 233 161 91 31 271 236 73 3 124 103 81 62
924 994 94 174 202 222 706 65 932 985 932 932 522 65 131 131 840 840 142 248 410 590 486 241 540 990 78
32 58 59 71 164 208 240 262 86 129 205 169 111 93 51 99 144 224 159 80 135 20 193 34 10
16 178 680 291 448 241 241 448 946 586 448 682 989 38 67 155 192 250 172 961 769 243 223
810 76 115 163 250 623 110 613 81 533 132 842 81 156 156 613 237 156 3 674 256 132 859 543 238 248
785 810 985 2 80 202 371 292 871 205 129 957 839 31 40 40 871 112 983 27 273 262 841 262 126 26 561
752 72 183 204 290 186 266 42 65 93 284 229 252 121 288 298 151 81 279 132 263 34
20 220 269 298 74 286 89 217 165 100 78 196 71 188 123 102 227 240 173 112 13
951 56 273 164 209 81 287 227 214 77 180 15 136 53 220 101 243 92 36 148 233 131 85
36 53 99 188 486 203 237 253 258 340 121 463 463 409 92 92 409 534 125 865 79 134 713 798 834 228 805 12 241 506 830 228 179 714 714 748 179 228 262 96 87 696 490 24 176 178 158 447 524 522
810 136 224 255 269 803 198 198 699 699 370 147 248 248 992 69 818 280 270 462 280 58 354 269 66
5 228 340 218 259 203 120 76 236 275 196 212 288 250 139 64 162 173 114 136 99 183 205
139 197 228 340 99 211 131 203 138 252 142 190 91 244 139 236 45 113 114 195 154 126 285 254
6 83 187 829 835 311 515 513 361 513 513 487 886 856 82 571 813 148 59 712 893 686 226
39 208 624 902 385 902 862 186 351 385 655 351 232 730 286 162 299 65 766 207 126 866 296
19 123 482 648 247 648 231 648 513 829 247 513 311 4 822 379 895 137 126 89 8 168 83
109 140 225 89 286 5 292 151 205 52 29 289 204 218 294 57 224 265 284 137 163 65 167
28 216 188 183 45 282 161 158 201 28 63 116 36 206 121 142 220 259 83 182 84 48
3 52 114 179 210 580 680 963 963 655 963 655 790 156 304 480 655 174 290 875 530 590 177 164 248 990 142
33 47 277 680 58 493 58 658 999 197 290 223 58 58 58 427 287 453 172 379 246 407 314 976
193 277 153 622 724 865 125 125 79 118 534 118 79 463 125 92 713 270 68 798 124 886 37 19 924 206 271 215 244 241 174 283 169 62 197 7 49 53 87 202 235 213 179 18 100
978 87 911 84 884 884 655 480 875 386 990 142 945 629 248 209 164 241 530 394 78 77
951 24 419 644 249 588 6 644 615 179 100 925 249 644 925 925 447 524 87 931 822 522 831
154 211 579 247 304 648 311 829 231 648 231 247 156 895 8 168 126 258 137 83 257 37
106 118 261 262 285 272 10 161 188 39 63 72 189 172 180 197 103 1 105 42 5 210 97
26 126 133 172 81 81 114 81 172 0 32 590 227 229 385 141 153 233 107 445 309 503 285
113 135 174 450 255 81 217 258 57 15 267 91 215 293 179 296 92 43 225 295 213 20 33 79
785 49 109 127 156 158 264 268 340 20 139 7 955 281 281 7 7 7 955 20 153 983 262 216 262 15 858 77 342
7 93 191 579 513 231 247 755 579 648 311 822 89 156 8 258 137 126 168 379 63 244 82
136 449 90 218 162 226 826 826 75 226 218 75 75 501 245 84 229 5 246 174 287 135
121 884 611 711 418 418 677 711 884 941 611 121 508 433 754 354 286 54 381 874 727
803 14 75 121 212 288 255 52 122 238 249 237 23 253 151 102 75 37 239 48 219 164 145 286 287 161
803 650 510 331 486 440 16 762 930 826 726 486 826 440 15 623 194 280 106 510 141 29
18 248 257 37 66 245 278 166 92 91 272 234 77 299 286 137 104 177 64 247 253 114 172
25 221 234 305 909 234 603 305 3 349 234 305 909 874 519 136 443 194 451 538 94 433
61 167 665 868 296 678 726 678 859 296 726 931 135 135 396 906 623 106 83 510 170 748 141
849 24 57 61 69 187 207 13 53 239 299 238 22 166 163 64 244 254 62 232 165 255 226 197 80 142
994 74 580 680 104 138 231 27 252 166 218 60 260 105 236 36 53 111 157 64 35 210 234 242
