103 498 590 1 24 102 177 891 226 420 875 651 355 147 76 956 271 140 8 791 860 803 166 425 876 37 371
76 80 209 212 142 264 291 447 96 720 988 663 26 53 501 396 715 445 23 779 316 441 354 4 500 890 687 979
193 850 310 204 646 86 444 470 276 48 271 352 896 41 409 607 209 605 326 82 498 492 172 631 631 631 344 357 940 114 0 492 344 293 940 492 655 492 296 908 70
247 590 0 127 136 142 169 239 498 607 271 48 607 605 444 326 48 271 605 444 425 951 425 350 292 896 850 57 284 761 791 791 123 457 753 457 753 123 220 209 761 284 22 182 533 493 457 208
133 143 266 309 531 432 432 814 334 479 814 531 46 75 195 675 307 675 866 772 44 893 167
67 83 247 773 412 459 139 611 559 395 412 123 941 77 141 93 61 54 193 2 257 77 691
8 270 687 218 71 130 196 190 26 201 292 271 294 285 36 28 42 88 108 122 12 10 279
29 39 67 123 453 446 750 813 813 813 750 285 322 957 322 273 915 13 919 55 64 80 735 20
91 97 171 253 258 268 276 896 271 326 409 605 48 48 605 326 17 248 272 951 139 117 342 960 57 702 733 98 195 253 155 173 263 58 54 52 259 26 148 282 172 134 266 174 159 284 138
883 32 79 396 919 714 697 296 570 756 714 221 570 161 886 155 3 130 182 237 89 719 860 111
139 237 187 284 53 58 57 269 218 275 161 98 251 9 166 10 61 13 125 112 250 299 260 251 142 228 139 80 178 206 210 237 217 171 227 74 53 143 153 39 110 169
48 180 202 274 329 675 19 447 288 208 284 208 58 208 152 162 112 882 279 69 674 209 225 228 882 69 72 4 559 331 773 559 459 26 459 559 139 77 132 93 172 15 141 44 8 296 193 186
883 43 131 143 339 687 29 7 255 255 255 525 255 110 7 255 525 205 157 235 72 158 476 674 162 178
883 46 502 813 399 750 750 285 446 322 446 957 453 399 750 64 735 273 593 507 13 75 156
883 231 264 87 410 70 641 72 327 410 851 0 64 204 920 761 502 188 164 296 46 10 275
883 189 216 219 396 687 602 602 987 38 735 386 168 757 459 914 658 271 18 68 285 251 307 393 299 15
53 76 86 114 155 240 191 295 564 222 564 77 564 3 611 297 7 283 50 210 160 241 124 32 11 196 33 344 940 357 0 344 0 655 492 344 344 114 955 735 8 259 199 88 260 229 24
958 249 292 251 74 296 85 39 114 174 9 22 70 267 62 190 172 104 103 27 212 274 58
238 72 627 134 134 243 641 627 70 627 920 190 230 96 10 188 0 232 204 296 164
226 258 278 172 655 172 940 492 655 114 357 81 631 492 655 293 590 528 141 153 24 227 229
189 231 338 263 557 91 557 92 158 169 959 439 60 286 155 564 44 974 687 914 198 31 215
43 240 396 250 285 218 196 277 269 65 65 194 64 292 283 351 307 80 208 182 701 233 682
48 78 123 207 228 281 425 184 250 169 169 58 58 114 23 62 212 23 914 215 539 825 138 197 7 94 44
6 270 227 97 237 53 33 132 239 199 163 40 179 38 130 100 171 153 21 228 119
883 91 99 107 299 247 37 93 90 145 144 10 168 166 190 108 54 236 2 179 44 160 101
8 106 276 641 162 476 105 292 162 180 292 946 772 65 126 137 209 271 198 299 11 259 141 344 0 631 81 492 655 114 344 357 955 227 385 233 153 505 211 24 590 107 285
34 35 84 142 200 92 201 86 93 160 193 275 4 177 216 161 270 23 44 17 112 198 37 9 152
52 60 69 218 292 498 123 72 139 85 283 274 80 701 283 182 965 689 283 281 233 48 89 342 74 351
2 12 40 49 59 94 204 214 278 214 577 34 384 934 182 797 396 76 189 18 228 247 276 460 115 449 0
180 232 216 1 158 27 54 43 197 13 206 183 154 48 135 163 178 140 289 45 181
14 261 270 344 117 117 287 959 592 117 344 287 153 909 165 60 143 582 38 211 838 264 165
64 113 256 357 631 940 492 940 655 114 631 940 172 655 357 187 285 8 153 385 227 24 141
958 64 138 200 223 241 260 256 53 27 105 254 53 5 78 181 597 105 234 48 965 80 294 208 351 74 182
116 134 17 11 252 99 88 100 144 90 114 183 296 142 138 289 156 21 191 110 145
38 152 338 687 107 34 33 146 189 171 203 109 237 222 186 147 129 30 200 158 294 116 250 130
171 281 104 205 138 298 227 109 54 195 149 231 133 183 130 294 192 114 83 261 222 158
35 118 265 153 114 54 135 152 218 123 170 241 247 128 56 20 167 45 204 134 88 209
82 177 196 198 190 109 98 24 112 187 82 78 221 65 150 166 256 158 167 274 153 115 244 17
883 10 120 160 200 272 286 222 286 17 50 290 286 148 186 18 449 189 115 0 76 206 276 116 228 247
817 10 13 60 42 247 233 100 243 14 215 162 173 296 113 236 278 125 92 171 198
203 883 17 444 498 607 607 271 271 48 498 896 271 409 607 850 887 121 159 260 350 559 101 150 112 297 286 187 296 298 32 42 268 1 240 188 257 9 77 169 278 299 170
51 164 241 844 187 120 259 204 120 150 115 204 136 120 53 342 89 283 323 701 48 307 351
45 48 70 170 25 132 201 290 72 813 813 648 648 585 585 72 965 337 813 118 802 127 204 28 638 841 621 689 513 513 870 206 870 401 87 206 148 225 513 206 197 176 687 206 825 539 44 52
100 223 242 130 40 97 68 191 180 209 218 206 106 32 173 298 118 245 161 12 220 266 213
883 99 123 290 926 926 29 346 255 939 775 294 258 205 328 235 77 304 192 157 162 939 233 476
857 231 15 183 223 165 88 265 182 275 106 225 292 290 37 23 251 101 86 34 226 227
169 173 239 423 423 813 453 246 246 322 246 285 423 453 446 213 913 247 507 915 321 320 160
277 287 218 280 17 257 218 218 811 179 236 218 111 82 351 153 93 68 139 299 658 78
7 51 133 164 276 883 169 241 738 158 968 492 464 738 682 103 914 968 536 29 126 89 144 6 753 683 222 627
0 193 263 263 127 172 240 37 137 37 899 112 916 209 866 882 703 72 882 534 194 674 26 412 412 395 26 395 459 773 559 331 15 761 172 355 89 8 93 132 412 112
87 166 225 294 27 272 147 53 156 198 109 44 232 186 69 83 9 31 219 99 15 77 181 290
4 14 102 216 258 868 824 493 478 346 478 447 739 831 346 932 272 561 4 324 302 391 43 130 455
96 160 193 221 243 339 281 13 247 233 246 147 170 99 208 10 210 156 255 124 22 50 18 34 26 127
883 9 71 176 188 203 216 234 114 172 172 940 0 631 114 81 655 107 211 735 187 227 853 285 229 193 260 309
772 5 52 66 209 425 46 236 198 103 34 24 169 152 10 259 288 126 207 122 63 274 209 244 189 190
883 15 47 199 396 6 39 153 293 425 447 337 67 252 242 965 252 67 4 17 638 204 127 450 802 805 689 64 621 841 641
298 687 265 275 517 232 105 49 249 281 517 49 189 112 916 72 882 534 4 482 209 228 246 322 957 750 446 246 423 453 446 285 321 564 479 258 320 160 507 735 913 213
28 98 219 151 233 207 0 133 218 254 79 126 273 205 113 3 32 216 244 280 251 108
958 9 233 102 260 232 174 148 285 250 923 174 657 523 695 5 3 534 916 133 703 4 194 882 402 256 751 396 50 256 25 168 25 25 256 111 7 52 582 353 375 751 138 215 539
166 190 61 189 218 249 60 75 150 162 184 216 228 93 53 33 38 22 102 230 215 95
883 193 447 641 134 72 410 851 72 243 410 410 423 910 187 188 132 342 41 204 148 416 96
11 255 339 206 103 28 180 273 270 7 149 98 146 35 13 45 185 263 259 120 220 77 253
817 1 9 13 93 135 157 883 82 107 492 738 845 845 738 883 845 968 144 215 222 89 29 935 193 183 493 126 355 683 148 250 158 57 298 53 239 60 253 255 22 233 299 70 130 6 133 118 180 29
47 720 561 720 401 790 159 180 159 180 180 180 375 7 209 31 825 94 582 751 974
14 72 41 498 607 409 326 896 498 605 48 159 113 25 180 292 216 118 960 101 269 865 27 277 239 70 251 290 153 48 163 127 106 132 198 112 21 176 196 9 162 270 141
404 49 115 59 210 177 227 245 125 221 33 10 268 192 242 150 191 187 109 260 118
278 282 137 134 89 101 213 2 131 259 104 13 240 212 161 59 236 135 256 158 133 60
0 32 33 84 189 206 249 270 399 446 399 399 446 322 322 813 453 564 359 13 691 460 479 706 213 915 735 913
88 281 187 296 67 183 287 41 259 288 31 226 233 241 47 140 229 244 180 82 209
150 266 298 250 31 121 220 197 66 193 178 41 281 136 149 174 98 276 146 183 29 147
830 12 137 176 294 255 29 939 926 255 939 939 525 269 184 162 233 157 375 476 77 44 927 192
57 61 68 286 14 185 186 291 447 654 10 238 162 160 275 273 162 866 703 209 133 194 69 112 923 674 228 899 916 279
284 72 67 337 242 67 321 813 67 252 242 802 841 127 118 689 19 805 4 450 638
81 89 242 248 254 396 845 492 492 968 464 103 883 968 6 627 222 160 223 183 493 928 586 753 683 194 243 243 627 243 243 410 627 627 641 72 87 410 342 142 416 296 96 182 132 108
279 284 295 46 152 276 396 654 252 965 321 965 337 67 337 67 67 4 118 841 19 311 127 805 28 476 248 541 236 85 266 1 187 46 233 70 260 191 30 68 258 241 163 199 152 212 97 238
21 139 75 251 235 167 94 140 234 243 63 273 289 147 196 40 182 279 127 246 217
958 67 155 241 260 287 29 42 282 68 220 211 158 124 283 101 245 195 169 96 89 163 196 243 70 139
50 184 5 179 72 68 76 190 250 94 229 188 150 62 242 78 209 172 45 58 81 91
24 185 214 227 256 135 56 260 238 100 47 268 282 202 252 119 142 184 192 291 86 171 60 6
19 41 73 89 187 260 284 31 211 195 296 195 211 166 296 166 211 670 148 115 687 460 449 703 116 239 171
64 138 176 283 91 53 23 218 284 110 157 22 25 196 33 207 228 246 225 102 76 294 15 137
25 134 290 154 117 79 29 182 209 99 262 52 140 191 230 296 200 211 108 74 181 50 80
22 133 151 236 230 155 20 146 234 245 165 91 83 79 291 135 43 84 269 244 178 209 247
217 291 183 245 74 99 209 56 101 271 215 284 283 295 252 14 21 248 57 146 150 153
51 191 225 339 259 141 103 777 105 456 514 777 259 514 76 115 422 218 427 392 460 703 0 280
37 203 285 750 322 246 423 285 750 423 246 446 399 957 981 359 706 507 247 691 964 735
107 137 197 223 255 339 61 23 183 139 24 6 178 220 25 153 17 160 69 192 235 222 22 199 185 253
187 272 59 114 116 338 396 813 10 256 142 570 760 991 142 991 189 277 4 133 279 103 923 899 703 882 534
17 233 248 258 8 142 570 277 277 8 104 944 189 111 991 535 482 923 112 69 882 716 228 899 210 181 161 101 18 66 286 46 2 15 55 268 205 276 155 272 251 20 67 84
90 339 425 646 118 776 118 258 205 776 118 134 93 6 292 78 533 658 15 282 139 351 620 153
69 106 109 126 127 197 224 118 776 118 258 205 776 118 134 93 6 292 78 533 658 15 282 139 351 620 153
883 914 57 124 275 45 2 280 196 147 13 98 94 188 138 225 12 119 70 173 171 58 9 66
883 51 130 133 181 258 423 446 813 453 285 246 957 246 813 423 320 735 981 247 964 112 691 258 267 160
3 152 221 290 29 110 7 110 255 29 525 110 375 192 980 178 935 77 468 476 235 184 339 165 259 112 234 198 99 83 151 33 23 49 231 137 107 292 155 176 53 283 59 134
87 153 285 277 25 180 173 233 255 155 259 225 249 77 36 15 89 133 176 226 78 284 178
66 470 326 470 409 409 605 470 444 605 409 139 113 121 159 887 960 559 216 27 874 139 164 154 293 16 94 221 118 241 60 106 209 3 177 163 264 59 70 86 24
129 221 298 246 399 957 285 423 399 813 446 258 320 964 213 691 890 247 13 214 267 321 359
0 81 108 209 235 272 213 147 234 286 12 65 126 92 76 153 297 255 32 258 214 180 142 223 71
234 286 87 49 20 102 26 210 167 280 37 76 260 255 298 287 267 161 293 80 68 185
922 44 162 338 31 143 147 198 214 238 299 160 179 92 45 112 126 107 176 54 30 218 10 66
215 404 423 453 285 750 322 957 399 813 192 267 213 564 964 359 913 13 258 981 112 321
883 33 182 258 118 258 264 193 40 255 275 224 126 248 103 281 92 143 241 53 197 162 181 86
817 883 922 79 132 211 238 940 492 114 172 172 114 81 655 655 445 590 141 233 470 385 193 227 107 187 32
173 196 250 105 215 153 153 158 128 34 216 216 47 230 7 269 160 33 32 684 297 611 796 297 844
883 58 229 273 486 189 171 445 171 91 405 743 260 171 985 171 194 389 882 103 703 4 209 910 270 51 613 8 225 230 437 270 35 35 15 533 285 299 134 256 292 139 93 240
883 143 271 121 207 250 211 296 157 62 109 261 189 284 68 41 279 20 262 77 26 98 287
47 65 222 253 68 187 159 197 184 116 131 158 166 126 194 59 217 34 171 214 239 39 43
114 242 39 87 237 118 207 163 219 197 191 141 156 56 174 172 149 205 22 102 254
883 396 48 161 74 17 31 27 198 181 226 277 252 202 3 81 192 299 291 215 191 5
92 199 100 101 235 48 498 326 498 409 470 605 444 350 25 269 139 113 260 121 27 559 960 225 865 219 60 206 216 169 13 34 271 92 244 210 251 4 97 173 150 137 184 226 260
94 96 145 590 0 41 140 240 262 138 152 351 499 171 138 152 638 152 938 638 423 882 916 389 482 932 194 209 279 118 282 270 160 136 33 121 244 224 21 104 79 11 147 179 28 72 204 113 42
103 245 275 46 24 254 181 163 180 150 190 247 4 206 292 281 268 89 184 244 291 221 86
66 122 150 236 243 261 231 160 97 213 3 283 211 235 129 61 24 199 234 128 245 30 165 172 9 71
65 145 164 178 411 100 827 411 68 411 759 759 297 759 400 160 241 389 611 7 684 32 151 297
22 100 142 143 168 138 490 973 490 164 434 593 35 955 490 434 443 423 932 910 882 916 703 808 984 175 775 775 354 943 175 611 265 115 276 41 392 798 424 280 116 171 634 427 895
49 135 138 140 241 404 447 478 447 932 831 346 739 831 478 932 4 43 89 927 453 455 720 43 376 570
24 265 630 14 128 192 250 19 88 140 269 73 183 34 108 113 36 268 217 150 287 173 29
94 145 154 162 857 10 30 46 242 72 648 585 72 321 72 252 321 965 648 476 127 541 311 77 841 248 802 118 125 276 30 1 284 244 261 89 63 54 81 235 182 4 255 48 220 128 92 195
857 116 163 630 940 0 655 940 631 172 492 81 492 233 832 385 470 853 285 590 229 153 735 505
39 84 109 125 132 149 58 102 148 607 444 409 896 271 444 896 409 470 326 607 887 139 874 25 960 559 225 260 180 72 70 327 70 410 410 134 134 275 142 96 199 695 190 416 693 866 132 871 187
922 193 210 253 297 20 31 35 172 430 927 142 670 430 430 430 308 194 209 910 4 389 703 808 279 482 745 916 530 59 23 154 261 136 82 268 13 289 55 177 156 88 198 246 203 270 104 182 139
95 284 287 630 174 158 275 279 57 43 33 89 154 264 104 221 69 141 47 51 16 78 113 60
130 166 170 247 253 425 19 43 121 339 946 686 967 552 946 670 552 670 946 984 808 530 4 910 703 932 308 882 209 916
817 958 85 99 143 228 255 67 965 321 67 585 337 337 638 77 669 689 802 28 118 19 541 238 17 189 841 165 22 76 242 214 217 178 297 255 296 238 184 160 4 30 291 16 157 259 250
135 197 225 231 667 117 218 39 241 193 283 118 203 90 41 120 35 180 6 21 185 143 8 69 53
4 62 136 226 275 521 168 181 296 128 106 12 144 193 276 246 214 73 20 219 241 173 6 115 124 174
101 102 150 188 285 48 8 3 220 32 142 115 90 221 22 250 212 286 9 78 12 294 50 164
113 41 245 669 769 669 411 492 809 473 389 618 103 194 984 473 808 808 530 745 209 932 482 931 104 373 104 373 104 373 444 444 153 139 93 240 282 70 6 426 292 351 346
922 4 239 271 386 198 267 273 149 248 20 36 73 147 247 7 56 269 44 38 118 164 234 239 265
67 198 254 259 26 244 132 25 99 153 176 219 71 262 27 186 187 289 103 231 66 102 52 34
59 128 142 151 173 216 533 204 59 85 170 82 274 105 101 31 249 116 191 122 119 74 183 67 55 139 185
817 30 179 262 322 813 446 750 750 322 399 453 192 160 247 321 981 890 691 915 359 735 13 913
65 83 147 220 265 414 793 389 946 793 414 389 905 301 251 573 867 825 176 261 215 516 974 138 474
144 240 254 87 70 851 72 851 410 72 327 851 87 641 327 871 132 275 695 866 204 190 296
25 90 152 331 611 773 242 139 139 412 559 186 691 15 89 420 132 761 81 828 93 8 355
958 985 960 503 302 621 15 15 503 208 673 969 342 588 548 466 976 597 904 351 89
51 147 173 183 285 13 24 601 80 601 601 80 433 633 725 433 151 297 796 684 611 7 261 32 269 283 940 655 631 492 0 357 655 940 492 631 172 0 229 187 503 153 233 32 505 853
838 916 192 270 27 32 53 216 218 248 254 338 601 926 91 334 910 284 926 334 209 308 389 932 194 808 473 703 530 745 423 103 217 40 274 251 34 294 56 91 118 15 178 207 167 183 288 153 203 3 280 179
107 109 118 703 559 459 459 242 611 459 395 559 139 611 242 459 594 761 420 132 186 413 160 355
132 286 587 286 178 168 104 137 88 98 27 165 9 103 206 196 74 89 67 229 230 122 36
10 106 700 241 976 582 634 288 700 767 864 209 976 734 673 342 597 351 665 123 283 208
903 81 92 227 243 263 255 21 63 176 131 7 11 30 77 105 121 75 136 29 249 1 103 240 273 161
139 243 418 346 939 29 255 29 255 926 775 110 294 720 269 44 468 233 476 415 165 192 315
889 2 56 242 272 294 926 775 775 29 29 7 375 972 178 980 77 44 720 415 328 344 233 468 235
228 287 326 326 470 896 48 444 470 409 498 605 230 225 622 960 159 887 25 865 27 260 939 346 294 775 110 255 939 346 255 939 110 926 468 344 476 269 165 192 375 927
11 24 38 109 119 396 262 224 283 182 264 297 594 3 54 224 264 882 209 745 808 194 473 932 279 308 530 143 211 1 60 272 77 17 117 118 26 299 209 46 297 126 112 81 72 286 232
137 585 675 302 675 349 695 349 495 495 28 427 18 703 607 280 239 798 634 41 0
242 251 671 51 137 75 283 175 175 29 150 212 29 175 150 139 6 70 93 282 620 533 292
113 116 143 207 129 501 104 605 454 544 544 488 593 647 504 593 955 593 960 25 559 216 350 260 305 101
267 279 67 252 321 242 648 585 648 242 67 585 311 238 638 541 838 802 28 17 127 19 51 58 273 185 20 146 156 32 167 218 230 227 59 279 250 123 263 22 27 31
849 14 124 56 76 234 268 239 27 1 25 279 157 181 145 47 238 118 135 172 277 60 184
38 150 16 31 1 50 100 24 287 135 153 295 74 267 22 288 242 212 254 213 286 83
148 627 134 72 641 87 243 641 70 641 87 199 910 866 416 108 148 625 187 695 96
61 106 160 250 46 81 10 249 18 114 205 67 7 59 31 60 34 48 231 298 167 8 123 290
57 102 155 243 204 180 226 113 37 143 193 195 156 31 200 141 158 34 12 8 62 262 32 154
123 190 396 99 46 138 87 260 113 1 8 262 98 3 245 174 254 234 193 230 203 13 273
857 16 28 94 193 244 257 641 243 134 243 851 70 327 243 627 410 204 108 296 142 910 871 693 96 182 695
765 181 338 159 205 153 60 114 1 29 254 268 24 170 210 53 171 227 253 109 22 149 261
15 19 278 98 129 114 221 34 217 135 288 183 89 45 142 231 298 130 279 86 296 291 63
765 922 51 84 118 162 492 114 172 631 81 631 940 114 735 590 187 445 729 141 107 309 153 349 227 229
857 81 187 824 447 868 447 831 749 447 932 739 346 831 749 130 927 803 406 453 790 4 834
11 228 70 134 134 627 327 70 410 327 134 190 148 96 296 187 108 695 625 132 204 182
67 713 724 494 440 554 7 958 319 356 494 159 822 269 927 192 233 328 178 468 44 476 980
141 209 151 294 198 47 223 41 284 232 40 263 212 61 277 80 114 34 285 224 149 6
46 219 255 54 412 957 530 255 957 190 499 171 590 774 818 392 427 239 115 276 895 0
