278 25 116 174 261 839 112 278 915 934 754 224 122 881 411 445 405 587 255 487 990 882 908 745 735 503 294 871
725 134 166 174 228 997 710 24 252 707 903 524 240 960 836 293 393 116 552 958 223 993 329 824 335
604 158 218 221 245 126 982 981 975 446 446 982 982 982 982 982 621 975 898 160 968 126 475 446 235
725 25 240 343 308 304 308 343 275 275 241 984 681 308 233 424 431 23 846 145 65 65 233
72 262 336 266 336 678 336 114 257 257 266 826 231 44 431 805 682 234 34 109 1 144 276 73 118 59 242 155 45 182 93 132 134 161 175 52 164 243 156 81 221 83
172 240 184 296 187 209 209 580 720 64 362 981 830 209 603 64 346 324 64 187 126 67 235 873 215 235 27 267 222 294 148 142 192 295 237 158 23 64 166 42 56 145 280 260
516 839 62 65 99 258 280 290 115 131 267 17 221 171 30 48 245 215 280 46 123 126 295 177 198 211 240 55
516 897 449 117 204 204 681 984 984 343 308 304 33 69 60 828 259 145 110 68 128 286 72 64 61 102 292 299 205 211 178 254 282 112 249 243 236 61 74 91 40 199 146 103 83
13 176 192 223 269 23 304 343 23 23 275 241 229 9 68 828 72 145 128 102 60 259 233 110 431
0 24 36 258 308 545 545 413 302 339 114 937 661 114 937 937 830 8 188 502 733 15 626 77 291 29 145 142 202 171 235 141 264 174 124 218 75 140 92 196 77 268 290 76 199
449 624 57 237 296 141 149 427 743 715 639 631 427 639 715 718 689 62 642 211 465 672 74 353 98 77 508 220 162 160 24 74 267 175 123 238 43 51 183 12 95 284 294 282 62 13 61
18 248 260 6 20 107 148 241 279 359 60 60 43 359 173 806 359 813 305 86 27 903 323 225 894 73 99 78 231 274 72 269 164 42 195 145 152 203 143 192 242 130 297 256 293 132 283 124 7
449 23 141 205 225 202 254 7 33 235 122 240 125 261 213 285 98 4 114 47 87 37 157 242 252
76 284 293 839 81 278 204 984 343 275 233 233 343 204 204 308 984 431 171 229 252 264 217 135 828 233
604 624 38 134 162 272 47 182 182 98 127 77 272 262 68 243 100 246 150 730 172 145 977 808 838 70 119 228 216 268 260 275 235 145 295 75 83 270 265 219 11 8 148 209 266 109
51 113 165 71 238 23 262 263 265 180 111 186 235 85 116 90 140 92 202 142 18 253 188
232 449 624 714 756 214 296 99 580 124 116 490 161 111 137 886 834 237 274 642 223 89 739 207 160 114 32 220 133 98 162 212 279 122 233 201 169 158 35 140 186 76 244
604 177 213 216 233 294 204 87 192 251 63 70 107 22 276 35 38 216 194 293 212 83 241 142 21 175
4 37 83 178 269 277 308 172 193 23 292 290 89 277 251 85 276 118 261 82 150 202 218 206 289 75 83
897 102 154 157 9 272 183 291 108 73 178 217 4 140 223 14 181 54 71 143 34 171 298 120
449 163 226 279 103 209 53 228 286 165 153 129 143 236 54 238 39 118 79 111 63 87 30 125
449 54 98 118 41 10 171 281 9 77 71 237 138 127 201 89 200 215 91 218 107 42 182 250
516 839 64 70 217 221 251 175 131 537 712 980 175 278 278 175 212 169 167 82 122 255 270 157 598 509 52
98 661 626 937 626 626 661 545 114 273 505 670 413 291 661 552 753 340 15 733 840 144 239 291 35 162 44 146 146 156 144 53 239 254 103 192 271 442 90 38 34
516 276 8 23 70 156 225 244 291 23 275 204 241 308 343 681 241 308 23 681 681 431 24 111 252 187 24 233 217 89 155 3 214 245 25 112 75 244 181 205 195 270 287 278 277 281 5 206 138
89 110 160 184 299 44 171 193 113 110 232 85 237 97 161 279 149 249 260 226 167 117 186 266 245
74 170 223 241 165 501 98 167 167 98 152 279 231 185 95 213 90 254 34 748 271 225 85 68
44 51 74 114 223 239 277 291 76 93 128 69 167 292 167 36 552 514 733 8 188 661 220 6 339 213 340 840 81 124 108 184 189 42 259 192 285 223 11 134 106 265 204 251 98 160 260 77
516 800 76 141 151 299 215 681 204 984 984 204 275 204 304 275 204 241 290 131 24 40 233 94 12 24 187
27 950 930 930 950 220 592 965 965 994 930 930 193 192 202 913 56 136 20 259 88 105 120 135 92 163 29 261 9 239 144 249 152 257 185 206 47 141 87 107 114
116 194 197 604 26 144 224 131 818 980 37 241 131 712 712 33 509 213 258 76 199 145 235 212 598 52 157 86 226 143 71 266 221 44 292 45 258 159 295 206 68 53 118 244 40 125 145
449 0 65 164 308 228 298 298 59 298 104 57 134 134 134 134 420 728 228 413 753 22 417 488 5 800 137
839 32 184 130 1 116 147 116 177 260 116 213 33 33 26 339 514 6 661 188 220 52 840
572 29 23 241 343 681 308 233 681 984 204 275 293 94 176 222 111 431 252 135 24 171 138 141 39 190 2 287 24 12 206 295 133 91 251 45 122 121 188 194 288 114
194 323 454 19 62 71 160 237 255 84 160 265 130 355 835 767 652 96 6 661 340 8 73 263 159 213
166 205 108 91 115 186 19 256 25 345 685 115 237 478 150 172 125 453 730 58 547 977
449 33 103 155 276 254 748 165 54 132 259 165 17 205 259 101 203 265 602 221 30 894 78 225 37
21 43 62 217 275 308 304 343 241 275 204 681 308 23 12 431 131 94 135 222 229 24 68 252 212 289 92 152 254 197 137 194 77 42 104 159 28 264 295 56 4 262 162 243
74 93 243 272 29 111 32 289 2 110 99 157 289 547 110 130 813 860 834 40 137 518 111 228 739 237 139 119 188 209 262 11 219 136 24 231 38 32 227 241 83 0 218 246 247 12
116 184 226 288 261 24 12 203 298 291 290 144 257 112 267 93 103 116 23 177 86 152 134
912 32 107 129 195 189 235 45 154 233 191 274 238 193 200 249 196 88 124 215 101 295
475 54 100 108 187 186 60 146 286 3 26 235 169 95 126 264 253 209 39 197 68 38 35 236 23
11 101 280 323 66 267 69 110 26 66 117 206 463 66 157 771 813 228 914 130 111 252 642 518
21 176 231 295 265 22 295 474 22 474 326 85 296 86 326 259 665 761 220 233 22 229 276
663 40 77 83 932 269 83 215 976 342 932 147 173 294 106 151 773 538 840 234 355 107 126 274 86 91 55 196 110 298 63 121 127 9 163 200 170 39 265 184 115 138 260
90 123 195 218 240 246 109 204 343 275 343 241 204 233 241 204 293 111 217 12 135 94 24 24 131 40 252 22 64 270 105 88 183 9 271 187 268 269 163 238 175 150 169 289 170 20 24
516 17 128 134 155 271 235 146 54 159 7 169 96 15 262 127 299 186 267 73 85 276 251 150 179
839 29 178 179 276 277 572 67 296 681 241 343 23 23 984 308 241 343 233 233 252 24 40 12 24 233 94 187 431 266 268 297 5 44 43 283 217 107 282 239 13 298 14 214 21 144 294 26 65
37 239 250 99 69 277 20 149 110 202 26 290 178 115 103 157 230 96 120 63 25
28 189 5 136 108 225 302 136 302 152 136 136 2 31 2 14 355 514 6 73 52 220 319 149 121 218 217 178 80 115 198 129 13 15 120 271 260 288 75 131 225 157 194
205 225 206 281 28 85 31 145 66 202 112 129 113 60 283 259 205 12 7 293 100 279
407 203 146 263 20 17 241 239 239 15 239 78 30 78 40 3 642 130 250 89 860 834 111 864 130 268 225 254 130 225 200 21 83 211 51 268 225 34 57 572 748 672 254 192
55 265 70 116 185 128 263 229 293 221 20 235 190 240 125 29 80 63 134 218 131
7 31 32 277 58 151 238 234 234 644 393 234 836 644 836 343 30 203 30 905 225 221 37 27 602 105 98 37 58 121 234 162 286 219 45 113 126 193 182 11 268 207 189 83 204 76 166
604 217 231 269 449 251 278 308 767 291 291 767 215 269 83 495 976 976 767 342 234 652 294 583 840 151 584 355 68 79 103 182 269 211 224 168 239 249 247 279 88 105 268 11 23 278 2 15
28 11 29 187 199 220 226 308 681 275 275 304 304 681 343 241 275 984 304 222 24 40 12 171 68 233 131 156 88 146 147 241 142 8 279 268 149 244 250 61 137 266 225 183 261 246 30
191 267 298 495 499 83 499 215 976 291 291 83 767 495 499 355 538 835 840 110 10 234 652
37 52 112 223 253 258 188 215 188 37 885 276 67 188 324 446 35 207 120 44 240 57 126 274 673 559 128 241 49 20 71 38 217 281 298 102 232 247 121 65 105 263 262 242 100 138
54 59 83 152 113 0 60 21 149 220 224 156 56 272 14 176 177 189 154 153 104 166 45 247
103 106 172 245 156 292 276 285 31 172 159 166 125 277 13 140 136 106 126 60 19 40 5
235 122 90 104 132 271 191 277 223 33 74 203 127 254 217 268 200 101 234 71 185
86 167 228 41 85 250 114 142 135 98 272 141 75 116 19 89 284 265 6 268 256
609 54 192 220 242 572 44 57 288 253 253 298 24 22 211 221 196 50 211 211 20 140 266 800 35 543 676 137 420 297 22 225 167 244 223 282 208 251 2 145 83 13 143 192 72 181 274 132 120
20 184 22 68 293 220 176 94 266 107 34 149 32 90 276 268 121 49 200 84 33 260
166 173 176 280 242 18 6 248 128 187 261 297 109 267 258 274 152 127 4 137 69 283 35
46 59 151 221 604 47 137 151 176 223 242 959 950 950 220 930 753 120 959 994 930 57 753 136 41 56 699 585 259 278 78 110 89 14 177 267 9 235 270 214 226 277 154 245 65 11 117 101 212 186 103
40 142 291 252 290 23 304 233 204 681 23 304 343 304 241 111 135 222 171 94 431 68 176 12 40
188 189 279 913 715 576 715 715 631 576 427 74 163 62 346 244 166 576 444 62 672 417 508 47 51 200 129 81 136 79 57 111 280 203 254 187 178 149 109 1 121 294 152
79 98 17 96 236 259 160 76 15 184 212 33 59 154 230 222 182 170 72 86 173 60
93 151 293 839 257 767 342 83 291 495 499 291 269 291 291 976 495 355 773 583 835 106 110 522 584 220 20 259 34 261 231 286 237 291 44 202 89 153 298 11 242 188 115 205 117
123 58 163 194 269 272 329 126 189 329 91 15 272 453 150 828 57 35 140 102 137 157 217 543 232 189 227 93 139 284 116 174 216 51 54 266 31 109 164 100 293 250 207 125
516 553 105 257 259 245 48 13 182 35 62 269 229 157 105 263 292 181 160 283 15 18 185 68 248
839 58 105 131 132 199 285 839 48 144 224 251 23 984 275 304 308 343 304 343 241 681 204 304 293 171 40 176 252 135 222 111 175 83 185 169 272 15 41 181 176 63 254 69 280 71 213 273 127 28 137 121
449 87 233 146 253 50 218 103 235 129 197 224 170 130 34 284 90 239 189 9 133 297 36
604 219 248 839 16 119 140 162 263 18 18 448 747 384 477 798 944 159 840 77 52 263 6 661 319 73 355 213 116 250 131 67 11 227 124 52 272 261 257 163 205 128 159 213 18 196 194 30
589 59 268 281 24 296 222 214 151 169 65 255 220 108 247 219 32 188 166 262 119 20
449 97 162 308 83 101 43 37 622 177 198 260 126 207 559 111 280 44 673 165 446 810 57 240 27 278 155 162 288 276 167 6 36 95 19 113 244 163 226 39 190 172 43 209
6 175 134 243 227 244 82 119 298 250 223 188 76 65 203 59 72 109 177 236 291 186
26 42 129 215 454 92 109 211 257 254 150 283 257 260 950 556 291 211 613 105 208 37 203 71 905 221 73 8 108 125 158 81 121 194 72 61 186 281 40 264 35 62 160 285 219 79 93
9 29 39 516 37 50 267 284 233 304 304 681 23 204 343 241 94 111 171 431 293 68 290 217 24 12 40 222 126 147 240 138 236 166 85 123 282 248 41 161 54 92 94 117 96 72 99 283
449 143 241 292 449 93 96 308 296 8 526 858 723 8 150 187 110 526 187 843 265 602 905 98 71 79 73 208
212 248 137 137 576 639 889 427 631 743 570 576 715 570 280 444 732 353 74 163 576 417 374 774 226 289 374 297 155 186 155 374 155 774 614 137 111 3 759 228 813 252
839 51 223 250 262 537 818 980 537 712 712 241 818 241 712 144 52 122 270 834 670 199 82 237 33 84 204 18 3 219 55 269 167 83 233 137 151 58 176 115 215 48 71 258 150
475 44 45 91 181 285 308 105 240 187 75 199 0 95 30 18 283 179 85 20 236 194 21 6 68 129 288
34 36 169 222 245 254 162 294 0 59 127 287 264 70 234 101 64 219 260 266 174 36 199 282
449 110 238 288 308 85 152 269 38 210 265 124 145 294 296 255 218 66 299 216 88 132 221 259 242
449 117 230 256 65 261 81 248 221 19 102 214 267 252 215 224 119 22 193 46 141 209 24 256
65 228 274 301 911 584 942 209 166 942 301 213 968 8 213 52 759 220 840 459 514 159 355 275 135 203 63 154 232 177 130 187 89 84 170 238 80 267 223 205 46 155 240
260 85 283 82 281 26 97 209 57 171 265 38 180 9 246 276 198 131 19 274 14
171 223 267 159 42 30 240 225 259 204 147 292 76 105 51 172 148 257 188 70 95 78
604 236 359 499 155 208 189 208 499 499 499 155 34 259 672 56 415 90 225 442 85 192
516 43 147 178 312 121 249 253 276 686 284 117 117 197 23 197 401 190 398 14 571 591 135 537 460 875 838 594 271 46 210 295 273 169 298 92 268 77 100 7 261 129 267 266 247 187 60 175 188
22 87 158 163 267 16 753 753 592 930 965 950 994 592 57 57 120 592 142 78 41 88 101 202 679 20
800 2 199 753 753 592 930 965 950 994 592 57 57 120 592 142 78 41 88 101 202 679 20 296 74 53 18 295 80 87 70 50 160 239 173 136 24 96 105 166 124 13 98
34 223 273 152 228 24 265 287 83 58 182 72 34 137 104 94 205 208 120 114 257 214 191
279 973 116 263 137 137 263 96 271 726 726 900 813 163 137 614 3 89 250 228 111 40 864 274 223 43 51 190 276 60 235 191 45 137 24 85 202 145 143 71 119 39 33
800 166 226 236 80 139 158 231 282 291 142 239 199 248 283 202 67 2 127 208 286 251 172 52
31 230 296 55 277 6 199 23 33 67 188 221 281 77 278 76 209 94 34 165 37 158
94 99 217 244 251 204 245 88 19 124 166 232 139 132 231 87 264 248 40 152 70 180 285 79 33
516 622 122 36 123 57 290 117 269 198 168 184 108 255 291 189 284 251 144 28 62 10
33 178 800 246 274 287 308 285 481 322 4 983 481 285 4 590 116 322 919 130 142 238 256 93 259 276 220 259 192 265 0 263 52 264 190 249 61 278 114 198 125 232 119 121 291 75 153
604 170 190 15 125 126 127 163 115 163 609 163 288 662 235 212 246 13 427 976 502 977 58 125 481 287 178
604 757 10 800 800 538 622 463 538 463 950 800 935 848 866 163 614 3 89 252 40 518 914
920 3 8 121 159 215 217 296 101 767 101 767 384 434 767 94 73 624 234 104 43 616 358 784 840 235 564 844
961 1 78 608 225 998 60 746 998 998 633 283 242 838 35 875 96 460 594 271 350 442 271
516 622 800 877 28 47 52 463 913 463 463 848 465 913 929 463 463 800 863 237 3 834 250 89 813 137 864 123 190 32 167 75 68 240 66 99 43 222 21 250 237 194 235 61 185 20 111
15 40 203 209 274 277 624 102 135 151 228 992 992 992 309 876 309 874 945 188 374 370 992 73 6 983 52 8 605 159 841
8 112 125 281 622 221 813 748 622 965 212 757 9 228 834 642 111 89 864 237 250 914 759 3 4 104 34 274 256 14 277 290 261 11 142 190 258 45 161 65 195 154 75 267
449 16 93 119 140 152 176 182 207 50 58 60 168 312 308 304 204 984 343 241 681 275 681 94 131 187 431 331 68 233 252 293 135 111 192 154 55 52 65 164 82 294 106 211 78 166 218 229 24 259 27 21 269 11
177 217 243 248 251 308 449 516 124 226 11 432 39 502 940 907 255 753 133 11 175 221 397 673 37 79 903 98 105 73
37 148 23 343 275 241 204 308 23 275 343 241 94 187 171 217 131 431 24 252 176 293 56 270 211 41 262 140 88 212 192 221 114 193 86 279 83 30 61 251 158 34
475 17 78 144 238 475 150 184 265 266 297 308 233 23 308 681 275 984 984 23 304 217 331 111 135 94 252 222 187 40 131
1 46 114 171 286 113 117 282 74 171 22 233 256 142 2 819 130 220 302 238 468 761 139 72 169 226 283 150 184 85 252 133 15 240 258 261 212 227 267 71 134 73
10 117 166 218 449 622 49 170 183 204 185 196 247 235 196 417 982 417 115 66 126 443 559 240 324 57 810 35 207 120
142 65 955 16 297 835 835 16 16 271 271 16 767 118 522 749 564 616 454 235 358
101 214 276 282 308 304 275 308 241 204 304 343 275 308 681 23 217 94 176 222 40 24 331 290
604 624 839 102 116 187 248 715 639 137 576 631 137 576 889 427 639 137 570 481 556 444 353 163 576 423 42 265 198 131 137 77 195 230 53 46 100 124 23 76 80 141 52 135 59 27 257
27 113 215 259 266 449 98 253 144 175 37 278 241 980 175 537 712 37 818 278 33 848 258 122 237 24 834 509 208 792 678 792 120 306 258 521 85 56 57 90 205 933 259 33 783 442 254 342
449 43 81 84 234 235 155 194 129 142 73 32 282 268 46 202 196 28 154 272 242 188 75 13 130 219
13 53 97 99 100 104 141 149 150 236 140 77 159 83 84 60 190 281 26 256 20 195 227 241 135 15 165 201 49 188
339 149 214 40 69 122 210 241 250 566 285 240 646 566 846 285 654 566 587 846 207 459 605 983 340 747 159 6 77 262 155 70 79 117 65 74 233 45 43 66 139 67 95 97 188 138 13 144 199
604 839 100 123 155 234 144 167 271 85 210 75 145 44 261 33 227 186 120 48 123 156 264 170 249
622 41 113 24 229 140 257 278 257 39 978 29 13 184 492 562 916 446 363 324 559 207 431 957 57 139 193 102 273 192 212 122 232 147 242 249 49 155 113 253 63 190 297 51 251
604 839 58 298 20 110 268 70 228 135 266 202 256 211 112 16 237 102 18 49 149 275 198
27 88 98 108 180 205 56 191 133 114 153 178 183 236 186 122 171 229 28 53 267 159 174 268 275 7 274 240 276 248 287 0 13 222 271 55 26 86 261 206 108 260 150 201 210 50
327 8 72 437 16 129 157 159 286 23 343 304 23 304 308 304 984 308 187 293 431 135 290 233 111 252 131 40 24
327 204 212 252 524 197 999 493 303 261 163 524 197 407 427 246 58 379 508 178 172 879 453 287 116 162 64 201 244 231 287 247 203 80 187 106 39 272 75 296 26 235 176 19
437 162 89 203 483 718 6 546 966 819 382 966 190 836 373 955 552 220 747 867 77 6 759 459 214 91 106 35 226 218 20 85 22 24 272 48 87 291 39 241 282 279 150 131
98 101 104 155 157 276 5 216 117 53 154 168 104 209 267 260 206 175 7 133 177 11 141 147 205 97
107 163 250 292 22 221 7 205 299 116 212 76 132 114 270 48 13 208 60 187 58 294
79 89 185 961 94 248 786 583 786 701 557 249 190 190 557 145 82 801 834 237 255 385 995 716 848 258 173 185 73 20 224 132 41 124 147 260 83 191 75 261 170 77 215 59 78 232
379 105 118 192 231 39 114 74 235 92 213 69 143 269 244 211 85 250 46 113 68 209 186 256 195
116 190 240 281 87 182 262 499 291 342 269 495 291 932 215 294 835 110 126 584 107 985 35 755 522 355 10
367 105 126 279 653 701 796 480 819 701 701 819 207 57 565 280 957 810 559 240 363 443 126 431
613 115 163 229 57 930 753 950 959 220 753 101 399 276 259 362 193 754 41 142 78 136 20 278
8 79 81 172 233 94 183 300 760 430 877 389 149 800 102 450 420 495 297 57 676 543 866 140 705
604 49 56 66 155 188 265 271 283 701 840 259 67 214 634 712 125 879 58 107 481 172 100 453 287 976 150 490 508 298 114 102 199 95 275 74 228 66 172 294 61 92 58 270 129 137 274 291 101
107 114 222 246 237 207 185 5 148 160 177 254 151 269 15 298 189 264 141 161 34
74 188 0 106 229 286 299 705 285 121 334 150 285 705 39 84 87 67 240 111 324 810 957 625 559 64 446 93 197 9 128 45 94 181 192 88 178 160 236 50 238 298 55 134 20 138 226
194 265 276 249 77 60 143 112 180 115 195 104 258 139 126 113 127 119 225 219 83 61 158
