58 144 202 49 294 71 167 50 76 11 77 15 70 279 219 125 40 273 0 222 269 47 267
818 108 191 257 267 224 28 175 207 124 131 137 193 152 145 209 39 197 91 103 162 281 186 214
236 246 215 202 296 132 74 211 62 244 245 164 237 213 199 293 180 289 93 0 123 243
177 201 270 23 99 86 62 133 107 76 157 272 14 137 291 127 101 122 181 41 263 259 6
93 149 215 272 269 135 84 205 83 201 39 236 195 253 278 228 279 133 297 131 251 37
726 30 90 165 48 61 149 239 146 144 175 114 258 207 292 51 156 120 135 1 288 41 18 122
726 95 105 135 185 226 93 212 212 706 238 212 218 267 935 38 80 173 192 1 212 677 185 283 21 682 33 288 97 235 26 42 145 148 277 139 73 293 198 202 122 158 94 11 173 69
12 97 101 163 167 72 128 238 28 33 290 162 87 184 200 292 126 298 174 280 69 241 229 250 133
818 68 106 171 293 43 97 101 190 162 155 76 230 73 284 142 96 203 207 25 9 150 221 100 11
10 220 233 268 204 243 0 19 112 276 151 29 219 209 11 24 273 264 45 53 137 23 179 221
808 156 245 134 641 641 72 72 327 851 327 641 134 627 410 64 182 996 23 27 232 60 164
177 193 268 509 422 21 21 422 21 509 162 509 942 210 72 871 162 502 42 0 302 644 735 155 243 209 125 2 290 157 111 170 216 19 275 53 149 130 184 148 33 219 233
818 226 250 33 75 195 254 94 92 229 167 103 143 217 189 274 46 170 29 13 12 123 232
383 220 263 726 818 11 53 66 222 258 38 229 294 292 248 38 64 271 250 175 613 48 146 9 6 11 23 165 617 37
58 180 181 250 261 130 65 194 251 154 742 283 11 154 139 154 154 618 222 995 624 172 957 444 157 675 675 405 405 328 675 675 328 675 328 162 909 235 138 616 260 351 419 993 190 17 50 97 44 153 183 69 284 278 287 253 295 103 203 4 169 249 115 209 240 281 171 232 36 12 72 65 152 27 89 271 148 43 45 3 221 255 189 236 204
139 153 196 108 298 9 194 244 54 110 31 238 139 2 144 14 285 56 253 122 266 192 158
70 164 208 140 138 231 84 227 120 189 181 160 287 232 72 265 294 273 149 54 55 50 82
560 665 726 10 168 181 279 89 16 102 35 64 186 10 157 96 135 199 144 51 171 270 5 42 261 133 174
474 852 130 220 269 293 297 66 48 130 235 141 138 3 129 17 230 200 254 63 215 248 196 150 46 137 142
808 122 235 10 164 2 247 190 276 138 100 195 294 47 109 235 64 92 78 18 215 80 214
210 240 299 66 64 154 106 184 263 121 168 218 233 161 252 98 107 238 249 269 275 283 138
9 24 29 197 150 37 109 53 41 196 254 43 66 79 298 111 2 187 76 261 108 132 23
120 152 207 227 238 274 163 211 92 273 132 106 16 47 136 25 121 193 200 161 236 197 288 60 194 50
629 3 220 252 177 123 73 124 63 128 42 29 264 8 266 24 35 146 217 16 189 131 52 201
852 47 92 249 261 726 68 108 320 320 320 600 549 727 727 311 549 727 210 724 183 163 853 165 297 52 109 536
474 92 202 260 284 85 902 706 93 47 706 706 218 107 8 679 259 158 212 192 1 38 935 215 173 1 161 205 7 239 223 285 240 211 191 180 269 90 44 190 236 101 279 243 11
21 106 157 281 93 241 268 268 214 149 312 287 107 287 194 269 169 11 19 239 89 212 7 205 125 9
383 665 78 174 162 298 296 254 826 909 405 820 296 254 267 90 891 76 138 65 364 260 229 130 74 139 178 249 216 243 238 176 257 150 214 152 233 104 166 265 136 56 184 121
110 201 267 665 726 85 134 102 125 102 137 257 102 212 104 35 238 35 102 205 19 23 89 194 196 269 73 224 130 23 240 83 228 183 13 177 20 120 185 26 104 52 261 116 277 222 161
198 249 251 980 164 237 287 377 292 85 72 277 209 209 87 209 141 701 339 62 126 69 86 96 177 552 669
168 207 212 8 706 107 902 218 902 47 215 291 39 157 259 38 679 169 935 677 40 173
16 212 8 706 107 902 218 902 47 215 291 39 157 259 38 679 169 935 677 40 173
629 852 41 44 827 430 644 25 827 644 430 430 303 970 644 121 91 143 180 293 5 572 88 181 161 273 96 270 22 107 92 272 27 279 202 74 195 254 277 112 110 81 261 281
102 163 166 23 235 215 232 268 147 97 85 106 289 220 25 189 213 206 198 276 179 247 93
212 244 127 31 231 68 82 155 9 108 243 11 239 2 175 173 148 102 7 223 164
233 242 267 66 182 243 155 43 134 123 94 40 37 10 238 76 203 69 111 53 259 129 135
579 226 242 102 158 26 163 149 242 247 6 185 70 284 165 27 50 160 239 147 221 66 24
104 114 122 127 227 274 291 91 230 248 131 237 195 168 209 173 159 16 14 196 194 201 56
383 980 57 64 84 146 160 165 174 26 101 74 44 291 182 130 205 48 180 55 295 106 2 265 134 85 233 221 155
726 106 178 289 92 153 202 289 146 34 116 150 55 211 157 61 140 216 235 103 43 266 184 277
53 101 141 133 176 187 193 121 49 98 31 85 101 277 81 212 175 251 144 210 42 254 169
55 74 109 171 240 254 121 120 242 283 135 272 179 176 271 46 183 291 101 299 105 180 168
33 154 247 104 249 150 293 36 68 285 243 283 142 187 208 162 277 182 98 168 173 244
852 23 33 167 19 211 258 32 221 224 75 83 60 58 73 153 155 265 125 275 44 139 146
59 174 290 123 7 1 23 290 274 112 85 140 266 11 178 144 296 26 269 21 2 54 65
474 39 99 198 241 95 266 74 290 205 109 189 247 245 7 238 90 227 126 154 280 288 215 13 214
35 176 193 151 268 254 285 131 234 28 78 25 12 174 143 77 291 72 215 265 219 276 188
665 53 109 128 148 86 237 196 190 164 48 112 65 268 266 19 132 102 33 159 29 191 210 297 161
13 41 164 198 281 288 193 49 114 226 82 79 52 276 211 27 141 13 72 57 190 233 59 238 185 254
149 218 240 286 274 16 142 257 147 129 1 184 120 152 185 230 236 226 56 71 89 165 11 197
6 65 233 261 116 248 244 267 2 93 23 167 13 95 180 171 229 10 155 81 273 48 214 236
579 83 113 152 165 186 286 285 91 45 223 109 248 288 77 41 25 97 106 172 161 99 243 94 140 117 170
560 980 83 216 226 250 186 198 184 173 275 62 55 130 29 131 203 52 13 233 151 86 33 272 10 271
560 31 33 57 30 208 233 100 158 192 58 93 240 96 142 56 174 282 287 109 117 33 191 63
77 112 204 68 260 255 144 59 183 40 93 202 246 134 199 188 273 284 196 100 248 218
38 270 274 818 44 147 236 561 180 561 129 831 129 180 346 90 831 950 21 212 401 285 649 722 197 255 268 293 254 111 41 162 145 5 68 164 264 84 91 236 146 273 241 105 207 42 166
3 11 60 213 108 177 121 216 119 277 80 271 250 20 40 276 79 162 183 92 289 96 253 167
726 278 164 147 103 128 218 37 280 243 185 17 240 142 188 70 262 105 232 250 266 134
211 250 260 273 239 161 184 203 0 43 92 124 246 152 155 55 129 208 10 41 90 24 264 229
17 176 181 248 7 287 61 266 114 264 105 281 35 20 158 272 292 42 265 85 78 161 216 259
629 26 50 115 132 560 818 163 181 251 303 430 905 25 970 303 82 342 644 342 970 644 293 342 94 650 836 393 121 115 177 160 206 161 125 98 90 4 223 294 85 286 127 48 254 184 61 138 72 172
474 980 111 126 95 272 14 35 53 1 11 123 256 113 158 203 166 157 147 67 15 280 121 27
804 251 283 257 14 239 214 92 224 95 195 194 209 284 252 57 105 200 27 264 110 39 32
818 27 33 79 264 270 205 297 19 164 216 294 144 37 79 153 276 161 137 25 59 278 217 204 249
192 207 127 276 42 277 160 38 220 111 164 71 280 184 148 152 41 72 257 288 212 210 215 79 280 59 125 152 196 86 16 42 126 50 64 67 183 22 92 241 27 114
129 288 108 142 201 47 24 146 277 102 69 149 66 287 75 197 281 234 97 271 73 3
808 29 42 124 153 294 0 255 236 97 42 87 251 271 272 247 41 206 167 149 72 159 220 12 67 203
26 86 176 265 139 292 130 972 226 756 424 115 895 115 130 827 305 428 238 525 112 159 644 866 38 764 149 168 139 109 76 106 39 190 187 114 110 74 120 179 287 297 165 96 194 249
53 95 189 258 294 284 273 179 95 191 200 292 161 173 290 118 29 138 104 149 46 74 210 211 205
474 34 240 174 79 1 85 44 51 135 56 26 255 216 66 270 189 19 252 206 199 148
560 92 192 272 299 187 13 387 18 123 1 18 601 841 603 56 269 240 20 829 739 566 23 280 211 9 208 73 91 132 192 290 233 121 207 61 297 179 100 202 15 217 118 144 109 211
808 71 77 168 178 208 818 83 127 129 131 167 82 342 82 342 430 342 25 25 121 393 950 650 180 836 94 635 342 88 572 16
582 116 210 297 856 185 342 176 464 6 225 342 44 208 604 227 38 199 154 141 9 285 170 546 220 200 237 16 216 295 198 53 255 66 248 45 160 151 180 54 234 179 262 99
557 29 33 67 79 206 225 249 106 201 241 65 112 168 229 31 14 176 88 145 160 92 2 10 69 116 108 278
474 30 64 217 233 246 157 83 168 67 114 183 123 282 146 252 270 58 13 54 207 261 145 10
216 33 291 30 154 146 56 191 31 98 194 27 213 218 72 10 76 174 193 270 188
808 8 69 49 285 254 51 163 110 39 240 48 296 229 28 190 286 241 2 262 87 234 41
557 111 144 172 22 95 107 90 12 194 163 203 285 41 277 19 114 50 29 49 127 205
15 44 167 118 183 176 228 94 175 208 72 151 205 173 145 209 291 222 30 271 59 243 142
40 297 269 192 184 65 181 294 112 147 214 64 70 217 211 148 8 187 297 253 291 90
474 557 41 44 236 117 106 26 173 119 239 35 291 190 199 33 211 178 295 206 24 31 4 51
808 11 73 162 204 268 256 290 255 98 228 115 100 287 52 54 154 262 193 72 7 266 89 1 203 172
629 244 259 217 155 17 11 117 204 202 70 48 3 265 163 281 175 106 2 40 294 149 198
726 33 252 508 28 87 120 184 221 267 555 102 245 237 215 546 678 967 834 245 430 906 798 415 11 218 26 930 26 126 43 1 296 19 71 192 108 158 12 231 275 219 133 56 97 295 49 256 149 251
474 81 93 285 78 60 281 40 271 218 196 213 220 30 174 160 24 38 94 163 64 105 4 184
708 62 186 232 11 19 105 242 138 242 280 280 976 932 932 723 111 582 43 106 3 216 171 273 242 432 56 265 147 3 288 192 244 205 229 211 293 273 142 63 36 262 29 44 28 263
58 85 214 285 66 71 117 299 56 266 214 189 162 185 136 258 196 48 125 120 291 81 22 247
818 58 99 218 171 177 168 15 126 170 217 208 271 16 95 259 34 245 90 145 38 85
476 508 213 296 281 17 74 185 108 22 15 228 52 77 290 39 167 126 297 9 160 98 112 60
42 266 210 200 111 47 85 0 225 19 131 187 118 15 184 269 232 129 268 123 133
476 582 708 124 42 38 147 110 239 213 0 204 65 279 123 102 70 157 164 24 155 109 134 75
114 147 208 13 250 136 152 163 57 253 5 249 6 23 268 2 286 277 226 234 118 263 22
126 191 152 222 77 168 97 246 253 218 4 213 92 224 21 132 131 226 184 203 200
151 286 262 97 58 65 45 217 151 95 163 40 8 44 83 221 35 260 185 281 94 179
383 474 65 119 133 27 308 2 974 815 378 2 833 968 27 814 166 786 644 102 764 107 827 428 112
708 235 254 299 313 294 471 356 471 14 560 517 313 577 391 722 268 871 61 528 264 21 592 246 186 175 298 2 236 65 5 235 60 227 180 7 56 256 280 222 138 212 284 285
44 60 97 115 116 227 237 268 204 285 207 243 175 4 92 119 97 56 253 292 164 181 183 298 264 115 69 142
508 24 72 217 64 215 291 57 195 1 239 286 228 190 80 15 25 296 108 221 161 4 143 229
0 14 63 102 64 172 239 981 708 537 459 365 824 77 824 537 907 397 177 753 598 776 404 925 792 749 400 275 92 66 188 235 1 225 77 257 217 224 221 202 98 61 155 65 253 182 11
75 40 95 122 281 144 263 892 459 263 459 276 187 541 541 892 959 170 973 844 344 213 444 862 844
852 7 27 33 51 164 180 32 188 81 265 22 50 50 50 282 483 886 19 432 502 142 974 555 830 278 208 38 211 208 209 139 147 253 298 228 22 89 35 245 14 101 116 232 152 181 11
52 206 244 257 258 297 234 117 132 55 46 247 276 177 199 220 139 246 38 289 11 20 190 123 239
118 173 253 182 258 69 85 147 77 244 159 129 84 238 230 49 157 87 68 30 221 277 15
808 126 288 950 8 55 76 140 280 630 630 273 192 196 476 630 630 26 258 861 903 146 232 826 33 743 51 27 86
257 293 106 136 934 934 219 65 136 106 230 226 146 125 287 265 153 245 80 11 621 798
27 289 77 81 34 81 186 229 34 508 76 730 159 166 218 428 167 183 238 107 305 786
474 430 342 652 25 905 652 905 644 499 121 5 293 16 342 836 679 572 393 627 453 135 70 57 234 271 21 245 231 232 207 257 202 222 182 167 288 265 141 211 185
36 66 122 205 26 279 109 224 274 32 159 8 291 240 35 266 65 178 87 22 286 232 284
31 59 71 154 155 295 808 861 150 290 641 150 705 290 150 977 854 83 800 989 47 53 83 471 886 54 200 216 122 240 276 137 195 299 177 37 16 219 144 183 296 221 222 45 192 233 32
980 168 212 270 349 946 270 28 349 349 218 906 479 476 836 873 546 189 731 356 26 11 26
474 52 56 102 219 231 300 420 260 664 664 21 630 420 849 130 477 391 156 998 866 581 155 802 576 756
74 250 598 851 213 526 155 76 213 838 806 598 718 58 143 29 274 326 691 873 960 577
808 104 660 57 131 205 57 205 660 851 468 546 189 218 479 906 356 476 836 798 11 873
818 16 196 248 765 337 145 0 769 733 440 0 440 117 662 79 23 834 597 274 297 170 658 137 207 79 120 90 94 201 35 59 47 189 45 20 124 171 117 256 231 39 269 104
89 356 131 895 717 28 28 481 481 481 717 895 331 268 717 218 356 731 189 11 116 873 906 137 123 195 44 181 189 122 149 73 96 39 128 242 206 199 93 225 236 33 197
508 808 818 950 43 186 116 272 253 236 123 13 42 35 1 176 122 43 115 103 7 133 102 65 216
539 3 84 94 219 281 818 842 208 215 225 248 692 902 69 594 248 248 663 90 773 627 288 453 293 950 652 679 5 16 393 21 78 82 31 278 141 292 215 71 109 44 117 234 286 273 7 114 199 197 79
9 180 201 279 808 61 62 71 125 235 673 682 682 691 174 752 77 77 77 77 752 514 495 146 288 163 21 174 661 242
180 289 826 162 298 328 405 909 820 162 296 675 90 983 56 140 364 9 155 267 260 65 673 77 691 514 673 121 514 682 77 121 454 658 288 912 146 495 78 989 165 242
921 187 190 314 481 907 524 524 481 423 643 375 423 375 375 242 713 83 511 141 281 753 471 164 264 238 187 223 251 201 0 91 56 63 53 172 138 214 33 28 55 263 107
818 191 184 99 1 165 282 176 203 283 33 66 129 260 292 274 7 286 216 57 107 194
659 40 54 26 208 400 990 55 128 474 117 78 634 76 202 16 165 753 660 329 405 731 402 109
279 292 294 766 240 113 56 65 294 906 50 972 972 906 181 214 98 296 797 876 181 33
29 58 124 138 175 220 750 902 812 257 750 902 581 877 257 144 144 257 268 391 39 264 426 285 649 528
508 86 165 798 836 836 344 903 798 844 44 444 959 591 973 282 620 15 240 153 134 299 93
38 812 53 805 507 812 879 671 671 31 31 879 577 268 246 401 264 285 942 507 592
557 109 251 67 760 249 254 254 278 67 418 120 381 381 499 393 5 88 342 635 121 293 453
153 177 265 678 410 665 973 973 417 410 410 258 259 8 587 15 490 654 43 447 275 73 193 205 157 200 243 39 231 173 99 103 283 191 226 284 62 225 211 223 95 195 203
37 131 168 270 290 154 284 142 248 41 135 236 106 74 143 131 144 38 30 250 151 215 132 104 80
758 26 121 169 266 85 94 197 203 252 169 86 171 250 5 96 1 285 187 217 146 291 227 298 0
531 623 218 289 294 2 213 33 109 162 57 239 95 66 48 73 236 188 93 43 232 6 65 161
17 21 140 227 765 783 15 86 112 161 346 134 274 560 161 237 134 560 134 274 240 627 670 27 132 814 223 20 29 344 410 344 5 250 531 587 344 250 232 257 97 990 163 479 841 833 499 671 587
950 77 92 93 187 262 165 41 154 228 149 213 215 6 250 30 158 1 147 285 106 37 188 101 36
121 217 852 934 678 74 444 678 493 58 278 278 699 793 166 801 284 138 344 417 388 76 49 143
557 21 81 221 765 651 160 29 618 364 364 375 430 618 160 240 290 797 34 319 251 586 73 959
935 2 96 220 422 458 914 28 680 914 280 6 460 490 662 767 577 104 226 250 670 551 294 795
144 692 722 606 606 237 367 90 90 39 722 367 722 282 533 139 153 299 351 15 256
34 36 63 70 115 178 236 278 754 776 754 495 38 776 518 352 109 814 104 110 559 141 809 584 682 829 79 245
818 983 18 127 852 852 950 377 224 458 950 377 852 852 445 458 287 186 693 308 13 40 161 29 121 274 293 46 292 283 258 66 111 39 264 88 288 94 170 276 241 135 48 7
155 269 180 240 267 889 125 816 905 601 125 816 210 18 67 217 12 961 318 111 303 150 283 794 165
44 51 220 234 281 175 932 299 235 841 175 42 175 299 141 1 23 21 267 17 289 178 188 293 186
73 118 519 189 447 519 574 447 159 905 319 577 159 782 312 959 76 73 923 428 595 689
629 818 207 818 772 854 806 806 606 781 45 20 806 818 12 408 297 609 333 210 112 131 151
917 955 42 67 880 180 186 220 178 49 816 186 845 186 724 546 792 11 574 218 479 356 352 836
955 15 50 772 789 20 818 818 772 591 789 772 20 806 325 682 417 13 151 184 79 609 173
702 31 267 723 585 950 950 370 859 723 262 733 412 723 75 606 86 818 410 191 720 237 538
639 151 864 236 864 864 261 519 864 261 6 346 299 139 15 351 658 134 426 285 153 256
11 27 199 254 266 133 341 220 984 552 591 866 0 3 341 984 993 252 66 707 132 76 729 400 580
560 852 950 83 143 164 186 198 312 101 124 274 793 352 793 372 207 452 109 793 988 551 584 559 281 104 471 814 580
606 167 181 257 273 664 926 926 732 926 926 215 634 455 383 356 732 678 23 287 13 583 77 308 716
766 88 198 210 723 107 446 723 310 240 316 942 952 889 262 499 62 214 732 321 301 212 870 814
50 107 250 290 294 881 42 42 679 559 559 169 42 169 679 275 96 760 927 542 559 287 669 62 731
24 240 214 873 281 883 873 101 726 895 94 873 281 739 468 144 258 168 534 11 633 175
203 277 310 107 446 107 942 723 240 503 408 952 98 212 29 281 732 814 611 499 301 262 107 76 231 256 227 55 193 261 188 26 224 102 119 265 181 92 40 153 235 14
628 55 143 144 145 200 272 312 137 81 81 81 470 128 73 73 758 81 302 511 322 756 641 339 873 198 520 481 196
818 34 206 229 753 681 828 754 940 420 753 753 556 748 245 346 931 692 109 197 626 737 870 960
108 246 735 735 911 429 413 930 429 882 241 735 580 731 814 713 242 110 79 682 559 584 726 488 535 823 391 206 976 726 53 684 391 936 85 165 220 187 238 302 452 684
557 708 200 290 296 109 164 272 221 238 274 4 108 290 57 110 117 81 47 242 161 227 248 190
432 557 708 85 94 121 135 213 261 852 980 288 810 453 754 453 318 810 595 810 83 344 69 931 412 309 613 964 845 866 346 737 480 363 700 391 700 657 480 256 206 657 363 735 85 302 93 422 761 684 819 256
77 800 480 657 966 906 966 301 215 363 906 92 884 302 220 761 85 229 142 782 165
708 852 48 232 250 708 96 161 286 458 178 305 303 476 868 476 458 88 993 773 650 652 867 587 5 679 760 293 836
80 154 316 670 627 627 788 279 456 279 316 704 788 426 731 245 753 809 710 104 559 471 20 202 144 16 3 277 100 142 297 26 258 15 271 79 145 2 159 78 168 102
218 296 596 494 24 358 150 974 912 150 574 148 853 296 136 198 234 586 900 373 385 54
