139 154 156 166 225 299 699 39 209 230 29 82 137 204 775 341 520 938 91 343 342 286 273 284 570 334 349 904 867 695 380 725 838 86 263 215 894 217 642 697 656 938 528 665 840 825 15 614 955 315 707 376 62 582
18 67 188 250 296 81 829 937 120 81 197 687 120 120 185 841 829 693 291 0 291 432 573 605 616
13 195 252 371 348 831 15 970 758 716 970 348 970 348 219 556 36 252 789 679 219 214 774 679
777 105 207 917 758 917 917 917 411 716 716 411 348 716 642 47 679 166 677 221 633 113 759
699 63 92 222 274 283 44 70 40 12 72 245 297 215 279 95 206 114 69 214 168 71 175 230
16 225 2 183 247 96 235 236 80 52 116 98 47 77 140 273 188 213 63 237 243 144
67 117 214 280 197 580 400 455 455 565 402 415 402 455 257 565 505 580 54 115 335 415 974 409 118
20 35 164 146 570 979 979 892 146 146 892 982 979 13 982 246 778 55 466 982 432 115 98
61 85 123 170 216 583 534 409 463 865 79 865 409 121 161 212 67 164 142 139 505 228 76 709 70 575
817 58 60 867 695 867 520 775 86 695 86 775 695 168 830 152 695 82 168 366 596 181 282 72 266 291 114 232 170 133 55 239 212 44 125 192 154 61 194 145 63 33 215
73 105 205 284 970 348 917 716 642 759 831 758 411 759 970 642 386 362 132 356 72 140 102 56
184 271 280 5 194 180 276 125 111 116 202 32 87 226 90 135 46 153 88 250 284 120
47 80 153 227 158 31 260 244 119 240 105 254 122 209 19 275 237 154 37 70 198 134 128 82
91 207 188 6 296 191 79 263 11 246 131 210 40 183 211 22 44 274 120 140 4 245
52 89 102 175 600 113 245 245 600 178 178 894 858 894 247 894 247 293 12 697 535 176 955 87
14 41 103 583 99 293 24 6 210 267 38 37 43 235 129 3 273 73 239 287 213 284 45 27
38 91 371 203 251 133 98 284 8 190 10 178 173 234 206 64 230 93 268 26 207 152 143
12 21 92 130 59 6 260 217 227 192 136 225 25 31 85 163 165 135 279 22 257 47 133 221 247 278 31 13 47 287 115 296 173 284 260 101 227 2 289 21 138 184 222 92
41 58 123 157 217 200 237 272 278 199 287 157 48 130 116 250 258 143 125 150 178 226 23 13 208
24 84 200 232 234 258 817 88 289 304 738 718 400 415 267 565 400 738 738 565 150 89 161 14 351 930 134 895 259 116 289 81 204 277 12 204 204 418 384 188 32 68 48 19 22 748 383 223 232 162
160 168 186 58 297 86 220 207 290 95 56 59 33 36 177 75 182 104 42 188 137 162 92
97 102 113 274 130 62 7 18 194 244 126 231 14 184 198 135 221 68 275 254 217 266 273 153
7 53 70 99 109 153 169 545 233 148 261 253 106 169 258 180 113 122 227 170 83 212 59 205 36 67 119 167
777 2 72 156 158 101 295 124 276 227 28 42 185 97 32 196 235 226 81 94 190 77 299 63 50
13 71 122 255 270 212 210 181 29 254 152 195 141 91 237 42 8 223 215 187 147 171 26 13 123
817 61 130 132 190 210 219 235 545 276 227 152 207 11 106 291 174 158 43 135 8 99 244 51 147 86 285 4 264
177 204 216 147 246 185 257 251 129 68 17 292 212 271 243 149 261 65 172 179 287 291 142
30 227 268 154 259 290 24 260 81 87 267 50 133 11 47 86 88 155 264 108 231 54
3 13 16 17 71 74 94 265 47 43 265 277 134 105 81 120 229 226 162 182 111 215 286 4 185 52 28 45
191 269 304 176 248 179 107 71 142 3 226 253 1 56 225 188 127 67 278 100 265 133 221
65 121 184 206 253 293 161 284 127 291 126 263 89 240 204 186 59 93 31 44 296 294 15 118 132
85 222 232 272 53 95 173 273 463 79 289 79 92 463 79 125 289 92 125 164 117 124 709 70 197 228 523 95
61 524 495 565 201 495 426 999 183 524 201 75 426 625 49 83 150 170 60 175 732
123 236 141 223 867 141 155 867 223 83 100 729 279 927 334 168 867 356 830 17 530 273 222 142 62 44 230 15 179 119 287 191 3 246 100 291 75 74 2 23 157
33 207 248 293 270 92 2 148 166 5 250 98 176 248 70 56 60 216 26 221 241 86 131 93
22 34 101 149 149 24 83 50 50 109 8 3 5 68 274 205 61 84 362 431 166 102 239
77 32 119 718 718 415 718 565 257 402 455 565 858 283 974 895 134 161 346 89 247 14 482 235 22 168 262 111 94 175 203 78 86 127 178 68 286 7 1 243 64 171 60
192 267 269 247 78 258 124 250 149 37 289 8 129 115 244 77 131 31 74 94 134 189
11 73 154 188 204 227 233 275 17 823 823 183 823 426 426 426 183 223 98 83 569 942 307 192 561 150 280 625 170 171 201 44 6 241 47 111 149 140 64 22 162 95 102 174 260 53 141 147 119
11 143 268 42 168 42 157 48 157 42 239 61 176 386 102 257 23 45 166 162 56 249 216
146 209 241 115 286 255 228 60 204 143 232 182 163 50 187 250 242 119 221 66 76 220 211 8 40 131 265 14 125 195 0 241 264 217 250 13 35 84 90 47 92 277
299 47 63 105 157 87 85 198 16 23 298 143 20 49 282 166 289 34 220 103 121
777 40 285 206 209 219 227 284 750 146 766 79 146 707 211 643 526 977 181 17 279 729 830 867 128 146 70 334 49 15 143 75 49 143 188 141 459 49 171 501 205 239 16 162 23 923 216 137
57 274 290 201 188 61 214 2 276 130 28 59 259 238 122 289 245 135 196 76 33 26 160
31 16 16 16 61 60 60 110 248 61 362 238 248 864 68 384 383 70 748 53 22
62 157 77 119 168 274 107 207 161 16 152 227 275 74 82 137 288 148 221 141 285
6 14 29 227 239 249 277 240 61 36 246 192 160 107 210 223 275 197 165 86 137 242 104 64 85
60 63 70 227 286 0 236 31 178 198 248 50 255 110 229 276 189 115 155 114 140 215 137
253 48 91 137 152 256 297 415 400 718 580 267 415 402 565 580 150 61 520 247 14 283 753 41 89 160 209 151 259 3 41 298 280 16 160 257 169 87 121 235 243 255 289 278 242 43 101
117 136 286 256 168 72 7 150 173 244 32 132 181 203 9 43 10 228 37 224 198 291 81
32 299 137 36 185 176 253 170 19 90 270 233 47 18 60 153 259 280 0 223 211 14
20 32 86 145 189 37 62 254 282 537 298 48 298 870 187 870 219 48 287 857 128 181 830 356 977 729 70 17 123 93 58 78 88 276 139 107 229 247 235 207 96 266 255 120 34 126 205 131 39
167 218 232 160 206 226 275 419 565 495 999 565 419 426 999 183 823 495 98 357 83 60 280 192 193 732 569 133 165 121 133 241 95 37 133 133 249 102 205 362 84 16 166 61 137 759 23
215 159 34 230 211 127 278 220 79 270 177 241 60 196 163 292 87 77 50 166 189
152 171 201 234 92 44 210 116 299 153 67 5 161 205 218 40 152 270 189 6 33 99 182 120
51 85 132 187 545 90 215 121 294 194 251 243 156 204 95 89 117 293 249 103 221 84 254 199 94
777 41 133 134 256 283 23 114 175 159 101 280 22 187 125 112 249 89 270 295 70 209 174 5 158
213 258 268 738 257 257 738 455 580 267 402 858 968 974 753 209 89 259 134 92 520 579 160 297 290 716 259 699 290 20 307 502 29 21 652 750 240 78 274 204 165 355 741
68 189 293 121 75 199 296 108 208 298 191 237 10 254 153 1 261 148 240 161 187 77 125
30 77 111 184 218 278 285 14 29 62 152 288 800 722 858 895 417 771 948 80 895 633 318 846 526 196 334 126 729 977 530 830 133 199 219 132 18 168 230 104 181 14 200 161 146 1 196 228 41 60 163 53
16 80 97 286 85 90 220 171 298 51 60 133 208 181 138 11 261 108 204 211 43 163 170 143 328 44 224 65 26 328 729 65 26 729 61 23 257 176 239 249 166 102 45 362
199 208 233 83 44 48 35 211 84 243 49 203 75 63 21 26 208 9 28 47 193 255 18
220 174 165 94 122 297 232 233 121 169 167 291 282 212 242 241 288 186 80 44 4
64 393 291 140 871 871 931 892 339 931 620 204 871 892 748 22 383 232 384 226 693 53
110 267 213 153 61 249 39 276 62 198 29 226 132 96 178 30 154 229 293 34 139
147 260 277 110 95 252 116 135 237 166 274 23 230 39 108 143 271 192 224 174 295 272 69
205 208 272 385 74 264 385 279 151 204 466 311 264 864 384 32 223 226 53 70 68 905 834
84 168 277 99 227 25 261 229 191 6 86 178 72 26 277 27 94 105 192 59 127 155 219
4 46 72 111 151 171 201 30 1 120 152 13 213 37 226 92 214 87 26 101 289 282 271 182 105
7 90 166 250 44 211 90 121 107 125 198 273 135 117 231 64 20 276 186 96 61 68 78 32
18 141 275 39 48 192 103 239 210 89 154 55 136 287 247 288 217 20 234 262 196
121 231 121 463 534 79 865 463 289 118 886 139 270 124 198 164 241 134 709 19 990 18 74 260 188 56 204 48 73 168 208 71 137 65 284 233 111 143 198 252 87 88
33 82 128 145 79 85 138 1 105 70 151 240 61 160 21 193 76 252 123 84 257 98 261
18 138 147 171 185 111 117 183 102 31 321 31 134 321 89 134 166 155 209 164 177 77 410 78 241 290 875 716
105 130 248 191 233 249 124 278 233 142 124 142 867 729 17 181 279 356 948 423 196 830 128 27 107 43 59 37 23 296 15 131 185 114 197 102 259 253 169 179 48 164 281
53 141 39 83 143 101 38 52 27 13 99 24 256 153 182 97 113 261 265 271 200 1
30 31 107 108 216 287 31 945 31 655 138 655 51 824 56 239 176 768 84 205 166 362 216 45 249 571
30 85 117 118 292 71 121 125 865 289 289 125 409 92 92 463 197 713 134 164 19 990 139 198 12 68 270 64 254 209 243 286 153 84 191 69 100 111 95 127 43 86 66 42 298 261 104
131 135 155 174 180 182 248 35 225 125 75 197 32 129 153 42 1 147 275 239 295 185 278 213 220
9 99 132 170 207 13 114 545 385 832 423 4 309 631 4 832 287 77 177 629 945 155 410 164 716 78 166 224 205 288 46 261 243 260 136 160 272 210 161 299 270 239 100 175 81 13 219 114
16 83 231 289 63 270 127 164 100 110 78 265 25 239 273 242 219 97 168 194 294 108 83 92
187 56 50 218 213 284 280 20 94 228 147 101 260 39 70 236 272 246 178 85 285
62 92 277 12 30 95 101 118 157 264 92 79 534 118 534 125 92 534 534 37 713 19 139 506 164 198 124 709 270 70 294 157 146 178 14 47 124 111 93 31 268 0 109 105 269 158 199 244 286 174
34 78 43 113 175 266 56 275 235 269 277 214 124 129 53 88 48 103 298 47 255
147 285 286 777 31 51 144 268 167 167 42 216 135 42 78 42 42 265 78 52 105 886 149 278 317 139 743 170 246 132 200 59 240 160 93 158 75 297 95 105 183 289 260 164 8 40 152 252
99 103 218 185 102 157 44 251 122 164 275 261 84 207 239 190 174 71 235 171 34 181 30
55 74 70 173 123 47 241 198 2 43 152 155 178 118 110 256 227 72 92 48 181
50 545 291 292 86 5 0 35 151 209 101 11 56 182 270 200 108 288 4 205 75 212
718 5 193 247 454 454 153 178 330 100 714 178 624 518 153 177 241 78 386 290 155 27 248 875 10 204 117 112 164 103 125 247 264 40 238 174 32 221 48 159 7 79 172 2
101 121 57 203 39 201 97 80 225 93 174 146 207 42 275 250 135 79 270 290 104 127
91 106 237 42 63 132 973 2 32 2 32 978 32 546 32 511 849 671 445 893 87 582 890 692 4 19 4 197 113 51 192 293 89 110 275 190 185 279 39 267 107 119 76 225 271 238
260 267 34 10 83 24 167 205 64 141 277 210 200 104 254 248 237 111 11 54 293 157
133 167 257 35 279 90 172 112 265 233 231 211 93 43 293 278 237 22 213 197 56 2 52
125 223 231 154 197 189 11 14 210 145 97 66 279 59 69 226 48 6 132 274 104 252
11 268 91 98 147 163 96 135 21 133 45 145 121 182 100 44 270 186 260 176 153 276
71 141 145 173 260 297 174 290 240 127 282 180 254 109 152 30 269 71 213 80 187 112 87 247 134 199
2 43 56 192 43 207 233 275 247 218 44 274 35 169 71 197 137 189 191 224 149 25 257
9 13 37 38 40 178 81 80 149 53 235 182 183 28 295 6 171 161 174 120 134 108 252 37 215 58
138 185 42 152 293 16 274 285 142 273 255 239 85 103 8 126 40 279 270 70 166
19 175 113 139 149 290 250 122 59 181 257 291 147 92 96 25 263 53 150 7 255 50
1 10 160 166 265 291 241 102 253 25 51 226 62 284 292 194 101 257 4 63 110 27 0 49 111 35
204 260 304 35 295 224 192 75 29 212 113 169 25 290 136 56 270 172 141 286 151 67 269
214 275 34 193 253 19 15 50 22 51 79 228 99 144 163 148 96 61 174 255 274
34 119 139 143 260 281 616 198 860 777 994 860 198 540 777 105 792 278 52 352 170 181 906 795 32 272 21 141 81 78 291 122 28 163 286 273 15 295 168 212 262 188 64 242 62 71
169 233 64 96 286 219 246 24 80 289 241 146 261 54 29 242 210 4 23 25 72 76
110 116 125 169 7 149 67 4 101 99 22 275 237 92 298 254 63 75 23 72 269 52 271 233
46 76 84 151 223 247 0 183 176 114 263 112 208 81 94 70 204 230 240 248 29 109 215 166 202
157 245 266 26 85 262 68 68 197 197 318 36 289 78 77 990 142 209 290 486 590 629 177 945 716 875 190 14 63 290 242 171 95 206 91 211 118 222 49 276 253 130 163 268 57 111
191 75 97 193 106 90 142 77 25 58 31 55 109 70 207 11 287 102 200 298 115
817 17 82 85 86 283 265 236 101 22 75 196 138 273 88 5 166 74 148 111 132 182 244 187 252 77
235 304 545 46 288 269 64 42 142 286 283 191 166 52 168 8 152 53 29 156 225 206 40
2 81 251 285 287 102 152 57 216 162 133 23 121 61 16 237 53 37 156 78 139 30 65 195 175
174 299 304 205 59 212 2 276 94 143 111 213 244 48 93 161 133 173 282 138 5 110 29 199 62 296 92 69 241 67 297 237 108 275 219 7 211 239 155 192 283 15 255
60 105 135 161 280 228 174 248 107 221 59 152 167 203 211 70 118 65 56 24 298 89 12
92 211 47 75 67 191 20 189 255 37 6 16 178 247 224 124 251 287 156 187 53 157
699 163 225 57 216 298 88 198 258 135 89 271 265 181 253 299 59 261 160 73 296 227 148
87 108 157 212 237 265 122 186 135 169 114 59 167 104 166 257 92 1 244 277 124 189 54 75 147 256
835 6 14 46 78 89 96 304 83 296 43 13 64 12 57 208 118 136 152 161 30 8 150 289 189 48 222 78
176 545 167 45 256 154 140 89 172 234 176 58 72 273 114 254 260 97 292 255 35 221
112 240 304 188 43 56 16 164 214 169 4 244 72 218 145 8 198 179 201 299 100 234 94
139 251 113 291 154 40 229 59 51 22 166 160 4 84 214 101 262 129 158 85 127 126
2 79 125 177 180 262 267 284 123 109 100 34 89 122 241 142 148 141 107 63 3 283 279 164 73 115 133
62 31 284 113 148 64 24 154 2 222 79 119 194 208 70 159 43 59 32 218 118
214 244 28 68 282 79 129 274 212 279 186 166 127 249 140 154 283 270 168 264 259 231
22 81 169 170 171 176 166 198 215 195 107 43 282 12 237 93 266 59 38 157 241 125 186 203 278 101
29 64 132 180 217 294 72 203 81 197 295 206 49 207 119 126 284 172 171 273 14 54 18 29 223 266
185 132 256 233 134 210 128 154 129 188 102 152 284 244 193 266 296 184 291 79 106
0 149 176 192 283 281 17 120 12 94 258 115 90 175 109 41 217 252 225 56 18 178 68 209
23 56 230 51 184 87 226 92 89 282 228 108 193 112 113 7 23 26 53 58 262 105 0
15 93 249 120 165 176 221 149 71 84 190 297 91 278 83 118 56 75 212 110 277 195 87
777 55 152 102 39 193 4 61 139 245 145 161 235 24 294 198 219 171 233 166 289 135 232
817 162 255 86 145 204 13 142 3 214 255 217 268 136 66 166 84 16 270 95 82 64 100
835 65 128 136 280 34 19 6 108 223 2 102 209 212 46 235 49 75 245 241 11 273 298
80 182 214 135 49 180 251 213 62 111 287 274 238 188 259 112 45 110 230 57 33 276 77
30 38 240 243 267 28 178 245 12 4 269 276 143 253 104 93 259 68 86 229 296 25 63 288 219
15 63 148 16 156 171 136 257 152 121 184 158 223 115 205 69 259 226 272 227 172 176 202
30 51 117 29 152 243 168 257 179 27 72 256 277 291 223 161 222 234 149 180 14 28 21
253 272 144 22 164 190 85 154 30 167 78 242 266 226 115 59 128 70 260 281 35 213
8 236 174 147 104 161 83 184 280 47 118 272 117 296 254 38 16 34 102 63 223 64
111 144 146 178 229 283 92 100 156 131 141 283 212 256 139 160 133 95 277 176 79 140 129 170 206 64
31 31 248 3 111 69 153 132 178 75 202 116 106 119 158 62 233 203 61 33 254
5 116 122 217 237 279 281 203 169 240 161 296 245 212 76 225 202 206 267 108 295 140 153 261 243 196 13
148 86 185 10 148 153 279 172 140 183 59 24 209 190 218 23 198 293 120 21 43
76 181 240 247 179 119 79 191 138 107 35 256 82 31 55 212 137 213 141 298 6 286 86 17
10 19 100 115 148 287 233 146 97 34 86 1 111 104 83 274 170 279 10 139 156 242 94 171 272 125
262 21 254 212 167 267 108 200 145 109 170 266 177 252 110 83 183 18 104 192 271
835 160 194 250 84 66 167 5 207 180 44 163 35 182 6 230 213 58 187 284 236 172 299 261
170 31 19 93 277 2 169 204 114 174 96 271 254 128 158 49 25 187 189 245 107
215 234 263 284 224 172 6 211 162 83 65 52 200 169 103 270 102 128 275 209 193 190 202 129
2 185 238 247 545 237 187 74 147 209 15 121 126 122 129 133 110 191 72 62 206 298 178 199 286
144 39 197 297 173 31 261 172 131 224 148 56 241 212 240 32 235 277 248 299 35
49 214 230 613 3 293 248 49 50 11 218 67 7 158 189 17 48 141 272 238 247 128 294 96
17 43 54 163 208 143 134 15 66 77 292 23 115 82 0 150 55 96 111 216 11 113 26 267 187
835 47 63 85 129 257 106 283 201 55 182 65 287 181 137 195 99 52 159 190 2 138 90 23 273 78
777 169 187 291 545 93 184 205 16 142 191 138 199 114 170 65 55 88 268 265 80 173 211 90 14
19 160 180 198 157 66 131 160 216 218 271 284 266 280 172 256 263 102 291 193 41 228 51 158
31 80 162 545 583 294 273 93 217 67 177 50 131 139 25 235 17 161 135 211 297 61 138 183 122
156 244 254 36 191 256 190 45 32 157 212 204 234 16 243 53 257 57 86 19 31 106 63
5 6 89 244 545 147 43 11 159 139 175 274 65 2 21 242 100 160 64 184 272 279 200 96 32
59 87 118 377 109 274 54 101 108 188 126 12 154 259 180 144 235 198 66 62 90 69 107 174
18 78 79 118 245 68 198 273 170 85 169 61 190 266 148 264 130 187 237 135 219 152 76 78
153 304 545 204 101 105 91 30 242 290 209 284 47 23 172 165 196 171 68 13 38 118 173
85 234 150 211 187 292 178 112 223 172 221 259 296 195 86 261 137 93 79 32 119
26 43 96 98 175 203 15 592 325 240 240 565 871 854 271 410 285 459 262 384 155 142 701 783 719 699
817 35 56 64 88 114 151 270 545 35 52 42 140 239 109 266 212 167 40 230 213 141 87 223 129 246 240 283 54
144 286 595 231 46 183 123 185 98 221 271 124 256 137 282 52 16 75 62 241 275 268 292
15 28 31 65 140 150 152 156 175 179 221 261 270 290 209 75 55 104 127 148 115 69 16 243 128 250 273 95 283 200 138 151 239 178
33 277 31 64 153 255 188 4 41 75 207 294 27 141 97 228 83 29 145 268 172 181
268 215 545 432 786 624 880 786 405 112 809 398 880 398 112 35 920 561 81 114 52 325 254
62 85 106 153 327 615 368 368 243 27 570 620 240 946 559 227 9 239 87 907 712 854 864 772 83 85 143 188 101 57 292 247 23 26 3 167 29 25 49 246 252 172 63 41
777 4 198 218 237 170 36 17 285 24 55 8 201 11 163 224 245 118 189 105 42 223 159 140 139
