3 91 171 280 891 622 914 253 518 172 284 514 483 469 269 816 567 731 907 387 818 229 270 720 398
170 211 388 237 111 187 37 246 244 6 168 119 276 78 43 221 172 50 86 158 67 284 166
55 79 116 176 685 207 269 302 537 537 659 934 6 558 674 973 537 956 956 599 194 739 973 448 563 857 946 219 296 89 10 240 212 184 125 197 74 97 139 48 286 166 67 173 198 177 140 208
207 221 450 159 92 168 100 151 268 233 109 288 203 216 101 8 266 232 41 284 193 199 211
21 251 16 18 101 154 159 269 405 300 849 849 21 664 630 630 420 343 849 911 831 810 669 455 317 664 780 998 88 207 56 80 143 88 1 65 76 85 231 278 150 38 70 170 116 173 246 262 250
186 141 60 75 288 10 46 142 298 84 78 211 111 179 277 233 64 148 6 286 15
29 184 44 81 144 51 31 20 117 205 72 212 197 293 290 243 140 41 158 206 76 200
116 187 205 242 291 204 239 102 151 108 146 250 184 94 93 176 138 284 125 99 275 293 37 8 32
147 153 242 257 140 82 294 210 237 217 211 10 21 137 176 133 65 73 284 12 152 268 48
180 252 303 346 405 523 362 650 398 310 300 858 523 650 617 263 338 627 247 135 138 980 300 504 263
194 114 28 215 186 284 37 170 224 80 38 108 111 213 204 8 121 124 161 122 55
63 169 291 980 532 932 312 928 157 928 928 157 532 245 215 240 761 726 43 122 486 4 213
51 95 442 194 17 243 4 193 218 44 116 214 197 230 8 39 57 241 91 56 87 54 18
30 251 254 255 241 211 25 251 16 179 69 136 27 74 44 98 23 203 234 173 76 63 79 11
63 405 495 801 896 23 744 744 446 609 169 295 224 296 885 151 888 297 278 5 234 512
255 281 242 141 195 45 93 50 213 30 224 20 152 279 166 15 51 181 287 244 26 282
164 271 897 66 152 377 558 558 956 956 558 537 674 956 834 6 934 460 214 799 252 168 83 729 167 100
57 73 82 161 267 274 926 53 926 467 192 926 105 467 971 544 192 926 716 850 118 116 200 147 252 105 54 87 132 238 221 189 48 41 226 258 201 285 64 126 1 297 133 101 202 83
192 83 44 87 129 11 158 18 127 230 264 292 88 220 118 5 254 114 149 50 40
154 210 281 451 238 130 78 134 153 299 74 240 118 151 201 93 40 164 285 199 186 220 287 154
56 95 34 46 164 187 268 296 102 279 27 172 125 161 144 8 176 66 7 253 65 84
823 95 173 194 44 136 219 234 611 58 61 61 416 611 320 416 320 144 61 163 514 753 142 611 957 298 81 283 135 145 257 67 87 261 168 293 232 2 238 154 4 243 194 22 153 254 122 216
20 153 253 159 275 7 79 71 69 224 226 233 97 57 20 42 293 59 173 185 99 281
159 292 297 211 133 20 196 17 239 269 252 292 22 79 43 9 49 24 255 242 139 30 148
53 442 136 224 74 271 36 272 2 290 92 218 250 15 124 158 210 286 187 260 79 89 64 94 272 44 213 256 149 25 263 106 265 13 68 7 257 102 131 36 51 225
221 251 278 124 218 61 70 257 299 289 159 220 121 48 202 49 226 137 13 19 203 3
109 227 189 225 99 128 92 125 109 146 281 96 135 2 105 72 61 163 147 167 70 69
152 209 287 74 67 251 0 285 291 70 137 158 282 258 146 212 5 292 26 115 51 234 36 184 39 100 265 18 107 144 193 57 88 295 9 173 148 273 189 84 63 66 232
37 275 108 255 216 110 143 91 287 199 246 283 195 273 182 126 15 249 150 146 202
57 103 193 236 387 229 907 284 567 172 172 731 907 121 174 259 89 72 342 870 239 252 670 816
30 135 235 451 138 237 38 55 282 6 53 28 2 43 247 299 91 180 128 99 261 179 177 175
115 125 250 266 609 130 153 22 144 7 35 184 211 92 110 58 150 114 246 219 268 102 267 238 37
4 257 609 209 169 284 213 23 234 50 188 127 38 21 142 229 95 288 218 174 5 93 210
83 114 241 82 119 69 46 39 93 43 34 11 77 217 250 76 24 177 296 202 128 169 12
850 48 83 90 240 56 364 591 503 511 364 503 56 364 210 140 70 167 207 643 967 190 334 614 509 10 160 185 130 171 295 210 65 126 12 251 101 159 45 151 55 94 227 174 250
113 166 5 256 278 675 705 56 569 390 56 680 56 526 256 675 256 293 339 78 241 99 283 307 476 261 145 128 148 238 95 206 175 41 294 98 266 129 35 179 13 200 173 154 260
126 136 244 2 140 296 611 34 58 438 34 34 34 34 957 58 94 283 210 298 13 613 144 61 163 472
17 77 116 184 264 274 346 563 463 644 644 632 830 644 463 432 563 10 94 993 138 692 112 268 17 830 58 283 167 236 135 259 99 77 27 32 10 122 103 180 143 126 239 67 156 226
171 261 287 271 182 115 54 64 177 194 152 144 124 116 195 277 122 62 241 103 36 59 238
26 46 162 267 27 180 161 135 40 298 174 158 56 176 43 92 87 33 257 263 37 13 24 25
692 302 290 196 137 105 72 2 58 120 100 116 19 42 17 136 79 63 217 83 189 26
14 34 62 82 219 245 220 254 95 59 276 188 110 187 49 90 147 258 12 48 221 159 122 249 84 13
17 21 97 204 137 96 219 50 281 175 274 183 286 265 16 184 5 147 97 71 238 206 277 143
91 148 212 221 47 8 80 225 155 100 199 204 241 221 1 248 238 60 86 166 35 45 299 184
897 87 103 369 46 11 233 289 223 136 69 189 61 160 132 201 191 247 252 130 184 177 209 102
897 87 262 250 280 240 53 39 266 13 218 133 63 123 66 257 248 59 270 73 119 110 298
879 72 180 221 281 52 191 268 32 37 264 220 233 195 165 111 131 94 256 71 43 120 88
850 138 148 174 25 19 136 218 53 244 233 173 23 216 24 133 113 228 10 277 198 119 40 3
127 172 260 248 19 170 119 155 41 36 69 197 148 50 31 234 284 178 57 100 74 223 35
219 204 195 278 89 28 5 274 87 133 213 225 236 187 220 41 291 200 246 186 50
692 218 98 8 112 173 212 253 117 35 83 192 45 225 247 24 290 27 177 157 169 96
25 208 44 54 79 188 234 4 30 235 132 225 20 115 124 268 66 86 262 286 0
111 155 185 200 257 221 276 109 94 149 208 147 49 17 158 112 253 16 267 166 152 299 118 195 120
106 108 151 214 223 274 302 88 259 150 189 97 201 274 146 168 39 2 263 245 153 266 143 204 246 179 217
211 133 56 108 12 271 32 256 195 163 153 209 180 35 254 298 1 189 211 111 24
71 105 249 283 205 218 166 80 22 212 261 118 220 211 241 150 257 144 199 143 253 174 101 96
823 897 8 66 69 83 276 274 122 60 158 12 86 253 55 84 8 190 292 211 273 110 150 7
71 177 292 202 965 157 164 965 679 965 164 267 288 278 93 109 73 78 128 628 165 523 967
269 271 295 227 235 302 632 644 220 644 463 644 346 632 563 308 105 3 935 68 17 3 268 523 260 800 52 85 167 290 42 227 220 19 97 111 235 174 219 198 288 264 96 252 271 253
823 56 143 252 287 536 196 545 216 545 773 502 536 232 268 465 789 273 49 783 26 54 187 284 767
155 197 229 269 193 65 240 17 96 152 105 280 249 128 99 242 157 197 195 263 122 83 174 49
31 196 773 85 111 33 773 773 509 545 342 284 49 273 54 187 789 331 234 938 26
17 89 132 139 171 191 62 278 267 206 151 254 160 26 89 260 67 27 99 98 197 23 66 57 11 81
138 273 292 346 130 1 228 20 125 266 189 59 10 7 140 244 198 204 214 146 42 62 248 254
692 74 268 823 19 115 241 60 266 266 266 296 236 60 182 139 241 241 297 196 976 10 249 134 196 181
74 94 183 256 526 569 256 675 390 705 705 256 264 339 476 543 78 929 572 52 41 401 307 536 689 554 536 45 819 853 536 239 45 355 185 911 148 228 63 773 880 773 254
823 114 279 279 8 80 30 18 198 279 228 120 535 907 158 130 239 87 712 270 120 864
41 57 86 188 544 721 105 53 971 908 53 721 926 971 105 20 118 605 142 116 299 213 533 39 142 311 142 960 135 135 598 599 874 311 996 913 995 243 36 795 352 795 327 499 583 583 383 112 383 822 822 915 918 583 519 918 364 299 164 141 162 166 167 819
163 276 879 23 80 212 214 266 923 923 390 569 543 705 680 56 675 256 390 476 543 99 78 41 218 283 241 293 124 276 836 276 247 16 161 16 276 16 232 459 58 836 226 269 354 67 271 228
5 155 183 198 205 227 27 141 158 185 267 565 718 565 718 415 267 455 400 858 209 92 61 160 247 974 579 483 134 930
9 86 146 163 135 36 104 104 738 135 292 228 617 863 296 75 25 82 883 103 499 253 972 11
134 215 258 281 451 815 36 121 550 36 135 228 292 517 82 103 253 228 145 296 863 499 190 168 25 132 178 57 186 12 65 229 17 47 209 38 112 37 22 179 165 127 98 159 105
185 191 302 519 583 519 918 774 822 915 112 185 141 162 933 583 167 22 18 132 882 162 296
147 210 221 50 297 9 152 200 52 4 120 178 160 106 12 268 54 35 287 232 86 62
225 44 168 252 110 82 296 35 67 195 93 162 186 26 84 276 174 227 161 152 233
81 173 213 273 284 291 658 189 335 748 822 420 658 291 189 335 748 58 716 809 248 447 126 217 116
114 117 166 251 299 85 232 108 70 54 283 296 253 87 101 288 227 279 284 231 84 207 202 112 282
704 17 23 45 95 238 289 156 248 298 53 617 239 53 268 268 227 195 617 105 413 285 166 446 881 122 207 278 12 203 260 297 289 295 150 52 64 120 69 134 162 192 255 50 292 240 178 149 147 256
879 42 101 254 228 52 201 98 215 197 127 112 161 275 146 185 140 236 93 287 97 115 134 23
45 270 276 40 37 206 191 16 296 237 223 87 114 216 50 0 258 156 99 230 264 248
89 270 21 271 252 80 116 165 190 204 31 185 205 47 192 223 146 90 241 193 198 9
6 170 237 151 200 28 74 254 33 252 239 264 204 87 55 66 292 105 215 240 57 270 30
704 180 241 420 335 620 420 620 620 291 335 117 620 784 748 116 369 356 299 716 562 248 86
879 897 221 0 76 142 177 302 106 221 145 92 187 135 92 559 417 61 285 8 144 278 413 569 122 126 207 105 133 113 54 171 232 83 241 95 12 226 210 289 81 25 281 266 246 152 117 124
692 704 18 25 147 241 155 148 27 66 191 119 267 38 3 94 152 93 171 176 125 249 111 50 189
850 139 183 54 203 263 234 141 104 10 209 35 174 46 52 258 285 139 237 48 279 73 88
726 57 73 113 159 249 14 288 152 588 288 178 23 152 69 152 125 184 46 72 115 10 547 740 763 60
136 168 163 256 280 180 256 307 280 163 213 867 63 82 160 251 238 118 890 24 409 190
191 269 287 37 92 132 143 344 275 2 415 798 678 143 143 279 720 302 116 148 580 157 747 16 75 134
0 72 569 543 569 675 569 526 256 339 85 75 296 572 41 401 929 99 476 218 511 226
26 76 169 257 346 877 39 675 956 630 39 630 675 96 779 18 4 249 481 883 354 73 181 87 544 187 48 270 27 222 64 70 192 4 183 30 91 283 76 273 295 100 241 285 92
77 112 177 253 273 37 202 276 608 608 37 907 58 202 276 236 864 115 23 851 384 759 185 767 702
24 92 211 259 156 245 80 250 72 104 190 101 183 239 138 90 267 115 49 110 33 186 76 271
122 139 199 270 155 26 186 154 18 140 239 156 20 127 268 152 219 174 139 61 107 105 142 257
879 54 94 102 181 235 988 14 23 256 705 675 675 675 923 675 569 56 56 543 401 99 226 218 283 339 543 85 296
41 104 346 539 880 259 279 279 279 502 499 597 287 86 55 31 552 133 112 32 602 293 626 88
80 276 38 470 322 696 470 127 677 127 733 639 470 696 128 67 41 221 125 14 15 88
193 196 148 210 143 143 143 488 1 26 26 61 280 222 327 145 809 297 175 705 574 222 12 190 178 203 203 12 115 115 190 105 44 32 118 867 55 270 160 82 238 409
32 248 283 295 166 159 38 502 276 72 38 13 819 229 256 2 187 233 22 302 761 220 468 93
850 96 689 967 860 967 220 132 283 605 689 946 860 174 834 693 452 562 70 68 384 514
72 170 199 241 294 212 203 115 87 146 286 299 114 20 69 98 211 210 252 243 106 31 117 260 283
14 56 84 169 219 302 423 609 615 918 918 383 822 583 583 215 112 519 162 819 296 243 162 185 364 22 299 583
86 88 147 191 194 451 7 39 538 216 134 39 582 400 216 538 108 75 623 625 638 114 839 153 215 514
22 167 171 228 240 277 451 298 204 279 6 131 184 84 190 150 146 45 17 240 114 125 296 29 161 129 123
170 346 39 180 237 180 582 582 921 921 261 261 237 180 582 274 296 160 116 359 53 895 99 89 335 335 108 332 332 89 335 267 800 683 41 106 199 156 635 503 195 568 33
208 284 451 24 244 259 167 117 81 101 248 14 74 247 55 242 11 50 261 63 98 143 207
35 11 269 242 263 292 123 291 233 266 169 183 126 86 36 187 152 71 171 120 16
692 897 40 53 120 290 539 23 203 94 239 75 16 46 231 197 128 225 7 90 288 185 3 73 65 258 148
47 131 166 201 181 355 355 239 45 181 819 105 196 880 942 63 942 299 992 228 773 222 185 545
24 226 10 96 162 189 214 152 31 257 383 921 180 180 180 99 180 75 296 211 716 946 895 274 202 214 53 261 141 79 254 209 122 27 83 16 9 207 192 276 255 44 242 171 274 282 120
879 122 193 150 179 180 2 287 82 123 286 202 27 118 136 49 201 64 20 44 144 292 298
850 185 190 60 183 224 243 675 705 56 543 675 680 256 675 675 680 543 283 75 85 401 78 293 41 218 572 257 160 174 4 268 200 132 191 94 238 152 62 282 46 69 43 133 193 66 187
141 201 263 149 12 23 130 190 179 139 224 181 147 233 30 261 63 39 269 191 65 67 230
876 13 10 53 95 125 298 302 94 258 94 258 817 995 579 995 342 358 817 56 685 232 384 109 933 847 277 147 122 147 77 196 157 24 12 70 179 288 226 79 60 108 230 131 224 252 235 238
876 138 154 275 346 279 225 174 140 55 34 7 108 9 139 17 151 190 265 207 28 91 273 4 224
51 165 284 163 201 302 486 486 164 486 273 770 291 571 897 204 426 229 78 433 506 705 180 23 254 853
823 206 556 42 818 351 818 42 418 946 635 418 351 611 210 597 613 514 283 957 13 49 490 297 171 292 80 268 114 217 47 264 282 54 128 187 143 71 113 125 299 177 32
23 27 57 95 154 83 40 779 779 83 556 624 83 779 477 742 852 789 787 816 704 342 234 54 682
59 100 118 144 224 266 5 132 418 249 407 687 820 563 563 955 820 199 490 61 957 611 298 210 283 255 13 514 989 989 874 592 747 365 598 874 835 118 151 946 251 651 82 409 24 409 238 32
704 879 137 269 123 563 99 946 821 946 946 563 563 955 855 49 472 597 163 199 259 144 283 613 61 720 292 694 237 937 694 720 694 209 720 770 196 177 563 717 486 333 693 172 107
183 225 243 54 63 171 9 88 36 43 261 247 21 272 292 242 167 14 45 30 126 13 299
26 37 58 212 271 692 699 60 302 695 199 205 46 228 959 473 199 438 166 203 543 278 122 8 207 105 12 559 207
164 695 199 205 46 228 959 473 199 438 166 203 543 278 122 8 207 105 12 559 207 233 179 189 62 104 163 144 240 100 73 110 117 194 198 298 286 192 167 210 177
850 14 39 40 60 111 112 142 384 99 126 184 267 705 680 923 256 705 923 543 705 543 675 705 56 218 293 99 787 572 241 543 929 191 87 293 202 221 39 130 52 235 170 216 148 159 2 295 107 31 281 132 228
850 269 370 793 471 407 432 407 285 940 432 701 471 620 285 682 54 767 49 787 789 273 973
23 35 177 302 181 383 959 835 383 208 181 371 352 835 443 333 76 271 635 109 967 329 155 202 10 53 100 69 29 265 85 125 42 269 205 190 159 3 33 211 272 76 171 212
823 73 232 250 151 11 257 252 280 296 197 222 202 146 90 230 246 275 59 150 282 105 60
692 105 121 210 239 407 194 560 177 233 683 563 194 109 407 49 816 610 342 790 973 489 789 787 800
51 86 152 277 3 3 3 977 194 598 741 488 929 351 977 342 800 704 789 787 682 816 783 689
4 102 480 866 444 581 440 450 450 118 581 77 739 327 81 788 798 1 216 679 609 257 492
51 166 172 187 209 214 900 275 379 900 900 669 275 669 4 4 306 487 735 477 143 650 838 198 591 371
897 136 159 160 323 530 52 208 12 122 50 120 150 293 149 94 85 239 154 63 153 245 61 4 157 203
113 184 230 267 295 317 268 249 249 149 504 389 389 923 249 504 854 163 274 22 113 254 995 9 138 708
704 32 33 70 100 197 373 404 575 355 355 708 153 663 190 472 663 472 472 663 236 346 38 16 305 244 12 111 865
55 133 134 247 250 615 822 774 774 615 915 915 519 112 132 299 819 428 162 166 583 185 167 364 162
106 141 165 177 242 251 260 699 879 41 82 889 889 889 301 153 174 187 974 153 974 47 47 212 722 155 507 401 592 577 950 838 759 72 965 54 54 367 759 276 759 367 838 213 16 367 796 124 991 193 205
879 22 384 15 544 926 926 105 926 721 908 467 186 90 192 605 105 137 39 716 243 674 940 570 568 568 518 239 232 326 208 74 326 812 326 650 160 432 157 600 804 294 160 174
128 167 184 199 220 128 885 708 885 472 166 128 289 472 156 221 203 601 653 21 136 90 31 47 155
897 17 48 274 273 424 675 32 424 710 673 426 715 789 789 673 426 173 256 27 418 259 169 973 644
120 191 559 559 281 303 555 786 679 266 669 266 669 826 407 26 995 722 161 235 55 264 199 908 18 688 500 18 120 500 18 530 567 341 620 359 222 127 39 508 18 161
17 171 181 921 451 528 968 968 421 844 528 271 112 141 126 59 4 427 349 173 32 500 209
823 14 76 96 124 236 591 921 599 421 528 921 844 32 43 209 933 212 112 236 4 245 141 427 253 126
13 17 194 291 224 188 54 210 46 165 62 8 288 212 175 21 153 91 72 184 1 22 187
84 129 241 263 884 890 884 128 24 9 9 973 489 783 767 689 234 800 601 465 789 273 54 610
164 210 240 335 117 748 291 748 189 620 117 533 748 533 502 495 4 716 266 722 126 116 447
163 583 774 519 822 519 112 112 185 141 296 364 524 882 428 243 2 22 819 162 933
846 281 42 263 99 271 292 72 14 137 0 293 199 140 232 141 166 282 133 85 245 205
13 72 125 132 240 60 127 246 180 383 237 31 152 261 180 31 211 323 99 524 75 53 359 160 855 202 296 946 727 727 844 921 844 921 421 451 844 528 921 591 294 245 126 236 4 209 212 253
144 247 26 291 158 1 13 94 221 144 31 82 101 100 250 268 223 135 17 281 258 40
704 263 289 289 41 122 74 74 695 289 685 646 646 8 925 782 394 88 952 216 631 36
122 231 849 93 346 251 346 285 469 849 93 59 275 399 8 407 995 515 720 257 55 469 487 10 10 838 371 371 69 620 371 838 10 137 973 816 790 601 783 54 610 767
31 186 224 296 69 75 120 268 686 296 592 686 8 686 782 351 351 263 893 91 21 712 30 140 623 896 339 7 169 212 237 140 259 215 299 79 294 77 222 43 226 288 53 59 290 61 142 65
897 112 258 946 620 501 769 586 633 895 769 793 436 793 793 682 689 816 601 787 465 938 973
3 129 134 213 266 273 609 426 793 793 768 793 769 426 586 722 790 682 601 816 783 789 800 465 973 938 787
31 191 276 819 554 819 105 689 105 853 819 819 355 689 819 364 148 933 545 196 992 773 502
119 243 276 279 482 459 211 719 364 811 386 701 386 65 459 943 719 299 7 594 844 209 64 354 829
27 31 91 132 373 378 293 37 4 157 261 90 24 127 113 43 137 35 75 47 59 56 289 38 108 201
150 291 293 723 107 316 408 107 942 240 316 503 408 446 301 262 889 321 718 870 952 259 499
57 62 131 205 224 234 699 525 870 402 177 906 956 906 455 813 888 291 173 677 991 531 564 298 762 58 69 64 254 291 21 1 266 222 213 207 91 154 256 38 129 247 133 229 67 128 97 92
160 162 191 921 727 844 844 421 591 727 844 528 844 591 500 43 855 349 245 933 427 126 253
704 89 171 539 664 661 857 909 676 339 952 857 339 282 623 115 27 729 655 154 85 237 179 729 291
151 157 214 71 133 89 68 278 51 275 190 44 235 80 293 110 172 16 202 65 282 28 33
