65 106 110 159 169 280 301 458 177 224 289 105 32 22 127 113 282 114 156 154 53 239 219 157 126 135 136 9 171 81 291
45 91 483 320 351 466 579 517 548 529 61 372 358 337 212 221 574 260 898 82 374 506
100 134 175 258 382 31 146 175 192 280 843 133 997 679 528 599 591 851 468 982 685 742 551 844 946 727 968 921 421 451
671 62 95 142 153 177 244 273 293 459 326 326 224 411 326 643 326 766 355 293 766 890 226 734 817 268 2 417 754
916 4 165 859 243 764 81 761 292 243 292 81 764 245 52 16 337 189 232 288 258 232 53
60 467 721 721 544 53 531 105 721 544 192 926 531 117 904 331 321 330 31 181 754 575 430 872 272 575 24 42 166 69 366 59 445 971 571 323 296 162 320 130 101
623 27 146 252 260 295 90 226 217 50 20 109 206 152 45 147 216 221 145 148 150 242 248
623 916 270 222 231 184 93 236 20 33 81 220 8 5 217 260 51 197 194 48 135 218 150
267 185 222 994 401 683 51 994 688 401 290 87 271 193 800 563 252 938 976 288 193 603 76 574 517 260 898 212 212 517 483 483 506 574 532 399 187 162 113 221 8 60 543
677 165 260 483 506 898 221 212 517 207 60 543 532 106 162 132 8 207 167 313 136 532
11 17 859 292 761 169 761 34 764 764 34 236 206 228 141 753 764 169 232 16 281 761 88 255 232 1 279 284 277 71 46 116 127 297 0 162 51 102 226 120 136 97
239 459 459 459 860 459 396 843 224 396 860 643 132 531 122 766 355 225 127 890 363 271 155 60 270 241 251 45 93 44 95 159 235 53 41 234 291 208 91 160 203
584 23 50 69 189 190 584 789 14 20 34 165 764 292 761 169 243 34 859 169 243 228 16 859 155 753 297 141 276 198 131 761 178 144 203 219 49 263 255 18 11 16 104 141 137 207 2 50 6 261 99 223
42 44 104 165 170 213 232 252 104 199 213 522 451 599 591 451 528 451 591 451 500 112 43 18 406 349 165 212 8 382 253 126 121 209 76 89 283 70 185 87 171 2 27 263 291 213 207 294 104 272 44 142
3 16 29 253 282 90 63 273 217 183 224 193 43 29 192 19 3 279 263 204 127 233 164 86
83 2 38 198 34 34 243 243 245 169 285 81 859 25 232 169 68 198 753 297 141 276 16 288 298 242 99 14 235 10 104 249 8 82 233 73 39 94 258 159 177 188 86 58
152 241 250 300 243 169 764 761 81 243 245 764 34 159 288 281 859 24 447 276 228 68 131 169 517 260 574 574 221 260 898 374 92 222 113 96 60 132 707 207 754 144 106 207
224 300 207 163 49 103 3 189 13 276 248 142 220 196 130 109 68 94 5 221 269 148
57 112 154 200 267 38 69 69 199 38 242 204 273 57 273 14 72 197 248 111 268 445 211 600 25
30 129 198 89 236 198 105 2 286 176 219 98 62 17 244 294 192 182 11 201 224 124 12
131 267 103 79 244 274 85 258 124 213 213 85 662 72 155 267 211 111 267 248 77 600
35 194 207 291 507 175 86 162 149 101 192 12 280 120 183 171 97 218 158 32 210 284 30 282 11
67 176 130 8 39 253 19 46 238 56 178 100 155 42 123 81 0 59 111 35 250 292
785 174 186 228 4 105 170 269 502 502 730 51 198 688 290 290 198 160 87 165 716 594 294 332 563 976 102 227 126 18 15 141 71 115 142 226 160 256 70 32 236 26 159 249 238 181 259 178
2 34 44 279 671 92 101 187 81 169 243 761 292 764 285 761 859 761 292 81 297 141 228 276 198 24 761 281 286 199 240 181 159 239 193 208 231 79 104 144 15 103 16 221 10 172 168 85
584 955 6 151 170 16 24 274 183 144 240 38 80 291 234 112 83 143 244 31 142 255 130
32 38 157 750 77 50 750 264 267 90 268 662 267 134 155 260 77 210 13 14 25
39 129 278 300 320 354 111 148 206 133 200 157 0 17 31 101 141 242 226 278 103 74 268 274 243 189
57 89 459 208 54 19 138 20 243 94 299 66 196 181 242 64 232 79 122 110 150 101 29
671 249 483 260 529 898 529 529 506 374 517 212 574 898 144 238 116 707 60 207 157 560
867 23 131 265 300 354 483 260 374 260 374 574 483 529 212 517 132 96 50 157 60 290 13 144 754 532
58 117 164 171 320 280 117 206 66 65 30 172 224 293 143 216 102 234 83 53 6 56 199 96 201
867 38 69 207 275 149 64 192 25 20 6 193 293 295 226 24 272 261 210 278 16 206 8 197 40
72 133 142 274 21 217 2 140 107 135 239 206 176 250 189 298 139 208 31 48 268 188 108 154
12 95 220 226 526 22 34 285 764 34 292 243 34 243 34 245 297 39 159 198 227 228 476 25 281 232
14 42 47 79 437 994 401 198 51 401 683 688 290 994 160 594 294 563 87 12 102 165 965 204 164 22 235 250 272 49 74 78 70 227 83 109 280 53 256 71 116 3 277 40
41 117 232 277 526 21 136 173 255 277 860 326 411 224 643 459 411 396 459 224 78 355 506 114 71 33 79 115 551 531 244 151 203 244 203 226 286 98 134 155 90 25 268 260 13 211 267 271 267 77
271 292 199 2 43 202 38 228 154 229 100 31 176 275 293 264 279 290 222 289 116 215
163 239 241 55 98 264 48 104 169 276 258 139 109 212 9 72 268 158 257 177 216
584 1 2 33 281 271 189 218 264 97 28 16 185 52 107 119 195 76 177 230 89 277 5 197 154
671 955 89 274 320 245 250 296 207 258 296 296 196 149 25 210 662 13 260 90 271 211 14 98 197
1 111 214 247 275 204 208 264 252 169 284 100 22 286 254 289 232 163 127 164 198 149 88 177 115
117 235 295 789 133 175 229 81 243 169 292 81 859 81 245 34 184 16 141 159 131 24 39 198 232 228 447
582 897 85 229 727 528 528 968 591 528 421 528 59 271 32 245 286 349 253 986 43 209 4 121 297 51 298 76 214 32 47 104 136 291 164 238 9 257 275 121 205 114 295 263
91 114 128 153 190 211 224 105 56 124 156 98 55 39 152 225 111 171 60 228 148 295 103 189
58 181 584 623 197 238 273 295 276 276 146 226 226 276 276 146 785 283 513 753 227 59 389 298 211 97 465 402 119 137 207 83 276 85 297 174 172 196 178 296 246 92 56 144 287 198 72 95
671 10 25 80 88 235 297 263 219 52 161 187 9 281 177 91 135 262 276 5 215 77 286 95 296
153 173 189 113 156 207 125 235 182 109 270 16 10 238 191 15 236 2 5 234 226 47 143
28 87 94 207 288 359 507 103 273 234 245 15 135 51 274 2 186 269 11 242 191 110 109 214 43 136 61
161 226 227 298 269 97 4 28 249 130 100 242 121 125 166 78 191 148 288 202 7 79 85 283
10 97 252 256 284 522 232 40 250 112 23 106 68 125 27 157 43 29 187 198 244 283 212 170 121 166
50 275 292 122 100 225 234 49 3 180 113 196 53 282 126 92 118 94 4 184 195 54
270 260 191 21 9 229 282 66 249 42 256 162 115 157 160 182 69 204 116 163 32
53 143 154 313 664 19 124 152 196 290 573 164 997 955 972 530 508 675 997 675 597 307 586 147 209 958 151 802 210 525 267 133 89 69 4 265 64 49 153 284 17 103 52 252 281 141 292 183 221 23
955 75 234 275 18 203 206 126 191 228 46 86 103 267 174 70 1 35 137 225 268 277 273
2 69 195 235 267 115 48 897 897 286 31 157 286 151 228 798 270 158 44 118 202 63 409 238 55
129 148 190 289 185 242 115 216 96 296 130 212 188 274 61 53 5 225 95 51 170 37 55
19 74 88 90 133 136 142 195 274 278 286 329 552 552 707 329 293 824 958 232 91 260 53 200 558 52 253 67 138 530 514
4 223 67 256 7 153 202 224 257 288 0 277 210 43 275 82 126 125 36 92 220
45 129 184 168 229 623 678 623 497 197 533 34 623 533 497 678 145 430 813 616 116 830 37 642 349 107 266 165 78 83 180 157 27 237 261 73 53 271 253 245 279 296 188 239 98
295 4 143 198 288 250 32 90 44 275 153 277 241 224 26 147 201 271 104 256 170
30 57 99 140 300 169 146 234 204 132 251 250 289 280 121 17 31 83 103 109 288 267 155 246 241
897 101 120 138 42 39 121 221 243 259 135 187 203 22 179 230 292 188 89 150 197 285 229 226
671 183 195 220 137 6 134 126 36 281 239 142 61 209 256 286 208 86 192 147 194 7 178
57 138 129 284 125 16 161 234 119 64 26 9 249 134 231 269 171 279 17 283 257 222
867 13 60 74 109 280 206 294 74 285 3 89 264 145 161 188 48 298 286 19 169 276 78 225 220 172
54 71 195 45 268 168 30 28 122 259 69 296 85 240 124 83 118 137 92 22 206 10 56
30 183 272 291 2 36 243 38 18 228 53 275 90 169 102 93 154 163 17 262 271 6 267 293
31 76 275 112 233 265 65 5 159 142 227 215 140 92 115 207 33 17 274 242 178 79 239
671 88 154 192 147 278 191 168 113 193 87 17 173 19 21 206 228 79 110 276 118 120 291 232
8 150 166 234 109 223 279 294 56 167 247 269 104 260 295 180 76 41 30 106 4 185 270 151
3 22 60 130 526 238 286 34 63 18 93 244 154 212 266 115 195 5 70 9 261 157 233 187 258
29 75 116 211 253 278 459 229 40 221 177 52 77 298 70 21 225 92 208 178 90 135 94 96 280 187 180
60 65 100 85 92 103 139 214 591 451 451 451 599 591 451 921 59 601 126 245 32 294 212 141 253 112 349 986 257 2 254 30 262 52 132 280 18 270 238 50 271 200 290 296 134 244 208 233
955 197 225 99 43 124 21 139 181 110 39 50 146 113 182 76 196 257 95 240 103 57 28
22 117 168 213 190 28 299 74 42 31 89 196 266 24 170 134 76 116 105 180 48 174 119 156
806 263 274 35 56 138 241 445 445 772 802 955 410 802 242 410 445 756 772 265 492 354 844 299 120 346 7 21 269 84 164 178 113 15 59 78 54 157 85 118 28 23 156 175 286 104 125
32 66 246 108 276 153 117 121 96 120 11 243 245 170 252 136 53 126 261 207 253 74
133 211 226 264 274 71 237 179 100 249 8 55 142 299 279 95 105 272 186 172 21 11 48 198 15
623 897 44 135 182 279 3 290 133 117 244 252 231 56 233 94 206 277 214 156 13 232 284 192 120 62
75 137 5 136 79 281 204 224 273 164 47 241 205 146 32 142 251 298 86 134 152 220
108 156 993 552 293 552 335 707 707 958 335 329 997 824 732 558 138 253 221 164 52 514
671 229 154 73 272 251 292 19 279 66 202 9 244 95 132 141 45 136 258 182 148 295
126 159 210 262 377 116 215 45 144 33 277 46 288 204 83 270 290 265 84 108 151 24 220 143 185
101 188 198 131 164 168 27 137 124 200 194 184 180 263 250 14 12 2 203 121 116 295 218
129 186 154 68 84 113 213 69 276 277 251 157 33 199 242 152 93 62 189 110 203 134
34 89 91 191 68 279 286 261 152 236 54 255 199 122 182 227 269 131 6 19 25 93 257
531 32 99 191 261 354 75 13 17 232 218 207 60 88 265 62 82 6 3 67 142 134 290 81 148 41
123 125 313 214 289 158 149 210 74 139 142 75 200 256 199 1 228 132 111 213 291 14 184
16 27 125 192 273 159 276 60 66 64 267 269 251 177 27 254 156 31 172 78 45 257 279
48 243 20 139 289 174 173 171 31 80 99 28 202 25 189 281 234 158 56 44 279 96
102 12 55 209 57 152 71 67 10 22 291 16 19 294 132 253 206 233 171 114 48
17 69 103 161 199 213 274 281 291 39 253 175 260 102 198 281 54 15 40 104 122 258 251 159 92 118 166 176 221
99 136 320 200 167 139 49 85 31 267 187 61 146 107 265 98 255 238 27 1 143 36 57
72 294 313 41 72 31 105 37 275 129 88 196 244 122 150 102 286 206 188 23 238 248 12
5 18 67 228 273 122 158 292 295 52 82 146 67 19 189 80 86 239 77 89 175 187 241 290 70
149 285 15 220 24 237 214 170 211 173 63 161 190 134 206 160 144 91 153 50 11 244
62 387 217 410 445 756 955 584 772 584 410 971 209 724 164 7 241 346 64 222 265 354 27 101 77 30 236 117 284 76 207 138 27 20 110 189 224 139 165 222 199 111 226
584 30 201 268 290 221 155 71 291 45 197 67 283 53 34 16 56 297 194 213 299 153 154 169 94
69 99 119 169 297 184 136 16 248 4 196 90 54 158 178 261 76 197 106 18 223 285 94 102
982 69 151 288 245 12 276 266 199 122 299 226 201 84 235 51 219 194 208 66 255 47
897 12 15 28 121 125 216 251 22 403 0 403 0 0 280 33 149 912 252 84 3 84 38 412 31 125 718 146 154 81 282 233 244 221 45 222 275 69 167 137 130 59 117 14 131 283 133 105
162 293 329 824 293 329 335 293 958 514 939 221 558 212 715 52 221 67 91 530 164
116 166 200 248 0 161 74 8 43 46 172 143 291 210 296 81 122 252 273 12 198 4 257
122 151 168 317 142 280 27 54 234 184 282 156 219 66 147 164 203 24 44 104 209 290 144 287
58 251 81 187 51 216 113 3 243 27 185 116 91 146 236 209 224 77 82 293 95
789 25 39 59 232 382 86 240 81 134 230 288 254 221 131 26 145 292 285 47 5 108 38 152 115 37
66 227 6 214 177 202 150 30 285 60 61 66 77 233 204 173 189 9 149 264 121
393 94 5 122 23 45 210 272 15 296 6 22 11 71 111 196 14 263 7 233 215
54 161 317 354 210 95 288 232 185 127 202 264 295 281 241 135 180 212 287 116 14 143 142 250
92 146 265 269 320 997 293 393 329 329 293 707 293 293 329 958 824 939 221 235 200 260 732 53 52
867 112 213 220 287 5 109 291 46 104 77 147 69 35 188 7 131 212 48 198 96 58 16 154 27
126 139 171 244 278 264 227 226 61 208 277 17 167 179 281 216 202 32 114 33 161 174 2 279 197
20 25 218 226 274 354 37 199 242 88 68 236 124 269 45 171 202 51 191 136 278 5 44 195 228 101
67 98 138 293 137 90 192 112 157 270 31 232 116 14 22 0 18 11 258 226 213 30 141 297
278 103 105 100 153 3 205 240 128 55 70 20 294 136 184 67 104 257 134 66 51
33 52 173 300 286 235 221 196 15 91 95 30 109 157 130 249 237 29 171 50 245 218 284 92
88 142 146 196 197 199 251 204 64 294 236 83 178 69 128 98 287 216 4 36 132 3 53 175 255 278 273
148 233 214 62 8 223 22 202 181 246 66 192 120 255 241 206 268 157 253 48 56
52 354 89 75 94 135 54 25 57 133 112 208 155 148 166 127 28 125 238 244 183 100
9 291 320 393 264 250 255 188 53 236 268 26 164 122 109 185 66 126 273 231 117 48 78 49
867 82 150 284 195 120 61 228 251 129 58 124 207 281 68 1 126 117 72 293 54 256 165
561 726 89 182 46 131 175 146 194 274 181 282 169 78 267 128 209 200 158 231 191 159 91
28 133 287 251 26 190 55 141 294 296 84 37 95 27 107 106 7 246 137 120 66 115 42
41 63 88 170 254 278 526 240 254 219 65 66 235 67 229 151 195 177 12 224 14 297 270 39 255 283 223
37 194 172 178 199 240 128 78 151 75 154 166 275 142 28 19 60 37 35 192 7
207 71 261 255 220 83 6 38 243 196 133 150 87 12 118 149 296 185 41 228 136
897 53 83 95 99 233 114 272 264 136 213 105 80 237 168 195 154 119 167 259 280 150 61 269 4 235
955 84 189 254 268 24 252 90 299 82 87 111 124 102 187 178 277 58 288 130 109 216 123 189 182
300 354 461 179 219 157 40 44 294 217 152 231 10 216 257 192 133 59 246 46 47 31 116
955 1 147 34 244 260 291 997 997 392 392 508 978 978 164 955 997 675 789 181 360 149 147 84 597 307 58 74 201 8 219 216 245 211 120 135 137 197 140 33 185 155 246 273 195 129 281
41 313 5 279 253 146 118 94 140 116 131 26 216 84 18 251 91 227 191 48 36 95
300 160 277 125 49 221 148 8 79 291 55 237 234 12 222 126 172 69 231 70 41
5 92 231 275 16 74 102 108 156 228 573 675 997 164 978 573 530 573 392 997 164 508 16 509 307 210 149 783 147 802 107 56 109 224 164 280 113 30 285 120 54 104 252 121 70 97 185 87 148 128
206 252 283 824 958 552 335 329 293 329 393 707 335 997 253 732 657 53 260 212 715 221 52
951 79 112 170 24 161 169 249 208 63 87 52 235 112 175 129 102 57 42 130 123 190 177
584 223 233 255 135 238 0 145 123 117 128 58 63 236 190 1 62 15 185 137 147 136 76 25
9 34 174 140 277 285 235 56 191 34 87 291 69 94 65 51 86 189 258 276 22 280 142
45 65 195 60 53 137 225 17 291 171 99 206 33 259 138 280 296 249 86 130 113 89 189
671 3 50 136 288 247 211 175 43 141 287 201 249 3 137 39 153 225 283 195 254 7 11 22 200
867 145 459 4 167 281 283 221 237 38 5 144 180 67 114 195 137 111 133 62 12 184 123
44 217 78 87 52 99 145 215 72 212 203 129 86 241 199 68 42 286 240 223 289 225
19 43 51 671 979 153 838 575 480 480 379 317 708 663 472 317 708 404 178 946 122 731 221 643 695 885 130 166 202 156 2 167 82 247 32 193 160 296 285 70 295 135 290 56 108 199
671 6 124 281 12 114 111 56 246 62 82 185 5 289 225 156 65 275 128 149 115 189 134 296
826 59 177 215 235 313 495 66 119 238 244 603 186 544 603 288 186 721 908 186 921 603 908 674 775 716 590 481 200 137 940 107 14 190 4 122 185 218 171 25 175 46 116 75 12 281 23 9 279 165 55
15 262 286 219 28 298 123 16 91 270 169 130 239 261 89 159 21 267 116 95 193 76
77 110 184 254 256 289 331 275 885 775 331 590 46 720 7 283 873 6 979 31 48 226 379 101 129 78
105 167 241 119 255 42 137 136 27 180 187 245 263 267 35 165 216 257 264 282 34 66 208
230 293 238 516 308 238 431 310 238 238 516 393 12 716 132 1 886 754 89 653 530 660
647 846 955 237 300 313 274 75 242 213 121 236 107 131 139 42 14 232 260 132 55 169 4 44 185 18
584 178 216 240 278 266 253 41 35 215 269 8 21 155 77 299 103 229 15 129 96 89 99 97 50
159 201 298 188 261 224 283 150 262 226 105 71 284 18 130 280 70 62 212 81 204 277
195 224 108 212 278 64 275 151 46 128 40 199 219 172 126 245 288 177 292 289 185 127
955 17 197 292 44 193 354 94 480 77 50 489 618 647 676 865 19 769 87 102 757 530 50 230 271 487 871 253 41 143 58 82 28 291 178 292 5 56 167 129 109 279 296 289 111 62 113
894 2 238 382 62 19 240 264 129 51 292 147 108 262 279 193 272 137 157 21 99 4 211 168
760 100 526 96 22 224 173 187 169 86 167 100 18 56 156 119 104 0 78 164 82 150 160
237 0 138 215 241 526 171 17 82 620 17 54 54 299 64 934 265 7 724 492 120 25 27 346 346 222 669 4 379 665 900 900 665 929 665 4 143 72 735 291 477 973 530 391 838 211
603 130 142 147 163 254 177 49 93 131 218 189 37 143 178 185 107 112 171 12 44 296 20 62 272 64
535 217 243 246 136 287 58 4 148 111 76 227 239 246 50 220 139 248 20 169 201 79 103 21
45 328 46 382 853 885 467 655 467 932 832 637 478 853 853 144 676 16 256 2 912 86 111 243 291 273 946 273 946 291 241 403 273 448 946 682 67 192 360 250 137 501 887 982
23 33 123 157 162 186 252 923 614 950 614 877 950 614 855 85 209 107 198 418 72 222 68 235 137 176 212
924 81 95 204 217 242 271 865 841 570 841 841 25 886 865 745 25 166 563 168 9 380 822 128 45 689 571
836 30 45 168 236 67 187 112 145 69 230 239 240 199 4 210 260 124 174 26 224 141 165 100
108 228 264 957 33 141 184 244 459 727 528 968 451 528 844 591 844 727 209 173 32 212 112 294 500 126 236 141 349
37 159 165 223 978 28 293 735 978 618 2 721 978 721 721 28 598 54 669 833 236 2 262 972
42 83 293 618 328 618 328 293 854 328 559 54 669 833 559 478 262 965 972 191 754 289 215 292 71 48 33 118 142 97 247 183 291 119 219 55 285 42 228 282 85 10
5 112 214 269 294 295 789 104 225 263 701 20 235 701 937 719 128 386 351 398 164 346 863 829 7 25 492 724 354 844
584 703 2 29 53 120 123 145 171 362 1 741 1 202 202 565 435 421 348 565 435 880 645 180 562 622 532 581 16
45 151 167 690 705 450 176 146 315 315 230 971 131 59 450 198 249 895 104 261 716 291 758 112 81 217 241 271 270 213 71 236 83 284 234 198 147 7 78 13 285 110 141
