10 30 70 79 85 133 212 975 92 160 244 260 574 749 293 295 436 654 865 75 222 61 565 215 68 275 919 980 628 991 174 6 338 366 294 559
18 170 180 227 998 840 780 806 644 95 844 108 400 918 275 65 745 530 599 94 660 36 88 938
24 183 208 36 644 65 108 938 94 94 108 660 94 36 938 599 65 178 806 745 146 74 199
767 121 132 154 185 230 856 618 802 984 894 894 802 618 856 917 894 618 534 475 711 39 284 475 936 226 184 264 159 23 101 27 139 94 104 216 109 245 232 42 152 190 60 197 244 3
21 41 73 86 113 193 240 264 4 665 669 487 4 379 487 4 665 306 519 665 900 937 120 120 219 419 21 309 377
119 198 712 906 922 712 864 864 864 33 958 543 342 774 296 955 772 906 834 582 154 24
86 157 223 277 342 191 881 881 133 954 954 133 308 523 191 173 257 61 236 38 275 193 140 152
164 108 660 599 65 660 36 65 530 644 644 65 644 180 201 878 745 892 490 240 197 4 25 242 50 285 284 181 227 155 111 81 295 26 141 267 260 64 174 52 281
767 61 88 98 40 67 73 900 519 306 379 669 487 4 900 665 519 803 233 391 275 416 219 588 591 72 10 188 278 245 102 184 69 224 40 135 193 9 115 175 163 257 77 291 124 246 26
450 767 12 68 173 200 202 247 275 292 203 229 149 174 92 126 211 225 65 83 130 249 180 129 25 166 169 106 103 98
8 193 29 82 84 190 256 707 224 72 972 91 787 574 574 52 71 202 853 89 270 148 290 178 85 330 40 359 60 60 43 359 173 806 359 813 305 86 27 903 323 225 894 73 99 78 231
190 281 299 123 227 584 37 59 584 59 48 215 497 59 37 584 582 6 136 644 246 55 853 35 107 217 20 699 217 217 699 259 259 259 20 217 277 652 170 29 811 90 17 28 107
925 22 55 141 240 238 134 229 163 62 274 140 124 247 286 109 126 63 139 292 255 48 142 49 68 60 167 69 267 251 31 195 110 26 61 245 12 124 56 227 249 238 47
836 128 242 121 111 16 167 67 198 179 204 127 174 175 169 21 29 288 136 41 142 68 264
159 288 194 238 147 214 197 23 294 6 16 273 172 72 8 44 66 182 255 248 247 198 110 71 60 215 48 247 258 284 220 113 253 290 263 90 52 243 142 135 250 236
16 145 166 234 278 136 239 52 231 282 90 269 12 154 88 187 51 183 211 257 218 21 33 11 54
975 55 109 140 284 280 16 89 186 48 15 26 154 67 51 13 287 224 117 76 197 44 223 85 187
159 20 76 252 139 177 118 106 279 198 217 37 25 71 99 275 63 257 296 264 156
12 21 107 266 154 158 232 298 294 217 264 264 193 264 237 193 231 231 193 74 441 139 235 745 80 278 933 176 149 204 87 8 8 925 53 925 8 204 94 398 442 34 15 103 57 572 85 584
975 55 87 105 281 284 168 231 175 148 235 26 53 129 113 42 85 6 203 94 109 107 38 8 178 0
64 80 294 4 194 273 189 132 172 63 159 162 211 89 75 280 139 245 79 178 114
50 117 159 131 272 148 282 156 104 199 291 267 258 29 67 48 74 94 31 232 16 245
767 137 975 16 25 150 200 98 235 10 68 235 860 76 262 148 802 50 242 171 955 745 183 69 933 441 705 61 89 27 121 289 158 100 264 140 101 292 55 50 199 127 115 52 179 81 236
2 35 155 146 122 29 39 78 96 139 224 105 174 268 77 246 51 218 212 258 108 117 252
138 144 173 181 220 85 90 97 252 181 119 142 248 110 233 82 229 167 143 51 98 265 210 221 140
115 190 200 158 77 27 17 47 143 90 103 34 201 48 82 105 0 283 65 11 229 28 115
115 215 59 273 258 192 248 201 198 181 158 287 120 284 2 224 250 44 107 46 270
112 140 291 132 31 252 263 6 102 251 72 227 134 61 264 174 240 196 17 173 206 82
74 236 269 91 69 113 5 130 106 181 235 116 114 272 55 38 90 3 258 296 247 97 36
53 182 37 57 144 625 68 163 625 564 163 193 739 243 230 120 290 96 57 112 257 97 262 261 112
24 83 91 644 36 88 938 644 94 88 108 938 644 599 218 49 892 204 249 278 131 276 247
441 722 129 131 144 173 230 268 545 268 111 287 167 806 365 545 139 955 176 571 140 39 284 724 278 8 108
299 581 397 100 400 646 510 646 581 581 151 233 135 205 698 19 267 250 209 205 34 45 118 264 91 120 206 176 201 124 251 209 140 97 191 202 242 244 212 75 58
233 237 129 284 53 247 3 167 216 168 21 43 77 89 47 241 281 50 276 85 214 145
136 214 240 275 108 224 172 144 268 234 95 106 69 222 120 282 91 126 132 200 107 137 227 16 281 297 52 85 266 90 186 234 172 55 75 155 209 274 142 211 76 252 221 50
12 231 248 280 169 142 75 190 237 227 154 148 253 264 124 275 28 98 16 80 289 13
64 97 121 168 221 286 287 201 219 149 41 55 8 142 204 159 39 282 5 186 44 42 120 72 52 274 23
46 128 33 209 206 225 244 291 109 15 169 36 283 17 74 31 288 166 88 217 116 150
906 64 82 46 75 89 122 138 196 203 66 56 281 190 232 61 91 234 861 193 232 30 926 20 595 297 221 886 288 288 206 54 1 0 299 167 73 240 7 36 158 249 274 124 272 40 68 251 282 292
2 190 109 237 122 265 102 131 285 74 103 326 90 572 205 644 33 34 259 748 225 57
123 233 250 293 214 82 169 42 268 261 2 266 54 87 97 207 228 76 135 201 104 171 66 123
722 0 247 277 162 80 222 31 273 205 217 183 233 216 215 138 223 96 90 299 91 136
79 100 102 196 67 50 69 76 284 231 35 110 55 36 197 2 79 162 297 100 271 251 160 184
986 23 32 132 172 174 187 220 158 32 5 106 81 102 6 170 130 238 299 30 291 126 7 221 277 4 98 295
50 242 278 190 192 291 140 162 29 235 45 76 2 67 257 277 243 110 220 193 178 114 109
79 111 146 204 33 277 272 244 133 153 98 188 18 3 165 113 258 285 180 70 125 240 242
93 99 280 71 293 39 62 23 99 89 276 231 120 135 121 148 142 187 117 87 59 240 229
115 281 131 238 251 105 229 282 12 67 22 253 205 58 141 63 274 80 8 18 208 203
83 208 112 279 400 510 400 581 588 510 328 588 151 151 129 53 99 19 250 101 209 233 205 915
55 159 211 108 938 644 94 108 88 530 88 530 65 3 892 204 682 123 42 793 131 247 107 31 105 156 169 263 23 13 101 275 194 78 77 126 129 195 79 220 274 190 286
132 286 18 72 174 135 84 0 188 211 146 41 82 43 13 124 176 207 144 245 287 238
975 84 121 132 148 4 281 281 809 625 68 68 749 193 163 625 281 739 732 544 57 373 97 867 74 112 55 175 220 240 153 125 203 71 12 185 50 123 286 257 179 205 296 201 159 13
169 182 241 180 297 228 96 295 281 285 273 239 147 233 158 42 289 64 128 63 45 214 83
248 295 297 93 271 44 298 228 261 297 38 136 74 266 239 9 174 291 108 80 53 47 169
767 49 60 275 242 195 42 136 10 222 80 165 160 145 223 186 146 273 232 130 263 260 76 216
193 155 205 214 261 96 96 11 342 184 397 254 254 931 53 199 130 203 139 120 71 158 206 85 159 97 101 152 127 150 229 275 172 96 21 129 264 71 180 106 49 42 201 122 158
31 50 162 183 159 229 258 98 175 157 250 157 157 89 345 282 323 254 161 930 516 246 994 283 60 955 55 155 11 197 214 248 281 94 114 226 154 212 173 284 26 85 48 269 73 227 63
24 44 294 85 79 281 133 85 143 124 174 176 108 955 805 139 571 98 745 140 228 171 8 68 256 58 51 180 191 125 28 14 119 277 241 40 97 207 294 211 171 272 288
94 127 183 186 52 50 120 243 242 193 96 218 87 93 29 84 107 171 129 17 99 76 113 165
54 145 198 245 283 275 82 33 95 37 7 125 292 138 248 121 89 212 46 84 183 177 218 78
17 50 120 152 162 182 271 244 92 97 206 281 152 119 135 13 212 39 59 261 129 286 169 104 200 107 220
39 170 228 56 178 265 151 323 510 328 323 400 400 588 100 121 955 205 941 698 250 101 233 91 253 441 134 274 26 39 104 55 262 124 81 250 114 71 77 46 82 2 24 98 154 160
30 151 197 48 138 231 249 51 251 126 259 90 39 171 217 140 278 81 160 3 269
18 28 51 79 82 130 136 151 238 256 4 53 201 159 266 181 294 213 36 250 74 79 18 215 72 64
5 149 216 225 159 273 400 397 100 581 328 588 646 588 588 151 955 91 121 99 45 53 698 915 19 253 128 61 38 78 23 154 147 204 120 191 262 47 42 76 286 268 265 18 242 284
16 72 239 280 73 222 10 144 280 168 123 151 65 285 213 176 96 262 26 207 203 195 297 284
59 92 98 134 214 58 285 294 282 251 215 128 209 297 75 207 216 26 210 263 42 88 239 98
149 231 296 285 132 277 298 11 13 12 226 88 112 220 102 39 90 228 218 149 6 142
8 19 72 104 142 143 199 245 153 57 508 699 57 886 57 57 633 192 240 65 481 307 287 18 33 60 432 431 138 110 85 284 266 141 287 131 100 21 253 73 78 238 48 39 113 51 154 101 23
767 178 283 722 52 94 198 216 807 287 418 407 752 807 752 407 797 700 413 48 24 69 635 510 249 149 184 676 537 129 838 129 537 528 275 963 908 503 119 90 122 357 31 291 428 283 73 846
77 211 283 432 30 153 199 644 88 644 660 530 530 36 938 204 314 414 793 892 123 162 3 107 78 195 682 170 90 183 270 118 127 247 72 286 284 217 251 42 19 202 206 226 77 86 146
18 122 159 173 210 232 9 70 276 101 261 143 182 205 60 281 115 211 249 122 278 95 280 147 20 288
121 158 178 146 246 109 248 29 250 172 223 51 279 269 56 16 66 131 78 52 242 207 173
30 190 11 134 272 255 4 74 140 34 13 79 167 214 55 84 49 230 132 242 233 128
124 158 170 287 286 297 271 221 241 162 129 120 205 35 101 1 170 44 172 248 289 89 91
159 176 207 233 65 65 88 36 65 660 599 938 36 530 314 78 3 892 107 905 414 162 195 218 36 146 277 118 106 71 263 94 111 91 35 293 237 0 52 286 26 188 7 162
767 227 237 669 669 379 929 379 900 4 306 519 900 487 379 291 225 391 950 125 225 973 143
152 390 390 513 847 275 900 513 513 513 390 39 933 176 140 724 284 139 278 955 441
98 165 53 268 134 224 86 268 615 66 62 258 74 68 250 62 141 165 109 200 114 179 283 31 179 34 277 267 291 25 273 232 132 243 241 105 217 222 160 7 52 104
31 170 246 158 282 63 247 276 1 267 199 103 2 125 263 141 260 248 122 240 164 37 92
49 55 151 276 167 251 233 164 245 256 82 246 17 111 38 142 10 187 124 183 289 71
77 127 148 164 795 838 838 79 963 503 275 503 528 79 537 795 764 88 119 283 428 291 122 155
60 152 210 249 226 222 112 61 185 175 134 252 288 289 36 52 215 273 207 160 47 214 101
108 260 297 34 269 261 278 100 70 237 271 66 213 139 183 43 239 51 279 99 9 50 280
46 95 166 179 252 288 16 224 128 206 263 20 176 153 100 197 178 294 290 239 86 167 241 293 217
22 266 37 57 161 282 26 118 119 126 133 255 16 218 241 182 207 176 205 78 134 192
80 83 97 225 270 220 229 70 158 242 212 189 200 41 53 101 271 143 122 232 190 136 66 266 197
722 61 108 149 185 204 217 234 249 722 32 136 148 926 926 508 699 774 792 633 381 508 834 481 192 34 432 60 777 33 138 65 18 169 202 167 264 245 297 64 57 173 110 56 282 180 105 0 93 42 188 179 60
975 90 121 256 656 110 113 248 35 35 225 67 67 225 155 225 282 345 254 287 283 994 60 930 572 55 930 516 27 201 101 210 13 229 124 82 234 91 251 42 104 87 12 174 206 227 240 140
441 58 95 198 975 89 170 286 323 646 100 588 646 510 400 151 151 100 100 45 205 121 53 91 267 250 915 509
93 191 938 660 94 599 938 36 599 644 660 88 108 36 195 123 249 3 314 793 892 107 94 218 38 95 223 185 248 262 32 20 284 168 266 286 242 214 279 140 190 57
115 275 278 98 241 886 508 926 57 57 886 834 792 926 926 240 138 431 307 56 287 252 144 18 33 183 215 246 178 3 35 234 81 59 291 82 194 22 20 95 213 250 46 119 269
189 118 67 253 272 126 33 243 198 210 128 22 29 263 20 235 78 240 193 11 216
166 265 286 293 279 242 82 115 271 271 279 82 793 798 409 118 151 409 82 270 228 890 32 238
71 182 52 173 89 89 152 89 130 163 152 89 130 130 227 163 873 85 1 159 130 71 67 206
32 9 55 929 178 9 9 92 103 178 254 929 103 578 55 516 216 282 246 345 393
13 190 195 256 246 607 607 607 634 70 943 943 179 70 2 285 167 87 42 390 52 82 597 5 796 238 238 201 127 279 28 470 238 251 118 160 32 890 409 151 55 867 409 793
259 164 254 176 266 153 125 57 195 204 91 7 62 60 86 274 259 2 216 273 127
99 188 263 40 97 154 297 53 98 271 53 125 248 299 233 271 135 926 886 491 79 290 693 776 141 221 288 88 69 223 175 100 192 288 126 12 18 247 25 176 262 142 139 171 215 66 240
9 75 49 92 163 236 100 323 397 151 400 323 328 588 646 151 19 99 203 698 253 267 91 941 250 955 34 189 145 98 268 109 62 230 198 120 101 0 66 246 22 222 70 115 78 280
46 157 182 197 208 265 173 201 169 234 138 278 135 28 194 242 85 249 158 109 141 198 263 215 32 105
55 112 151 163 235 31 155 177 177 299 271 118 53 122 118 221 290 491 886 926 681 693 215 288 301 776 167 134 143 157 252 20 87 76 63 14 209 222 250 137 223 129 264 130 54 276 106
441 259 294 215 225 103 9 299 193 20 65 118 268 109 14 10 29 213 67 223 270 137 152
15 21 217 235 237 190 237 52 86 7 284 154 12 277 281 30 59 221 87 229 223 235 164 257 293
975 152 286 128 240 253 268 177 28 205 104 124 78 14 211 224 296 71 216 50 17 243 172
39 104 111 157 262 283 82 107 26 154 112 3 234 80 241 158 185 99 192 153 34 30 243 148 127 147
20 97 168 152 106 243 77 224 35 286 198 284 3 218 14 135 8 133 170 91 216 33
23 94 173 125 146 160 204 298 193 177 232 295 179 193 86 88 776 288 297 288 491 79 926 141 301 135 702 769 115 127 261 182 72 230 179 87 286 88 108 263 273 35 113 43 249 0 73 185
182 194 264 289 170 190 11 220 43 9 165 20 168 217 193 94 96 130 39 114 266 58 17 167
31 213 231 72 233 293 30 95 14 48 297 234 8 74 254 276 150 86 71 195 142
109 157 269 109 182 252 69 146 142 250 56 106 276 277 185 133 228 285 279 72 119 232 160
20 34 70 83 205 220 236 104 16 220 180 140 0 165 50 51 212 292 91 121 173 277 234 187 36 250 125
975 43 46 151 68 6 18 219 182 186 143 205 42 253 148 177 289 298 267 280 120 174 63 226
16 187 199 103 220 19 55 181 278 116 232 279 8 286 126 173 243 200 287 161 79 146 20
24 185 249 36 296 112 220 111 167 35 186 282 295 194 0 85 127 91 131 117 57 144
25 114 117 164 279 295 65 259 14 296 95 19 269 152 270 227 146 202 87 40 167 121 90 194
767 113 202 191 234 148 145 14 184 26 172 72 130 156 205 11 183 79 207 89 12 162
274 136 73 211 257 278 190 5 58 77 287 164 84 277 7 141 170 97 3 275 132
119 199 255 284 53 237 57 256 260 103 202 96 233 46 19 101 214 44 99 242 125 277 199 195 219 1 88 49 134 261 250 218 249 0 160 46 43 138 248 206 152 295 159 73
9 21 82 192 278 6 39 58 101 194 272 397 510 581 581 581 588 323 510 397 646 400 209 45 53 509 267 205 398 955 698
108 194 256 634 943 182 70 2 2 179 514 188 106 87 218 116 288 946 82 167 389 291 597
60 114 213 292 634 943 182 70 2 2 179 514 188 106 87 218 116 288 946 82 167 389 291 597 155 214 212 85 273 7 166 76 266 67 122 88 269 70 247 202 113 107 299 5
132 161 164 194 209 262 286 107 188 74 51 283 42 223 144 60 33 234 212 273 236 155 136 53 7 114 259
33 52 176 231 271 288 294 121 225 36 256 240 214 10 62 132 150 126 222 9 76 64 124 120 249 158 224
986 5 68 149 183 294 33 161 279 59 158 215 78 52 222 126 172 198 137 71 34 88 77 99 239 63
162 176 191 202 537 795 963 795 528 129 528 275 795 838 503 357 276 428 31 806 286 232 106 846
92 117 98 163 270 670 214 670 412 866 670 223 223 410 214 681 135 681 79 167 693 491 141 776 288
21 84 137 158 161 223 412 681 670 934 643 681 987 991 692 681 693 288 491 702 897 215 288 167 769
30 137 418 418 700 752 797 746 807 287 151 510 676 396 249 184 126 250 969 635 728 149
40 222 8 750 867 8 31 801 6 847 876 871 210 554 206 1 139 435 130 64 116 120
118 166 178 233 238 570 11 603 39 593 593 450 688 345 254 955 246 438 930 60 216 55 572 287 393
84 223 792 633 792 699 381 57 886 381 774 508 926 792 447 60 144 821 240 33 56 552
141 746 407 407 287 807 746 807 797 418 752 407 746 969 69 149 510 733 151 396 728 279 136 263 45 259 95 247 55 169 89 158 157 228 286 38 168 17 49 28 189
49 235 261 117 183 62 229 123 85 231 20 14 15 184 142 162 211 109 139 207 37 171 191
50 128 193 219 272 58 44 46 159 201 178 286 82 163 221 27 251 250 239 283 122 289 233 271 21
29 112 192 255 28 45 112 126 139 179 221 644 644 530 36 88 660 938 530 108 218 793 276 374 107 314 905 414 162 439 575
62 109 124 183 968 980 486 554 554 968 822 927 335 327 167 897 290 215 288 926 88 776 491 79 129 275 275 503 275 838 129 503 537 277 806 88 122 291 120 276 283 428 73 31
18 70 109 15 48 238 183 222 107 273 267 244 132 114 146 281 30 34 266 178 282 190 167
975 27 92 100 225 97 92 158 73 107 69 162 32 237 39 245 203 240 183 275 4 118 15 141
767 228 129 537 795 908 838 129 908 275 963 528 806 122 357 232 120 88 428 277 106 846
28 74 101 249 227 239 418 746 797 752 700 413 822 822 287 746 728 876 733 184 396 716 645 126 69 149 136 219 90 34 163 275 80 150 185 173 145 37 108 292 273 257 63 138 200 246
125 222 255 292 47 294 90 33 168 204 271 16 278 26 83 264 246 267 227 128 1 49 244 84
73 101 260 20 237 278 295 895 281 281 873 883 477 101 883 477 726 468 291 175 11 403 883 633 818 258 534 5 49 30 236 231 139 210 97 249 2 135 35 107 283 227 246 177 23 279 54
108 198 254 257 275 82 206 267 60 94 261 290 53 272 25 276 264 100 171 147 270 107 105 159 144
975 181 225 256 269 271 178 93 21 121 98 153 97 65 32 22 285 267 50 90 163 48 162 25
102 111 136 286 83 113 544 27 848 767 946 27 544 140 2 543 491 297 290 88 167 79 681 693 926 215
68 120 130 290 975 975 975 229 447 844 262 152 377 377 951 601 488 382 976 398 479 136 873 928 55 138 31 38 99 245 181 51 214 261 262 150 215 74 225 223 89 70 109 42
6 18 75 173 249 767 198 211 287 331 946 946 917 598 153 777 331 718 455 557 235 423 284 441 571 39 428 599 139 35 129 150 206 231 64 294 24 299 135 263 286 189 212 147 149 205 296 265 195
38 196 283 136 180 78 132 46 89 216 170 238 197 91 144 230 107 135 32 134 185 36 85
441 35 142 157 31 279 175 835 389 389 389 389 383 364 921 152 371 79 88 897 693 167 926 290 141 681 73 37 88 46 99 182 279 89 6 178 61 124 226 161 18 269 218 56 60 166
511 20 102 168 206 221 198 159 6 215 292 92 190 88 244 28 122 126 161 149 227 205 16 97
60 157 39 67 217 221 778 294 528 912 778 912 100 944 912 294 557 176 171 332 955 423 108 140 284 571 181 274 148 211 261 171 38 63 168 191 74 233 265 237 207 1 117 69 216 288
80 146 158 88 36 88 530 530 94 88 599 88 94 804 42 518 276 668 670 107 218 78 905
17 18 895 898 972 972 446 355 895 231 446 26 47 885 88 70 894 585 944 11 840 791
