25 263 226 272 843 133 997 679 528 599 591 851 468 982 685 742 551 844 946 727 968 921 421 451
809 914 204 232 216 809 600 846 111 685 485 136 603 777 481 960 268 446 935 538 683 195 420 587 121 15 201 89 178 244 128 21 260 68 135 101 92 57 170 204 69 111 267 165
39 66 263 296 418 797 700 807 287 807 797 807 407 418 822 418 313 752 733 287 663 269 354 410
154 201 236 283 884 216 381 947 381 691 417 110 284 135 740 9 52 789 343 80 275 360 233
102 151 154 283 884 216 381 947 381 691 417 110 284 135 740 9 52 789 343 80 275 360 233
4 63 94 105 177 182 47 66 785 688 906 172 172 906 172 688 614 785 58 228 184 213 176 177 230 152 798 271
108 136 138 190 258 862 10 980 181 181 377 10 862 10 30 378 377 136 618 477 378 195 92 463 962 413 578 882 662 578 452 625 180 413 662 882 218 728 452 147 272 677 273 62 716
180 246 71 80 3 102 227 100 29 157 255 108 210 180 258 94 76 219 11 248 274
4 37 139 203 540 452 625 698 578 180 540 662 452 698 413 452 105 15 728 148 452 148 72 54
29 73 204 263 595 738 939 622 645 622 336 336 588 143 236 281 73 52 35 407 293 150 407 105 204
69 123 188 841 428 428 376 314 998 428 576 93 421 263 728 68 894 272 848 147 44 252 170
38 41 51 100 282 56 144 215 77 206 227 281 192 148 115 30 256 8 0 145 49 293 287 33 105
46 116 200 64 122 79 254 70 59 74 109 298 135 67 162 204 227 116 19 145 0 182
1 128 94 252 29 28 190 130 221 173 62 76 224 25 131 61 248 281 69 15 138 188
150 175 228 247 46 133 270 85 278 96 72 218 86 38 26 210 260 189 88 164 48 146 267
97 114 238 291 65 157 18 91 21 192 111 257 171 143 156 177 11 126 204 97 174 55 218
10 588 136 174 121 200 228 160 160 281 42 77 285 31 108 137 373 318 156 55 16 63
18 171 177 245 248 282 162 22 232 236 198 120 179 141 194 1 19 193 285 37 219 102 44 139 36 230
1 22 163 259 62 196 27 165 181 160 107 16 296 77 171 293 18 189 7 184 242 235 136
24 35 75 247 188 180 15 176 38 123 111 56 298 180 503 471 13 160 271 172 202 600 174 214
59 128 215 267 295 4 220 47 19 41 248 232 59 38 30 60 133 34 131 132 12 296 285 3
12 130 175 225 242 293 95 244 23 294 216 32 171 179 88 292 31 250 78 285 67 236 64 235 202
74 279 90 41 207 72 58 221 160 88 290 167 49 259 298 113 141 144 60 223 84 170
222 271 844 591 844 528 528 844 921 727 451 968 844 528 212 4 253 236 165 59 294 141
13 53 81 88 129 217 222 968 844 421 968 727 591 528 599 165 32 500 173 253 126 349 986 141 148 112 294
52 184 245 298 80 336 64 425 795 64 282 336 80 137 217 5 488 676 22 420 140 228 800 35
0 5 158 214 253 158 262 71 119 84 51 257 116 139 206 122 40 87 213 77 266 49 128 61 30
119 186 921 421 421 599 528 921 528 133 727 59 253 349 173 112 148 121 286 294 4 986
6 272 122 220 205 89 89 122 212 138 215 236 26 137 562 452 982 228 283 792 172 178
50 52 622 281 281 143 645 738 622 336 738 236 281 336 115 407 48 613 38 69 164 281
62 78 148 195 295 119 22 233 8 222 81 9 20 248 299 140 149 265 171 108 124 37 279 136 14
118 218 296 746 415 670 415 125 125 125 694 415 694 54 40 664 284 264 941 113 292 209 670
180 193 194 236 118 336 307 307 80 381 425 282 118 421 307 140 800 57 127 137 5 420 35 753
34 153 220 451 451 451 451 591 528 599 968 591 528 421 133 59 112 173 141 121 986 349 286
71 254 294 201 19 106 142 101 142 52 52 181 497 459 161 131 96 177 176 178 117 832
2 122 140 180 203 289 88 121 25 294 116 219 235 45 81 295 47 113 266 283 239 117 193 217 13 242
140 174 289 133 19 221 98 7 157 51 101 5 67 295 100 35 272 32 281 256 30 248 231
5 47 294 296 62 217 164 218 124 245 43 286 129 181 45 60 206 86 187 184 230 251 32 172
73 136 167 63 270 44 5 38 85 285 43 116 237 119 9 230 60 222 144 156 160
187 224 288 172 229 176 178 42 212 69 192 24 17 189 131 125 10 40 250 193 237 271 25
113 263 266 270 278 71 75 205 279 113 250 176 37 20 85 31 83 168 27 51 222 10 244 201 49
28 161 109 70 121 121 10 65 109 25 25 505 70 25 214 832 5 176 131 210 657 66
137 297 104 20 189 4 238 59 228 31 108 187 34 274 54 232 6 134 129 21 264
21 101 132 179 44 84 163 120 226 152 49 215 114 162 255 110 171 160 167 207 238 246 193
248 260 276 56 187 1 160 9 239 11 248 152 179 233 97 64 145 118 63 31 265 103 260
23 122 192 245 94 4 191 93 53 272 48 104 121 207 99 75 177 212 22 157 162 161 8
35 70 264 0 269 288 24 130 95 105 287 78 62 178 47 292 257 183 20 289 275 73 254
23 121 150 251 186 216 180 212 241 95 75 283 51 176 56 169 175 245 40 89 162 161 66 63
188 192 40 91 201 165 6 149 50 142 177 264 175 215 290 133 43 114 219 42 194 244
20 101 238 175 145 4 7 275 282 142 223 110 290 212 46 240 270 245 86 73 122 127 1
0 2 81 95 168 192 11 241 166 9 257 157 26 255 116 90 154 273 51 297 208 256 98 249 159 253
120 196 276 23 242 193 177 199 171 94 298 9 0 224 3 246 143 256 144 216 14 230 151
107 141 148 178 296 224 125 197 9 88 11 81 108 285 242 37 70 276 297 216 86 46 221 187 278 181 198 26 100 82 161 172 173 273 133 33 285 92 248 204 56 272 93 208
130 413 209 39 39 229 201 797 245 209 797 245 229 95 156 180 119 114 55 63 280 137
27 132 253 133 109 82 5 0 113 242 253 25 76 207 44 124 112 251 165 209 36 87 198
43 193 203 236 27 147 88 105 72 94 232 185 221 63 122 251 237 116 214 156 149 55 169 270
11 204 237 86 16 241 131 286 110 32 141 274 285 227 212 166 177 190 184 96 19 203 236
168 205 263 558 13 267 249 85 246 267 104 177 176 891 131 832 117 459 66 106 497 35 161
45 144 155 169 213 249 279 65 149 30 255 183 32 156 251 277 210 51 144 37 257 267 97 94 209 39 103
77 25 49 5 298 152 143 119 123 193 11 245 171 111 199 267 131 107 109 273 299
93 238 588 38 118 291 237 152 174 170 281 29 149 289 71 287 60 254 276 215 204 266 244
181 291 186 100 117 49 27 21 254 238 152 274 77 236 205 296 294 228 88 101 178 253
111 126 250 292 156 111 19 82 169 167 135 210 107 98 88 266 103 77 164 29 208 238 33 56
55 263 286 78 17 273 155 99 93 154 275 46 26 89 94 293 281 206 142 288 136 121 31
63 115 122 195 226 125 107 125 250 112 48 125 22 107 280 24 33 285 63 123 137 114 16 31 194
123 156 240 241 271 117 251 249 210 13 262 283 12 142 214 90 17 127 194 57 52 260 137 128 256
14 106 191 197 256 223 174 232 47 107 109 1 37 46 252 208 277 13 179 18 113 263 284 48 235
161 299 68 33 38 150 211 71 130 139 202 84 186 140 225 275 117 67 173 252 198 191
12 159 212 260 164 226 1 26 58 90 50 263 133 60 275 144 40 113 93 270 149 27 104
47 50 54 77 207 228 235 40 131 51 130 55 254 271 187 39 222 221 253 207 243 126 98 157 141 237 295
125 146 207 77 58 265 134 211 55 280 158 214 18 205 4 165 185 13 79 145 2 266 5
25 37 83 86 109 134 272 110 97 236 0 211 34 289 291 11 233 264 67 182 217 14 90 133 247 292 65
294 114 39 297 178 237 264 13 248 180 6 206 10 4 79 267 207 84 275 53 249
193 74 293 201 254 78 226 12 233 52 244 56 61 231 158 182 110 153 273 73 145
108 292 258 78 177 172 185 267 190 248 237 221 27 10 170 13 73 14 88 128 261
17 38 251 183 200 66 111 266 145 214 2 210 76 88 114 104 249 116 121 37 64 212
115 241 80 103 82 58 210 239 230 34 6 228 47 153 14 138 223 265 70 75 259 199
63 90 186 190 205 269 114 202 76 58 260 90 70 237 149 297 26 18 133 253 175 42 248 3 181 295
59 126 1 230 198 77 244 154 252 283 284 253 44 2 68 61 184 278 128 102 262 168
107 201 279 210 247 179 223 214 80 249 215 164 105 237 71 158 292 239 52 58 227 235 130 85 50 50 139 85 253 41 41 253 148 275 432 479 43 106 127 753 171 3 400
125 224 240 282 108 261 89 158 61 236 249 272 277 128 242 123 285 252 197 274 125 237 66
52 83 86 147 286 204 297 88 259 122 221 147 112 289 7 169 9 264 256 2 35 231 290 102 76
98 30 284 261 170 217 51 184 155 90 145 192 233 180 246 32 83 162 269 169 15
101 221 212 182 293 289 30 232 39 81 19 142 275 236 98 267 234 5 41 245 37
23 36 138 252 57 105 38 145 235 191 177 101 247 120 122 148 295 77 15 217 63 89 4 219
115 169 114 78 99 22 84 53 20 130 125 149 224 85 148 172 57 120 226 242 244
64 77 135 230 233 265 296 75 55 40 128 166 52 248 282 127 133 237 104 229 125 264 3 269 50 12 163
5 48 233 67 227 173 149 41 96 150 164 256 220 144 94 16 168 80 102 54 221 85 165
83 104 264 413 24 170 100 181 4 130 98 73 52 125 11 282 54 33 161 88 270 256 65 229
44 145 257 413 70 68 117 32 16 282 140 144 90 135 197 229 9 103 275 212 50 121 228 34
138 179 290 291 209 159 213 219 272 48 110 188 229 27 17 271 100 186 133 244 6 157
166 211 40 230 272 400 264 922 230 420 800 676 22 266 127 57 999 35 157 102 620 217
5 12 175 158 169 130 279 4 174 215 73 192 247 233 171 154 210 227 44 137 159 61 202
44 201 278 200 276 250 45 37 79 11 268 196 139 247 23 298 29 159 258 210 249 287
160 182 193 216 231 80 236 68 27 138 150 34 295 89 164 125 72 130 239 115 124 40 88 104 258
1 57 59 76 211 218 293 212 243 243 302 302 581 732 123 236 389 217 732 111 150 466 311 340 1 687
25 264 278 5 46 35 245 193 148 116 231 125 213 182 41 173 274 221 34 18 39 58 108
27 89 168 295 282 214 108 85 289 196 124 79 33 170 1 171 215 88 75 106 197 179 235 187
39 165 293 131 77 181 108 161 10 141 200 32 64 132 48 190 170 97 189 128 247 72
129 283 19 178 235 134 219 97 134 134 92 189 97 184 19 61 229 149 153 642 133 112 126 203 128 271 70 47 113 111 33 50 216 58 98 233 193 291 162 226 220 35 219 171
41 198 239 256 265 87 278 297 4 200 97 289 76 190 117 73 223 154 217 47 169 272 219 196 128
136 138 239 243 272 271 15 403 15 271 555 84 266 800 137 102 378 35 297 140 676 217 999 805
100 222 277 287 105 100 47 140 54 213 153 104 221 212 200 65 280 199 98 240 121 227 101 289
114 149 261 209 166 61 246 81 95 53 169 222 131 282 70 119 14 55 242 133 272 84 294 127 210 110 44 168 65 228 111 271 268 281 259 5 42 224 287 144 195 94 10
73 206 258 290 87 147 188 258 3 225 119 179 263 257 133 33 199 275 285 247 182 149 166
62 167 186 221 185 181 290 158 115 172 208 128 74 211 65 244 192 165 55 86 109 175 264
588 143 130 182 134 68 96 112 113 262 243 37 225 295 286 132 20 161 266 5 151
115 138 150 22 130 53 37 80 194 215 51 34 28 31 6 62 113 170 23 221 195 292
296 155 159 289 203 165 122 236 184 228 275 275 169 133 112 44 198 19 97 642 203 149 61 229
195 204 254 282 165 183 10 165 184 184 21 184 153 97 215 203 149 112 229 19 642 279 126 44 29 9 161 28 291 173 240 290 268 132 41 258 68 37 14 211 215 179 51 143
49 238 78 252 166 205 298 51 107 225 222 268 227 136 241 97 215 261 77 84 209 26
140 148 241 9 193 207 413 81 81 184 164 253 21 256 81 414 133 61 235 279 112 19 642 126 215 203 169 185 193 242 226 96 259 277 210 120 55 108 16 7 87 67 112 261 160 248 289
57 101 294 263 166 137 3 27 174 133 299 64 67 85 264 179 102 101 113 231 196 43 172
49 109 112 212 223 246 588 591 56 76 23 89 22 45 105 39 75 223 120 73 176 68 205 15 250 67 146 110
109 155 226 266 298 1 121 162 40 200 49 9 27 11 174 215 169 54 56 8 89 295 66 229 230
58 82 120 136 141 254 284 2 56 154 280 142 142 143 222 184 143 254 19 215 153 229 126 203 44 169 175 173 184 112 211 173 45 25 14 185 256 102 2 123 280 292 161 228 118 197 190 167 21 63
49 106 144 185 51 50 106 147 282 241 255 36 172 213 235 265 11 150 196 4 71 190
193 15 80 95 182 206 242 220 61 132 271 173 295 24 240 83 216 196 17 12 75
43 194 227 46 20 171 263 16 110 52 148 60 132 89 68 18 201 72 50 82 67 197 260 249 175 45 26 211 140 13 158 297 8 281 34 30 1 93 10 286 165 231 154
4 34 152 154 226 510 739 510 638 510 620 620 418 739 667 965 298 766 97 355 71 14 976 337 736
23 66 68 232 245 257 267 418 747 418 739 620 595 510 667 898 146 736 97 563 868 84 766 355 814 965 14
21 77 139 180 261 413 87 36 154 168 143 97 278 274 119 248 11 54 227 99 180 196 18 192 187 260
16 38 117 277 289 290 394 200 394 963 291 200 319 200 190 104 232 308 486 212 508 231 904 123 87 539
7 117 117 283 110 61 99 180 62 148 104 35 259 95 140 278 195 165 100 56 97 89
209 563 160 27 177 148 5 164 174 8 220 191 221 85 205 206 97 123 110 86 22 36
66 124 230 721 349 101 481 721 929 685 721 241 685 685 176 969 274 896 344 836 247 204 103
107 583 81 40 53 7 97 173 220 207 129 65 196 25 178 105 52 159 293 135 218 143
274 225 240 415 539 169 693 8 342 643 714 643 342 693 187 133 124 504 23 128 677 19 66 499 26 974 328 38 19 485 483 676 273 753 242 106 400 181 106 148 127 171 432 275 43
8 21 103 173 220 34 765 201 946 769 765 128 481 356 841 658 499 47 235 934 838 853 259 141 257
34 235 62 218 266 63 193 238 32 263 194 292 204 2 106 175 234 68 64 74 51
150 164 222 6 64 140 29 133 15 11 78 103 122 190 116 253 249 180 154 124 155 63 260
722 3 294 96 260 254 43 221 147 118 18 298 92 229 218 201 279 16 200 143 295 40 180 49 281 120 274 69 33 141 256 46 279 108 175 231 283 266 5 184 43 252 1
722 154 200 213 214 287 239 244 238 2 119 293 169 48 225 245 84 112 275 216 159 120 206 183
27 33 125 166 139 124 221 199 101 40 171 297 175 15 67 21 268 33 125 220 233 92 215 293
898 220 233 236 247 129 95 96 233 115 224 280 246 77 17 34 52 188 14 185 242 165 297 281
26 32 99 140 142 150 254 42 5 25 135 288 92 66 64 86 208 166 290 179 91 107 47 40 95 176 177
13 66 121 250 70 80 99 147 235 289 132 131 272 38 123 218 30 223 243 230 245 247
59 142 270 588 293 657 152 657 152 245 41 497 106 210 227 161 214 256 178 832 176 177 638 891
208 233 657 105 97 94 108 66 172 16 74 115 293 265 76 4 80 71 289 12 258 246 17
97 297 974 150 358 24 974 912 596 148 853 296 586 562 198 23 992 54 269 373 385 234
166 214 123 8 21 283 282 189 274 1 234 109 288 239 117 242 228 62 272 140 278 275
995 21 190 230 255 292 233 203 153 196 224 135 248 45 29 145 253 26 251 151 156 280 73 226 20
140 212 229 78 188 259 606 8 637 630 107 962 8 962 630 160 736 630 788 197 863 249 705 128 9 178 485 55 26 163 66 233 242 155 53 254 247 33 78 183 135 99 171 59 111 294 206
28 69 76 179 201 637 985 197 782 782 282 483 956 282 985 299 738 754 816 167 517 248 69 273 218 735
43 127 192 244 37 244 217 40 276 250 281 271 204 34 83 272 56 142 155 209 291 260 221 119
176 12 113 149 311 585 204 638 179 476 229 229 585 648 965 297 265 291 991 564 386 813 69 90 268 28 104 216 138 27 280 92 86 60 124 35 111 193 96 195 22 97 4
81 241 184 234 135 132 143 191 31 176 102 286 76 238 151 252 80 108 65 270 256 155
7 17 22 43 45 96 106 152 187 240 137 271 50 51 175 62 6 57 263 61 206 4 31 24 40 191 205 1 226 93
71 119 247 630 59 101 125 178 278 930 302 585 302 585 459 302 991 967 128 666 243 405 883 909 28 483 33 991 215 145 160 94 333 121 50 145 361 955 820 582 330 655 738 173 562 904 333 536 109
44 84 108 259 145 160 94 333 121 50 145 361 955 820 582 330 655 738 173 562 904 333 536 109
18 66 67 205 574 41 28 66 44 298 186 183 184 228 85 73 91 274 21 97 27 135 179 153 158
119 132 267 176 360 360 470 197 776 602 776 486 148 171 753 181 400 3 273 582 111 323
2 273 70 70 112 70 787 771 70 968 112 787 626 992 110 655 669 235 171 284 998 273
53 173 151 236 73 25 102 289 86 34 272 248 63 182 239 71 267 111 56 60 283 78
85 115 126 54 169 198 290 871 882 214 538 412 630 882 697 412 215 680 568 890 280 243 69 682 395 10 270
67 297 12 231 659 10 542 659 44 565 331 12 231 659 82 64 343 56 691 817 662 579 224 224 302 243 478 852 478 159 224 732 248 107 329 492 294 57 375 385 760 191
14 109 257 574 519 577 519 905 519 577 71 574 823 782 482 689 959 312 159 179 25 923 319 143 90 232 299 224 164 76 1 29 231 136 154 129 77 205 177 163 19 44 130
973 0 84 225 278 424 58 213 747 189 58 837 927 863 985 278 170 458 89 192 920 173 168 505 44
163 848 515 435 663 167 902 699 944 435 0 242 797 502 181 33 247 876 214 98 163
39 78 79 214 26 206 222 246 413 7 999 254 999 67 279 279 911 911 45 99 296 187 32 26 114 777 270 23 84 135 260 192 35 175 54 6 228 277 278 138 199 285 108 97 269 292 31 143 91
973 66 158 245 142 161 127 90 33 36 104 159 271 204 18 20 92 292 146 32 214 247 283 198
208 221 106 210 253 254 212 89 116 247 138 274 41 165 234 151 29 118 84 6 124 286
57 91 102 116 743 154 205 209 909 48 935 26 48 853 935 522 48 793 522 796 2 16 111 835 270 676 256 127 252 242 208 87 33 226 169 149 151 89 205 25 271 167 35 187 181 121 26 74
34 48 83 172 4 118 125 51 51 260 603 51 796 603 853 799 109 16 912 732 86 127 111 835 676 144 999
71 101 240 601 839 601 708 425 279 572 253 210 463 210 221 142 299 230 122 150 193 15 650
760 73 603 44 231 12 542 375 542 231 791 148 88 119 662 691 76 56 82 40 343 164 420 147 207 166 17 212 58 273 110 190 215 152 252 108 54 249 125 260 3 19 5
38 66 676 968 3 456 456 572 456 720 57 720 456 720 480 267 280 567 27 99 587 435 177 960 900 290 209 93 242 189 140 80 159 163 251 32 113 230 33 98 102 124 192 30 190
294 217 282 179 111 70 244 98 174 251 162 156 297 81 123 172 10 192 183 167 109
83 151 190 204 224 93 682 58 235 273 167 6 6 167 6 912 271 41 121 554 733 203 129 565 505
856 81 115 209 236 657 2 74 175 159 140 278 171 44 239 235 271 202 194 228 31 86 127 216 43 29
1 4 7 979 26 97 180 182 657 945 852 377 580 580 377 419 288 257 97 935 556 726 879 477 90 529 396 81 99 809 809 491 564 193 193 625 491 262 867 732 971 544 112 332 257 222 427 883 57
50 141 239 79 161 120 146 85 197 54 151 114 21 133 32 299 224 285 259 45 50
201 109 17 22 128 64 49 237 99 183 103 82 194 44 172 188 37 85 62 296 297 270 256 1 68 139 40 107 239 221 61 220 246 148 153 28 32 80 224 267 105
109 209 242 30 125 146 180 226 172 192 21 233 229 58 40 47 29 84 48 171 243 128 17
31 94 202 66 132 223 92 191 225 60 186 61 88 3 148 51 32 83 39 162 93
