527 33 230 273 72 36 196 152 232 39 244 248 230 74 47 158 289 226 33 63 220 15 1
879 89 205 207 231 727 21 196 597 665 437 913 311 773 667 257 599 142 47 706 874 135 996 725 399 426 598 960 296 234 41 156 36 220 210 276 33 218 282 219 46 67 247 7 133 22 19 257
527 606 83 170 210 193 123 110 126 77 221 217 145 293 120 206 247 118 146 286 235 15 153 299
703 990 122 150 705 990 109 208 874 142 960 426 598 996 135 598 276 242 18 275 378 232 269 437 269 773 323 996
5 224 0 630 769 630 630 630 145 337 630 337 658 705 862 940 160 257 96 165 942 160 229 201 47 175 25 273 258 179 284 295 140 252 119 203 245 132 145 292 157 79
91 100 148 186 125 91 264 200 214 280 116 53 152 169 262 282 45 138 70 189 170 155 55
727 44 244 607 578 890 413 413 882 540 890 625 578 452 578 625 899 702 72 172 0 147 62 54 73 36 101 298 15 185 75 247 233 182 175 269 243 222 294 80 200 126 88 98
441 111 136 190 77 78 243 430 0 506 765 733 0 337 733 307 145 160 257 220 152 96 160 79 658 999 52 334 138 273 105 106 264 101 26 126 241 31 99 287 275 92 135 14 148 9 248 60
606 6 39 141 147 164 186 206 219 286 60 184 26 150 147 74 412 241 117 259 215 208 830 293 143 376 424 751 252 75 266 257 59 189 167 292 12 124 129 182 146 197 14 125 92 122 271 158
527 131 236 251 523 47 83 677 677 781 781 91 171 677 391 391 171 91 67 388 188 256 16 128 187 60 57 59 170 290 231 72 193 103 181 174 213 248 28 211 101 187 33 134 119 278 121
62 71 104 32 30 175 49 56 227 230 214 14 77 266 166 40 170 285 13 203 81 119 237
527 123 193 198 205 241 280 607 87 243 291 145 145 0 733 145 630 506 440 337 506 79 152 160 33 658 170 145 933 97 274 296 131 248 32 210 252 139 182 77 247 19 204 281 291 199 111 256 52 152 67
240 674 969 947 674 297 183 917 969 292 674 19 999 199 196 70 180 192 102 169 527
606 120 172 91 184 440 42 243 138 25 31 295 240 728 186 178 172 982 214 969 283 452 147 227 86 57 217 211 256 104 21 81 265 30 247 27 259 268 61 195 36 80 77
17 85 149 234 293 814 132 431 612 802 802 824 427 427 693 119 311 410 593 260 544 7 280 588 47
441 606 314 223 168 119 134 71 196 190 103 96 87 189 54 27 143 154 171 66 204 129 157
705 174 277 6 71 61 32 81 232 11 104 111 107 295 76 175 182 256 89 23 235 269
35 135 6 17 64 99 204 86 166 190 56 4 22 155 128 129 221 184 259 250 83 154
847 149 154 170 250 260 607 18 25 54 101 168 567 111 61 433 1 1 111 606 433 445 222 809 222 61 20 297 231 93 28
1 65 172 293 947 969 917 19 999 969 297 947 917 19 999 969 131 196 169 120 199 910 102 969 47 90 265 255 284 154 64 164 210 250 12 218 169 296 198 267 171 33 54 285 65 674 674 891 197 133 591 460 657 65 228 132 34 195 233 241 139 13 134 213
39 57 92 213 269 742 828 89 177 605 89 329 828 89 742 696 177 73 727 207 17 272 180 340 174
3 198 223 273 298 263 150 145 69 70 263 145 651 258 690 139 223 547 290 75 98 811 790 261 133 657 591 591 460 460 891 674 619 891 619 657 61 270 138 195 233 60 241 32
73 248 314 219 280 60 651 208 933 514 405 58 298 908 69 219 679 328 460 190 126 792 117 517 450 239 187 184 103 25 6 248 247 137 40 112 250 226 166 269 110 142 244 158 18
187 280 523 606 182 261 269 279 295 99 99 165 226 294 840 147 293 170 58 802 499 117 190 124 47 289 120 66 327
847 155 180 181 494 800 294 170 435 327 147 44 94 20 264 266 124 23 499 133 58 19 62 26 149 133 28 230 110 125 196 214 216 162 21 176 127 132 256 14 169 43 254 18
7 201 258 348 348 551 840 139 348 82 19 84 840 348 551 141 271 78 560 21 243 230 140
686 35 148 158 607 26 28 67 78 208 298 933 871 298 871 208 405 933 58 517 60 297 190 460 176 450 154 219 679 28 69 167 208 215 188 135 268 98 250 197 91 182 26 11 249 204 279 4 35
92 160 3 7 78 122 123 185 298 606 111 567 567 111 567 483 433 705 222 231 28 297 280 809 101 295 114 20 61 222 870 557 140 140 396 104 944 222 185 870 521 284 900 241 54 131 771 878 46
107 125 265 267 273 280 913 727 913 727 913 320 210 727 311 320 600 915 163 536 225 256 115 297 183 120
847 58 166 232 281 705 158 170 211 298 166 135 204 589 148 137 34 148 240 34 792 452 146 147 162 178 969 982 32 105 82 137 137 277 157 116 157 242 248 242 61 276 13 243 243 182 374 99 125 126
612 236 187 187 277 243 240 251 243 243 19 327 182 61 45 126 13 276 242 374 99 242
607 41 47 239 674 19 969 674 433 292 947 999 917 297 969 917 196 191 575 180 131 123 910 120 296 128 133 251 223 285 258 104 241 132 230 212 94 39 11 13 242 16 163 3
233 147 139 82 348 551 840 147 19 140 624 560 102 141 477 856 101 257 243 78 230
779 262 112 67 202 193 94 70 427 410 588 248 218 119 625 942 276 46 311 44 107 244
87 171 578 157 164 43 578 43 99 65 231 242 182 242 45 38 374 71 13 126 358 243
527 606 299 307 765 733 0 630 145 733 765 337 630 145 440 274 168 658 118 79 73 170 23
134 137 243 651 514 60 58 208 60 871 514 208 514 514 871 328 517 154 175 643 514 297 176 251 3 280 254 6 12 231 47 108 290 37 101 114 253 256 24 273 26 218 134
5 94 96 189 255 229 171 232 139 232 11 171 238 139 95 81 232 228 452 137 261 34 283 294 186 105
141 149 171 100 100 100 956 175 956 111 91 651 75 811 98 690 491 185 239 394 223 220 78
79 246 58 58 58 37 71 278 66 728 233 261 32 452 982 162 969 269 283 240 294
441 119 235 299 806 806 340 605 828 329 828 881 177 207 196 103 73 272 282 340 252 174 231 17
250 257 261 324 134 517 414 960 414 324 877 599 877 960 391 272 497 283 115 727 291 547 789
606 128 668 781 668 677 14 91 668 47 677 391 86 196 276 536 388 17 105 256 868 250 348 840 209 139 551 348 19 84 139 84 209 348 243 104 271 102 451 624 856 78
146 216 263 206 220 559 206 284 13 724 731 115 163 225 270 458 991 816 183 536 256
705 52 162 263 3 22 91 133 41 152 160 298 125 289 68 62 233 188 217 265 11 261 27 212
195 258 273 291 189 260 53 203 114 18 83 243 201 19 257 261 136 116 49 249 98 86 69
523 21 95 202 65 197 197 619 133 591 619 197 674 460 65 241 228 34 60 61 13 233 213 138 147 557 222 104 147 878 185 870 396 643 812 46 751 900 46 254 111 878 86 54
118 173 297 705 779 17 24 222 53 91 27 222 222 53 255 91 70 131 458 150 150 94 144 114 215 544 95 235 275 129 120 67 61 109 92 259 56 209 225 174 88 162 71 163 102 152 35
53 181 266 16 233 108 123 123 179 108 123 179 179 123 168 21 184 147 269 240 32 261 162 728 452 348 772 139 19 139 348 84 840 147 209 551 209 257 84 202 271 21 101 361 856
483 53 62 158 37 757 168 757 168 243 37 243 246 220 101 651 239 491 811 126 185 258 547 139 183 54 107 21 122 44 194 195 36 266 14 184 123 31 144 117 220 270 27 35
527 52 162 241 275 149 280 76 275 76 150 45 225 536 108 270 25 458 115 719 420 724 991 163
441 113 298 36 117 123 137 651 871 208 405 208 208 298 60 517 219 69 328 792 297 908 450 366 154 60 41 147 840 147 139 19 772 139 209 19 21 78 243 102 104 271 856 845 101 560 230
705 18 48 132 161 332 157 267 291 144 164 210 241 36 12 73 175 123 274 84 131 51 119 169 25 134
244 193 236 198 242 266 130 230 216 86 2 246 298 183 41 280 142 102 137 150 51
612 20 857 62 80 134 183 183 433 969 297 917 292 917 297 947 969 183 19 734 191 169 910 123 192 180 969 183 105 92 202 7 119 32 279 168 12 104 282 179 96 142 283 34 94 29 151
779 29 53 281 626 46 683 683 46 46 968 968 626 968 968 46 273 110 220 655 616 998 865 157
441 11 41 53 116 75 14 391 391 91 781 75 75 75 865 537 490 536 86 272 388 494 256 311 60
483 123 178 184 271 337 145 765 0 506 506 733 307 0 733 170 168 118 137 274 297 99 151 999 658
66 147 153 269 37 128 162 162 289 287 738 64 64 337 162 75 424 261 491 220 101 651 547 992 46 794 968 70 112 794 992 112 46 70 771 351 655 273 220 865 138 135 616
56 189 212 240 266 34 109 185 241 47 141 34 174 287 143 100 74 830 293 243 271 751 412 622 253
779 2 933 208 60 871 933 405 58 298 154 328 366 450 41 126 517 190 60 908 176 792
55 483 658 111 433 373 1 433 1 250 297 327 114 295 280 61 222 93 175 445 809 65 65 460 460 591 891 197 65 891 178 216 132 139 847 134 381 241 195 61 270
30 44 314 6 73 74 107 113 138 237 268 207 89 89 200 176 89 241 20 49 254 100 271 751 31 293 139 830 174 159 143 163 162 163 146 162 146 175 195 146 243 45 358 127 242 126 99 71 780 242 780
441 17 191 251 82 101 139 158 206 211 787 771 112 683 771 683 626 109 110 273 669 135 138 655 88 220 616 148 284 171 123 136 163 184 123 123 124 64 163 433 124 163 242 780 248 243 374 99 243 38
136 190 483 80 102 118 210 630 0 440 506 145 145 506 145 733 52 257 99 170 274 933 224 297 91 524 168
187 223 51 830 337 885 592 51 279 76 908 237 209 51 982 294 186 452 261 283 728 147 154 202 260 267 282 62 213 294 291 46 50 177 176 68 266 155 71 175 72 66
79 173 97 17 123 112 187 249 294 162 131 190 136 51 160 120 103 177 280 102 39
39 131 276 50 524 894 940 66 66 79 238 97 238 894 152 259 225 143 524 684 927 248 155 967
217 258 229 61 121 199 265 156 14 199 135 162 269 982 452 233 792 240 178 261 228 294 76 282 86 276 267 87 25 46 48 128 186 248 187 261 157 118 85 20 21 152
197 266 23 100 212 261 626 46 70 683 794 992 968 992 112 46 683 771 616 235 333 220 88 53 157 284
20 47 265 299 696 828 340 828 89 742 340 329 177 828 881 340 180 727 398 599 207 839 253 282
71 97 202 223 288 128 224 214 14 229 6 176 128 224 214 260 214 982 146 283 452 728 294 269 792 674 460 197 891 133 657 133 657 657 241 61 132 138 32 270 195 34 216 134 381
153 199 295 66 82 150 165 167 251 626 992 626 46 683 112 787 110 88 138 669 109 171 333 220 284 235 135 865 273 203 93 20 171 159 37 136 280 139 126 142 29 255 193 242 271 297 157 60 123
60 90 151 223 252 254 168 211 216 227 236 263 968 626 683 683 70 70 968 683 787 771 112 171 333 865 88 669 655 138 616 220 158 62 215 38 292 10 172 16 2 56 226 157 139 259 99 275 245 96 65 36
6 54 66 86 113 152 523 76 248 420 60 871 933 933 651 405 298 514 420 208 651 69 514 643 460 328 908 154 117 619 133 891 657 460 657 460 133 460 178 233 216 132 122 34 138 526 13 36 61
485 250 293 22 70 177 232 258 605 881 89 742 828 881 696 340 89 329 340 329 73 207 340 171 52 174 295 176 59 173 41 102 123 89 283 205 245 257 120 132 166 6 263 18 226 246 267 35
847 37 83 124 125 280 283 26 43 91 108 145 160 203 272 181 861 161 256 54 22 861 189 22 507 205 543 279 126 424 223 651 491 254 139
242 289 21 21 564 793 259 793 793 21 147 452 146 228 233 32 969 728 178 34 261 240
216 217 259 293 21 293 564 416 35 434 908 240 233 969 228 294 283 32 137 186 147 34
71 76 81 103 209 230 177 89 340 605 828 696 806 881 881 605 881 89 196 73 176 340 103 839 282 398 228 291 32 161 206 260 89 38 238 12 34 222 172 13 117 130 292 150 138 255
233 265 269 105 203 158 153 28 236 144 140 141 2 56 99 42 130 213 211 242 160 212 287
70 216 44 177 281 177 44 0 37 606 108 0 281 17 120 25 420 724 865 115 930 183
686 12 47 154 267 80 179 873 455 980 638 669 873 980 102 883 2 220 873 228 50 157 215 108 938 745 973
606 14 129 656 47 43 129 14 47 43 190 146 261 452 240 147 982 233 269 728 294
606 41 102 142 169 170 204 280 769 733 0 337 733 0 733 765 506 168 137 118 257 933 224 23 297 91 117 52 19 840 19 84 840 139 82 551 209 147 84 147 409 243 104 257 771 624 140 988
14 54 591 591 619 460 619 674 460 460 186 133 65 657 241 34 139 132 32 195 134 241
158 296 252 205 176 203 187 18 101 195 184 254 273 8 41 240 230 248 262 231 70 268
113 150 167 169 184 186 187 287 441 103 231 742 881 605 340 828 742 177 881 696 696 828 828 295 282 176 253 340 174 839 171
4 13 200 857 116 217 857 240 255 287 133 857 217 931 261 32 452 228 283 147 240 233 34 161 6 123 74 11 232 179 292 47 99 77 142 80 228 81 137 22 252 182 33
40 241 253 297 133 657 460 591 591 891 65 591 132 241 122 61 139 526 134 13 34 847 233 241
523 138 141 206 270 90 417 877 414 877 417 417 417 298 960 960 960 115 272 337 727 458 291 951 201 261
136 183 612 974 612 710 836 805 596 180 612 836 596 705 178 883 142 119 222 90 789 153 144 37 130 128 111 241 211 39 265 209 287 116 26 143 238 180 219 284 232 227
71 142 237 271 126 293 139 281 919 362 500 616 786 654 207 581 728 294 982 186 269 240 228 261 283 792 133 18 84 219 93 106 107 30 237 293 265 221 169 203 42 28 283 15 254 98
527 87 273 314 33 120 248 284 677 677 47 668 14 47 668 47 925 781 677 391 236 16 250 579 276 388 256 60
441 86 231 277 596 805 836 710 107 612 705 710 974 974 307 36 90 119 556 886 178 995 329 142
80 107 37 9 856 139 105 87 76 45 899 139 279 491 220 223 101 690 967 738 258 547 81 34 210 117 228 95 19 68 282 254 174 116 31 202 272 27 212 18 270 170
70 75 441 612 39 53 54 152 225 282 182 182 297 282 177 770 150 247 173 770 770 157 412 554 174 159 293 830 243 253 34 217 236 283 232 137 206 53 164 1 147 99 39 21 58 149 268 285 250 145
35 88 152 279 343 581 890 19 300 806 566 19 19 19 806 25 724 120 991 816 225 163 482 930 108
200 211 220 256 109 36 191 10 268 148 278 202 145 132 176 195 91 275 11 285 125 241 12
847 165 173 200 235 100 106 130 161 214 682 410 682 193 884 410 187 193 603 613 662 79 52 597 679 151 297 117 274 168
75 89 129 200 252 329 696 806 881 696 329 89 177 89 89 177 52 599 727 928 180 272 282 207 174
847 250 677 91 925 47 47 75 47 391 91 781 75 925 865 536 683 86 236 311 309 276
26 29 76 81 106 150 192 296 605 806 329 329 742 340 329 605 828 73 103 52 174 272 340 17 928 404 253 207
686 41 43 102 170 171 272 290 14 668 47 668 925 391 14 47 925 256 537 579 490 250 60 311 236 309 536 494 749 547 727 547 727 305 727 305 657 454 458 926 992 674 173 528 526 691 749 763
173 460 891 657 197 460 186 133 65 460 133 460 133 138 241 381 34 36 847 233 270
94 119 219 340 696 89 89 177 806 177 89 696 806 881 653 196 253 282 103 398 839 73 231
485 208 850 430 107 808 1 1 357 62 736 728 240 269 792 146 261 982 850 186 969 428 452 955 728 652 687 452 73 239 163 719 183 25 865 256 724 115 482 816 225 731
204 209 214 285 4 178 613 529 959 529 246 56 455 137 224 274 151 117 52 168 597 679 79 297 524 23
101 120 254 306 33 957 147 920 171 33 171 147 479 653 971 305 568 650 272 926 250 184 131 225 237 277 219 8 113 74 167 135 187 47 29 132 111 130 294 147 240 280 68
30 145 686 82 121 107 903 213 926 529 820 1 1 903 94 1 107 283 186 850 728 34 228 982 146
159 736 209 209 213 213 736 127 926 572 920 798 430 931 162 32 261 269 452 146 728
523 159 283 72 99 13 99 13 13 72 273 13 193 193 396 962 222 93 295 809 61 297 280 204 279 137 28 232 127 110 60 234 256 24 239 72 3 101 190 283 149 134 241
90 226 243 108 182 204 830 231 713 830 942 163 526 707 830 830 231 170 257 23 151 679 658 52 274 524
196 612 612 705 180 705 612 805 974 107 404 238 886 153 789 728 556 307 883 106 329
612 658 347 108 798 127 108 334 127 127 507 432 127 347 428 452 850 146 162 233 728 982 84 209 84 772 348 139 551 82 845 243 451 955 988 78 477 230 104 973 101 84
4 65 135 198 200 242 240 507 507 410 410 410 423 267 410 727 734 135 662 969 162 410 32 269 228 428 240 256 69 295 92 154 265 40 179 35 215 87 222 225 148 31 83 20 282 157 199
612 74 168 176 242 265 268 279 48 242 210 200 700 210 200 48 130 245 184 305 971 795 653 17 227 683 112 460 891 591 133 460 197 133 460 134 132 526 241 847 139 36 13 216 195 34 381
441 60 74 208 247 547 823 319 547 547 45 854 854 547 173 458 376 657 691 454 992 797 749 763 754
287 891 657 197 619 133 197 65 891 186 460 61 241 216 195 34 32 139 241 138 36
119 126 199 275 485 56 148 184 191 196 269 790 339 86 177 894 339 605 457 438 339 86 25 982 931 728 283 240 428 147 850
515 63 71 114 144 167 836 180 107 596 596 836 612 710 596 773 180 685 556 818 90 222 106 238 995 404
3 196 230 536 509 249 841 536 762 514 891 841 531 891 509 734 131 564 295 123 527 983 169 10 236 90 120 30 245 122 271 246 239 112 276 26 29 182 169 128 14 172 184
91 107 153 638 251 638 949 173 524 313 153 572 173 364 276 886 792 99 126 362 38 71
25 77 199 271 273 415 74 239 415 152 132 138 138 79 91 274 597 658 224 524 170 834 297 999 679 242 210 63 118 249 119 52 263 64 193 209 98 214 116 272 15 48 241 279 34
523 138 155 227 241 243 253 268 284 85 28 118 76 165 61 38 171 17 239 182 49 157 12 77 234 143 35 218 46
523 7 14 26 234 9 45 48 138 158 184 924 625 268 268 592 569 625 193 193 106 625 106 962 114 28 145 809 93 175 297 262 105 251 248 119 232 178 235 44 219 237 27 170 117 104 97 70 294 289 245
919 36 119 157 206 713 181 7 181 916 916 555 509 916 131 463 806 850 261 931 982 147 283 240 162
76 357 630 4 560 357 630 723 208 699 651 591 220 139 491 223 75 738 101 547 254 867 17 235 747 17 440 353 691 230 867 691 115 477 991 256 930 719 225 731 724
109 213 452 493 251 517 134 311 311 877 960 134 960 951 201 458 727 272 337 261 674 189 847 283 291 291 196 16 89 116 180 39 267 43 156 265 144 111 9 102 23 170 261 182 190
524 11 86 160 187 493 167 263 489 923 489 494 477 489 654 230 170 137 151 79 52 834 628 91 117 999 658 524
18 74 125 277 160 171 67 160 23 160 23 160 171 109 865 616 110 284 655 235 998 157 333 53
515 546 69 949 383 435 386 381 974 974 93 175 809 493 542 533 297 28 280 145 61 327 295 189 207 240 132 95 289 221 20 84 135 166 116 161 258 108 1 205 17 261 10
108 214 218 161 432 963 427 323 974 64 503 962 533 396 175 114 222 295 297 556 280 28 250 93 259 259 534 840 398 662 67 840 410 712 662 410 107 481 879 287 314 246 58 178
60 248 523 56 179 223 286 482 615 183 341 854 77 294 615 612 466 142 153 38 689 721 482 827 988 377 718
441 451 102 638 142 455 0 873 142 669 980 228 808 284 745 883 215 49 66 581 929 973
130 199 244 314 599 517 414 414 417 324 877 768 115 547 291 727 960 847 497 715 674 104 337 201
3 11 61 144 974 180 612 805 596 974 710 974 974 514 222 404 153 106 886 469 883 238 818 329
128 170 535 280 280 889 692 893 170 497 791 845 180 263 415 169 724 180 564 131 847
493 113 214 231 250 60 514 420 514 405 208 60 298 514 328 966 176 460 117 570 908 41 792 366 60
697 234 596 805 836 107 596 705 705 805 773 107 836 974 90 995 883 556 818 514 307 222 177 78 237 288 92 206 277 240 193 259 203 67 155 254 123 2 192 258 200 45
