48 188 925 21 985 865 171 524 987 413 203 328 686 363 477 851 812 376 901 339 297 5 45 237 80 75 68 15 96 228 145 257 76 161 132 108 36 2 263 91 49 175
528 69 242 337 106 17 392 216 606 606 216 920 28 557 17 117 17 920 287 936 688 909 909 86
83 97 164 189 194 251 337 773 315 464 657 657 315 773 773 161 43 85 117 140 136 773 140 773 220 267 499
727 122 187 204 208 304 476 727 222 888 727 201 161 335 718 350 150 201 594 594 847 527 535 350 846 126
160 288 289 288 689 578 421 289 140 288 307 223 940 140 940 153 988 75 153 191 762
61 207 306 665 900 275 306 4 900 306 306 391 275 474 125 973 803 588 721 145 309 10 264 231 182 247 200 34 2 80 150 213 32 112 172 203 82 44 236 189 73 106
725 3 215 177 178 43 171 126 64 183 281 203 122 240 232 121 95 21 123 142 10 225 215
97 105 150 304 37 131 185 228 257 476 115 362 843 843 476 404 476 777 362 535 115 277 191 635 235 181 174 777 127 211 214 182 214 577 577 577 211 115 2 228 460 49 189 481 601 971 92 239 228
11 236 237 304 577 797 384 182 384 577 211 481 92 49 189 392 218 247 171 115 115 228 2 206
77 89 125 202 304 481 35 135 276 278 78 79 243 10 99 209 238 108 240 67 1 127 44 296 251 103
193 282 48 135 48 143 48 48 18 189 194 182 285 64 159 583 156 773 140 10 62 56
846 18 45 102 145 306 614 172 614 906 785 228 58 614 153 177 27 19 235 201 184 80 133 93 97
52 84 107 182 236 258 298 187 194 26 90 59 90 237 182 44 18 53 67 140 75 86 62 246 215 81 191 157 107 154 131 197 295 153 177 140 292 95 203 169 60 210 281
24 109 145 205 249 254 256 368 175 225 235 264 80 297 49 84 117 291 147 211 81 115 90 89 239 271 281 18
3 272 337 368 89 264 929 371 284 929 929 2 116 195 116 195 762 850 373 229 191 433 22 848 204 10
779 199 298 299 453 25 279 505 268 505 50 57 127 133 69 754 101 508 935 182 30 207 147 307 211 260 23 217 45 100 243 52 152 250 172 95 107 236 262 282 275 163 134 106 277
971 21 53 154 160 132 251 189 209 81 281 25 55 44 22 134 105 5 97 82 294 284 287 51 112
40 211 270 273 36 99 101 358 770 770 770 304 731 66 66 51 825 24 76 92 182 145 335 754 380 339 128
106 282 822 700 418 746 700 746 797 746 822 270 184 700 410 510 733 676 140 151 250 444 170 170 38 69 144 69 69 241 266 241 151 259 251 867 136 409 82 32 158 253
15 259 89 71 150 228 44 11 43 94 285 254 124 188 77 163 288 90 212 82 164 299
112 136 140 145 182 140 211 88 194 231 141 67 160 101 11 253 216 282 34 215 47 124 299 157
508 132 136 149 304 137 291 224 144 25 90 125 254 216 16 26 184 266 116 86 259 107 2 267 104
21 168 258 304 196 164 78 202 277 179 172 86 128 64 48 114 216 270 113 152 206 133 121 79
82 148 193 577 182 396 934 214 384 577 211 18 276 392 171 92 189 228 239 116 0 115 206
63 180 104 105 109 259 160 50 82 80 267 180 125 70 26 176 21 15 278 254 123 33
860 1 13 185 201 250 290 241 292 201 200 6 72 155 126 79 236 221 152 105 203 220 121 214 89 129 239
145 241 180 477 895 273 671 384 926 180 926 477 717 174 107 172 880 85 72 693 842 71
293 31 275 337 453 204 3 34 234 34 234 100 481 234 957 935 183 88 211 171 57 84 126 140 147 180 384 477 895 671 776 477 926 180 273 273 273 717 209 71 880 842 370 72 693
74 157 231 453 5 260 189 82 173 276 225 85 259 230 85 107 41 252 768 153 56 773 10 178 233 62
10 112 142 797 822 807 700 822 413 700 807 407 410 876 250 444 676 733 149 883 151 728 270
127 132 186 115 115 727 727 362 445 843 141 185 982 136 181 350 195 612 731 240 100 127 186 207 221 159 56 56 134 147 112 147 112 207 159 24 190 151 160 202 251 55 32
73 229 264 284 175 132 136 244 249 268 294 256 59 46 235 83 190 90 91 196 247 280
139 239 42 12 255 81 186 235 266 160 287 228 49 132 241 209 173 201 240 183 214
860 66 91 186 243 280 45 61 164 198 231 231 184 184 284 184 44 284 878 935 207 171 84 87 307 182 88 183 508 940 57 234 136 190 211 32 108 154 114 103 170 198 140 152 266 176 221 80 230 89 199
508 805 879 6 50 181 258 220 286 59 289 275 104 61 276 85 79 123 107 88 69 111 238 13 139 181 6
43 204 247 281 231 891 891 780 733 714 933 316 351 891 841 440 234 124 487 57 74 107 138 241 8
821 445 362 115 115 843 476 535 115 777 445 843 404 285 147 612 635 100 832 136 185
971 5 42 44 258 272 176 65 226 65 13 176 686 14 958 49 99 97 229 5 557 477 592 299 16 224 77 279 101 284 221 10 50 113 129 42 138 46 25 16 243 45 258 246 124
28 43 91 181 368 51 73 280 96 101 135 106 114 49 131 142 160 77 22 55 260 112 57 108 110
508 2 34 233 115 115 13 94 115 111 83 203 4 81 49 592 477 958 299 229 11 278 243 5
58 929 519 4 900 379 669 929 665 306 211 650 886 54 291 72 591 542 838 371 178
730 846 297 245 42 299 297 26 13 42 36 53 26 197 26 2 770 97 14 76 298 292 271
82 159 198 214 245 42 299 297 26 13 42 36 53 26 197 26 2 770 97 14 76 298 292 271
20 173 250 263 42 163 160 4 143 260 220 163 211 171 183 277 207 21 307 87 57 121 935 508
8 69 182 194 220 836 929 103 220 163 935 836 140 508 207 57 307 940 211 126 878 171 87 60 244 48 295 102 147 12 28 139 64 290 214 241 168 37 97 266 250 31 76
82 133 159 174 256 17 266 453 108 177 15 74 103 121 114 121 103 666 126 940 211 87 508 207 307 171 836 21 137 244 216 282 37 78 95 260 112 155 250 94 33 285 46 163 32 12 278 39
885 209 213 284 66 215 2 157 73 197 282 268 195 75 274 175 23 144 265 280 172 150 250
846 96 99 63 116 188 163 163 163 280 280 280 28 98 163 28 189 298 243 209 2 97 60 208 148 152 172 134 296 287 142 98 153 159 226 250 255 20 256 195 224 77 10 76
70 188 206 453 645 229 252 956 39 108 630 877 779 956 630 176 249 544 73 35 800 181 551 100 551 128 240
68 185 284 63 219 58 19 19 28 63 284 170 10 36 62 282 178 226 981 56 168 230 323 180 926 323 926 180 384 180 926 477 895 323 151 177 717 85 333 107 840 172
104 162 216 242 291 37 89 118 138 220 245 237 627 10 170 627 126 295 28 156 178 10 282 75 233 53 533 56 981 230 85 41 194 126 23 114 107 204 239 278 108 213 138 78 248 157 128 120 9 143
805 26 236 291 91 95 137 177 665 275 519 519 379 669 4 487 665 929 973 309 591 34 178 838 650 542 72 211 57 84 231 29 96 33 34 63 31 282 256 165 167 235 161 215 279 182 168 124
80 103 188 170 230 216 4 274 128 101 228 145 142 20 297 22 117 291 46 263 269 220 80
22 59 74 175 257 135 293 927 278 263 927 906 263 176 613 299 613 183 307 171 878 123 182 207 87
9 290 304 468 675 675 96 96 779 96 877 630 666 666 779 96 57 146 100 551 128 800 240 481
100 122 219 226 242 214 32 67 889 889 575 890 32 613 146 207 168 60 211 705 180 23 848 78 782
26 222 333 271 926 990 271 766 766 766 378 990 206 81 766 141 66 149 814 218 894 252 5 469 339 851 477 851 286 157 469 925 24 409 151 190 867 63 158 32 82 202 238
75 77 121 136 69 124 69 75 30 75 49 118 87 94 208 292 298 61 770 76 209 435 271 14
105 453 481 310 590 502 502 238 310 796 796 502 310 259 499 294 55 105 88 32 67 597 451
575 19 271 271 156 192 192 69 74 156 168 169 62 226 282 36 533 13 981 10 56 298 137 137 137 884 51 22 563 131 85 174 17 626 958 95 360 828 649 85 969
160 179 195 19 202 206 271 309 453 877 675 779 675 39 956 666 675 630 108 779 956 249 73 35 481 87 176 240 181 584 929 929 130 413 531 764 246 760 130 729 957 700 26 406 176 169 139 115 497
35 137 310 28 292 222 247 50 202 175 54 128 77 26 146 57 37 74 295 279 81 269 67
172 225 273 288 176 261 278 42 293 234 79 280 53 88 46 40 288 163 159 54 73 162 141 140
82 189 228 296 141 272 74 166 210 182 48 109 168 275 143 120 60 123 148 158 170 142 176 267
163 200 251 645 177 209 47 57 96 343 55 576 509 47 40 185 31 772 186 509 582 438 181 130 616 802 120 75 33 51 20 191 201 171 47 63 64 85 65 39 248 188 155 209 152 176
247 203 3 121 8 252 78 179 210 113 101 140 34 187 57 72 37 278 191 249 167
546 645 43 97 105 271 100 48 166 18 74 16 20 184 222 26 111 181 215 263 147 145 73 148 229
240 327 126 118 81 67 152 46 284 102 221 180 104 99 237 34 235 286 298 156 5 45
52 182 282 283 60 22 107 113 146 37 72 241 88 13 189 269 2 258 65 178 29 98 182 190
879 33 105 257 4 29 122 224 675 877 666 877 39 956 630 39 18 108 675 877 73 146 481 551 87 275 181 176 23 154 215 226 73 126 230 45 85 145 251 82 121 217 186 75 31 245 232 114
31 110 192 238 299 36 106 164 239 134 414 311 311 324 311 414 599 201 868 960 261 499 189 272 547 847 391 458 789 203 167 223 225 173 262 29 34 138 107 181 14 19 176 124 77 23 109 197 218
275 21 125 216 166 700 554 185 198 198 973 14 99 728 278 16 319 229 49 299 73 686 958 430 20 708 708 17 157 708 17 708 708 17 409 44 160 228 238 82 798 270 151
508 885 4 64 298 304 316 780 351 714 733 933 181 933 714 891 891 933 52 260 57 173 167 841 9 732
56 92 188 956 39 877 108 779 666 779 675 779 108 883 635 35 544 57 4 440 249 240 87 173 458 173 125 708 223 430 319 686 879 909 847 183 107 481 582 229 279 588 26
126 337 93 295 244 203 160 135 163 98 251 81 35 204 164 230 218 47 28 109 111 252
15 58 67 113 227 260 730 27 73 215 263 721 971 467 721 467 971 971 531 926 940 39 20 590 605 570 213 299 200 533 142 81 81 185 687 977 687 601 841 197 687 185 81 621 247 218 102 387 925 955 820
46 368 72 266 206 64 18 287 24 194 195 250 27 98 170 11 263 211 90 34 264 140
51 119 130 175 249 167 8 76 239 93 232 41 91 280 244 39 299 85 177 155 293 30 159 80 25
10 135 164 196 310 1 246 669 937 240 917 917 686 229 278 80 16 14 477 592 49 99 319 728 557 30 278 240 147 242 270 281 43 273 126 294 157 132 214 105 34 249 280 80 112
4 23 73 610 19 165 251 287 294 298 288 166 294 294 158 298 202 878 18 186 929 147 70 929 50 688 278 908
76 96 280 877 39 675 956 630 39 630 675 96 779 18 4 249 481 883 354 73 181 87 544 51 82 112 187 200 225 135 25 236 39 266 178 271 243 29 111 174 237 245 118
508 152 310 56 213 870 775 862 654 591 870 69 259 169 313 177 179 951 592 393 601 143 145 179 266 183 174 59 287 52 66 38 164 274 252 173 42 2 93 125 236 128 240 87 154
860 2 86 337 140 112 161 11 54 179 201 115 202 221 133 123 52 198 206 41 117 142 98 40
123 165 113 248 143 118 102 265 231 253 268 186 291 73 271 56 188 187 70 94 155 240
102 205 265 304 106 19 22 208 276 202 988 756 664 491 19 89 471 115 205 17 174 301 626 649
546 645 649 730 879 185 215 46 217 226 905 873 873 187 268 873 209 973 745 433 229 848 254 80 238 78 942 204 426 897 108 224 246 35 20 135 79 140 83 128 276 298 277 99 185 232 217 67 141 229
138 163 232 202 750 664 277 491 202 750 66 621 89 969 174 301 85 53 630 301 626 649 471
88 286 310 34 223 6 181 89 256 50 252 141 73 201 204 96 251 246 32 129 290 83 250
337 894 49 170 382 686 453 943 943 453 686 453 943 943 260 486 910 64 57 180 217 154 716 66
284 289 492 192 21 58 492 37 192 492 270 821 248 254 401 208 492 760 64 107 375 17 60 202 4 24 70 267 45 3 103 291 226 294 118 25 6 234 90 249 138
10 85 189 304 299 83 253 298 280 196 187 227 123 250 88 7 56 12 63 89 162 62 285 263
21 74 189 223 271 327 150 172 67 65 0 125 222 55 13 286 31 23 118 296 241 255 207 68 264 116
508 38 88 202 238 368 502 15 209 220 3 762 949 250 844 3 275 168 259 295 71 224 885 480 885 234 151 296 286 163
47 159 199 233 468 260 201 895 75 75 582 582 158 140 942 204 853 848 897 433 238 229 180 426 506 45 255 286 178 172 295 16 101 99 272 135 8 166 197 199 38 142 266 49 1
22 224 274 337 282 271 58 279 66 283 10 274 138 26 94 34 9 18 3 169 199 25 52 140
502 70 126 139 145 164 197 908 980 252 224 103 117 285 908 103 209 908 115 296 190 271 16 302 41 244 236
145 108 20 136 108 57 57 261 244 127 181 296 98 33 181 104 214 197 250 48 163
508 54 122 212 248 49 92 182 168 90 140 62 170 139 118 94 136 218 66 250 141 174 266 274 212
726 937 86 147 197 246 271 173 254 247 246 115 32 139 78 237 195 58 293 199 42 135 120 142 107 230
4 208 282 114 188 142 261 224 232 222 29 285 96 187 22 73 104 78 146 175 221 211 227
821 108 234 122 148 284 86 68 72 76 84 171 289 75 127 22 264 143 269 281 218 51 129
39 53 75 97 263 271 202 128 60 263 297 285 274 108 4 134 162 261 154 205 45 69 228 243 177 46
154 197 249 80 105 65 147 43 274 177 190 163 298 281 71 246 239 63 42 194 70
508 514 119 255 257 283 124 150 52 200 87 100 205 192 202 2 140 77 222 268 206 239 79 265 176 201
53 138 161 293 151 100 4 201 202 246 179 64 225 254 211 209 218 108 112 127 125 71 294 167
78 130 304 645 678 84 120 233 293 721 349 101 481 721 929 685 721 241 685 685 176 969 274 896 344 836 247 204 103 221 267 134 232 248 29 224 126 26 279 43 107 290 72 82 218 116 8 122 125
9 57 137 230 192 117 235 165 111 22 229 38 214 23 284 157 31 51 91 209 188 261 78
55 190 288 839 620 280 280 82 839 620 15 313 109 243 967 115 958 969 649 95 471 360 301
508 447 201 356 331 33 73 34 102 73 122 331 122 853 833 841 479 214 99 499 47 658
177 215 244 957 7 45 46 88 144 147 260 103 759 103 86 691 533 116 428 116 116 86 249 929 878 291 754 18 50 278 929 57 59 188 12 145 154 151 90 60 67 8 206 104 39 253 92 122 211 213 3
841 156 333 226 226 226 746 689 536 232 536 128 176 219 4 841 222 63 265 932 172 299 444
9 74 95 247 266 85 195 227 277 277 227 367 482 699 482 381 9 693 205 77 641 40 74 23 29
268 368 314 481 907 524 524 481 423 643 375 423 375 375 242 713 83 511 141 281 753 471 106 943 420 124 971 238 344 420 106 858 238 47 132 150 12 76 66 971 87 252
730 55 106 149 167 190 206 207 218 502 106 140 247 410 410 334 334 374 410 874 387 276 963 258 202 47 514 875 658 234 768 973 767 200 14 46 126 189 211 146 45 67 136 148 269 85 43 48 19 286 209 51 70
77 242 546 607 184 249 279 279 759 267 281 924 211 476 249 18 823 147 908 217 186 278 600 50 878 847 906 84 551 525 551 111 936 972 41 586 181 231 48 33 195 98 250 242 214
15 55 85 100 92 154 138 175 73 20 133 41 253 251 85 70 183 42 26 248 293 271 221
23 57 72 275 291 337 479 60 147 233 6 924 189 189 274 908 908 924 908 209 856 565 316 905 63 626 536 113 687 251
168 72 722 995 779 722 8 183 722 129 445 979 344 78 526 943 777 345 84 270 32
8 20 990 757 990 895 766 990 81 271 378 81 338 814 42 657 38 228 141 252 5 968 57 111 83 58 296 129 284 43 191 295 233 161 92 34 285 82 166 294 33 84
932 46 77 240 196 228 127 57 43 66 266 204 11 299 298 217 82 89 282 243 28 85 112 16
580 7 47 92 215 228 262 277 21 87 215 142 168 222 64 8 55 296 108 128 61 122 45 163 260 49 76 60
50 285 304 112 113 128 234 790 15 109 314 15 15 285 668 157 23 60 848 897 426 22 180 204 853 574 705
136 145 163 310 926 206 926 926 926 271 271 926 757 378 990 445 218 237 42 38 113 795 968 252 293 168 784 932 283 230 820 82 63 651 867 238 32 364 409 160 409 890 118 946
508 245 310 27 53 62 118 203 225 210 43 935 210 932 991 210 935 621 406 786 134 729 127 85 58 638 591 213 139 280 259 196 83 225 166 60 40 118 141 172 114 37 183 218 149 51 153 18
59 146 42 244 343 12 810 12 237 14 300 810 810 823 172 219 222 73 265 444 581 198 906 128 857 51 241 197 146 191 176 120 48 185 215 139 97 62 82 9 10 152 210 68 278
201 212 595 136 368 974 268 897 62 66 974 974 69 653 931 16 168 743 97 632 239 575 58 487 248
6 194 979 344 502 57 979 838 979 238 57 405 405 502 973 99 80 278 73 958 592 477
805 36 285 286 467 171 963 963 472 895 472 478 138 133 138 481 615 906 272 778 383 232 32 540 264
47 118 134 167 266 270 277 304 55 268 824 679 268 730 653 707 55 824 649 268 575 931 168 487 622 480 743 263
18 102 107 268 55 156 946 283 856 283 161 679 269 956 487 239 16 989 97 168 170 931 575
84 135 143 973 749 973 248 636 4 248 762 4 345 943 270 777 32 84 26 695 65 23 99
885 114 304 86 256 930 930 930 555 6 284 930 930 6 945 804 724 237 230 122 175 167 292
885 907 12 37 52 125 487 629 487 495 224 652 487 487 629 195 355 95 3 158 624 481 371 331 71 716 85 183 83 76 151 184 160 90 141 170 214 258 64 23 237 4 256 49 246 221
730 907 152 266 276 6 124 206 0 161 21 44 247 119 214 25 10 198 295 19 210 2 68
991 14 50 337 10 286 51 198 72 233 94 20 118 278 284 149 68 13 71 205 60 45 88 5
56 60 199 263 288 39 90 141 22 103 261 7 106 206 298 271 223 245 173 139 185 119 2 182 162
730 139 193 797 860 42 119 299 517 517 287 466 129 191 899 129 517 191 191 59 657 211 580 726 513 298 258 97 138 63 30 55 89 288 112 20 61 125 22 176 160 123 284 280 198 145 207 101
72 105 278 290 251 173 163 257 70 271 164 54 273 209 73 223 265 131 114 100 215 12 155
508 645 10 49 234 791 791 499 564 322 791 453 432 899 625 109 325 969 467 834 899 985 630 84 613
788 70 209 857 253 392 81 757 338 990 81 766 271 895 378 81 757 766 968 5 445 42 795 814 237 657 448 572 661 527 572 80 572 502 80 80 327 502 327 89 630 420 958 301 723 115
730 33 274 248 450 787 679 787 366 366 450 679 160 867 32 228 63 669 190 151 118 366 55
932 104 210 306 978 843 843 359 978 533 359 843 21 843 518 828 864 3 163 250 339 466 111 252
548 92 246 76 166 230 256 573 295 964 230 432 230 153 147 573 497 15 855 929 612 957 505 887 348 528 663
29 180 288 829 220 513 220 220 220 583 592 477 557 16 686 16 80 410 319 243 278 73
645 62 104 113 271 344 592 969 969 901 38 564 38 38 52 222 187 826 28 709 296 65 526 45 594 121 497 45 45 135 497 672 739 618 245 310 419 339 441 792 179 153 118 75 24
649 701 15 18 69 297 9 216 56 130 210 153 60 104 263 13 218 92 136 156 38 67 73 118 279 273
508 29 43 83 176 857 296 319 318 305 488 318 783 187 187 955 123 187 783 451 564 338 312 153 250 84 219 946
54 61 179 581 581 440 363 554 27 494 445 363 596 180 440 16 973 99 229 14 299 319 410
16 106 189 226 291 290 677 664 677 314 527 614 527 133 419 106 161 35 256 131 62 891 227 497 178
879 36 82 82 334 334 82 334 25 25 262 144 226 46 644 199 859 96 799 81 488 8 537 528 963 537 528 537 838 908 963 129 79 275 404 106 277 291 73 31 283 357
13 78 125 277 288 173 299 19 89 87 90 242 177 204 98 138 85 51 32 129 63 52 101 172 206
188 220 327 151 88 243 285 9 170 159 287 110 148 77 297 34 279 211 177 133 73 165 101
13 85 252 75 75 188 809 230 809 950 946 188 946 650 666 146 326 947 370 212 495 969 736
