413 153 232 246 89 96 720 988 663 26 53 501 396 715 445 23 779 316 441 354 4 500 890 687 979 751 627 37 751 278 806 627 216 806 812 280 425 941 489 242 395 395 26 452 244
231 211 222 458 960 288 960 458 612 838 458 612 807 458 818 375 142 91 297 838 21 245 250 155 230 48 192 131 226 172 204 237 195 209 30 283 125 74 182 166 1 107
555 19 131 166 169 566 229 87 543 534 518 471 87 180 518 635 908 145 203 285 553 518 697 373 179 259 138 207 152 157 117 29 18 272 127 106 3 222 0 254 52 32 163 78 264 57 248
17 83 975 67 521 521 83 963 67 975 283 83 489 181 19 83 83 106 169 679 174
566 187 272 1 17 127 156 227 518 87 75 543 518 471 776 534 635 138 86 221 30 234 553 5 179 234 203 630
56 251 652 839 832 356 690 572 572 259 690 839 510 800 135 283 145 254 231 398 67 246 4 21 276 245 220 277 103 280 240 5 199 57 51 81 219 145 164 6 229 182
745 31 69 141 146 133 87 178 63 143 60 13 83 246 290 278 174 85 279 115 129 58 142
74 217 236 882 452 452 890 890 180 882 890 413 882 625 698 54 148 228 899 716 452 32 792
59 204 53 160 190 754 615 710 414 719 986 0 0 615 719 719 221 259 227 159 71 268 40 154 92
60 110 164 221 596 24 494 574 974 494 358 544 891 201 148 17 45 666 900 112 242 93 115 269
149 153 247 24 24 488 150 494 141 488 358 141 974 596 269 115 148 544 17 630 9 202 70 159 80 29 265 122 0 288 175 96 97 15 144 38 192 151 78 109 273 108 207
878 78 269 283 349 67 884 521 963 340 67 975 83 195 884 349 181 77 259 679 24 211 19 169
205 259 129 84 179 112 72 272 231 293 197 288 239 71 131 184 280 139 23 287 181
685 75 152 168 63 232 144 89 213 143 111 122 51 251 102 60 52 225 73 105 127 287 199 121
13 101 145 207 256 288 468 299 291 42 7 262 266 214 195 170 263 209 289 274 144 93 145 141 29 26 165
235 289 90 157 206 174 40 270 158 168 232 274 286 152 182 284 46 262 166 237 139
24 29 209 247 287 291 238 92 30 250 196 298 53 21 263 133 297 282 178 268 17 212 195 142 208 248
158 242 243 210 21 241 247 182 141 211 218 70 148 255 31 244 55 114 295 117 171 262 13
71 104 139 340 48 29 134 235 269 84 101 293 194 206 131 263 13 53 277 200 118 252 154 72
101 142 173 263 897 398 466 814 897 897 814 466 42 398 187 32 130 186 184 104 105 184 848 237
119 814 54 143 143 897 934 187 143 905 934 270 104 176 848 186 130 44 280 116 105 245 163 272 291 222 72 180 145 36 267 295 276 235 47 294 32 173 155 38 134
31 239 465 225 210 107 25 65 81 100 13 131 80 279 68 205 48 176 180 31 127 243 159
878 196 1 189 94 59 95 281 221 186 109 138 215 134 278 250 267 69 235 7 105 100
161 139 155 169 190 210 502 245 245 502 57 159 39 208 179 682 185 172 432 373 919 286 157 490 10 4 52 147 118 225 190 31 79 216 232 220 123 96 156 24 73 61 142 153 66 280
36 133 234 396 53 154 218 291 119 70 93 168 429 651 308 198 93 235 835 93 268 92 254 154 221 727 90 123 224 93 265 278 119 24 288 207 276 115 197 178 13 6 220 292 60 151 85 291
12 35 73 27 57 191 211 217 234 468 839 800 652 839 356 572 652 510 259 839 10 293 163 19 145 158 572 146 231 103 4 229 51 112 230 96 295 204 198 62 77 283 14 17 238 157 56 218 69 249
134 177 230 242 55 86 93 290 184 201 246 62 256 83 201 256 173 5 155 82 268 533 134 141 593 280 271 101 76 296 240 22 222 274 189 286 66 82 136 1 156 160 3 30 84 126 175 99
71 75 247 286 745 6 141 171 245 256 278 293 196 287 94 289 293 278 90 170 15 835 71 92 684 0 254 93 154 986 101 271 229 83 264 81 132 11 287 187 7 21 134 288 268 150 23 180 103 238
150 216 267 270 53 2 266 39 248 25 236 47 249 227 262 119 188 177 44 64 289 77 45 1
745 193 468 130 210 110 125 223 97 146 15 294 911 233 212 161 16 122 482 641 215 7 134 282 482 162 27 86 202 122 85 72 9 8 184 67 219 144 235 56 159 62 0 158 95
7 66 228 279 186 186 143 59 216 6 59 16 919 453 490 185 157 919 130 259 682 222 212
566 26 113 156 165 277 864 295 825 848 848 864 825 864 396 96 699 213 41 209 445 160 124 236 251 280
164 240 33 33 219 856 856 856 213 856 197 684 170 0 181 835 268 71 163 123 221 111 241 70 253 46 145 285 56 97 137 58 57 129 200 77 76 74 189 1 5
745 103 14 91 170 277 905 54 934 143 143 897 42 143 398 897 905 905 530 186 345 176 44 184 185 104 115 18 216 282 33 150 158 26 96 168 100 36 156 281 255 19 189 117 244 226
36 140 179 193 205 223 287 63 74 1 165 13 295 39 150 93 50 56 172 292 286 174 5 260 85 235 35
42 62 82 123 2 76 200 240 141 24 974 574 574 494 24 150 150 141 242 283 112 136 93 900 115 39 269 54
263 296 912 912 912 596 150 912 974 596 150 112 269 212 93 242 115 296 201 900 82 148 15 22 279 45 172 251 85 185 156 193 34 43 258 234 149 137 222 201 252 139
555 61 67 150 295 2 246 2 124 209 271 209 144 271 30 39 187 245 233 275 613 200 345 298 16
566 26 237 102 95 90 160 39 74 124 279 199 50 204 149 197 35 121 11 203 133 176
193 29 215 205 30 213 129 268 289 284 185 183 109 122 156 150 80 293 190 176 48
566 66 1 222 269 282 28 68 277 13 86 285 137 5 169 54 263 150 50 161 82 151
555 75 34 282 220 281 73 271 89 224 255 16 95 116 233 167 109 40 289 78 132 85
160 191 99 448 549 99 304 733 575 843 304 549 508 277 11 410 24 14 716 178 908 78 27 50 259 2 262 235 153 236 43 97 42 185 107 98 30 86 253 264 233 237
126 153 242 521 340 195 884 975 975 83 283 975 24 193 80 965 23 18 174 110 643 861 24
555 95 268 814 905 905 814 42 897 814 398 187 848 848 185 553 116 32 214 176 64 351 345 91 219 235 252 13 148 19 248 238 262 95 225 184 271 3 54 48 287 183 277
27 117 145 349 975 67 884 67 340 283 963 195 67 340 521 182 24 83 193 861 110 80 23
67 196 226 256 29 263 298 155 598 223 851 838 76 851 155 526 223 598 838 174 691 215 46 29 58 257 960 51 287 244 42 89 233 229 28 106 56 276 256 38 12 259 265 167 266 55 216
49 144 153 177 202 244 417 88 417 130 154 417 130 213 88 130 154 130 208 677 259 487 295 682 10 212
292 110 64 110 186 186 929 170 58 170 73 170 113 288 653 45 500 261 156 741 242 195 32 161 149 279 14 12 234 206 9 0 191 19 277 185 179 28 294 280 79
555 745 232 236 240 285 340 566 130 74 84 84 545 78 78 78 173 105 95 29 84 163 71 545 268 93 197 835 261
555 51 79 179 213 269 282 13 298 125 125 92 41 140 145 222 324 208 10 490 172 157 295 682 487 286 185
955 74 279 297 396 304 304 843 304 135 575 716 733 716 69 275 178 49 116 669 996 15 78 413 11
23 64 148 564 41 166 641 6 100 197 197 298 641 100 677 179 286 453 487 172 259 10 4 454 119 50 348 216 216 50 108 245 39 200 143 187 345 693 64 552 275 298 214
35 88 108 167 169 182 103 109 124 181 226 641 255 641 100 298 222 38 201 222 41 15 641 10 208 4 295 324 677 172 179 105 145 235 31 94 215 241 246 6 297 221 151 95 283 154 170 88 48 293 228
80 197 229 286 480 652 800 356 800 800 453 510 572 839 356 572 54 278 156 163 230 839 146 158 231 120 272 251 239 9 17 278 263 83 206 8 234 191 174 44 137 284 208 12 213
90 91 289 35 177 150 596 150 494 974 912 974 150 358 912 974 596 112 296 800 39 900 93 385 526
53 70 73 292 641 134 87 327 410 641 134 243 342 142 871 296 199 190 188 204 182 695 416 275
36 83 122 134 396 140 195 86 349 140 140 349 848 140 207 864 396 699 175 503 96 236 280 515 124 60 150 55 170 40 231 296 65 220 127 80 299 156 256 182 59 152 154 177 163
17 86 211 280 88 249 244 139 188 223 184 246 271 291 165 231 162 156 110 230 65 29 186 57
649 278 283 535 151 186 353 215 153 535 260 633 54 186 593 268 95 138 90 293 3 173 161
91 130 152 465 103 88 134 284 152 107 150 129 287 146 55 283 81 93 196 172 139 239 291 261
566 74 340 205 71 288 77 206 102 178 269 232 137 209 22 25 112 106 165 119 190 78 258
65 82 138 151 273 35 851 851 327 327 70 641 87 866 142 423 204 132 199 296 342 108 416 148 695 190
25 196 249 260 7 939 7 294 346 7 29 110 346 162 178 927 339 165 269 44 233 720 328 258
62 190 199 214 465 195 207 825 349 541 864 207 349 295 848 195 864 251 62 503 96 864 124 83 256 84 246 151 133 225 63 135 285 172 194 0 207 202 112 138 220 35 47 222 206
170 65 124 61 232 222 199 54 19 237 247 269 21 171 194 226 287 185 299 106 245
99 130 278 278 278 259 20 294 76 189 400 66 188 45 168 9 45 147 166 51 689 380
555 189 222 250 270 231 93 90 230 92 148 279 111 18 215 143 115 201 85 200 73 56 125 104
292 176 189 153 77 111 232 49 289 12 7 78 128 149 18 211 275 142 19 109 22
87 230 128 265 288 198 228 23 273 50 157 220 141 241 67 114 75 196 185 9 71 20
939 121 251 299 217 152 90 294 75 226 159 45 123 227 156 228 46 37 148 201 252 200 253 83
68 215 276 282 36 120 526 526 598 76 851 735 838 223 806 257 203 189 244 46 381 691 215 143 326 448 128 177 204 149 94 284 30 3 283 62 253 207 16 144 257 268 164 167 117 161
566 15 116 235 276 346 566 243 289 87 851 72 87 627 87 72 243 410 70 410 87 182 695 423 132 416 866 693 96 102 119 18 170 287 296 189 202 106 244 241 131 294 213 84 163 147 121 270 34
48 122 132 178 288 52 50 212 19 275 267 262 138 36 232 100 103 0 55 117 266 295 216 45 222
13 22 55 156 200 58 971 110 433 263 161 503 219 219 77 485 35 568 0 670 691 430 290 60 94 23
160 213 244 870 85 452 404 640 214 452 224 547 187 270 253 262 813 113 771 890 939 57 384 162 52 257 206 1 145 49 184 186 219 240 27 107 22 213 146 207 163 253 56
175 125 48 253 162 49 171 30 164 245 121 144 235 270 67 163 26 177 20 266 215
47 165 42 52 225 25 481 96 48 249 185 48 25 556 262 934 795 718 84 52 147 3 724 33 149 255 196 210 88 294 117 40 230 47 211 182 243 201 242 5 162 166 298 193 288
157 160 259 128 74 290 115 83 16 33 11 55 229 199 81 269 36 90 159 138 182 195 273
955 1 101 174 198 263 180 254 266 268 340 359 851 526 76 735 735 155 223 735 735 155 806 174 60 691 531 189 215 244 58 203 270 61 142 259 240 261 177 18 13 98 230 278 93 220 206 110 227 14 295 155
722 955 106 132 194 271 214 99 123 254 162 32 192 215 216 182 224 207 243 173 103 225 157 90 38
50 146 153 250 281 298 630 728 181 30 393 179 237 30 39 862 847 927 879 251 444 97 220 481 582
151 184 218 215 232 39 153 53 89 197 239 56 203 41 2 15 242 263 19 92 178
118 286 193 226 264 465 985 663 929 361 716 985 913 929 663 209 932 254 249 15 591 72 198 9 208
555 695 722 112 148 192 254 366 465 905 873 873 187 268 873 209 973 745 433 229 848 254 80 238 78 942 204 426 897 30 104 119 32 5 288 279 12 260 204 237 150 165 169 138 293 166 261 194 278
158 173 185 236 286 288 243 211 265 2 35 236 53 126 127 207 70 23 42 178 80 282 242 87 216
119 722 69 96 219 241 947 19 270 298 298 947 947 270 165 613 503 503 37 145 531 281 932 4 500 261
89 223 213 806 76 155 851 76 735 598 143 381 257 448 60 960 29 58 691 326 46 179 175 123 21 6 79 243 126 222 144 232 113 225 136 161 34 100 145 142 246
31 346 8 140 289 164 108 256 296 30 268 1 255 216 3 272 298 160 34 117 47 184
57 100 180 101 46 20 131 215 208 135 44 228 155 94 167 32 12 80 91 265 49 118
31 79 257 114 96 159 7 188 236 33 111 219 72 299 112 298 253 215 78 21 262 287 1
51 252 108 31 230 7 84 273 227 277 34 18 53 223 28 176 143 123 42 141 24 43
279 284 371 53 50 49 60 17 256 70 227 208 260 25 42 186 295 57 264 136 223 105 96
884 34 101 234 290 180 27 125 208 110 226 10 185 98 207 164 23 31 41 175 148
745 213 216 290 158 233 24 16 153 102 238 263 105 248 75 221 125 230 147 86 295 22 23 111
23 89 134 194 225 242 33 716 913 716 465 108 663 663 985 863 716 913 262 695 76 209 72 342 208 591 147 236 105 220 249 81 76 89 36 31 93 218 251 260 161 16 51 241 205 21 77
29 43 128 227 231 265 359 4 178 181 136 144 107 18 117 166 233 68 141 156 5 33 76 249 133 124 290
47 164 55 199 222 206 177 249 193 234 267 258 67 20 169 295 83 73 291 81 18
555 230 138 89 73 246 178 74 141 250 115 29 168 145 176 190 112 147 12 228 136 2
166 253 276 223 84 144 4 45 30 175 289 128 94 149 80 173 196 228 194 224 114 209 33
10 245 340 359 178 95 147 82 299 149 14 237 56 193 174 271 146 36 252 25 94 122 163 213
42 102 276 119 189 233 275 80 274 145 34 144 228 167 214 271 65 19 121 7 211 14 49
261 30 281 1 229 73 215 180 93 3 39 125 236 13 240 222 200 8 110 48 248
555 48 102 169 243 279 112 109 65 211 148 37 74 130 41 2 96 182 64 73 136 160 221 245 132 237
555 38 101 177 18 38 112 296 5 192 161 262 76 139 203 274 88 244 133 77 263 4 183 238
86 140 150 260 280 275 214 292 188 30 285 171 67 3 16 177 52 264 84 215 31 138 196 232 112
70 204 228 32 263 72 215 271 181 139 87 210 130 76 163 38 55 184 123 119 222 191 204
12 66 166 290 465 251 187 71 173 186 61 209 141 261 250 239 206 126 222 117 276 254 64 123 55
131 205 258 295 955 45 83 204 241 283 641 641 243 327 327 243 851 327 70 851 187 199 190 182 693 423 108 416 188 871
73 94 135 549 843 716 135 135 448 304 733 24 410 178 69 716 49 275 277 15 78 908 183 261 283 280 273 285 95 111 262 253 225 17 90 86 32 31 134 187 238 14
92 35 174 197 200 45 213 214 244 253 225 99 281 173 92 171 259 4 191 104 241
1 122 293 9 202 299 156 290 229 144 188 261 59 263 24 6 126 99 149 164 224 292 211
555 44 65 68 293 161 289 277 137 4 233 252 135 247 23 17 254 106 234 151 75 245 66 10 47
613 168 270 359 918 643 766 766 766 918 890 890 239 100 597 50 502 828 394 200 720 97 368 700
62 111 159 204 208 236 396 465 865 181 104 618 225 618 618 23 118 104 618 55 203 51 67 885 40 656 5 94 146 129 89 152 251 198 99 269 266 209 265 101 250 114 231 189 22 134 58 223
53 185 7 9 125 166 198 276 864 848 848 848 864 295 140 848 295 864 825 175 236 251 213 445 209 699 83 864
613 69 108 141 200 465 360 393 693 857 360 871 393 408 393 857 393 129 248 228 261 190 42 146 209 70
42 71 92 105 214 223 294 445 481 332 969 410 445 410 481 155 898 270 435 76 255 623 34 502 260 696
134 192 287 908 971 971 105 908 192 544 721 926 467 721 721 590 726 105 137 116 39 181 481 70 255 212 174 20 109 262 127 117 211 263 284 72 290 11 123 55 121 186 219 244 78 251 288 40 11 267 151 127 229 136 220 69 299 59 217 140 36 47 152
12 37 68 71 176 145 465 851 598 806 526 735 526 838 9 691 326 203 58 531 143 718 257 448 60 577 215 899 834 291 630 834 304 291 693 275 889 187 263 466 219 239 245 292 143 613 108
50 114 159 239 243 293 64 162 175 188 285 292 465 985 108 465 361 716 716 663 465 985 913 262 208 9 198 591 342 129 848 780
566 81 126 524 699 699 378 917 699 55 524 76 378 999 756 90 31 821 161 699 882 342 649 11 63 110 259 134 279 49 2 157 127 290 76 269 208 122 53 95 267 191 58
253 287 760 124 262 465 820 957 820 747 227 271 227 227 957 106 368 827 98 476 324 602 287 167 616 79
60 150 196 236 524 917 534 756 76 917 524 699 534 16 917 699 90 821 984 699 540 649 980 250 25 175 216 187 10 209 141 43 92 6 40 220 77 288 279 119 232 270 16 215
955 2 146 468 1 118 258 76 526 806 76 851 213 155 526 76 223 851 735 60 531 691 577 58 257 873 46 181 141 17 144 234 125 183 200 53 169 127 143 138 274 37 60 40 55 218 145
606 30 189 236 141 124 13 45 233 170 81 72 259 254 113 283 67 227 262 15 108 251 149 173
16 65 151 853 249 284 278 30 30 554 853 853 284 46 911 485 532 37 582 740 155 621 937
745 139 143 289 346 333 333 934 333 299 111 532 820 526 111 120 223 219 112 643 934 638 562 78 246
80 194 205 183 333 532 111 820 532 363 183 820 333 183 183 78 40 120 13 246 954 679 112 287 71 228 103 98 44 274 82 264 226 205 173 152 89 262 74 46 54 286 186
121 124 223 248 359 963 777 318 790 790 331 790 935 109 700 777 534 474 687 825 197 176 375 215 353
69 283 736 274 736 736 161 34 17 274 193 466 200 584 345 693 245 263 143 275 219 298
555 667 67 83 184 346 555 745 91 346 492 983 572 983 805 492 631 983 631 445 859 930 118 134 59 911 332 703 284 255
2 31 132 238 842 837 842 873 472 909 466 735 99 888 368 241 394 502 835 200 828 327 700 57 182 41 182 883 41 637 182 41 848 848 167 275 298 16 39 214 889 245 200 108
154 156 297 340 73 6 288 3 133 107 298 56 209 78 205 55 118 188 151 218 297 267 76 264
838 22 38 448 149 771 389 432 771 385 432 294 268 249 151 419 854 943 254 661 708 508 163 22
566 263 209 113 273 248 44 162 167 188 257 271 185 112 216 144 219 0 68 250 155 27
51 620 242 281 993 891 714 181 993 284 733 733 968 241 177 244 52 234 487 727 173 124 8 107 277 25 276 172 59 215 297 164 237 248 294 113 193 85 38 95 50 175 139 269
178 288 206 4 164 189 279 236 252 184 66 71 25 269 213 292 114 100 282 232 248 18
107 258 259 298 465 143 165 169 179 275 263 137 218 247 98 155 241 57 37 209 141 271 230 183 231
6 28 120 245 27 37 225 340 3 213 3 213 211 687 325 488 318 3 641 248 139 976 161 190 482 215 16 477 247 229 73 130 10 270 115 131 238 240 178 3 31 137 50 220 100 209 94 286
242 108 98 286 188 163 246 170 227 197 272 26 215 157 54 200 184 10 142 250 131
7 62 67 36 262 80 10 170 201 30 38 244 81 258 39 89 16 235 104 145 164 116 194
89 122 137 213 14 32 56 25 88 36 212 80 130 163 114 160 93 253 1 30 213 196 133 49
16 67 252 294 64 172 227 275 380 809 582 809 809 753 908 946 908 947 753 334 242 138 325 1 246 55 200 989 160 63 208 292 83 183 191 53 7 297 214 298 40 8 99 213 264 154 103 10
566 150 8 283 279 160 76 289 211 25 288 67 149 269 259 95 212 123 182 65 285
133 295 209 174 205 159 143 200 47 282 230 53 277 176 38 100 80 267 31 113 4 50
555 745 69 207 359 928 79 182 204 284 628 628 628 466 681 35 681 279 275 681 52 660 289 537 431 621 141 94 45 486 87 36 116 72 65 261 184 123 202 12 143 90 28 101 217 199 299 290 46 208
164 177 150 86 349 140 541 86 86 825 86 848 848 195 195 503 280 864 160 96 62 83 125
41 53 217 340 23 23 104 618 513 104 513 23 225 513 23 225 647 750 469 125 139 94 5 51 11 19 57 66 174 245 290 260 7 269 208 37 22 237 80 296 226 221 232 55
194 193 565 278 258 258 227 736 95 258 193 147 114 690 407 117 504 254 571 813 493
86 98 121 129 142 164 245 36 137 56 134 112 81 120 6 39 183 219 114 68 235 83 31 100 17 197 152
