215 259 299 64 280 167 246 69 51 43 17 175 262 116 190 78 273 188 215 53 295 158 32 147 89
576 886 143 180 231 240 25 20 247 189 72 66 230 235 155 120 9 289 128 43 258 177 21 130 70 228
792 84 211 239 274 698 120 156 172 230 524 363 840 551 730 915 113 840 524 524 665 915 52 133 665 266 117 45 52 45 67 133 251 138 58 152 237 200 144 132 171 51 163 43 128 271 80 95 174 33
883 959 1 208 792 188 902 412 902 412 489 775 162 556 45 203 145 413 894 80 108 901 413 161 132 585 847 269 237 332 906 332 437 290 237 237 183 269 85 279 123 234 634 47 927 358
594 709 34 689 974 4 216 603 260 190 28 190 28 595 77 7 106 291 948 141 325 90 269 198 352 235 43 176 49 183 231 220 29 119 111 62 214 125 229 294 153 151 115 237 44 82 273
709 83 133 134 135 166 20 255 123 161 157 281 192 247 22 293 163 46 267 40 86 258 43 228
47 149 258 284 284 86 6 930 930 86 944 944 6 284 930 269 8 74 351 72 944 61 277
689 886 54 121 867 695 867 520 775 86 695 86 775 695 168 830 152 695 82 168 366 596 181 282 211 28 233 79 268 147 146 129 116 272 86 72 22 174 273 81 94 82 91 236
660 86 210 106 253 24 28 568 595 213 260 968 85 43 59 144 948 534 603 595 291 33 198 106 77
5 252 348 529 348 480 494 176 770 114 274 1 299 150 29 33 148 272 187 200 714 272
3 50 96 184 257 520 380 838 380 86 520 725 775 342 343 838 520 75 70 334 181 695 5 275 867 285 154 148 274 20 227 39 250 108 105 267 217 97 65 47 96 11 25 223 188
362 1 274 387 722 332 847 847 244 290 237 927 427 358 148 182 175 119 184 243 592 673 240
24 77 102 154 436 539 473 539 326 722 524 436 326 436 11 260 342 142 222 457 197 208 771 204
81 179 227 276 180 117 288 287 77 32 52 3 140 66 269 96 115 88 199 169 79 124 133 244
248 292 185 214 191 226 112 158 207 251 232 196 221 23 8 222 91 239 183 20 109 145
233 236 477 14 65 69 157 1 203 105 1 73 136 157 535 1 353 203 255 203 749 289 229 22 280 96 181 56 188 296 191 110 21 273 32 272 158 83 28 80 22 178 98 287 298 55
13 47 83 183 249 906 722 387 244 244 387 722 437 847 332 182 38 85 358 141 240 148 183 184 673
232 276 8 174 200 251 211 44 213 295 165 199 81 2 151 187 179 249 76 171 229 124
35 214 283 62 157 146 109 168 177 235 218 142 221 96 297 292 184 105 89 270 237 43 161
129 31 135 137 174 157 31 31 57 259 130 229 39 57 57 57 82 146 278 15 252 46 235 222 734
168 216 190 28 260 595 568 558 28 491 352 43 291 75 534 33 948 77 40 595 59 144 524 326 473 539 722 524 927 524 722 520 11 253 757 677 142 266 13 457 222 280
567 792 13 69 119 61 6 256 930 86 6 284 313 922 313 555 230 194 9 135 91 237 118 167 60 103 116 86 201 84 199 52 265 8 163 206 243 276 115 251 280 273 228 137 291
26 59 187 241 242 106 53 284 26 278 110 179 86 208 42 231 36 95 9 100 175 161 239 20 51
368 130 185 196 289 709 292 968 568 558 968 213 568 595 190 603 144 29 948 33 325 595 224 84 40 75 352
253 334 954 177 269 334 361 494 361 562 494 749 158 229 501 84 221 135 287 5 136 48 198 914 607 208 410 185 166 82 111 173 53 289 226 960 77 164 256 248 0
247 250 266 8 8 137 289 914 286 0 21 848 289 24 183 26 111 109 0 82 173 960
792 142 207 216 195 171 253 24 117 151 236 260 39 73 59 13 176 238 52 119 261 35 93 14
0 130 51 103 156 729 95 478 729 138 95 478 223 138 927 530 867 196 146 128 486 123 168 168 526 44 108 110 282 125 245 14 225 10 109 104 171 234 83 179 119 199 189 61 167
84 148 263 274 132 414 41 221 53 298 183 111 0 77 164 109 26 248 256 53 741 355
886 158 296 278 177 246 133 219 180 165 42 242 2 55 255 172 6 89 166 83 28 183
29 189 270 241 902 775 589 67 589 556 418 775 412 26 307 51 97 66 935 528 252 107 444 909
6 9 62 212 546 39 66 31 197 638 20 109 3 955 31 151 259 885 234 224 296 512 35 169
29 60 284 13 156 33 82 42 197 82 149 79 13 356 156 526 128 977 927 830 334 168 279 387 237 387 437 290 237 244 906 332 269 437 290 358 38 240 967 673 141 183 182
637 886 108 286 5 49 53 819 648 733 764 764 648 53 733 391 704 354 570 5 89 107 611 734 16 268 66 35 57 125 38 95 258 59 101 78 76 45 75 255 105 227 194 158 54 210
51 127 195 275 906 906 332 437 237 244 722 332 437 906 847 148 207 570 38 10 240 183 762 279
59 97 256 275 927 436 858 473 539 473 722 524 539 927 326 858 771 208 260 757 222 780 677 266
71 191 792 69 107 139 206 275 219 77 235 198 219 219 77 871 230 246 146 93 512 35 295 224 215 163 151 259
709 240 385 930 677 161 930 677 97 224 161 97 677 224 208 212 259 286 130 295 919 10
112 139 182 191 284 291 161 263 126 261 161 217 281 154 161 7 97 281 988 146 99 23 146 278 256 318 245 207 37 158 292 281 194 41 81 150 203 199 294 174 157 43 171 105 36 108
43 88 179 394 90 264 313 256 256 313 86 284 313 61 6 86 256 555 91 197 199 118 167 292 237 122
139 922 944 86 256 284 555 6 256 284 86 9 774 199 167 91 194 122 230 118 91
10 191 218 418 67 878 556 878 418 162 775 67 588 279 26 879 252 220 66 251 183 51 307 57 67 36 39 144 272 235 185 157 166 177 172 90 74 44 187 106 192 201 128
35 37 151 170 187 219 226 241 19 191 109 5 38 251 271 14 295 69 161 120 172 286 152 130 234 118
477 886 4 84 620 36 206 236 187 64 214 161 249 258 258 64 7 161 258 211 23 278 318 150 146 235 734 734
5 63 161 258 268 555 944 555 86 86 313 6 6 256 555 86 199 9 194 118 91 292 613 167 135
36 51 204 248 249 276 108 108 7 137 258 137 186 178 25 258 126 146 209 208 15 988 734 55 23 13
79 100 117 175 187 86 6 256 284 930 284 86 313 284 118 91 79 237 292 175 167 774 229 194 9 524 524 524 400 326 524 539 927 400 520 722 326 149 142 222 280 342 141 222 523
567 99 173 194 245 229 146 292 105 268 291 88 53 86 137 46 6 176 211 227 204 50 225 120 194
637 959 88 477 886 112 147 223 38 38 163 171 38 504 75 262 699 699 699 279 146 729 123 128 17 526 126 356 184 266 93 216 11 13 151 78 179 254 2 117 290 237 163 182 277 32 204 37
75 228 286 297 17 229 749 749 361 177 954 954 494 177 749 337 221 136 229 135 496 246 5 170 70 175 18 19 181 95 62 111 28 61 198 29 118 20 264 104 47 173 59 73 204 261
477 18 176 902 775 418 556 878 489 67 589 556 489 878 775 307 66 229 97 220 279 252 444 847 244 437 332 387 237 269 722 240 207 85 852 592 183 246 148 570 686 673 132
11 57 121 102 13 280 216 133 145 120 279 206 248 260 298 29 243 27 263 273 242 222
97 128 137 208 266 31 137 172 176 60 75 59 153 66 249 240 49 69 120 53 27 192 162 150 267
59 150 164 296 149 237 284 205 130 183 182 92 90 227 67 207 168 255 112 267 189 29 146
637 92 128 156 164 208 225 241 89 294 232 73 154 134 110 10 218 105 53 187 169 251 2 164 82 206 267 211
23 255 290 51 251 52 39 199 191 87 166 163 170 224 108 45 13 113 248 226 118 164 256
113 257 0 284 92 255 201 641 38 298 222 117 92 432 324 212 295 179 130 10 208 677 222 487
44 113 150 225 271 285 733 53 733 53 733 648 417 112 704 819 391 764 478 973 71 89 281 50 570 16
620 91 228 286 299 272 276 188 188 276 276 2 272 187 127 276 209 99 734 13 78 23 211 724 15 269 64 232 164 158 34 76 71 31 227 88 112 150 12 144 57 237 19 4 297
477 4 23 35 394 162 178 250 704 417 764 391 112 704 733 354 648 38 5 20 478 570 107 16 89 973 157 354 181 253 152 45 43 113 14 192 46 119 295 129 93 42 250 209 23 210 167 74
959 21 218 263 265 36 51 2 109 101 51 36 2 61 23 211 278 13 102 55 734 208 222 256 734 14 15 76 281 88 121 133 34 152 60 108 181 11 27 42 111 102 19 257 276
15 93 152 287 79 223 208 189 188 125 68 169 297 45 102 234 78 183 184 147 75 270 219 148
575 886 237 847 722 906 244 290 332 387 237 184 132 183 592 762 673 85 141 207 852 182
246 720 31 257 603 904 724 379 129 88 603 77 164 355 248 0 173 674 53 26 256
31 203 194 239 264 76 101 297 170 246 7 237 146 269 279 143 160 36 154 271 211 241
50 191 40 289 94 27 96 172 123 169 112 61 299 158 13 195 210 162 24 214 42 22
63 161 271 477 886 196 133 614 614 614 409 290 800 196 133 520 8 127 109 98 90 142 99 454 276 722 387 722 332 290 290 237 722 387 332 847 290 141 183 852 240 592 967 182 686
886 27 79 141 154 298 111 106 97 144 212 82 27 252 216 100 129 160 121 105 265 161 239 276
167 219 50 282 9 279 43 65 157 140 211 62 69 143 5 289 110 202 201 226 94 58
127 251 230 160 38 128 72 162 76 228 264 64 129 65 290 256 120 114 36 156 59 218
567 107 126 212 266 716 6 716 44 94 245 533 94 6 183 26 82 111 256 109 248 53 741 288
134 140 160 927 927 858 927 858 473 722 524 539 342 260 222 141 208 149 280 677 757 457 880
66 85 105 176 792 959 135 206 61 541 355 355 233 61 61 149 61 541 729 530 526 948 196 181 17 830 977 168
181 193 208 254 733 112 53 53 704 112 417 819 648 145 716 5 875 38 281 107 413 16 570 478
368 932 46 173 240 261 271 377 226 126 101 452 157 514 279 514 514 157 452 156 181 530 334 70 729 17 948 258 687 94 94 44 194 18 114 260 44 94 94 289 111 183 248 674 164 288 109
37 117 250 268 258 687 94 94 44 194 18 114 260 44 94 94 289 111 183 248 674 164 288 109
959 44 198 223 73 227 126 161 40 122 52 206 210 77 54 295 208 251 95 91 216 254 160 225
62 144 231 103 10 184 130 205 271 190 64 281 214 282 242 197 120 252 88 37 162 215 155
959 40 92 167 189 205 242 231 67 106 244 94 29 245 119 208 147 160 104 153 124 269 279 112 51 168
567 237 184 166 285 282 67 0 182 137 165 167 248 284 113 290 145 163 217 39 10
57 157 170 239 991 178 153 114 252 756 114 661 221 546 445 153 960 674 355 77 26 289 798 111
641 26 44 119 173 86 202 563 800 627 627 627 589 935 923 82 923 220 36 108 926 153 674 294 838 965 884 67 184 75 245 143 277 165 30 225 157 91 124 239 38 296 209 17 65 112 148
25 59 121 52 180 183 196 266 41 116 389 41 136 465 41 41 116 271 293 293 296 169 224 885 5 305 162 163 122 257 147 50 10 130 9 148 279 197 261 270 73 38 249 131 57 221 80 224
36 104 129 169 260 52 86 71 268 240 116 232 214 30 105 0 160 228 120 292 287 197 84 156
151 236 253 37 289 272 154 141 39 121 49 259 40 235 14 143 273 34 224 6 30 147 256
19 175 259 78 177 166 439 439 570 563 570 800 970 718 36 59 923 890 884 220 153 82 674 66 965 72 69 4 250 226 121 88 142 295 265 118 270 258 86 16 169 190 282 1 228
156 108 21 127 93 151 83 80 155 120 91 180 287 156 160 257 276 40 57 119 75
65 188 189 227 245 233 29 48 84 57 214 226 155 149 138 198 276 23 109 134 151 54 176 209
85 154 249 95 228 215 508 215 35 12 215 234 215 234 84 234 508 25 197 219 203 16 80 128 168
567 111 175 220 922 555 555 61 944 6 922 555 555 930 61 277 229 79 167 613 91 804 91 237
477 17 32 53 146 613 177 25 177 25 613 102 221 174 246 229 245 175 170 158 496 5 70 273 135
63 174 273 746 99 16 407 27 718 99 144 256 146 734 211 15 318 102 734 78 724 55 92 247 236 29 246 182 24 277 9 205 283 37 223 268 199 91 177 203 116 28
477 58 161 255 289 394 792 47 93 100 237 290 391 570 563 391 563 927 570 627 935 36 66 59 82 965 838 884 38 718 674 923 291 216 34 7 293 147 121 208 73 200 178 125 29 159 112 187 173 195 85 109
959 3 51 82 165 271 288 567 894 214 222 614 490 196 490 800 290 196 222 255 34 93 454 68 174 275 98 337 189 122 293 177 231 184 100 139 171 115 163 257 25 158 143 19 124 174 66 287 20 18
127 191 227 173 27 230 232 98 83 262 89 231 162 277 264 239 168 50 160 180 166 149 78
638 37 204 858 539 520 473 524 927 927 436 677 280 800 142 222 208 523 771 342 149 184 266
204 264 394 567 889 14 44 49 129 201 311 101 101 295 685 721 929 103 481 528 848 786 557 189 274 179 176 204 48 121 12 227 121 69 217 154 267 149 48 258 95 223 272 151 296 165 201 135 78 101 213
33 177 146 278 6 174 126 88 285 222 47 50 3 277 98 206 128 262 293 57 163 151
368 477 36 183 201 250 294 182 266 231 285 233 42 208 199 4 63 10 166 46 256 291 156 16
826 0 45 87 311 144 58 3 28 96 140 82 194 174 40 208 151 54 159 276 255 181 238 183 37
567 959 31 58 119 254 99 231 237 105 133 170 108 102 256 192 109 130 215 138 258 280 21 30 211 9
58 134 164 8 181 213 198 101 189 64 120 278 203 125 191 11 269 77 283 224 40 111
802 3 208 254 116 188 200 555 61 930 61 284 930 61 944 256 61 61 79 804 292 229 277 118 237 91 356 196 251 143 144 107 247 193 110 147 280 257 166 162 134 269 169 261 215 14 127
67 210 110 220 288 277 753 936 235 777 39 936 283 943 70 501 174 5 221 496 107 175 84 753 135
24 166 927 935 627 391 563 570 166 439 153 923 123 220 965 884 876 923 838 674 59 927 927 539 520 858 436 473 473 520 524 141 342 445 208 504 184 931 677 771 266
477 709 886 100 159 138 24 56 122 273 296 7 289 281 258 36 207 70 269 108 97 183 123 271 103 205 13 291 127 205 205 700 37 828 402 956 727 355 288 256 484 26 289 173 0
187 195 200 297 231 289 54 7 247 146 76 118 129 139 175 109 251 188 48 148 268 36 208 73
29 89 238 269 162 62 148 64 12 14 281 20 157 263 271 54 24 82 223 63 87 252 60
477 159 198 239 368 77 136 156 520 133 196 222 222 520 222 800 133 196 520 520 8 104 211 109 337 189 99 122 520 326 326 858 326 539 524 436 722 927 634 771 931 504 208 457 149 184 677 342
81 84 164 215 10 196 800 409 409 800 290 196 614 800 93 98 276 127 275 34 109 99 8 255 454 23 296 271 248 160 81 182 197 178 104 221 84 181 63 270 243 237 59 87 51
567 709 39 135 182 285 270 219 278 230 44 267 266 238 41 299 144 197 295 81 280 101 169 297 67 52
113 167 276 146 244 112 252 64 11 57 222 258 48 147 84 151 250 20 136 271 278 99
394 200 239 188 164 64 267 231 184 70 212 44 287 69 42 27 18 268 235 201 108 93
477 133 142 210 43 186 253 171 53 37 61 164 150 28 34 174 137 274 193 24 199 39 75 201
13 40 44 21 120 133 196 224 490 614 290 520 800 196 409 514 514 133 90 99 93 8 98 275 189 122 34 127
36 92 199 221 264 349 721 958 929 349 958 103 103 481 241 48 121 12 183 848 528 247 969 189 786 400 524 326 520 858 927 326 927 504 677 184 417 880 266 260 208 142 222 149 931
151 187 514 222 514 514 800 409 196 613 276 90 275 255 454 34 211 109 174 48 93 337 185 46 207 107 296 222 34 70 224 184 226 239 216 115 283 127 139 231 124 16
477 40 84 334 586 41 972 525 600 511 133 600 251 927 943 66 279 307 847 582 220 905 229 237 387 847 237 244 290 722 583 182 141 720 132 673 460 592 184 207 279 85 602
959 190 256 283 368 27 943 265 200 690 265 200 35 25 69 112 948 70 526 834 156 423 867 17 830 488 405 224 42 246 488 682 666 42 124 19 355 741 164 586 798 289 256 682 183
917 149 168 249 31 147 184 240 266 269 733 417 648 391 819 417 354 704 112 716 50 570 319 281 354 107 89 875 71 478
11 204 129 580 932 204 204 580 580 129 580 968 334 847 582 307 678 279 229 927 935 170 845 124 316 603 316 871 99 124 447 603 291 77 682 0 109 960 355 741 586
917 959 22 150 281 178 21 155 192 284 42 97 5 234 92 283 194 186 138 216 224 87 173 69 267
368 394 567 47 225 917 15 28 31 133 288 984 14 227 118 916 14 835 579 150 337 84 287 245 136 158 221 229 70 753 246 281 190 72 21 92 165 174 105 228 265 261 241 120 151 158 235 147 27 280 295
137 143 215 247 260 274 284 106 228 25 126 1 15 276 182 21 46 164 26 195 101 229 104 247 257 110 0
368 26 145 169 184 520 927 326 326 400 858 436 400 524 400 208 931 417 457 260 342 266 634 523 757
10 101 118 185 192 210 278 609 95 114 146 210 587 41 137 137 168 657 41 168 137 211 329 830 530 867 267 181 977 126 123 70
368 458 19 92 153 165 732 824 732 732 137 744 653 824 715 732 530 17 356 267 834 128 70 526 867 156
91 103 122 166 166 627 589 563 570 927 589 391 627 439 48 66 374 153 108 674 838 59 965
368 10 12 31 36 86 205 258 653 281 294 587 90 63 69 63 587 599 59 59 17 824 181 279 867 830 128 948 473 400 520 520 722 436 436 520 520 436 445 142 504 634 266 149 417 757 880 184
42 170 271 293 67 852 729 846 846 340 828 340 885 13 256 488 235 208 305 955 55 99 222 841 102 24 194 64 280 17 176 254 42 52 99 127 73 270 118 268 295 228 86 14 8
124 175 88 28 34 278 202 125 81 239 60 0 21 70 84 133 195 29 234 118 122
709 6 28 128 200 210 239 272 289 64 174 182 184 65 107 147 228 6 3 217 135 230 4 193 71 144 234 220 19
75 332 477 18 33 145 311 744 63 198 398 278 398 107 107 530 123 948 977 834 17 267 867 181 156 128 526 163 282 254 95 142 183 174 297 276 284 218 62 250 12 149 32 291 287 33 179
491 546 84 102 205 260 64 143 80 248 283 223 177 128 97 119 158 269 137 135 133 245 92 33 184 145
9 11 155 324 104 190 338 104 104 679 104 190 324 810 729 492 682 798 355 586 77 289 960
13 22 87 218 116 214 221 391 112 704 417 391 764 53 819 648 16 354 766 20 570 268 38 71 50 478 973
802 154 215 276 276 126 66 786 246 22 246 276 197 675 508 176 483 731 25 524 745 897 513 132 176 182 165 266 118 166 258 144 147 3 71 33 276 246 265 39 245 84 79
368 35 38 50 115 271 51 116 132 291 563 570 439 166 439 391 627 570 166 800 589 153 965 374 48 718 923 674 923 443
641 64 127 176 398 304 111 356 107 356 304 184 526 156 267 530 824 128 279 356 948 729 17 744
167 184 195 204 212 215 269 356 502 111 184 502 107 398 682 942 398 279 526 744 356 729 834 830 824 128 123
130 168 293 572 338 788 366 661 572 788 467 338 220 726 935 307 444 495 943 687 927 66 107 170 151 194 140 6 226 291 37 292 12 11 122 91 103 128 201 84 117 293 18
79 282 539 326 722 436 473 927 539 326 520 208 142 141 266 184 523 771 417 563 880 222
187 641 36 64 217 263 764 704 417 417 733 112 819 112 704 281 570 478 268 89 354 386 319 875 5 979 124 10 293 206 207 123 170 251 160 19 214 151 65 95 8 177 175 169 136 196
116 145 198 254 114 126 285 275 6 17 185 261 94 290 91 58 83 235 106 254 64 38 28 198
43 54 477 709 12 82 95 147 230 249 273 280 289 218 75 508 90 218 539 917 826 75 90 162 245 246 221 170 885 107 287 70 496 437 244 847 244 332 332 387 269 332 906 244 332 686 967 570 720 673 184 852 240
491 0 94 109 275 278 228 298 231 217 90 126 75 224 0 96 5 202 265 89 203 186 119
36 45 72 189 193 244 252 279 54 52 153 245 57 89 292 68 136 162 271 193 173 30 102 99 154 98 19 130
15 17 59 75 124 296 252 269 288 229 149 103 178 262 299 171 205 142 256 154 38 273 215 156
41 59 178 28 96 9 44 245 119 67 133 93 191 30 125 147 230 65 145 222 146 216 117
