112 116 212 216 152 154 90 145 243 903 70 583 197 277 608 818 125 907 835 58 864 236 37 48 762 126 841 276 202
61 77 242 497 372 713 37 687 642 19 623 197 633 611 78 271 554 67 643 995 34 533 678 93 44 260 123 282 173 255 199 91 299 146 77 188 120 158 74 289 263 249 217
867 128 214 255 85 35 164 82 268 152 273 207 243 279 298 271 232 263 92 136 294 224 269
132 223 290 686 242 281 957 547 659 610 568 547 610 568 173 525 495 705 561 5 556 933 540 397 78 547 189 192 251 291 50 85 26 177 153 132 3 106 32 64 220 119 1 95 167 293
859 138 156 187 235 208 69 154 164 241 50 191 149 205 0 277 253 239 49 74 251 126 107 136
499 921 3 254 289 190 22 134 174 235 92 170 37 31 11 91 52 8 267 45 96 239 255 184
487 86 129 220 258 279 108 273 9 5 298 282 33 161 25 47 194 247 164 85 15 147 28 186 124 250
867 64 205 217 249 261 165 132 8 217 260 134 123 183 236 264 63 94 107 283 43 40 160 194 80 225
521 864 52 105 111 126 135 177 204 291 235 272 56 83 93 255 250 90 253 162 173 65 118 128 19 117 84 269 267 192
521 945 20 62 93 106 201 247 154 15 23 288 171 202 135 286 268 121 38 165 60 99 287 39 152 31 26 123
403 859 71 108 129 131 227 276 274 145 208 97 18 132 142 90 210 174 187 199 96 217 183 161 283 13 211 226
569 79 108 214 12 114 121 82 51 198 22 156 53 1 269 70 103 260 149 31 234 196 272 249 242 220 83 157 269 244 116 76 222 32 254 250 264 17 225 273 266 235 198
487 37 268 242 258 100 140 286 243 89 182 61 73 64 22 200 53 62 154 43 59 153 51
594 250 189 172 22 42 12 293 97 99 134 155 292 29 146 31 110 81 158 290 268 164
106 123 227 290 288 19 77 85 199 268 225 179 25 209 283 266 262 250 142 207 258 18 189
886 3 23 202 283 226 290 214 56 137 149 121 156 47 18 98 155 134 115 44 31 100 101 265 142
786 831 76 88 195 16 218 159 229 124 134 129 119 278 158 251 89 155 235 164 100 98 293 151 176
831 22 149 188 257 84 275 13 262 30 247 132 200 115 290 42 105 297 94 185 142 273 226 78 45
686 886 44 105 251 193 23 216 49 0 250 249 32 8 5 185 48 227 281 84 121 147 114 241 257
686 859 35 128 296 182 198 220 64 170 11 73 10 107 247 219 246 76 106 196 188 69 212 38
895 114 144 151 154 265 225 106 17 277 22 214 259 109 154 297 250 171 57 266 72 49 128 93 167 235
45 97 130 157 183 54 287 235 196 158 143 59 105 192 228 37 0 144 171 106 265 116 296 211 64
18 46 73 90 22 64 51 260 44 197 109 246 285 38 145 291 79 270 205 55 222 257 231
403 481 556 35 81 39 207 118 152 112 263 22 254 150 180 230 70 247 195 24 114 244 222 258 3
24 214 154 57 169 148 174 74 270 144 28 282 205 118 34 101 69 16 76 106 208 95
19 146 197 127 208 51 163 36 108 50 14 124 41 209 53 185 233 99 232 149 101 6 142
686 86 202 219 109 255 299 197 126 116 171 101 96 189 184 8 232 41 295 130 27 247
886 119 165 195 128 37 102 273 25 277 66 189 248 281 14 4 154 145 6 215 147 206 119 238
945 10 20 144 217 79 209 142 40 287 228 94 147 235 152 284 83 242 70 194 98 22 86 89 245
487 93 224 290 280 44 26 63 245 137 140 225 112 66 276 288 145 11 287 21 147 37 87 229
413 886 92 107 249 245 143 21 189 121 188 67 243 165 63 181 84 288 260 95 144 58 64 287 9
134 145 164 256 71 133 150 270 236 907 276 276 236 48 864 907 608 693 759 77 185 190 119 63 212 115 702 14 96 202 192 178 97 252 9 215 267 159 6 180 118 29 59 0 56 181 55 105
556 57 100 191 41 281 257 112 274 97 221 268 236 218 278 114 131 273 138 7 52 269 99 135
18 76 129 147 153 160 207 185 143 53 125 28 280 110 37 193 46 168 173 260 36 256 73 2 58 113 213
91 127 227 91 52 143 46 31 29 246 43 253 292 286 288 233 175 244 220 283 34 21 193
137 237 61 14 5 93 11 282 103 161 270 23 137 202 204 165 17 269 7 216 149
171 145 68 178 214 174 287 109 35 152 167 65 73 85 39 232 90 229 171 3 259
58 166 173 192 287 678 995 623 554 533 34 34 623 533 643 34 135 243 18 540 386 116 145 189 430 7 163 28 282 153 274 295 68 148 100 252 165 189 77 146 255 123 11 154 103
148 276 12 32 227 152 146 278 192 294 2 14 3 140 239 179 98 25 112 223 226 210
510 945 43 48 167 296 144 278 101 4 285 43 299 35 254 72 202 124 146 91 267 282 23 268 123 195
84 282 173 204 199 152 125 139 122 216 123 274 151 268 210 47 234 31 153 83 90
211 502 126 197 227 202 202 268 51 289 245 245 289 51 289 6 229 9 131 101 119 182 471 177 278 250 224 215 214 126 270 48 238 23 171 128 17 262 161 51 27 202 93 98 156
199 239 269 272 189 168 151 18 215 161 42 257 91 153 249 60 296 8 284 297 254 224 295 256
510 3 73 153 189 47 238 116 4 270 121 82 102 22 110 292 104 115 291 101 130 223 225 184
734 10 117 133 275 264 214 279 146 169 179 232 152 57 80 229 21 73 69 256 191 200 71 176
0 4 244 28 114 79 94 123 277 177 211 220 227 268 281 129 139 239 294 273 257 91
368 100 225 121 173 233 60 49 146 77 211 277 43 87 18 196 31 260 54 51 193 216
330 675 263 107 71 63 121 131 270 46 95 252 196 18 258 49 145 33 297 61 34 257 139
43 254 169 52 62 136 263 82 36 200 21 187 233 256 73 89 150 24 271 214 29
886 35 139 46 18 27 280 17 2 180 118 66 121 250 241 266 23 122 221 176 114 82 5
78 121 136 271 0 64 184 148 56 212 5 287 192 141 196 240 172 12 113 153 265 6 33 286
873 172 197 233 6 288 141 281 251 80 145 42 287 275 150 223 13 122 86 179 158 186 71 247
836 897 109 173 70 78 251 98 200 7 215 61 99 144 278 193 221 84 127 281 197 211 115 141
556 897 40 151 226 86 255 208 136 101 239 4 287 209 122 72 56 250 199 148 176 54 78 34 167
65 114 122 151 191 288 207 78 279 275 259 210 196 128 252 157 147 217 188 185 41 108 19 58 46 112
55 234 116 167 127 88 92 21 267 180 152 99 129 93 149 283 237 18 5 38 111 2
481 897 41 103 133 288 106 72 177 209 192 86 217 27 44 11 118 101 169 261 145 158 78 223 60 239
330 76 113 135 36 23 198 5 26 258 214 17 257 171 267 1 34 14 73 158 55 63 57 230
151 169 203 203 24 134 182 227 17 209 251 205 153 150 14 248 148 190 238 247 171 215 25
786 873 56 265 330 63 250 267 864 58 276 608 864 48 48 126 48 48 212 23 77 63 185 190 175 113 759 46 57 179 115 270 90 66 186 124 283 190 127 255 218 275 149 238 38 233 272 68
556 65 82 116 265 244 255 108 73 214 184 155 50 270 286 216 34 157 293 218 176 132 111 60 205
983 150 174 200 132 111 147 48 47 252 219 276 285 281 59 11 196 209 31 42 294 163 13
121 280 154 200 167 94 157 278 81 239 72 95 66 7 204 74 86 281 220 47 93 221
779 41 93 139 176 530 171 215 234 238 243 851 987 339 925 477 812 686 141 211 469 214 67 766 216 169 944 97 37 307 323
126 279 294 276 37 48 608 58 126 202 126 37 58 864 46 384 108 759 23 115 418 283 140
32 130 182 997 164 508 164 955 978 573 955 164 392 573 675 181 507 802 789 147 210 149 882 175 202 127 119 61 54 198 108 142 197 81 92 153 41 168 273 109 284 106 141
873 36 248 92 299 294 114 201 44 107 8 170 135 36 142 17 158 67 131 289 105 68 153
47 103 221 27 47 202 111 35 50 108 75 122 32 187 296 43 69 49 85 219 165 109 150
823 983 54 56 192 886 26 32 36 556 556 292 643 266 38 659 195 196 526 181 830 977 948 123 530 128 334 168 70
145 215 117 744 578 858 414 906 744 295 7 402 98 186 322 215 11 360 224 62 124 295
30 168 270 117 744 578 858 414 906 744 295 7 402 98 186 322 215 11 360 224 62 124 295 578 744 589 414 117 614 322 744 906 589 117 858 186 7 10 62 245 295 98 295
983 65 103 851 267 734 851 9 793 851 873 851 230 244 101 826 875 170 25 712 187 995 12
97 252 270 187 59 59 243 164 59 243 137 84 94 81 279 182 285 103 144 269 202 530 291
72 186 800 45 305 319 749 45 749 947 547 800 727 813 691 528 526 992 57 235 173 613 211 154 273 50 290 221 129 14 274 55 202 56 123 106 193 250 94 102 18 294
510 57 85 152 103 61 292 251 47 211 26 232 183 0 74 193 179 112 293 144 291 75 59
4 73 75 171 222 487 2 180 995 554 197 643 372 995 372 34 372 37 830 116 430 145 559 258 243 642 386 504 169 290 49 110 46 115 31 237 297 165 199 126 106 263 223 267 203 253 192 80
502 61 146 246 142 289 155 49 244 214 217 9 84 59 27 57 163 189 262 186 297 85 275
84 117 281 183 103 7 119 66 104 266 277 233 221 49 251 78 236 168 225 40 169 217 43
56 82 217 238 277 786 44 98 105 161 202 660 498 944 993 498 784 100 798 993 708 92 130 157 580 156 189 157 8 12 222 9 291 251 286 41 20 276 221 249 99 104 17 175 194 172 252 192 231 59 169
15 29 98 106 667 25 244 169 254 169 169 103 271 29 25 98 271 121 118 232 80 8 696 332 927
686 734 160 175 224 36 104 17 45 104 24 189 223 42 149 222 233 212 952 213 890 261 88 36 94 221 95 53 50 121 88 272 200 239 40 44 150 206 183 231 110 17 241 39 109 118 284 188 127 78 288 27 87 155 141 126 165 199 237 238 216 68 157 5 117
162 253 40 164 22 234 240 187 120 174 274 165 0 295 86 172 270 27 126 283 34 118
487 108 211 675 873 286 293 817 875 603 972 113 817 817 817 860 113 619 817 229 955 518 15 24 307 307 162 183 2 58 53 47 86 78 191 123 226 162 16 163 38 197 92 244 10 205 32
330 897 986 197 240 267 297 280 261 244 160 245 42 26 161 183 140 28 216 197 49 137 62 150 104 18 215
181 241 265 113 40 118 299 108 36 156 23 11 243 197 273 205 166 19 3 136 153 20 219
7 229 180 30 67 152 273 276 281 122 244 4 158 63 195 297 285 189 77 24 256
667 886 22 54 69 102 145 259 267 20 156 132 81 148 140 246 95 296 163 143 213 69 192 195 52 256 227 147 124
734 146 265 272 280 4 237 47 257 187 80 258 132 238 60 226 134 57 45 122 221 55 166
48 202 295 41 245 151 275 163 186 135 68 256 45 160 94 69 100 183 220 176 298 5 165
42 46 62 70 250 197 220 88 17 296 191 243 35 144 268 75 133 30 272 4 165 227 159 14 217
120 153 288 203 52 273 212 287 267 244 183 77 185 240 279 11 252 53 125 81 233 44 255
38 41 78 285 487 78 151 288 63 33 33 13 262 33 257 262 262 117 262 63 139 94 57 530 103 202 256 269 167 48 162 88 286 4 197 78 147 164 81 96 223 178 7 243 75 128 104 98
177 209 283 190 264 240 1 73 19 225 105 24 241 132 276 245 104 17 167 155 220 210 103
64 131 70 262 77 214 192 42 0 8 21 60 87 28 84 80 13 36 213 133 296 176
0 7 74 102 259 115 78 211 3 175 75 209 190 141 1 151 297 125 19 255 293 82 99 145
703 1 74 77 181 206 258 280 170 271 22 106 280 202 66 160 193 279 25 0 249 156 277 179 70 151 104 105
175 295 129 81 93 60 0 276 98 145 37 33 144 20 187 53 218 289 62 148 99 170
166 203 226 285 167 9 17 116 27 223 98 87 280 103 145 12 118 128 11 272 262 231 211
667 61 246 299 245 126 144 197 67 294 128 235 283 146 2 149 256 100 65 73 205 254 264 282
37 45 143 191 217 239 608 202 907 48 126 48 907 58 276 48 236 864 108 874 223 140 185 23 767 759
129 187 191 102 274 55 55 55 102 102 289 238 289 274 291 202 81 182 204 139 84 144 204 8 88 298 124 41 133 141 272 208 1 137 7 218 200 196 26 180 96 24
27 120 127 182 73 79 103 0 109 133 202 261 190 174 173 175 246 265 282 19 4 216 26 205
796 51 93 180 185 194 242 294 55 179 134 211 112 279 184 49 79 261 269 288 90 283 18 256 15 214 82 59
487 130 57 134 52 240 164 271 84 103 277 238 33 208 248 224 294 28 160 66 82 41
470 193 285 51 151 36 232 280 163 113 189 208 21 293 291 56 284 210 89 55 159 196
42 98 186 77 250 191 229 150 238 8 46 181 110 121 70 19 210 249 133 270 176 235 37
686 66 262 167 94 81 109 201 237 80 202 171 31 115 96 143 148 78 184 98 277 146
580 873 1 7 208 275 487 36 75 80 175 416 293 293 67 17 416 800 238 416 416 61 447 12 142 109 294 83 90 488 229 185 47 109 227 124 30 271 289 277 280 266 117 199 57 275 209 241 154 60 78
686 860 54 267 280 276 217 72 188 130 201 70 257 64 297 124 47 234 137 108 218 30 198 231 33
686 278 946 233 233 946 125 466 946 525 125 504 660 616 292 830 189 349 243 438 37 18 40 21 3 207 133 291 33 180 242 75 159 204 262 235 37 184 286 38 101 93
886 16 99 101 145 200 232 263 118 291 117 78 207 75 264 84 47 285 46 298 24 110 172 60 99 109 55 5
680 786 2 52 405 871 514 208 651 298 420 420 298 420 328 514 643 908 126 60 792 517 154 69 295 105 4 189 110 74 193 83 70 265 158 176 188 103 28 36 102 13 288 175
831 4 47 273 80 101 172 241 15 238 87 72 168 40 242 123 183 279 116 208 64 261 218 4
726 222 686 26 48 108 125 137 271 598 851 213 526 155 76 213 838 806 598 718 58 143 29 274 326 691 873 960 577
70 210 229 261 618 118 118 225 618 104 180 513 618 118 513 885 125 55 139 51 43 647 237 5 60 11 158 216 277 128 50 61 182 189 250 29 258 69 32 289 237 220 244 100
14 37 95 181 212 278 289 860 17 39 249 126 236 907 864 37 48 907 58 864 907 175 108 740 23 874 185 283 223 115 140 276 75 78 8 217 9 133 234 134 225 183 80 218 76 220 282 35 94 157 86
686 91 256 98 181 202 48 58 126 126 236 608 864 864 23 767 759 77 108 175 384 63 115 418 740
734 73 81 96 107 112 146 0 279 246 246 149 149 228 196 74 232 562 236 256 213 996 54 239 251 658 20
223 230 767 254 764 764 45 767 619 985 251 314 951 999 870 980 521 175 747 989 99
56 61 224 364 555 555 835 364 365 364 992 764 175 835 992 169 44 568 120 78 886 592 261 20 212 129 248 264 12 156 267 250 49 226 45 277 130 157 3 97 62 16 98
675 114 155 213 250 254 686 12 102 273 608 202 864 37 202 236 907 37 48 236 37 58 806 212 759 740 283 108 46 140 299 241 184 127 182 116 47 258 180 215 48 212 220 122 5 139 279 253 0 226
201 148 293 136 140 256 57 296 192 50 197 247 55 37 202 258 194 186 62 125 179
623 207 35 291 770 315 367 521 521 367 304 521 770 315 712 100 224 842 147 402 573 955 153 870
3 87 213 217 288 965 67 866 134 616 866 617 836 267 136 241 538 54 390 433 286 886 227 94 754
87 704 997 480 987 435 435 967 243 987 164 933 186 448 354 247 678 422 987 508 250
121 186 48 126 48 276 126 48 58 58 236 202 115 108 175 418 185 223 806 212 46 740
148 167 466 42 897 187 897 466 934 814 54 187 116 714 530 64 185 32 345 848 44 848 163 207 176 95 93 137 135 112 36 269 103 180 140 219 241 205 92 133 12 80
368 901 45 85 150 158 270 61 285 135 166 264 293 246 103 8 185 138 156 219 92 45 84 55 30
69 106 139 175 226 247 481 897 10 158 188 276 907 236 48 202 126 907 864 202 46 140 77 23 14 384 759 740 115 806 767
686 10 103 121 288 794 226 46 158 23 932 386 237 491 820 530 123 269 583 144 932 117 291 182 157 199 101 228 36 41 194 185 259 224 147 191 142 148 144 52 159 257 56 8 102
188 197 210 294 805 897 0 75 92 290 230 818 247 16 567 194 818 784 194 182 293 800 751 412 780 215 714 243 143 100 156 271 196 285 172 21 129 266 264 208 28 283 187 82 228 93 219 168 215 32
901 134 112 185 237 214 288 180 149 291 64 296 235 39 292 135 246 219 59 156 160 166
42 68 92 249 117 165 158 238 246 111 59 35 296 97 217 125 17 54 10 222 129
481 935 130 145 185 195 249 172 256 49 10 165 183 219 39 34 104 167 160 184 23 6 176 156 200 171 66
831 26 41 92 197 296 225 210 43 935 210 932 991 210 935 621 406 786 134 729 127 85 58 638 591 213 294 184 144 25 151 209 259 222 189 201 234 134 245 295 110 17 135 13 232 249
75 134 211 229 34 160 26 150 128 132 181 136 164 42 202 290 151 95 48 141 103 134
12 145 167 269 487 182 226 272 29 653 965 239 965 118 965 487 233 487 476 24 9 314 400 666 103 508 857 106
138 244 984 353 928 879 917 75 640 353 174 640 570 444 142 229 83 109 339 288 610 859
49 145 287 486 944 684 944 723 141 298 684 221 669 894 526 238 204 175 681 801 321 766 410 102 128 253 60 8 269 16 238 287 67 0 242 199 21 215 114 198 104 247 38
729 10 25 210 142 95 228 137 112 64 155 212 34 162 180 255 25 258 167 136 278 4 178 179
734 22 26 74 88 94 140 150 37 191 254 1 77 287 249 246 286 44 285 26 197 196 213 259 276 230 189 280
207 210 229 37 37 126 907 907 202 202 58 236 37 608 202 212 115 767 806 46 283 108 63
65 137 162 224 179 77 487 492 487 832 492 179 338 179 224 38 95 187 830 503 324 180 470 225 111 268 134 270 275 241 200 196 242 105 235 22 51 281 210 154 32 33 139
805 36 65 154 261 935 777 790 710 759 109 700 235 545 534 44 825 420 344 539 353 974 334 197 997
116 907 37 58 126 48 202 48 126 740 108 63 175 46 77 115 23 212 14 874 418
368 8 48 154 221 250 99 921 261 99 261 237 383 261 31 220 274 53 716 75 323 202 160 946 359 524
805 141 201 251 269 244 722 906 332 906 237 290 906 720 141 686 602 673 385 207 184 279 570 460
190 264 244 722 269 332 722 290 244 237 847 387 132 852 570 141 720 673 182 592 686 279
423 104 207 223 202 276 37 276 907 37 276 126 202 608 236 58 14 175 418 108 898 140 63 212
97 152 40 163 71 921 921 99 71 71 322 294 172 83 541 229 787 419 973 90 451
623 37 55 257 60 405 298 420 514 871 514 405 298 366 570 69 450 117 908 555 679 514 154 176 289 75 233 19 248 113 37 247 278 175 181 26 171 264 183 141 92 236 147 29
328 211 249 27 16 127 6 103 140 166 74 65 137 14 121 10 7 274 268 110 152 204 138
786 58 189 252 147 200 32 179 180 216 30 149 130 257 208 141 3 140 191 45 174 95 283 269
667 20 154 263 6 22 70 131 196 238 258 296 307 180 116 354 46 307 665 641 789 204 204 789 1 64 716 116 849 130 528 67
145 267 488 753 299 488 484 912 299 574 766 417 766 932 530 269 736 182 586 491 279 820 21 5 70 199 59 39 256 235 290 113 3 118 217 257 124 49 291 62 177 245
67 271 318 237 803 803 25 418 884 884 611 803 118 25 418 530 687 236 818 42 384 677 133 108 216 16 296 131 122 286 138 55 45 82 204 90 74 146 214 124 8 57 191 21
487 680 805 229 270 686 292 284 278 877 495 89 877 495 495 89 284 89 89 281 60 578 547 132 10 391 980
72 181 638 655 987 511 638 638 987 858 114 638 454 834 482 482 595 633 280 726 763 664 220 152 269 216 111 253 6 249 40 287 170 259 132 114 177 189 115 268 61 12
404 81 145 786 16 58 119 139 241 530 960 960 212 212 530 152 695 541 86 212 960 264 550 823 447 493 726 28 23
9 31 196 207 670 579 702 895 648 702 670 553 438 653 495 104 239 801 681 311 199 246 438 695
597 638 930 256 961 323 273 110 323 467 938 365 323 621 961 97 76 16 565 635 660 402 753 155
481 58 103 107 168 55 484 945 484 265 926 902 265 484 945 55 554 336 95 807 753 659 257 235 125 23 245 48 228 190 44 40 29 240 159 203 285 90 150 18 269 227 276 167 231
154 243 63 220 298 142 22 83 54 253 282 42 182 51 209 38 136 271 24 28 109 206
