43 45 162 215 128 145 56 109 207 122 135 296 158 110 181 35 217 213 77 146 290 201 157 282 36
435 71 177 280 277 62 251 296 168 255 111 61 138 224 208 53 185 90 147 29 3
12 178 182 229 249 804 113 117 1 5 272 199 270 7 143 156 185 231 152 245 258 155 232 107 178 287
4 57 79 106 267 295 616 298 28 71 64 289 7 226 0 17 286 129 119 141 245 118 224 204 15 112 154
96 103 135 148 832 699 154 494 154 6 699 840 508 327 955 832 530 840 127 216 662 573 870 468
208 296 563 616 18 122 217 1 189 26 187 255 106 243 72 244 29 248 152 93 289 249 107 96
15 62 290 691 840 203 203 376 919 960 232 843 919 203 376 206 82 215 224 13 502 790 144
47 85 435 788 726 581 727 226 717 481 726 118 0 100 315 211 691 742 812 902 24 118 177 729
918 56 119 176 180 267 61 279 167 24 93 144 192 246 161 366 61 907 68 182 200 455 609 272 59 239
111 435 616 636 206 543 665 636 361 2 636 361 726 665 195 471 16 289 61 355 252 939 237
47 87 112 903 521 521 893 315 55 770 304 844 116 207 417 217 655 970 250 591 951 177 186
217 236 788 169 239 25 114 34 40 42 14 107 62 98 90 48 44 229 33 39 209 148 188
236 279 299 185 291 219 75 83 294 144 234 56 42 92 240 171 153 210 114 220 70 177 64
5 77 85 94 278 616 180 117 76 38 58 72 68 255 264 147 15 103 83 42 247 165 270 269 262 95
969 67 151 180 134 313 877 572 786 467 467 786 346 398 398 398 294 59 207 957 274 447 800 276
170 788 147 832 6 840 327 147 955 154 840 494 832 699 704 413 289 449 37 147 524 663
969 4 83 106 237 293 147 832 6 840 327 147 955 154 840 494 832 699 704 413 289 449 37 147 524 663
92 111 116 151 190 512 133 158 8 143 156 137 277 185 100 295 74 12 102 106 145 197 256 27 293 182
122 158 161 174 241 252 39 259 130 270 27 295 36 293 107 26 245 221 19 193 152 176 79 122 157 81
30 250 512 791 457 284 806 361 753 753 753 62 634 826 218 91 181 3 22 204 514 533 174
54 62 71 73 176 244 259 261 269 186 269 186 136 269 269 188 151 33 199 635 106 41 27 161 49 330 156 26
0 28 215 261 271 118 165 96 222 170 226 84 73 152 31 185 71 45 271 70 89 186 2 143 218
16 107 3 35 139 77 218 71 145 221 249 16 152 262 147 12 243 237 185 187 241
238 277 355 526 550 532 854 208 208 208 532 662 550 211 33 263 598 131 50 565 138 251 124 239
152 176 148 90 188 94 137 244 262 144 242 27 45 185 297 112 271 114 124 272 59
35 67 75 79 111 218 268 526 717 226 750 726 742 727 579 118 226 581 750 216 716 245 191 679 24 542 100 52
55 95 110 512 76 220 106 206 162 196 26 110 226 278 47 109 143 295 131 193 285 194 181 154
45 52 54 138 171 903 521 844 770 832 770 315 844 521 770 903 367 970 655 39 97 186 591 417 153
106 233 238 145 106 33 244 189 197 259 209 275 60 229 170 173 265 144 107 19 127 83 70
72 788 691 339 544 339 708 698 221 339 544 334 125 714 892 17 493 459 819 280 66 67
907 85 290 435 804 82 80 288 250 84 100 9 64 73 154 148 11 102 58 37 56 139 118 191 44
269 996 375 260 482 998 998 192 57 30 294 173 620 18 17 586 35 164 149 196 284
144 163 224 249 202 154 233 34 40 277 235 82 289 145 95 280 18 52 131 60 81 41 105 171
19 173 206 727 579 717 579 579 581 727 118 579 508 28 216 679 17 52 750 275 161 37 331
38 51 296 253 214 114 155 297 193 57 94 72 97 76 96 213 70 101 121 170 291 244
161 192 227 216 17 96 39 60 79 118 185 87 207 127 32 223 219 261 231 133 72 36 205
173 191 208 227 293 111 198 97 253 187 216 297 4 260 275 294 22 249 252 287 87 77 288 230 209
45 225 42 46 263 270 59 283 164 63 251 280 102 113 25 37 62 74 115 223 65 3
34 62 85 97 163 217 256 161 889 5 247 64 28 52 28 889 687 215 7 582 353 44 94 206 539 197 375
32 44 250 221 31 250 296 296 91 296 239 31 24 95 318 180 119 63 137 156 108 287
36 59 296 886 47 275 105 259 72 47 168 886 173 254 72 21 277 83 800 199 237 142 200
13 526 255 117 256 41 258 8 115 270 55 289 271 228 166 203 52 65 79 82 217 54
42 56 64 73 168 191 262 804 141 89 39 67 217 225 17 86 299 227 223 263 247 253 43 261 144 135 87 197
52 138 161 205 266 274 120 82 172 228 67 241 41 261 242 62 115 233 271 7 18 50 34 226 203 222
28 120 160 190 253 294 141 31 43 182 141 137 249 128 278 586 14 196 110 400 980 18 35 133 109 620
143 180 209 10 69 104 187 205 247 296 608 567 608 55 55 567 54 980 267 608 567 234 814 958 269 69 903 264 20 339 295 279 94 288 279 175 94 28 28 94 295 265 119 16 114 108 285 63 95 77
65 107 293 83 148 288 83 36 94 83 28 24 123 156 31 16 108 55 119 77 180 280 95
113 206 212 174 53 116 201 258 80 102 129 183 14 215 191 60 188 179 213 153 15 56
20 647 288 602 602 285 105 396 83 48 150 148 248 870 375 261 539 44 206 197 687 94
55 176 248 287 355 526 186 104 268 128 105 179 48 279 58 175 25 73 283 113 71 288 252 84 260 56
32 163 190 204 699 840 147 494 147 508 147 494 832 494 699 832 800 417 90 107 34 32 573 291
13 74 187 229 559 77 199 985 125 77 84 343 71 21 800 886 83 200 83 53 54 142 277 252 989 278 286 276 264 151 263 230 246 13 89 64 65 237 162 218 238 139 86 55 195
10 107 177 229 231 231 229 15 95 15 197 200 15 235 182 96 215 288 861 131 706 66 790 849
10 81 94 115 280 39 39 234 361 35 96 47 39 35 96 100 277 37 28 174 826 91 761 194 93
50 221 6 6 955 6 840 508 832 508 955 955 494 154 257 215 800 115 127 15 32 247
92 160 211 269 127 115 93 127 115 165 115 241 227 5 67 471 192 800 21 47 142 83 54 200
59 86 107 552 804 10 238 223 132 209 248 49 152 194 119 95 180 63 285 24 31 137 835 77 114
104 206 210 280 281 348 624 856 856 348 348 348 33 313 687 640 140 447 110 149 239 292 476 190 17 171 915 279 429 915 199 429 49 683 195 34 950 503 510 106 18 33 161 27 199
772 141 45 182 182 265 235 235 45 293 164 87 69 255 339 11 440 119 119 88 264 271 260 155 164 282 160 181 161 137 271 9 174 3 86 114 288 119 52 51 69 128
168 294 61 37 66 178 210 247 264 176 198 197 156 152 81 220 236 109 99 195 270
77 271 18 242 23 182 143 114 68 298 259 229 185 189 245 3 36 170 181 53 272 112
139 172 229 28 154 184 416 107 102 33 107 97 33 167 242 97 242 70 814 119 271 234 255 119 148 264 105 278 3 37 255 3 37 3 255 114 105 290 164 14 17 586 35 64 284 980
253 113 231 73 104 100 164 96 78 251 4 6 240 131 170 225 245 290 49 39 211
206 127 127 130 154 26 0 265 242 154 146 989 800 83 143 53 21 192 142 16 47
57 80 119 201 235 286 304 832 521 55 315 315 521 521 55 870 116 153 955 840 417 748 53 202 100 177
44 171 178 207 76 160 5 115 48 188 159 205 215 68 131 275 258 104 185 100 35
170 235 271 526 761 278 688 570 106 291 447 178 650 177 311 490 637 534 732 466 111 217 677 211
148 173 114 231 287 201 294 96 156 111 230 159 218 277 55 242 290 54 245 107 172 241
199 18 147 95 46 278 22 158 81 149 162 159 194 235 298 134 96 64 233 103 74
103 189 265 32 274 2 190 23 259 208 1 269 189 141 230 177 101 58 277 219 47 162 20
59 177 226 278 526 15 164 164 181 181 81 15 14 226 181 274 17 832 447 826 292 77 317 957 33
907 268 125 77 85 176 130 142 160 31 203 164 88 250 109 155 3 46 14 22 195 241
155 227 91 263 209 280 22 277 114 299 113 105 271 245 93 137 98 296 177 178 133 39
18 70 105 152 160 389 199 277 199 267 201 208 667 267 318 137 55 835 119 285 280 114 16 95 180
41 106 134 165 230 165 165 52 65 75 727 727 691 414 28 287 182 91 761 859 93 174 215 43 37
85 89 130 179 35 7 288 159 105 49 18 87 282 241 92 244 153 38 257 54 196 298 67
71 145 160 156 111 20 71 20 111 20 295 663 111 202 110 257 39 149 980 164 413 214 203
167 285 202 269 269 764 269 103 278 44 269 297 177 215 706 236 790 849 642 190 201 96
30 63 150 727 726 726 581 750 727 717 579 742 188 679 902 802 269 812 216 82 182 17 52
90 109 167 264 81 152 198 252 196 153 193 12 129 164 122 263 109 149 219 135 74 157 43 56
33 72 206 286 137 83 29 168 190 227 218 184 208 76 23 13 37 173 195 182 171 111 89
32 214 163 264 72 152 120 285 256 104 296 118 74 7 186 121 101 149 156 11 23 22
156 257 276 285 866 163 16 874 599 285 163 197 270 67 836 743 122 77 892 280 186 226 17
41 78 240 256 355 227 271 239 182 287 24 57 137 269 143 82 226 20 98 204 187 230 19 21 220
48 106 209 104 283 136 245 111 250 293 209 200 185 299 15 217 72 122 108 286 96 273 84
68 90 98 170 222 230 274 526 235 249 235 344 235 167 279 279 167 557 235 215 7 31 582 94 138 197 539 539
51 168 191 207 138 28 57 268 65 236 199 38 142 46 220 122 170 52 24 96 159 213 276
102 225 237 24 471 63 281 98 24 819 63 24 819 471 63 192 143 16 800 989 252 21 83 181 181 164 195 218 218 137 415 218 659 35 164 25 257 39 586 149 64 110 108
85 100 113 273 121 287 135 244 98 200 50 21 232 104 78 187 288 198 283 227 265 1 41 82
84 102 161 188 261 592 268 299 70 287 100 92 79 218 39 21 96 193 229 152 30 93 99 34 8 91
512 537 272 193 272 546 193 89 788 272 372 831 47 193 106 275 800 199 33 49 27 503 219 73 265 124 35 291 198 76 97 284 259 83 256 280 199 105 229 184 14 159
45 107 159 211 49 74 247 44 91 205 253 282 105 104 273 14 251 191 142 68 236 119 185
62 107 239 633 184 926 150 339 927 261 633 328 249 276 582 344 31 7 825 353 539 94 215
4 36 43 125 141 185 903 367 903 903 844 55 367 304 903 770 712 655 224 53 153 842 417 208 573 65
155 165 178 248 75 207 190 255 53 247 236 38 215 50 150 186 213 107 79 44 216 106 13
85 133 153 267 213 281 157 184 199 129 104 43 135 84 143 124 91 72 71 37 287 165 111
1 262 63 202 50 194 260 121 228 46 210 110 141 287 81 13 120 71 294 286 298 59
967 118 95 251 1 229 212 245 85 285 266 19 220 234 89 118 226 254 186 91 267 242
175 229 273 355 276 62 117 16 85 187 4 275 52 93 185 273 299 175 169 104 247 271 296 73
60 196 296 224 20 252 238 216 59 182 235 110 221 196 155 148 53 50 152 179 34 57 273
149 164 178 275 279 804 265 35 266 247 135 158 77 185 138 31 44 375 261 539 197 344 353 209 687 825
88 100 197 512 233 146 240 36 200 182 289 244 203 124 194 8 92 293 10 90 135 288 201 67
259 267 292 197 269 15 278 28 253 241 59 259 164 297 184 245 46 127 31 191 192 42 53
35 81 145 146 212 235 223 52 276 82 255 145 20 252 250 184 254 43 111 253 297 126 282 192 268 121
43 128 176 159 28 297 8 297 226 297 586 257 133 284 110 149 14 214 39 17 980 35
11 95 227 275 44 267 74 135 24 59 58 218 46 106 234 179 206 299 120 185 145 166 240 122
42 228 245 630 153 206 186 135 69 205 233 62 263 12 109 114 157 266 117 99 256 28 91 292
100 103 163 211 139 147 285 241 104 89 218 276 18 220 282 90 0 10 30 171 127 102 111 157
111 166 167 145 115 251 58 204 247 194 269 144 237 62 256 262 297 192 159 109 17 125 162
933 126 103 122 183 275 23 89 206 227 49 167 112 188 192 9 249 165 94 225 33 254
190 181 119 247 19 291 226 241 95 90 3 34 38 128 201 279 84 283 193 100 199
231 512 559 999 565 495 201 565 823 426 419 280 732 569 307 170 49 568 357 60 192 705 625
74 134 804 143 19 81 262 77 26 106 1 56 72 59 281 268 296 15 94 278 153 11 127
94 133 186 804 228 93 223 28 26 225 145 151 191 285 188 18 249 164 59 83 280 268 166 169
27 72 32 649 581 820 649 217 863 581 181 820 581 820 182 28 414 411 287 43 93 843
907 101 249 269 249 240 269 274 249 59 59 117 108 980 413 149 39 164 133 257 110 620
34 148 263 489 348 690 489 198 489 690 67 213 226 7 971 93 61 289 830 654 101 89
32 146 222 224 355 680 295 195 172 680 157 172 140 680 140 157 226 186 459 892 271 228 280 77 836
967 20 140 229 268 40 489 348 87 198 198 67 451 880 252 226 7 18 226 93 654 89 289 971 101
159 752 183 183 169 508 169 897 41 64 742 183 637 825 209 582 974 31 7 539 215
122 209 1 75 169 80 249 9 203 183 228 139 191 276 76 236 240 135 238 230 189
272 179 337 279 267 290 118 337 131 290 40 297 236 739 66 741 131 195 215 297 706
75 166 287 7 150 641 7 290 290 977 195 977 290 24 133 989 54 800 83 886 200 471 21
59 71 133 34 20 175 185 0 172 91 90 212 66 263 50 60 223 17 270 61 226 283 130
3 169 186 208 240 266 355 195 195 705 195 471 977 471 705 471 5 5 21 800 53 989 886 252 471 47 284
175 224 250 551 66 885 492 66 551 492 272 852 317 265 654 278 880 289 93 768 226 61 546
125 213 122 157 246 82 267 120 271 219 45 12 218 65 148 198 187 265 175 266 249 232
42 76 170 285 4 59 35 65 213 226 286 199 39 216 200 236 84 13 256 70 299 264 104 218
51 75 148 202 781 135 105 161 209 209 419 161 209 105 226 280 58 270 271 77 17 66 743 892 186
97 129 742 727 750 717 727 750 581 226 579 802 750 109 587 17 269 82 173 902 163 6
11 16 30 59 233 298 230 91 26 266 269 143 58 265 247 254 93 17 164 71 222 182 185 128 215 30
129 234 274 151 234 14 140 168 163 232 277 181 231 46 245 156 166 8 266 258 271 149 4
967 44 79 102 150 169 218 227 250 633 231 134 163 125 163 495 687 582 138 94 176 31 215 209 539 974 539 52 261
12 150 171 234 278 199 128 150 145 260 259 216 249 9 47 57 228 111 26 119 203 137 92 76 1
69 100 204 261 215 156 921 215 215 182 118 261 283 631 197 63 288 45 33 500 99 445 741
154 161 205 267 257 151 203 148 128 97 57 218 22 153 87 258 150 144 110 28 199 158 131 143
12 143 193 200 242 268 293 83 235 134 80 231 134 83 261 134 35 110 164 257 980 17 14 64 39 586 25
166 903 55 770 55 315 315 770 55 367 315 116 955 906 573 100 417 224 147 39 870
236 251 955 508 6 832 154 955 327 6 179 247 800 198 257 417 682 107 257 573 170 985
58 68 170 208 261 40 72 201 240 100 3 235 116 226 284 124 103 136 36 295 54 17 213
10 149 275 227 235 40 125 77 5 181 101 237 177 199 75 289 161 193 139 260 57 74 93
31 82 98 121 213 297 241 286 253 62 34 64 5 118 283 156 151 66 161 249 289 228 128 117 56 218
2 196 212 512 761 215 445 8 287 287 286 287 287 21 47 800 277 16 284 989 192 200 884 471
78 109 269 273 284 579 481 581 481 727 742 581 717 163 6 750 802 182 17 52 188 587 269 28 161
907 81 99 116 81 51 210 243 185 100 86 246 212 97 74 234 95 156 222 278 294 8 108
25 91 152 167 239 548 183 876 588 548 588 522 522 876 184 375 825 582 353 687 138 197 997 261 176
967 78 110 133 165 181 291 198 266 69 89 154 299 192 183 206 228 55 68 13 3 278 24 148 97
34 145 150 175 526 154 699 699 327 508 832 699 955 508 154 832 147 115 417 32 170 682 257 985 800
3 57 137 219 250 835 906 176 171 389 307 474 650 650 261 825 197 138 375 974 997 94 539 582 215
23 127 129 147 226 579 750 581 742 717 226 579 727 161 52 173 269 587 28 163 750 902 182 17 773 563 559 559 773 773 454 820 466 902 434 663 471 277 83 21 200 886 252 16
29 207 264 370 742 579 717 481 581 118 581 726 726 742 750 587 902 109 6 802 750 161 163 679
73 88 190 227 231 238 742 727 727 481 717 579 481 481 481 581 481 17 802 812 188 182 163 28 587 679
87 184 251 257 689 284 328 542 284 994 500 804 284 631 103 754 340 69 905 211 111 1 677 311
26 203 217 232 233 254 280 555 589 787 824 601 606 339 555 626 957 49 635 151 682 950 195 275 33 767 199
124 215 238 255 804 893 832 770 893 315 893 304 521 55 304 832 903 402 906 53 615 224 748 870 955
252 897 677 286 286 938 938 286 193 193 263 806 259 990 734 340 784 972 509 91 335
83 109 172 512 238 193 238 938 193 504 730 206 206 386 238 193 263 288 768 734 806 972 259 267 742 847 742 481 118 678 742 980 481 195 678 52 802 331 173 82 269 902 163 6 218 608 929 608 976 374 311 929 374 820 800 53 192 252 16 54 989 200 142 83
205 232 276 358 917 530 695 938 589 545 917 582 766 288 741 177 695 711 66 236 861 131 182
117 168 297 47 852 47 96 852 96 852 248 828 3 342 819 690 15 859 195 273 543 754
51 104 132 10 236 19 214 268 201 193 263 195 298 269 77 171 34 255 54 91 139 103 147
96 132 221 820 659 374 299 287 287 526 259 155 659 299 820 659 939 192 284 83 252 54 16
261 512 367 770 304 315 304 521 893 832 893 53 208 700 417 748 402 955 224 870 615 712
23 37 71 79 253 220 220 296 583 106 100 100 123 203 977 17 108 586 64 257 39 891 25 110 14
71 172 240 266 277 229 78 179 206 25 74 17 274 282 153 18 10 32 219 192 162 238 164 161
74 235 6 699 840 840 147 154 699 6 508 215 115 573 291 985 179 800 704 170 142 107 195 154 117 220 111 285 244 40 174 267 101 68 149 29 45 201 254 211 237 234
58 107 157 173 274 715 196 15 715 583 15 15 106 284 715 39 14 25 17 35 586 400 977 905 64
20 210 526 852 215 195 242 172 175 238 33 265 202 95 16 218 189 110 222 20 96 131 76 135
14 59 73 244 277 67 76 190 129 161 211 165 8 16 202 30 100 117 180 126 71 82 192 122
11 206 211 231 288 287 198 232 260 193 150 47 102 82 159 52 191 289 279 176 134 91 229 265 251
120 140 791 160 16 373 288 373 196 160 373 110 39 413 17 14 284 35 164 977 64 203
62 83 162 293 60 50 195 201 43 146 93 134 8 58 219 220 244 161 154 173 192 69 277 81
1 84 110 186 247 595 30 407 902 973 921 30 921 344 420 209 474 974 353 997 138 44 375 539 582
27 245 292 152 259 234 248 252 288 44 256 83 295 106 21 67 92 145 34 287 144 189
62 274 181 62 166 267 190 266 74 288 119 11 127 246 169 5 275 168 56 66 99
90 112 144 647 288 196 148 288 182 14 288 25 214 164 110 715 108 891 35 64 14 257 400 39
36 76 191 678 701 678 468 991 264 679 602 266 991 678 43 91 28 213 784 93 691 843 414
223 246 56 244 142 33 204 279 280 240 23 60 55 65 13 219 87 210 165 147 140 31
20 114 131 147 187 205 146 249 52 146 40 52 145 57 28 505 85 355 237 179 31 154 225 115 75 729
14 37 130 14 133 284 27 130 284 257 164 891 39 413 400 284 35 977 110 586 214 25
132 512 84 55 228 124 170 213 262 112 235 2 181 60 27 280 70 30 169 136 117 110
6 78 85 131 132 171 249 214 283 87 139 101 276 164 117 43 255 94 232 83 10 156 195 69 81 85 196
165 177 109 8 192 161 138 128 245 284 215 276 98 212 281 167 130 77 34 121 269
177 276 30 249 865 272 829 30 2 146 75 144 225 729 28 179 355 154 237 115 27 291
4 69 831 708 841 810 69 879 69 810 385 472 513 83 252 83 403 142 192 16 284
258 297 183 281 18 98 155 12 23 177 40 224 49 248 216 228 11 14 156 110 144 261
33 174 263 279 992 309 251 601 291 449 81 291 601 992 641 182 297 177 739 711 236 766 790 96
33 280 293 1 252 255 195 229 148 205 172 123 122 233 292 30 149 200 290 231 106 175
