25 292 416 10 25 70 153 224 99 72 281 771 740 746 679 731 510 500 644 251 870 52 171 687 789 383 858 776
808 125 142 174 169 192 50 144 13 9 125 281 194 110 133 226 26 285 65 202 48 270 58 135
58 100 156 197 123 761 284 123 284 361 361 806 806 761 761 806 16 708 761 745 806 284 761 209
648 704 343 308 304 308 343 275 275 241 984 681 308 233 424 431 23 846 145 65 65 233
20 78 116 69 158 162 218 276 697 995 663 881 324 663 114 205 254 928 290 171 516 64 35 196 886 884 377 721 284 25 85 15 282 73 184 9 243 13 27 0 223 20 238 39 57 229 168 83
124 233 32 18 190 286 161 204 292 107 153 191 33 296 212 84 141 199 149 66 206 219
575 988 100 230 85 212 66 69 225 203 93 241 103 230 128 97 149 135 162 118 76 218 87 279
25 34 253 270 229 978 978 978 871 326 47 871 978 990 821 893 336 381 667 3 151 960 60 808 97 149 19 80 128 208 81 11 100 189 45 63 283 16 89 241 256 29 170 158
28 176 201 82 200 251 299 123 265 80 117 85 144 8 130 64 184 129 84 181 192 46
4 292 238 164 189 17 113 273 207 97 190 260 229 154 103 200 5 267 247 54 175 99
0 61 297 292 131 14 175 241 116 282 55 187 42 54 20 7 160 153 199 18 118 279 250
1 165 171 266 80 47 148 97 200 254 24 259 172 201 197 119 229 89 115 100 212 232 154 78
166 170 126 81 269 93 81 14 264 160 87 77 209 402 15 916 133 4 279 254 72 225 112
808 108 127 240 299 38 229 294 292 248 38 64 271 250 175 613 48 146 9 6 11 23 165 617 37
192 268 38 48 25 988 96 185 58 59 58 59 6 617 146 250 125 48 706 73 239 282
291 687 687 951 407 653 223 391 653 40 162 950 184 67 618 2 101 29 286 113 842
982 130 144 520 86 775 342 725 838 520 838 775 86 301 181 196 123 168 356 530 168 695 17
40 90 167 188 200 215 256 202 186 19 176 164 202 59 59 202 72 976 882 209 674 402 103 92 279 69 112
527 299 127 127 276 245 203 129 203 284 282 276 146 196 169 250 37 23 73 269 706 11 343 308 233 233 233 343 681 23 308 308 135 252 171 283 229 222 217 187 40 233
11 29 198 271 99 120 70 111 83 187 63 161 268 275 132 118 108 93 191 224 155 203 128 262
80 82 158 164 204 227 172 206 207 217 290 179 179 210 290 179 71 71 129 182 259 19 250 194 617 269 130 73 196 89
97 108 246 422 864 250 906 375 518 375 706 250 903 518 864 284 834 929 79 228 364 225 133
808 30 180 176 51 101 51 86 223 101 5 23 112 103 674 882 882 279 976 69 225 4 209 304 984 681 681 304 204 304 343 275 241 984 204 293 24 135 9 94 40 828 233
871 131 90 93 146 225 277 286 192 121 290 68 52 204 38 261 42 125 12 61 137 35
70 177 251 20 215 85 240 206 5 22 113 270 174 146 129 252 224 42 106 273 61 1
527 714 15 94 95 123 130 135 112 248 15 38 15 146 291 276 132 115 160 82 371 740 125 60 184 980 32
14 74 171 136 194 188 289 86 1 260 255 107 38 276 275 119 280 256 92 213 68 10
23 111 246 183 46 109 240 194 234 28 89 275 44 78 4 218 107 182 200 238 247
20 37 179 287 416 241 184 113 127 130 164 80 298 255 117 225 273 287 125 83 119 195 146 103 74
179 182 290 299 293 169 296 197 200 205 290 258 204 128 134 3 59 177 70 247 232 131 161
27 55 95 182 242 14 229 199 141 295 24 226 148 105 297 125 257 254 146 74 131 178 56 9
89 293 4 58 198 274 256 124 41 148 17 285 194 169 38 100 217 295 249 161 163 5
527 103 211 223 118 123 266 232 6 236 115 139 166 160 242 295 37 260 57 183 56 86 230 59
60 113 146 24 26 121 209 217 241 324 609 318 348 271 271 324 271 348 335 121 926 82 437 349 40 461 233 178 189
112 121 194 280 11 0 229 250 281 897 897 78 897 187 516 964 221 176 179 155 55 141 5 41 432 122 92 514 92 122 122 266 342 92 514 11 64 176 840 413 268 427 960 621
5 9 288 299 261 38 126 200 160 17 169 1 223 298 258 235 118 244 224 151 247 199 14 138
527 43 109 227 0 292 132 241 132 178 297 250 150 288 13 255 24 62 549 146 28 138 225 13
246 97 114 462 958 462 250 609 348 462 505 44 24 82 258 87 194 121 926 247 178 233 505 0 66 114 21 97 63 100 273 137 83 16 268 111 64 210 155 124 198 76 205
203 65 50 6 32 15 256 111 81 90 271 105 239 96 176 132 184 224 24 280 114
527 978 20 145 232 233 240 49 296 66 17 207 78 151 221 168 52 235 184 153 22 225 26 105 285 272 185
808 24 101 142 174 194 210 176 94 128 149 176 199 94 227 227 294 250 275 24 13 290 72 549 138 255 411 224 52 35 106 72 279 121 186 187 232 88 55 277 268 132 249 7 73 214 204
112 145 170 92 130 157 101 127 93 124 225 260 87 116 285 223 230 33 297 172 35 30 83
249 527 22 39 71 85 126 151 185 238 906 375 238 422 518 706 864 251 364 79 245 225 787 60 235 274 109 207 925 275 126 65 202 37 266 7 245 209 287 72 206 120 284 168 90 110 23 281 272
81 206 0 228 46 94 178 276 42 189 123 34 75 53 256 113 203 110 233 109 152
100 192 280 148 255 174 177 79 69 73 144 166 215 54 128 253 108 132 136 160 213 191 235
134 45 207 200 49 206 257 146 212 117 63 190 236 73 296 98 18 122 22 147 97
4 10 72 79 150 290 184 115 248 188 165 67 27 10 197 158 291 281 262 40 288 173 20 206 159
527 293 506 437 506 506 363 982 939 506 363 225 939 984 47 854 534 164 116 291 266 280
527 8 43 214 198 226 198 107 19 226 129 278 505 64 10 56 89 503 377 971 173 12 170
102 416 250 318 348 609 324 318 318 462 250 505 194 178 982 265 247 437 87 189 926 335 30 100 218 157 162 30 533 109 225 290 24 411 168 72 250 62 549 731 13 138
160 169 186 437 637 125 225 637 637 125 187 437 982 225 506 181 155 142 437 291 138 116 541
568 246 287 204 241 343 241 275 233 681 241 204 308 681 131 24 252 233 290 217 229 222 24
527 3 30 98 108 222 254 225 162 152 276 296 61 183 221 143 204 270 112 299 173 207 258 245 199 239
16 416 808 219 50 194 102 166 145 61 76 130 270 269 9 19 23 212 165 146 196 7 205 73 681 241 343 23 23 984 308 241 343 233 233 252 24 40 12 24 233 94 187 431
43 91 119 175 8 48 190 78 167 230 214 298 277 230 277 168 64 505 278 192 503 377 503 205 971 56 12 109 275 214 269 19 94 55 245 163 265 79 157 52 56 0 54 289 77 63 242
0 4 53 83 157 144 174 180 226 277 125 283 277 4 277 277 125 505 12 173 168 192 721 971 155 503 89 44 10 149 1 72 29 157 184 186 53 52 240 142 78 146 250 191 36 47 6 38 102
51 67 109 112 191 194 241 124 59 22 169 266 296 255 180 184 54 40 8 128 282 9 14 90 204 261 263
157 199 25 267 131 269 226 268 17 232 213 38 28 174 221 67 76 127 15 116 88
0 90 94 95 195 240 238 286 609 318 348 5 324 271 324 250 318 5 189 87 178 121 82 706 265 982 437 194 78 225 229 282 228 111 39 268 277 190 164 69 50 40 176 181 96 222 246 114
8 55 226 235 711 711 711 294 586 800 807 733 711 184 125 740 60 578 371 980 72 183 292 82
113 127 185 267 36 77 210 687 407 687 44 687 687 653 687 44 290 618 67 141 162 124 247 167 887 828 37 143 122 187 299 139 124 11 215 207 180 140 130 73 13 210 212 8 61 66 159
8 35 222 20 267 134 201 240 81 14 161 289 106 71 255 296 69 291 282 132 155 142
42 132 824 417 259 46 763 824 72 620 119 763 228 417 32 371 578 125 115 82 46 183
194 208 233 273 277 296 135 249 284 105 186 202 51 278 4 0 250 72 19 89 184 40 275 193 131 297
107 148 234 22 241 3 247 137 86 291 79 297 146 117 224 248 23 25 268 194 76 27 220
115 152 153 170 260 230 109 191 144 220 55 25 206 250 276 68 187 94 106 244 165 261 262 231 95
21 47 49 286 9 170 239 48 268 189 218 94 123 269 194 8 99 102 125 27 7 196 36 297
35 47 233 66 1 291 113 198 176 22 283 111 67 87 18 15 177 80 51 220 142 90 23 984 308 343 308 681 241 681 233 304 343 293 94 229 187 24 40 217 431 222 68
55 62 69 95 138 207 251 276 247 136 282 20 19 182 110 23 69 255 173 7 162 161 45 276 265 143 35 278
42 152 199 212 527 71 124 185 188 250 505 271 958 609 324 5 271 5 271 324 250 189 258 87 82 982 233 335 505 461
1 194 206 144 167 167 69 250 69 650 45 144 167 123 10 503 89 846 831 168 505 173 192 119 31 221 100 237 731 81 137 731 137 137 115 578 183 281 160 740 132 292 371
129 218 287 216 52 76 184 25 27 1 165 166 274 69 296 94 139 234 42 198 135 260
527 34 145 178 245 107 112 951 950 231 923 136 923 231 950 136 923 877 275 125 130 194 282 23 239 19 547 44 41 167 7 172 168 37 64 121 113 224 240 100 86 29 135 259 21 184 140
808 57 62 91 250 247 209 35 117 170 222 129 134 123 217 245 140 90 63 152 257 112 29 18 103
4 158 182 112 124 151 416 864 422 864 518 906 706 375 306 906 518 422 250 133 888 248 207 79 863 834 245 270 22 262 97 256 201 103 88 115 32 289 276 257 148 56 193 197 156 73 213
165 270 221 179 170 288 102 135 177 100 224 73 219 24 208 34 172 184 37 298 3 232
272 416 241 304 275 343 241 681 23 304 23 681 304 176 233 12 94 229 217 68 252 135
11 72 96 97 294 40 174 285 288 84 82 64 252 267 257 243 121 299 139 201 127 295 78 61 67
147 53 336 950 79 147 53 79 950 485 939 53 125 9 645 7 270 205 196 194 617 207 59 45 125 177 165 147 211 218 291 196 153 16 28 152 15 224 217 104 33
48 131 16 43 181 229 279 33 58 239 238 220 120 44 235 215 234 66 74 292 93 136
8 59 128 131 136 26 241 9 173 221 127 62 287 274 77 231 67 269 135 278 220 151
102 245 251 276 175 164 130 83 79 69 241 281 9 209 118 263 296 153 168 49 271 27 191 198
60 102 166 239 272 166 271 226 299 20 27 77 79 282 221 121 244 10 206 174 55 217 4 58 111
74 75 144 196 12 277 122 122 122 122 277 89 146 130 196 19 645 269 165 547 205 9 7 282 143 0 19 20 266 285 169 219 162 157 56 243 138 250 152 183 200 230 267 279
25 50 93 99 165 343 275 984 233 304 204 308 275 304 40 233 187 290 431 331 131 217 171 135 24
1 49 82 219 228 211 135 3 154 194 152 204 197 113 51 45 288 201 117 26 232 125 142 87
117 144 200 213 68 212 54 23 41 292 221 62 250 87 73 180 60 61 186 26 117 99 55 168
99 86 180 181 216 286 150 145 207 142 214 38 285 209 297 292 289 246 81 231 31
47 129 214 291 177 296 61 173 262 100 189 138 140 150 92 269 87 156 169 148 53 50 184 128
44 69 155 158 179 87 18 66 21 276 43 67 253 259 282 220 62 151 214 207 200 264 116 232
53 82 185 5 121 163 795 272 116 993 901 393 393 252 795 44 168 192 56 920 10 503 64 718 173 505 233 304 304 681 23 204 343 241 94 111 171 431 293 68 290 217 24 12 40 222
527 204 18 155 285 250 958 348 505 462 462 324 609 46 505 121 258 982 194 265 461 44 24 189 437 206 87 286 95 284 196 231 113 104 21 116 99 234 188 184 269 229 264 270 205
137 153 200 32 165 114 189 195 260 152 144 102 168 279 243 118 57 7 86 33 209 234 14
297 141 36 296 248 240 238 47 72 220 270 298 237 65 63 113 184 97 183 143 57
107 270 114 228 117 68 180 232 89 277 248 44 196 201 25 161 39 122 253 101 67 292
75 785 223 951 510 653 44 687 687 951 510 67 101 141 112 169 660 124 167 618 57 247 984 23 681 681 241 275 304 23 681 40 331 293 176 131 111 135 233 12 290 24
71 102 120 129 299 304 275 204 343 681 23 343 304 275 984 94 24 222 12 331 40 293 24 131 68
62 63 233 343 984 241 204 308 984 343 23 984 23 12 217 24 135 431 293 331 187 24
65 808 18 209 281 906 864 906 906 250 306 422 903 864 706 906 518 235 207 718 787 133 248 863 364 48 290 148 168 47 6 131 248 123 0 277 273 292 144 46 214 94 184 164 50
71 129 281 161 31 41 227 104 66 214 147 210 137 204 189 240 24 71 235 4 285 265
527 65 124 125 168 230 122 259 611 611 111 381 251 876 876 581 443 34 200 349 83 281 253 570 175 89 589 635
201 211 225 244 948 879 553 17 111 323 111 111 323 461 87 706 258 44 46 24 982 82 189 194 225 125 77 506 225 77 939 363 982 77 437 225 47 155 280 138 220 854 984 142
155 157 170 205 271 282 180 259 197 202 127 89 11 212 128 96 170 44 251 267 36 5 117 283 258 231
2 4 11 104 126 102 158 21 153 124 186 290 48 127 187 286 176 227 36 236 98 106 32
12 195 79 141 116 140 233 20 153 60 83 76 206 115 135 87 40 278 171 97 119 142
12 15 116 131 40 142 67 238 167 243 77 138 225 278 69 41 229 24 8 70 58 275 96
225 233 90 231 830 122 555 974 432 294 830 156 161 261 178 505 258 24 985 82 886 437 982 194 98 12 235 270 42 206 244 45 145 119 115 140 280 166 19 17 81 261 247 156
99 268 193 107 161 166 113 252 167 129 202 264 98 126 130 273 8 108 210 87 244 88
147 228 251 107 104 3 172 284 113 29 20 253 97 12 30 17 27 46 52 58 86 243 10
11 121 169 207 234 293 155 255 22 139 181 162 37 283 195 262 56 26 103 89 114 175 72 128 296 202
255 212 74 249 178 129 103 203 207 255 102 215 122 139 163 9 270 284 242 90 68
47 78 131 166 217 190 46 109 68 280 157 280 157 157 109 16 30 64 942 866 155 168 971 56 920
94 113 173 192 17 424 617 667 671 17 671 121 529 424 617 610 7 19 205 270 130 282 23 125
66 72 165 257 293 687 407 407 681 681 951 336 681 391 57 842 169 950 124 891 247 167 101 828 960 204 52 81 64 273 253 199 264 32 109 244 75 37 214 162 246 210 242 223 127
16 180 182 23 984 304 275 275 204 23 275 681 176 233 293 331 252 290 24 431 12 131 94
75 295 43 150 422 518 375 864 306 518 238 903 906 274 787 116 225 245 109 289 60 240 133 248 120 110 197 37 119 225 236 88 36 7 176 254 232 51 157 284 69 26 204 288
160 178 214 267 259 61 267 247 285 229 9 156 233 199 57 211 174 32 54 71 167 299 157 135
527 808 41 52 161 180 292 241 681 275 984 23 241 23 343 275 308 681 40 293 431 331 135 68 176 187 131
270 271 58 73 149 407 407 162 174 802 162 736 407 174 805 107 730 407 756 697 1 184 309 31 164
24 62 155 252 293 159 149 281 503 40 278 662 475 281 529 159 524 985 194 902 258 233 437 44 982 87 201 273 265 5 96 101 69 296 38 291 216 282 279 139 107 59 205 264 287
9 22 35 163 185 201 256 802 374 145 931 145 805 736 407 145 303 931 697 730 666 407 710 885 248 581 50
101 273 903 906 706 306 422 706 864 375 518 864 79 863 133 718 109 274 116 364 60 235 636 264 579 576 921 486 910 427 115 740 547 10 822 578 184 281 72 60 132 183
222 278 278 207 63 109 12 267 54 227 225 127 236 65 165 139 298 291 61 253 64 106
63 89 171 527 888 179 210 906 238 28 16 250 16 16 467 240 248 364 499 251 225 235 863 289 116 109 245 381 153 884 947 283 283 283 283 166 866 437 91 888 475 99 893 39 901 64 164
64 111 838 665 833 716 42 693 306 973 409 225 301 689 72 731 881 288 786 306 28 13
3 5 306 542 42 693 5 973 899 172 42 500 275 62 451 328 786 225 13 689 881
158 278 527 24 109 185 270 653 905 439 905 689 689 362 905 801 784 972 974 543 971 920 866 10 56 192 170 36 236 281 155 229 107 111 53 14 0 184 215 154 160 275 180 237 3 67 137
124 197 277 343 308 23 23 23 984 304 204 241 984 233 304 12 431 135 68 24 24 290 176
4 64 96 107 190 43 187 451 921 362 97 421 749 956 968 173 920 168 170 372 192 458 10 89 278 971 718
3 736 736 145 805 805 303 802 802 374 802 407 704 867 581 1 730 274 184 309 314 226 59 160 199 255 201 252 298 220 5 3 115 101 77 133 78 139 26 149 275
92 58 236 285 291 416 137 67 76 122 11 254 56 137 197 264 296 12 37 650 356 755 141 242 19 31 125 115 69 45 109 46 258 15 184 143 51 107 104 280 288 130 253 197 68 271
164 193 219 721 801 292 481 114 267 544 716 73 19 205 564 194 282 130 125 7 165 667 270
244 416 135 135 253 244 193 123 28 723 129 31 514 151 893 907 626 57 249 291 19 650 76 96 236 103 89 30 256 113 51 38 190 78 37 64 71 28 298 242 154 53
45 107 203 256 77 92 110 125 32 13 227 28 158 210 164 72 33 268 76 88 53 207 120 52
88 115 157 171 184 215 270 652 106 481 481 481 208 481 209 287 60 109 63 96 55 10 143 31 185 273 204
188 229 982 187 225 939 982 77 506 363 125 939 181 534 984 43 260 155 266 280 116 281
107 191 207 230 106 833 8 398 888 888 888 306 482 250 411 451 786 731 28 301 62 881 275 255
29 56 61 71 195 77 982 187 437 637 225 982 982 506 225 225 181 164 260 47 155 541 984 116 291
72 248 475 844 206 596 404 404 404 416 221 730 696 696 142 650 907 779 301 119 19 151 57 381 122 381 381 342 432 11 381 514 333 456 720 840 59 621 339 268 186 644 64
597 35 60 72 162 256 662 55 72 200 269 475 909 753 298 731 814 814 682 731 274 133 718 499 225 559 477 207 240 834 909 710 268 121 241 240 129 82 253 101 130 166 229 131 242 90 55 220 293 89 57 246
45 51 77 939 363 225 637 982 77 363 939 225 138 904 266 260 280 291 181 534 984 43
101 77 130 292 67 151 142 96 246 88 23 17 257 214 172 54 53 112 35 274 41
564 63 83 231 250 280 174 49 716 634 915 804 397 589 915 716 804 60 578 726 740 184 33 10 32 281
25 41 72 136 184 208 211 222 381 884 153 176 884 153 381 610 888 475 17 91 326 411 437 99 164 866 893 64
18 37 62 102 297 930 555 876 956 933 375 876 555 956 502 522 886 274 559 909 834 499 787 289 251 217 17 289 151 115 34 266 218 154 128 24 77 91 39 58 53 178 147 258 262
105 138 139 184 194 255 77 56 124 94 74 111 257 139 10 178 295 232 254 186 270 189 133 22 256 152
845 77 79 224 257 26 217 30 213 105 260 55 29 81 104 108 14 138 231 174 168
106 191 3 175 679 679 175 652 45 233 246 265 194 46 194 630 461 24 902 178 982 437 335 153 154 168 236 112 61 194 77 66 60 158 177 123 37 165 118 152 10 220 6
12 94 109 255 262 43 70 77 151 192 679 902 75 690 679 532 679 338 175 89 637 200 34 349 620 60 77 99 531 970 102 16 212 186 131 282 144 0 205 122 221 138 71 12 103 178 47 196 253 192
31 121 142 146 205 6 194 7 170 119 160 64 222 135 173 131 75 153 206 108 10 265 215 279 256
235 111 280 42 136 259 236 36 26 9 293 288 177 10 66 174 216 150 175 83 160
180 192 212 154 208 207 261 171 254 107 218 130 212 167 159 101 220 285 122 243 274 293 150
114 135 167 194 196 109 125 178 215 252 215 565 628 294 6 559 559 523 471 170 103 19 122 129 118 492 126 374 643 78
54 104 132 162 198 246 6 559 75 338 294 75 559 338 628 294 6 565 126 78 270 145 177 122 252 129 219 245 259 29 257 192 198 285 30 4 292 280 38 96 154 78 273 215 201 133
610 8 45 46 213 467 212 206 185 258 280 121 111 216 34 85 226 186 208 196 282 259 287 279 234 275
500 87 111 264 103 127 805 444 805 286 805 24 315 315 264 444 19 732 382 803 905 296 191 267 755 12 53 131 27 10 154 167 240 156 75 144 48 22 139 294 176 110 106 296 113 4
