82 133 224 268 310 47 63 190 239 346 330 250 494 552 656 581 704 884 822 819 490 134 318 790 207 393 351 502 789 55
43 54 179 244 718 158 121 968 845 682 224 580 464 814 771 103 873 353 166 699 492 883 914 738 192 275 292 206 94 235 9 108 34 12 164 66 156 61 287 143 144 263 145 13
173 110 286 80 188 123 8 91 147 257 252 199 90 265 190 215 126 71 106 30 134
914 160 222 59 114 148 281 900 832 714 900 403 760 760 760 544 760 870 858 6 78 216 413 483 165 143 537 5 241 90 43 46 185 192 292 0 65 118 186 265 257 258 51 295 14 143 272
539 54 124 261 185 222 147 557 185 185 870 217 602 47 812 141 166 205 715 70 491 379 227 407
15 154 914 914 158 492 845 914 968 845 103 492 845 103 63 167 100 308 30 355 683 627
91 103 113 183 218 903 306 906 706 375 903 422 518 834 489 116 979 52 245 424 306 167 85 271 109 230 75 299 103 232 89 54 156 67 84 68 196 138 14 119 295 283 219 222 87
35 52 77 390 602 107 165 465 54 602 135 135 165 118 80 78 966 916 2 226 99 560 225 154 164 33 137 16 207 257 101 290 122 232 156 229 226 104 220 146 68 153 178
10 167 185 289 130 222 22 133 15 11 133 160 195 163 784 197 98 104 0 827 214 48 127 231
539 706 18 227 228 229 467 527 527 551 818 818 346 782 346 304 266 268 202 59 346 181 253 16 140 281 294 235 46 99 186 237 93 151 278 139 56 185 290 82 15 137 78 175 128 144 119
14 61 71 104 147 275 30 130 29 226 83 224 111 170 204 193 66 256 49 241 254 272 70 60 203
31 116 251 237 141 819 275 86 184 235 237 237 432 925 194 859 110 907 83 507 149 198 111
11 633 32 71 390 54 165 107 135 227 107 164 194 107 54 232 181 97 78 180 99 106 164 268 147 944 104 185 222 140 396 147 104 944 185 102 688 559 141 98 284 602 878 900
95 296 285 172 65 147 164 122 160 117 131 141 134 81 13 219 238 74 182 296 268 211
875 85 194 296 11 166 126 53 92 40 143 74 174 19 230 65 21 257 7 135 118 264 93 199
761 109 128 207 243 346 772 293 37 70 704 772 761 293 72 165 205 171 65 27 704 771 44 687 457 13
752 102 944 557 222 557 944 557 557 140 557 185 98 241 46 521 900 86 284 878 771 488
65 96 160 133 70 168 213 36 58 246 263 188 155 224 116 135 91 32 107 43 123 245 158
561 974 117 752 40 169 286 564 838 117 439 117 564 521 592 959 143 51 40 688 838 263 214 864 451 38 60 117 117 169 121 30 117 147 232 89 181 250 784 98 104 0 242 232 296 181 197
752 184 258 27 284 97 175 239 222 190 217 129 169 14 54 122 212 163 58 52 26 78 23
825 104 175 224 299 23 191 50 62 223 243 32 117 114 54 166 185 225 90 24 250 14 59 290 245
974 240 116 225 284 174 101 63 291 69 122 40 182 109 259 217 95 232 234 257 10
85 110 235 892 4 21 71 476 55 466 476 390 760 390 582 847 459 29 355 80 146 203 168 197 176 169 23
539 263 467 129 476 467 129 593 458 493 105 271 46 145 14 156 863 165 197 81 217 104 70 133 83 139 292 28 177 196 282 49 26 56 228 110 96 145 242 231 27 74
282 262 246 137 135 260 279 1 68 198 166 206 280 148 192 88 142 72 59 278 189
642 823 116 123 278 346 70 53 32 222 122 106 299 95 145 79 146 14 174 24 210 214 15 56 1 188
25 212 110 243 79 208 166 2 246 238 258 177 10 54 273 14 298 170 76 179 235 47
101 120 214 52 217 202 2 2 268 37 797 181 181 127 197 48 231 784 250 195 232 33 247
94 136 161 223 266 272 94 137 232 127 239 172 81 5 175 287 99 86 168 256 225 146 205 126 154 123
889 892 64 28 0 5 97 174 50 12 77 116 141 35 56 148 247 190 280 61 145 149 9
88 186 251 27 224 291 215 122 282 23 225 93 237 179 37 220 208 40 257 87 63 31
119 120 276 283 138 75 97 136 188 72 42 54 797 296 181 98 181 163 0 232 197 195 48 250
107 281 551 824 55 476 55 760 225 156 476 168 176 134 180 23 219 16 203 128 29 16 256 138 5 166 110 78 169 22 42 244 238 8 67 88 86 196 3 108 243 100
127 295 145 118 141 146 0 205 93 54 204 151 45 268 163 104 143 183 38 132 196 153
892 23 153 185 248 266 454 266 70 38 292 14 265 165 104 269 78 63 255 112 68 294 248 25 282 134 156
154 288 146 1 264 159 62 32 118 83 254 26 262 107 66 209 213 82 203 8 105
892 7 10 132 188 210 254 944 140 396 140 185 870 870 557 878 140 338 284 46 86 254 1 521 878 602 46
34 85 98 105 185 283 285 454 46 97 125 225 529 114 176 551 551 551 551 494 551 401 529 551 476 134 150 1 790 190 606 148 219 48 153 243 123 279 209 204 240 237 260 134 213 99 188 56 107 37 256 193
105 241 256 279 892 64 129 188 476 466 466 390 225 476 390 582 55 551 760 180 146 29 134 16 197 355 25 513 243 204 133 151 222 220 286 213 159 258 246 118 105 182 284 297 122 254 191 74
539 53 67 206 232 248 134 160 87 263 230 256 268 216 42 220 47 55 186 38 169 248 279 84 110 161
67 114 209 139 77 196 298 124 285 84 47 150 195 166 95 112 287 99 192 123 297 38 260
38 70 104 123 126 265 208 287 173 117 120 228 196 137 17 222 123 88 280 240 194 268 75 164 239 73
633 8 128 146 223 273 466 55 824 225 55 225 760 16 180 80 513 974 219 847 128 203 489 355 23 29 235 97 151 266 225 83 110 281 45 212 173 268 71 289 184 243 118 22 56 234
42 278 187 66 293 80 106 135 103 272 21 142 70 242 88 207 77 295 79 275 212 81
87 131 155 198 201 6 171 294 101 274 179 10 257 115 99 87 190 225 114 183 144 138 162 228 240
72 123 152 227 30 9 282 32 282 146 115 163 232 296 242 0 98 250 195 33 181 231 784
959 29 70 215 454 214 18 189 229 35 242 245 221 260 96 43 246 72 175 118 133 154 186 162 6
503 91 157 230 257 135 20 142 150 185 172 255 11 82 167 148 36 144 110 254 37 207 288 8 56
539 93 135 144 199 231 93 134 250 688 761 688 422 67 761 688 218 253 766 422 67 186 147 230 908 25 278 929 980 11 248 298 296 298 298 11 76 127 247 195 250 48 104 197 231 33 98 232 181
19 108 201 212 278 4 253 51 64 178 77 62 89 138 234 36 268 37 128 149 202 277 266
825 15 26 120 133 156 205 219 258 270 50 244 261 293 6 211 234 175 115 298 152 157 82 144 19 148 101 60 25 92
41 208 231 162 212 235 78 54 242 182 102 279 276 225 149 290 73 97 131 72 277 71 57
51 154 454 262 67 57 50 237 170 200 154 219 226 268 247 193 196 74 44 93 126 141 271
23 128 145 256 217 192 285 69 257 269 202 21 213 211 3 203 180 5 50 8 189 95 168 42
48 78 147 557 222 104 147 878 185 870 396 643 812 46 751 900 46 254 111 878 86 54
79 206 4 25 91 156 824 225 466 760 55 466 156 551 582 355 25 134 974 847 197 29 168 513 80
974 17 75 107 172 458 540 476 476 528 458 717 540 476 792 493 46 44 118 81 14 39 105 967 217 206 88 261 36 157 155 101 253 193 0 84 90 146 224 191 252 19 228 80 153
892 974 19 172 177 275 191 78 219 116 289 127 215 222 8 26 44 247 102 0 5 95 63 4 224
283 297 825 889 98 455 118 85 353 95 254 85 108 124 171 7 200 49 255 28 286 263 93 30 31 140
14 32 65 770 401 401 401 480 480 401 551 551 269 720 282 790 134 296 274 1 38 49 95 230 156 215 244 277 121 192 293 48 36 128 56 125 267 213 266 55 113 106 199
561 46 180 229 293 273 90 84 175 96 57 226 159 3 185 54 82 5 12 88 112 247 124 46 37
40 157 254 185 214 245 390 225 476 225 156 582 824 824 476 582 760 476 29 974 203 180 219 355 128 80 239 197 262 155 28 40 278 33 30 105 15 39 52 202 147 171 221 156 174 69
892 959 37 100 152 159 202 50 209 218 540 458 792 540 476 458 467 44 81 197 165 609 39 14 118 863 156 271 91 46 127 267 198 183 126 229 295 283 47 93 132 187 171 270 57 117 273 176 152 168
38 53 184 196 181 164 45 110 86 178 185 281 155 209 72 241 276 158 97 91 148 81 169 117
825 82 128 154 57 274 48 800 59 145 232 170 170 604 178 604 291 70 29 25 186 18 147 929 217 230 147 222 557 944 396 104 557 140 557 104 878 284 46 131 102 54 643 241 712 254
76 185 194 208 215 13 293 161 30 78 261 57 137 238 69 149 225 7 199 114 22 142 38 99
770 151 158 78 1 247 98 267 289 97 213 235 153 257 244 4 106 254 187 299 149 108 175
841 184 752 979 77 192 201 209 254 354 22 66 646 344 22 148 354 558 430 211 465 123 298 359 785 513 726 258 227 220 249 23 6 118 178 16 77 35 142 21 279 94 186 99 218 170 246 129 90
823 0 70 115 166 210 298 207 26 68 167 216 173 233 222 211 280 45 92 198 285 9 275 28 214 59 295
36 235 256 557 104 944 557 396 557 557 878 254 241 521 602 46 284 102 900 712 46 111 812
979 101 114 135 197 271 48 144 79 192 293 234 167 93 180 34 202 233 124 140 20 91 186 63 205
725 25 208 280 281 46 267 228 15 286 265 199 32 247 202 217 223 47 24 126 196 122 170 38
892 32 113 116 153 454 154 40 257 251 212 287 255 139 87 89 160 209 17 104 172 128 70 134 51 100
633 18 70 107 152 263 6 52 8 27 258 198 82 120 53 54 93 47 251 24 144 181 42 153 14
825 970 289 467 159 169 875 875 114 114 176 875 348 401 480 348 875 757 148 476 539 274 150 296 720 190 88 204 273 182 93 41 190 159 77 194 217 99 133 66 63 61 26 248 114 209
892 3 48 57 114 74 1 128 294 83 243 103 109 95 251 295 185 101 224 72 198 22 112 46 228
273 829 28 160 110 346 926 939 110 294 294 110 110 720 927 184 204 157 165 44 375 339 258 162
560 979 25 36 109 525 7 525 525 294 110 294 346 184 77 178 476 233 720 157 375 339 204 328 165 192 196 3 180 287 276 23 75 289 253 66 261 21 249 158 246 286 190 0 167
561 160 192 260 279 167 142 43 152 99 97 220 67 232 155 241 225 275 242 273 32 143 165 120 110
274 191 261 168 133 164 164 168 288 168 72 169 215 418 256 219 173 163 45 488 259 650 162 240 206 50 60 264 180 220 137 209 188 132 25 34 115 184 261 196 155 254 239
889 161 294 185 878 944 878 557 878 870 147 140 185 557 812 46 312 54 102 254 111 46 643
42 92 104 196 188 152 141 105 156 35 129 250 19 48 216 7 251 165 132 172 153 262 104
263 265 113 246 207 213 94 103 205 268 30 237 135 152 285 26 155 277 92 68 77 186
589 25 122 174 252 39 187 21 0 65 221 180 135 12 247 24 4 59 148 63 170 158 154 282
40 190 293 170 253 266 84 57 225 244 160 278 268 194 207 5 102 163 221 34 295 24
491 86 278 42 113 297 222 139 45 154 149 108 228 161 166 205 186 134 44 234 131 261 32
32 139 175 241 184 209 241 241 241 220 121 209 108 195 197 247 296 214 231 98 250 232 784
35 119 148 17 64 36 209 212 240 215 238 48 261 119 106 104 248 195 140 278 269 236 109
63 209 282 73 39 4 37 58 198 156 147 153 17 61 66 174 33 111 99 208 209 222
33 40 98 143 234 273 189 57 271 92 153 31 196 41 270 288 103 138 267 118 290 159 76 191 240
81 138 162 217 238 346 93 247 286 28 157 196 128 182 175 244 234 218 282 200 117 201 263 108 70 84
633 236 121 49 167 71 104 274 13 76 166 142 291 48 278 110 90 42 208 96 195 164
13 79 176 264 290 104 214 167 35 235 36 172 184 156 257 251 111 215 24 259 176 155 266 170 164
82 103 246 269 116 44 175 225 277 173 281 190 280 171 162 213 169 121 63 262 185 123 192 88
823 26 76 119 6 141 285 195 266 209 254 77 290 109 178 12 3 125 126 61 260 146 144
883 132 229 281 284 176 113 267 31 226 146 138 2 108 165 208 105 237 12 102 49 134 63 58 154
633 979 191 217 455 62 121 257 745 942 92 745 64 267 705 933 176 180 128 16 203 80 546 214 508 29 489 675 181 72 274 44 267 209 63 3 92 261 156 85 134 221 60 189 157 256 111 295
74 245 261 944 557 185 147 878 557 396 222 396 222 111 751 254 241 54 46 712 46 102 637
560 58 346 269 202 264 234 185 145 80 205 38 0 40 77 279 96 148 2 156 183 59 270
22 454 26 182 202 128 135 254 199 43 174 66 82 276 0 281 151 62 30 246 148 116
4 84 90 187 752 4 38 175 199 31 220 161 159 959 638 742 585 159 689 25 128 16 675 197 176 513 897 23 546 163 41 53 283 114 269 168 264 79 113 71 47 64 51 180 8 123 205 239 198
52 70 113 123 193 259 16 44 237 742 18 585 737 577 846 695 18 214 23 25 847 513 546 180 128 168 897 489 675 230 39 3 272 4 169 129 289 91 29 67 277 193 124 218 109 61 267 11 71
561 13 243 179 77 221 81 261 18 223 14 94 189 40 4 113 188 275 169 32 68 53
165 71 83 4 120 73 131 282 100 260 226 162 98 93 290 192 228 212 145 150 111
51 52 151 210 298 889 35 95 154 177 189 224 234 270 259 274 34 718 949 274 46 184 286 180 23 128 847 489 508 513 546 524 29 65 137 61 126 157 204 115 262 177 1 31 130 77 174 46 256 9 248 233 49
825 14 141 204 560 3 165 210 792 540 476 458 467 717 528 129 792 792 717 717 118 44 239 863 524 156 28 105 231 208 293 143 18 137 294 87 0 275 19 53 243 296 180 290 65 232 110 194
823 15 123 262 259 279 70 248 287 20 102 268 152 35 178 241 274 105 244 98 277 166 104
561 134 285 165 146 52 44 4 42 216 187 151 175 270 144 125 124 128 286 267 168 78 61
633 202 232 23 258 136 51 145 36 201 108 8 248 120 127 160 146 222 97 281 221 90 113 56 100 125 100 10 109 252 86 267 104 247 214 195 784 48 163 242 231 797 98
495 137 18 220 12 10 82 211 131 212 108 206 259 228 285 248 294 284 225 174 22
273 194 282 494 875 401 114 875 770 494 770 551 480 585 148 714 150 38 329 296 742 417 134 276 35 220 10 223 56 44 285 98 241 269 123 271 202 163 132 199 253 209 248
40 127 213 227 236 292 183 251 21 105 44 154 125 36 17 41 16 278 244 38 49 216 163 291 174 35
997 61 94 142 196 252 246 548 266 663 308 776 308 663 217 606 606 785 402 298 389 123 57 663 258 657 234 240 272 172 195 56 240 109 234 240 195 33 127 0 232 197 231 181 48 195
115 179 206 227 58 103 254 142 187 250 69 41 229 247 94 106 258 214 246 249 143 168 198 76
959 46 92 142 275 171 221 189 157 207 174 186 117 109 74 126 219 121 56 49 172 260 258 77
10 87 104 163 249 275 170 257 90 192 197 228 19 2 7 23 5 109 58 68 48 96 264 194 199
4 47 48 97 181 107 21 252 214 183 284 229 11 190 242 248 97 195 120 257 231 152 194 145 266
979 6 115 255 256 263 283 210 129 105 293 197 190 193 108 275 240 84 148 142 162 276 290 280 77 204 256
620 50 92 104 110 153 218 250 346 253 296 98 27 50 143 104 76 17 184 245 136 247 286 204 295 86 196 82 29
154 165 608 234 931 70 594 74 625 876 603 608 931 883 522 447 277 75 52 264 257 588 29 31 220 53 52 163 188 112 142 13 273 32 241 57 293 239 153 45 77 234
66 86 119 123 97 58 7 246 228 26 192 102 285 55 202 171 13 83 84 248 175 183 99 68
65 273 346 32 150 220 650 55 906 907 246 529 650 907 10 20 968 176 229 474 139 835 45 201 212 216
959 131 237 307 920 771 166 104 661 920 661 307 389 307 68 16 267 458 413 593 177 257 307
650 136 162 189 246 250 290 346 432 389 389 104 215 307 389 23 836 222 123 267 206 307 68 805 67 170 593 262 37 156 901 113 118 128 156 37 116 156 901 3 215 843 859 93 414 634 826 181
29 211 361 848 384 226 967 714 199 103 135 967 384 820 946 160 251 228 890 867 55 63 793
926 136 204 267 42 80 144 173 214 227 296 186 823 942 202 823 573 56 905 942 95 483 72 301 782 152 228 560 516 60 196 265 70 240 72 123 51 210 261 236 272 4 213 90 114 2 122 290 41 40 59
560 122 989 52 65 142 153 171 175 224 226 279 299 428 116 282 95 282 95 213 307 67 95 282 12 31 28 356 89 264 267 858 242
639 147 182 248 293 334 239 749 704 956 585 265 154 967 239 427 154 296 270 187 345 32 28 78 943 182 29 961 178 727 727 29 178 501 40 351 293 502 441 718 119 181 240 625 34
892 47 99 172 180 214 829 892 153 176 214 893 871 326 978 637 326 47 893 871 229 793 710 286 878 607 241 533 292 381 102 878 396 222 147 878 557 104 46 254 602 131 812 471 825 926 528 54 432 46 400
52 15 168 650 650 711 892 892 711 711 163 154 650 805 458 61 909 361 279 179 285 180 479 984 343 204 343 343 681 23 241 343 293 68 217 40 94 12 233 331 135 252 131
628 153 161 288 374 35 83 705 516 621 160 621 726 516 558 705 558 474 790 573 149 573 256 777 430 700 10
44 148 298 226 441 825 187 278 790 441 825 572 572 154 230 963 211 864 318 127 14 175 770
979 45 77 99 140 196 326 821 871 821 326 47 893 821 637 229 292 935 534 241 285 607 286 102 163 710 124 202 217 232 199 242 109 255 113 238 155 77 179 252 246 143 132 111 224 254
73 164 257 307 394 449 420 235 420 420 823 449 581 273 235 394 43 74 926 594 963 104 759 157 853 536 239 554 554 355 239 181 45 933 185 148 773 502 545 942 942 196 183 880
71 170 289 823 235 775 775 235 775 374 235 420 581 379 157 737 759 104 275 963 926 792 154 179 186 11 127 162 60 84 107 231 27 220 132 238 3 247 53 202 246 221 1
102 252 3 113 239 266 449 823 775 374 581 374 449 775 273 235 581 792 958 104 154 157 379 806 963 926
165 201 262 584 584 584 732 248 584 911 168 257 584 345 205 31 191 356 89 141 28 732 37 957 595 749 318 595 453 957 679 148 81 107 221 21 63 118 973 12 300 100 635
57 103 181 206 284 247 64 230 286 129 38 56 167 279 117 189 152 62 30 299 132 44 122 212 217
41 97 157 288 142 396 663 663 83 514 902 215 396 232 195 296 0 797 197 784 876 528 163 502
885 178 189 191 236 348 5 167 921 167 384 113 967 825 5 593 593 417 147 534 155 3 599 407 571
931 152 104 199 249 25 256 218 39 24 216 68 131 21 279 8 57 251 9 42 18 95
521 28 93 266 126 648 220 626 66 126 626 786 786 126 198 176 731 29 25 214 847 524 897 546 140 147 557 557 147 185 185 104 870 878 185 185 86 986 637 400 521 602 254 432
10 49 192 248 372 952 372 870 583 542 372 446 426 580 580 499 990 594 235 853 841 988 671 259
959 979 27 205 46 102 171 189 238 242 693 356 192 174 356 853 285 192 696 88 944 244 866 70 654 791 47 26 148 840 595 552 538 595 652 690 459 492 340 841 841 247 195 538 876 163 797 33 181 528
823 838 28 43 47 277 280 299 572 892 190 270 84 35 35 84 84 83 202 5 35 215 243 208 97 60 209 48 11 292 770 2
218 840 412 170 145 170 170 682 412 89 342 286 70 148 885 866 47 840 970 654 206
49 103 193 278 454 736 736 162 145 407 805 805 802 805 874 586 407 730 704 697 581 164 248 960 690
825 208 898 545 49 239 545 145 927 545 32 105 272 540 923 383 906 278 743 737 170 778
650 979 476 717 476 458 493 593 717 792 129 540 476 593 326 46 364 524 779 105 609 81
572 29 563 898 751 563 751 88 293 909 867 99 341 419 369 27 668 855 374 591 488 752
7 102 176 220 599 517 414 414 417 324 877 768 115 547 291 727 960 847 497 715 674 104 337 201 832 949 84 185 140 214 805 140 55 214 611 825 528 241 900 471 986 637 54 432
761 92 273 429 261 181 185 4 54 55 182 57 86 191 256 50 99 224 74 158 116 206 268 114
135 170 176 184 215 241 298 560 805 131 145 157 269 0 993 399 263 954 399 263 481 954 240 48 513 546 203 176 901 29 168 180 483
3 110 171 230 296 0 993 399 263 954 399 263 481 954 240 48 513 546 203 176 901 29 168 180 483 827 827 827 1 358 228 581 376 228 556 807 869 683 977 942 565 598 211 235 741
