15 35 85 197 289 295 55 5 126 206 245 736 379 434 385 248 748 852 148 952 449 439 188 39 255 342 495 692 542 806 912 46 157 144 91 236 79 260 138 288 69 57 175 184 239 248 159 24 62 238 89
283 72 80 99 32 683 384 139 139 501 501 499 523 501 32 139 261 261 250 510 573 261 311 188 257 273 102 2 251 5 37 3 259 26 81 22 8 95 291 223 112 153 91
717 94 169 282 206 148 104 211 23 0 249 217 190 95 265 107 90 1 288 193 155 136 172 40
31 43 192 235 284 64 86 37 162 8 136 297 201 277 75 134 283 51 109 224 175 50 55 48 183
202 257 362 88 129 240 131 42 224 58 255 80 11 207 158 294 212 166 274 271 276 77 186
4 17 99 137 197 253 4 107 197 90 51 68 19 94 221 42 249 3 189 228 263 172 106 65 123 261
235 283 266 63 282 70 118 283 63 88 995 188 59 999 736 673 22 692 692 91 515 121 255 187 97 30 258 33 183 108 163 63 39 156 230 99 72 178 192 161 13
1 7 15 84 162 218 282 9 244 7 235 246 36 29 266 736 515 692 188 59 999 199 275 22 88 288 49 132 51 263 40 82 26 112 98 213 86 71 41 228 121 251 169 63 95 97
73 143 187 253 272 245 160 280 55 129 170 66 53 34 84 127 4 166 155 231 60 31 263
0 259 66 160 189 223 50 50 124 131 25 266 229 132 140 176 515 726 88 131 275 288 673 995 736 199 140 39 233 272 172 27 229 210 285 278 171 159 180 38 274 35 86 201 152 41
969 36 52 270 214 231 147 85 261 78 128 225 234 57 290 1 150 194 165 288 175 125 248 162
102 278 294 298 3 74 240 294 539 67 75 938 867 640 867 185 598 256 236 66 208 968 947 76 465 118 167 572
75 84 104 142 186 299 574 358 24 912 574 974 494 141 93 90 148 17 112 544 296 136 115 283 45 9 296 291 229 120 206 298 275 88 228 105 33 211 130 271 123 236 259 19 251 82
19 140 219 258 173 16 269 47 126 20 13 45 100 273 108 262 145 176 106 122 80
26 61 14 85 141 32 683 384 748 139 501 32 139 501 459 81 638 157 215 139 7 573 153 253 181 286 125 176 112 16 143 155 141 101 111 78 179 62 119 249 19 48 225 147 228
254 291 294 562 46 113 159 173 278 166 202 96 31 37 80 14 285 166 985 740 261 266 202 214 120 137 251 108 179 532 355 928 928 355 980 157 312 928 153 496 213 761 145 215 152 143 60 883 969
53 72 78 217 55 203 184 229 46 112 286 81 255 261 244 121 175 242 260 188 117 44 296
56 93 96 137 209 216 258 273 163 111 12 209 299 34 3 3 164 59 55 8 257 995 88 235 131 290 515 176 267 157 355 267 157 312 928 532 153 153 928 143 761 43 78 201 152 145 530 245
11 249 118 49 74 1 86 280 73 4 101 27 92 284 134 264 228 36 53 87 72
717 58 195 146 231 59 2 7 291 226 20 95 115 182 284 78 176 189 147 22 282 60 209
23 85 119 161 208 209 283 66 168 38 238 10 59 9 202 194 54 77 118 242 189 25 190 21 72 100 226
517 35 69 284 298 60 297 101 5 1 193 190 140 100 267 79 89 112 257 120 247 35 99 9 40
70 17 12 128 19 170 40 33 25 89 232 114 276 238 273 83 248 192 36 28 79
36 124 143 57 105 200 200 108 7 104 58 169 819 108 571 819 251 76 256 213 230 345 927 20 239 97 123 132 39 54 140 198 72 283 70 154 118 48 105 224 190 83 11 291 228
226 279 251 215 178 108 104 119 231 255 182 90 282 48 57 120 123 250 143 238 230 212
152 262 49 124 87 87 55 153 65 228 153 87 247 13 131 88 264 199 8 235 720 673 55 59 297 41 281 48 149 16 25 284 83 205 6 295 110 241 242 231 286 84 192 131
108 246 215 107 120 86 173 229 161 199 25 145 65 280 74 83 296 286 191 226 99 59
76 202 214 286 150 24 574 974 912 596 596 596 283 23 136 234 900 242 269 201 29 198 93 296 355 153 980 153 928 928 157 267 355 932 153 883 201 564 761 219 969 274 152 60
517 60 224 285 4 62 195 95 204 164 97 282 201 159 264 227 68 23 203 140 241 61 51 184
12 207 289 198 50 233 123 96 217 10 68 170 185 236 201 156 81 101 278 26 95 241
562 17 56 74 80 84 93 132 183 217 196 193 172 196 196 142 227 172 256 95 264 722 199 515 8 275 673 235 88 26 257 58 118 130 84 239 92 4 265 271 81 5 212 231 80 143 216 128 43 189
8 144 126 137 280 265 261 112 62 59 124 22 160 6 47 40 23 259 105 181 196 218
517 757 69 283 289 232 83 17 298 102 140 81 257 176 91 166 226 170 180 126 218 45 75 26 71
4 64 166 186 248 254 15 70 574 488 912 150 596 574 488 912 141 574 82 148 900 544 136 242 115 29 201 296
795 82 92 61 36 295 292 50 292 50 102 50 740 119 802 137 266 67 251 272 202 50 255 125 164 92 223 212 290 83 21 216 119 28 96 65 81 222 109 194 231
14 159 13 219 198 216 106 184 37 146 211 218 112 51 95 124 179 242 15 170 260 181
19 49 225 240 194 7 3 116 271 252 236 265 132 49 218 22 226 219 197 232 148 86 65 47
717 12 269 210 278 55 44 61 52 131 113 141 221 189 4 220 178 105 1 118 246 87 82
87 256 85 273 242 139 281 33 114 287 61 113 233 32 106 141 146 261 239 185 275 148
192 91 37 65 269 15 286 128 204 266 80 50 175 197 76 42 184 100 262 242 146
31 161 243 3 127 253 22 114 89 134 111 24 169 106 204 288 158 294 79 151 115 235
69 145 225 158 56 218 237 33 10 55 262 216 108 37 91 230 4 138 264 52 219 287 190
41 43 283 198 253 99 145 61 91 261 214 79 296 230 194 30 63 31 64 228 138 13 69
7 189 245 190 144 149 260 38 44 100 62 187 259 263 165 157 213 211 95 60 229 75 299
3 12 42 274 48 268 63 147 99 170 166 141 145 50 176 155 11 287 234 191 218 294 28 221
717 21 138 230 178 250 224 297 211 254 147 157 268 206 197 194 25 111 171 198 232 201 101
103 119 235 243 276 204 192 245 114 123 214 190 124 157 206 209 45 175 12 256 120 296 235 174 220
105 172 216 321 566 359 138 481 428 321 428 481 836 100 231 62 635 367 314 420 589 190 260
179 125 151 286 596 494 596 574 974 912 974 912 150 141 269 544 112 242 201 23 212 54 39 283 115 212 181 161 206 279 78 173 107 204 159 155 103 70 116 151 12 124 45 229
49 257 284 321 321 566 517 517 566 551 428 481 321 359 566 86 635 216 196 62 314 836 190
40 250 175 261 56 633 921 552 634 662 872 511 662 511 25 186 225 79 58 264 247 209 13 705 15 126 35 26 56 281 33 172 133 192 211 152 276 109 58 61 65 66 25 178
219 240 74 299 394 222 53 91 27 222 222 53 255 91 70 131 458 150 150 94 144 114 215 544 95 283 227 37 20 106 79 295 136 265 114 10 299 47 229 237 271 60 108 221 263
66 97 159 226 394 81 173 87 182 147 65 91 66 272 97 76 69 143 125 269 7 202 25 58 128
41 299 62 76 215 92 255 658 594 92 594 594 965 257 34 648 733 239 658 20 996 318 44 256 74 229 176 249 52 82 184 188 288 141 115 47 209 23 237 279 127 84 8 168 56
13 106 267 128 98 276 135 187 12 222 190 289 94 26 62 96 200 232 189 54 147 124 106
69 188 177 293 137 79 5 14 258 225 121 298 201 118 65 77 191 51 2 92 274 45
85 128 261 158 242 80 274 200 286 241 108 180 137 156 8 177 98 99 9 71 211 212
103 246 272 288 144 291 640 640 452 553 525 640 596 904 297 140 265 49 955 102 17 106 278 244 863 107 155 35 0 229 163 15 162 90 288 276 154 259 98 139 243 224 92 274 10 282
717 73 217 99 36 261 1 87 160 157 271 41 18 159 94 218 277 146 133 173 46 249
19 186 222 260 231 279 285 143 224 192 113 263 181 244 132 273 144 177 138 157 150 183 87 47
155 285 227 141 139 195 245 168 223 267 287 240 246 275 188 208 118 17 214 140 185 209
8 551 517 566 138 481 359 481 62 231 420 76 314 260 187 635 836 86 917 589 100
3 374 97 201 230 117 95 197 192 157 80 105 171 238 140 237 116 66 153 265 209 23
23 91 113 83 23 296 147 16 166 275 100 101 219 158 188 257 37 68 135 94 32 79
152 243 778 77 250 156 175 63 126 191 133 562 658 54 724 996 318 54 74 968 213 20 231 3 119 210 113 299 49 186 257 16 184 165 278 284 6 256 220 117 136 187
39 236 928 232 32 928 32 199 255 61 255 199 251 261 214 41 228 67 272 802 990 119 37 85 119 270 133 218 278 12 221 71 265 156 197 232 293 165 185 128 258 87
36 143 1 219 251 155 93 102 29 244 31 9 268 101 257 252 74 33 77 184 112 130
121 134 168 189 206 233 279 167 239 186 215 190 57 35 106 242 154 45 210 157 220 162 177 252 245 191 183
118 190 111 141 210 258 273 728 596 640 822 351 596 553 728 640 130 904 194 280 265 239 102 140 863 115 297 187 279 237 228 39 121 72 3 2 18 291 157 181 53 92 269 30 141 293 93
25 49 74 104 260 135 13 209 38 62 113 216 107 284 286 122 235 57 128 55 262 69 186 27 224
2 8 47 253 279 192 25 61 282 204 235 224 216 244 52 283 175 288 257 127 48 21 84 252 103
20 24 140 215 253 292 47 49 91 374 166 166 256 824 16 181 181 166 59 677 88 161 55 127 199 257 995 673 131 8 15 36 275 239 30 21 244 44 163 33 215 172 187 25 234 169 82 232 183 64
46 117 273 232 237 596 488 974 912 358 24 596 800 115 39 900 526 23 242 136 112 992 296 198 562 269 53 120 105 61 130 145 234 104 180 214 276 255 124 32 280 25 90 148 195
168 268 129 249 257 83 241 76 179 162 224 153 15 43 253 107 299 215 131 20 52
68 112 187 288 28 251 41 77 20 220 274 47 112 107 228 164 48 168 152 130 145 65 198 116
101 185 235 40 111 164 236 15 215 57 45 28 249 101 294 118 250 65 120 248 202 208
170 267 355 267 355 932 355 157 157 928 644 692 215 421 34 494 274 219 201 131 926 169
135 204 185 265 121 73 258 159 273 18 229 1 241 178 44 209 45 93 139 156 274
49 97 154 159 257 209 125 216 271 87 71 276 194 265 47 153 140 152 197 299 238 218 284 112 27
184 216 222 235 262 292 296 80 81 88 180 126 272 87 90 179 219 44 168 110 153 183 102 45 112 118 204
717 15 34 186 1 157 185 246 271 124 145 55 104 9 18 277 110 65 191 251 13 140 66 240
33 36 37 149 228 103 68 234 73 258 248 30 200 11 190 72 22 129 53 246 224 142 213
29 33 73 147 259 717 32 84 171 193 269 710 712 710 509 3 710 29 710 128 710 8 264 88 515 127 235 722 131 720 26 39 205 109 117 14 147 133 24 62 112 140 22 0 116 284 195 115 224 182 155
109 72 141 190 266 73 100 265 70 222 275 120 178 83 189 250 95 154 231 158 104
18 228 928 157 312 980 980 355 932 932 267 758 78 201 215 274 219 131 20 494 692 169
76 82 140 253 289 129 70 7 257 213 273 38 44 116 169 170 281 258 126 295 201 156 9 103
199 928 932 355 312 157 928 980 157 980 153 312 932 494 926 219 564 78 644 761 20 287 267 355 287 928 355 312 932 34 926 644 758 169 215 131 4 201 692 219 761
59 129 97 260 181 105 256 296 183 257 220 235 258 246 51 32 23 142 118 295 132 117
59 596 51 51 728 51 822 596 351 452 640 351 525 278 102 265 115 280 297 239 863 932 157 153 532 287 355 312 215 692 494 926 274 683 201 78 4 169 836 644 143
154 218 122 214 189 162 238 73 103 163 80 147 64 11 10 7 8 212 183 267 94 228
88 109 183 61 228 54 42 897 54 187 934 143 143 42 398 44 186 215 116 345 345 848 237 848 351
23 42 67 156 166 934 466 187 42 814 42 187 42 934 905 814 116 345 533 104 186 848 44 351 553 714 443 298 670 670 165 763 273 980 260 187 210 367 836 76 216 190 589 917 585
104 123 154 161 222 239 63 39 118 212 14 239 181 21 79 166 123 101 296 6 253 238 25 271 56 197
13 138 156 176 203 47 244 269 5 67 237 104 194 28 6 144 285 19 281 115 8 196 64 38 161
142 265 283 8 60 161 181 246 111 197 173 197 215 242 222 413 131 658 236 74 44 724 213 996 20 968 54 54 235 119 298 66 174 183 232 64 221 65 82 215 187 94 2 18 282 25 26 89
17 67 119 231 146 243 90 234 49 54 79 229 164 89 209 206 281 67 116 158 139 31 148 150
250 312 928 928 928 980 928 267 355 980 355 34 836 78 926 692 201 215 4 494 219
116 132 188 203 210 221 239 394 87 120 261 206 214 109 76 103 75 199 60 182 277 35 259 115 293 269 159 287
10 39 122 296 26 293 199 72 242 111 178 277 88 40 30 93 159 62 123 65 146 269
145 149 173 199 117 28 211 197 121 251 119 91 282 79 156 158 108 24 53 244 291 31 12 245
82 91 182 269 106 38 23 204 54 121 194 172 160 161 191 61 80 97 280 241 159 117 261
47 288 31 83 540 868 689 775 540 775 401 920 78 45 28 526 114 26 277 84 345 65 695 23 56 74 207 25 295 278 21 154 71 287 32 217 167 53 0 72 103 220 89 124
109 163 188 195 266 287 18 115 150 166 207 241 255 286 292 394 452 728 822 934 596 822 596 351 51 822 525 115 960 278 140 863 102 265 212 955 218 236 88 123 104 101 52 109 296 134 11 280 81 241 271 152 162 44 62 86
10 239 126 32 168 298 219 98 165 48 29 234 83 121 93 161 212 220 88 124 145 285
48 77 13 223 203 37 91 211 240 36 195 182 61 201 108 102 10 26 65 130 80
758 91 234 281 562 47 75 280 740 600 600 740 275 680 145 980 869 55 722 720 161 199 127 235 677 59 355 8 90 225 217 291 159 113 190 141 1 290 100 275 84 33 86 198 58 122 36 267
0 99 169 171 210 260 73 19 27 134 144 243 33 76 159 194 160 163 31 12 294 128 200 87 114
165 189 199 150 174 199 257 866 727 727 866 564 498 866 305 94 544 153 7 181 514 625 836 444 70 839 638
32 35 77 187 398 814 187 905 905 905 905 398 905 42 116 553 237 184 345 44 848 533 351 269 93 78 36 61 221 125 273 24 25 195 47 228 106 104 262 281 260 183 155
15 56 157 175 267 123 861 9 123 106 298 70 456 106 119 802 44 874 272 740 201 261 962 67 266
643 79 100 433 700 700 511 511 662 511 433 590 186 247 79 209 772 150 274 265 278 58 273
189 194 246 265 276 934 51 934 51 640 553 640 934 596 51 934 553 80 212 106 239 130 904 140 115
12 53 117 181 202 246 611 513 537 155 513 618 139 895 867 638 153 839 623 150 754 114 432 544 94 70
717 91 957 149 149 175 175 175 959 103 138 268 68 175 239 236 256 54 318 724 213 167 54 242 169 298 95 100 267 177 176 69 166 260 255 125 297 291 149 151 193 247
141 28 222 79 157 213 148 193 143 214 273 282 192 177 217 25 179 215 30 242 263
232 255 90 92 205 125 409 266 125 283 223 266 199 8 161 131 26 722 720 264 275 127 407 995 59 131 37 295 160 29 48 136 77 194 13 184 272 281 264 135 247 107 290 261 100
29 72 151 232 13 280 231 118 63 172 217 135 11 190 133 275 203 9 230 0 26 188 23 8
17 124 280 256 206 172 283 205 75 21 43 84 273 170 133 236 276 160 100 252 57
9 114 151 50 116 227 552 921 921 56 433 921 511 633 56 633 552 872 79 13 150 477 58 225 264 225 99 192 243 256 239 4 87 173 233 114 195 65 183 72 283 162 132 29 131 226
562 72 82 83 103 728 51 351 525 51 452 728 452 822 822 596 955 244 115 265 904 278 194 280 130 72 4 168 279 125 73 38 195 121 188 97 251 282 124 269 2 152 105 3 208
179 194 225 5 291 81 100 145 122 226 245 69 206 42 75 259 54 183 116 59 202 215 8
144 178 212 296 399 42 109 166 275 133 238 255 201 22 91 168 248 182 33 43 174 129 99 223 81
209 263 40 222 280 178 55 240 199 126 69 156 57 1 195 201 171 70 185 263 20 186
52 22 228 80 65 198 105 179 164 233 262 208 12 258 28 256 99 224 241 135 74
654 127 215 99 109 294 241 152 78 140 242 184 281 232 209 160 82 221 91 23 24 186
101 106 176 76 271 237 101 188 204 270 183 28 207 254 83 10 209 187 33 81 42 299
717 173 260 491 97 211 90 112 118 46 219 134 93 68 20 185 297 45 151 263 83 178 172 67
717 64 101 203 274 116 194 268 420 116 506 176 954 529 293 856 906 917 796 862 260 538 86 187 210
59 94 151 212 214 25 242 713 713 427 248 749 713 749 713 427 826 32 270 695 45 84 26 23 277 65 28 219 213 190 157 152 283 155 221 136 201 4 229 149 55 1 277 228 144 291 113
56 213 8 105 183 358 574 494 494 358 596 974 150 494 373 992 800 136 683 562 198 112 234 853 148 68 217 98 184 52 94 66 7 97 11 294 74 55 203 267 129 62 261 179 82
223 230 290 65 84 299 258 174 50 160 61 58 13 161 270 278 245 272 83 5 135 240 6
74 240 250 14 158 164 7 128 21 150 117 98 44 179 113 190 234 33 241 274 80
13 74 83 98 70 91 181 90 99 299 80 180 89 253 22 199 285 186 251 9 229 244 38 212
47 123 136 15 52 121 122 246 264 786 266 303 669 617 826 669 786 238 677 264 722 131 161 497 8 515 55 88 199 687 67 327 432 481 76 522 639 671 687 327 68 183 753 463 568 681 268 298 78
14 94 187 240 281 201 178 200 269 272 89 163 100 259 298 117 91 280 179 232 3 74 265 67 147
123 235 94 722 536 227 997 794 997 317 948 179 227 832 556 621 996 724 318 213 658 239 213 13 252 219 25 176 205 108 45 4 295 43 126 90 153 173 211 77 134 124 105
142 206 525 562 107 203 265 282 549 497 524 549 497 440 549 669 524 272 440 724 324 318 979 658 20 74 621 794 274 176 125 256 10 33 255 84 4 212 158 59 218 46 219 128 217 82 28 56
669 90 191 205 608 51 105 258 299 141 150 141 596 596 974 974 596 683 900 853 112 385 234 296 198 992 800 562 115
112 275 974 504 596 488 710 801 135 309 596 749 836 432 70 153 754 95 444 625 150 114 137 149 287 150 225 125 64 170 260 142 264 135 234 1 49 121 78 23 124 271
7 76 232 269 244 184 189 185 9 200 86 54 64 112 178 180 137 215 119 110 228 72 78
33 205 86 233 129 31 218 152 144 4 280 227 252 111 143 298 102 235 244 123 105 121
20 92 163 272 491 122 208 230 440 7 383 774 348 844 7 736 774 153 638 150 623 660 754 444 432 95 334 70 118 13 192 84 171 283 147 165 244 219 43 191 125 53 289 82 99 299 259 249
89 229 15 152 32 269 188 65 0 71 110 18 200 204 156 57 88 63 227 185 122 169
608 50 64 76 206 105 102 209 238 229 225 69 97 18 182 288 156 27 208 197 94 104 119 175 299
179 562 3 95 234 238 656 781 339 596 683 781 683 596 977 54 959 638 875 660 181 444 867 625 839 623 228 272 186 38 221 30 98 151 110 113 82 74 1 156 130 133 28 107 245 93
180 241 285 108 251 116 116 951 860 860 860 287 860 951 355 399 264 257 26 677 161 407 515 8 88 26 270 69 127 99 104 296 27 153 73 54 45 234 149 238 207 138 219 112 108
38 76 133 135 180 224 34 243 728 934 640 934 525 553 553 351 51 239 278 960 106 597 959 194 693 17 587 297 27 295 112 181 7 150 221 117 45 119 50 258 248 23 259 201 264 216 159 96
130 278 168 237 4 122 272 1 138 41 213 246 99 286 297 249 210 22 172 63 59 72
5 45 237 6 259 278 990 671 548 990 684 274 671 64 826 32 215 350 345 104 237 438 184 848 553 344 631 101 101 386 386 195 386 889 386 952 589 187 658 314 590 796 260 585 216 210
68 124 161 212 210 138 195 195 138 490 138 518 426 767 314 911 796 980 187 196 86 862 585 623
