59 208 290 493 729 752 856 45 94 260 411 226 44 936 278 797 955 182 478 214 856 118 4 392 656 396 384 211 203 577 934
289 934 550 445 599 969 244 951 481 236 433 864 532 660 854 227 955 630 208 424 466 662
115 161 227 298 474 480 997 967 997 435 480 967 704 335 641 243 997 893 967 893 210 210 518 79 113
966 16 58 154 197 233 260 283 633 754 200 1 754 754 200 226 272 78 648 92 200 754 301 93 200 554 186 798 537
33 125 192 241 295 291 211 243 244 165 156 12 28 39 123 29 179 94 65 204 259 107 286 53 128
117 163 592 255 255 939 29 775 346 775 255 294 255 47 158 77 152 339 237 927 29 269 178
93 102 108 170 285 592 185 220 50 246 176 253 134 102 259 133 167 143 194 155 55 107 157 4 216 116
122 211 242 23 170 30 184 97 123 41 181 46 195 1 213 230 289 151 269 37 263 159
24 33 35 74 141 177 199 94 205 15 159 178 196 28 271 92 169 42 286 120 157 216 16 170 49 123 69
26 152 185 296 633 50 171 23 195 7 181 255 77 40 81 154 141 164 231 156 86 101 6 290 119
14 493 633 222 146 122 91 12 103 167 286 299 18 77 137 134 54 206 284 102 120 73 166
104 106 113 209 752 273 215 268 25 19 193 2 285 95 48 167 267 107 100 266 104 80 243 177 0
205 257 386 453 729 295 255 243 57 211 126 80 282 88 279 159 188 61 205 286 277 248 225 189 19
386 453 247 133 21 291 219 175 223 122 72 102 79 1 12 24 147 145 119 221 278 117
80 113 163 181 271 430 988 592 861 988 328 592 988 939 994 861 260 915 85 915 27 179 355 594 729
27 172 192 250 17 235 249 198 200 74 52 141 206 64 177 270 271 274 26 113 174 289 159 165
192 224 729 46 115 143 38 264 234 286 76 145 98 58 177 188 162 66 60 194 107 197 61
45 153 227 474 227 230 224 262 64 108 170 78 11 188 184 218 210 53 3 179 15 86 89 80
36 116 142 474 630 176 212 73 189 37 218 111 38 121 20 113 13 53 207 122 236 46 69 190 24
203 211 11 260 259 188 269 112 127 227 29 50 99 134 108 103 25 46 40 26 236 23
966 48 161 224 266 22 255 31 13 270 102 171 39 264 45 216 65 72 182 4 271 71 141 20 145
51 474 166 158 221 292 295 276 267 156 270 283 169 196 17 188 269 59 296 299 33 293
60 172 547 128 67 86 253 123 47 5 205 196 74 218 220 152 31 177 229 190 202 136 284
128 241 186 107 118 227 277 98 249 8 46 293 92 273 195 104 130 287 132 295 175 297
26 210 218 84 87 194 289 729 662 662 465 915 704 465 964 825 339 152 152 662 73 498 135 672 298 813 498 355 25 163 112 102 282 44 99 128 53 19 16 94 89 291 259 67 235 72 23 186
77 176 226 290 219 53 197 215 145 128 235 78 1 234 254 25 248 121 115 274 157 203
12 17 75 99 177 234 474 633 145 5 70 88 24 150 113 258 273 148 196 138 8 230 38 18 53 89 235 31
63 140 254 144 8 194 46 275 74 285 155 83 31 222 153 10 177 205 282 47 163 233 4
82 151 165 199 253 752 95 270 96 154 254 37 258 150 0 24 217 265 83 65 143 111 84 239 11 214
55 57 92 247 295 296 276 267 100 106 192 201 292 156 277 75 199 244 70 88 73 28 31 40 158
262 91 149 184 75 24 106 72 53 224 119 198 20 251 237 124 252 222 142 191 117
69 107 123 188 266 60 15 157 149 196 269 57 24 122 67 220 7 215 217 283 280 105 74 213 78
106 227 188 6 113 180 79 22 289 54 135 153 82 132 72 34 277 154 102 53 204 256
78 197 260 856 160 17 190 164 146 33 240 135 222 61 244 23 186 168 81 172 7 263 212 170
9 62 184 237 386 633 247 105 63 253 78 17 79 22 81 272 175 221 232 56 255 69 41 30 110 128
70 89 183 82 126 117 64 112 63 57 99 184 3 187 202 192 27 292 247 119 261 239
26 108 179 47 141 68 222 240 253 34 116 148 1 41 233 245 236 224 3 290 257 40 123
59 71 211 295 246 78 278 123 14 297 197 259 216 264 64 198 131 181 140 161 139 299 85 11
48 62 134 56 164 140 158 157 202 12 277 252 126 298 9 24 121 72 129 255 139 122 228
84 229 236 683 185 197 202 547 964 915 662 964 704 465 465 915 825 672 135 54 113 731 135 73 130 61 756 257 56 267 22 24 33 144 108 263 16 151 73 37 48 261 230 278 157 229 72 253
22 216 227 156 259 288 150 130 204 128 167 31 211 216 11 99 57 296 264 64 123 102 71
11 168 213 214 230 278 253 246 22 155 251 145 249 123 109 212 148 196 100 170 297 67 205 135 27
58 70 141 240 332 351 136 117 345 332 319 117 332 13 319 167 320 72 97 84 101 232 117 251
125 127 197 86 88 164 132 142 254 162 126 186 145 114 45 296 269 143 16 190 71 232 32
208 13 136 117 13 351 351 332 222 232 116 136 251 3 167 228 17 81 204 101 167 58 9 162 261 250 37 204 71 268 246 22 4 116 293 281 270 30 113 80 104
225 166 16 225 120 23 197 0 244 69 136 223 11 252 292 210 59 228 207 20 71
583 164 246 159 66 182 222 97 100 84 289 26 145 111 133 6 32 94 275 254 80
164 171 187 259 261 752 297 240 39 217 74 86 32 248 80 97 281 65 289 133 194 17 29 267 144 293
73 126 134 167 218 243 277 79 291 269 138 169 157 60 115 30 4 260 114 288 173 88 83 234 75 19 174
221 299 187 243 56 16 36 289 51 89 147 124 282 184 53 114 70 4 167 182 134
56 269 233 69 199 27 124 278 253 262 268 64 238 265 217 96 235 49 73 31 261 283
41 125 218 29 230 78 89 61 253 170 169 131 174 117 27 124 42 205 111 280 273
226 633 226 175 283 172 106 33 4 272 121 255 285 35 253 141 151 19 152 189 231 194
124 163 285 67 131 151 411 413 541 465 708 152 465 704 465 152 152 113 73 135 257 119 54 768 120 180 857 672 61 297 226 45 257 19 57 289 279 261 223 281 294 284 15 152 48 254 218 194 142
147 160 210 215 221 260 216 287 212 107 138 215 241 276 44 222 63 198 103 196 235 271 299 237 1 297
47 242 474 752 103 32 40 68 102 82 110 97 94 45 55 188 190 70 277 62 116 56 54 30
85 219 264 633 752 272 239 278 112 32 199 95 31 45 40 50 13 60 81 144 125 195 266 274 201
111 166 207 290 33 140 0 161 50 130 48 146 255 7 104 65 282 91 262 180 116 75 115 20
228 88 59 83 31 214 72 293 84 220 137 231 96 296 7 199 70 218 97 237 253
94 233 10 38 287 214 207 297 23 77 30 57 205 2 61 21 259 87 106 154 199
35 125 273 91 132 82 157 226 208 219 57 156 76 288 9 289 107 39 147 231 169 199 160
67 98 164 272 274 163 60 18 24 49 134 76 140 13 212 1 90 10 83 169 137 25 197 208 166 87 128 63 103 153 1 47 54 295 246 96 149 262 144 93 19 31 140
112 131 230 633 88 136 98 176 69 216 228 269 252 245 248 277 6 187 109 19 170 171 119 256
195 58 57 289 91 154 122 157 298 0 117 236 207 282 72 174 244 202 119 193 14
25 162 188 230 265 208 50 34 118 39 66 57 147 138 183 70 90 196 14 127 123 166 11 77 84
254 75 67 135 179 176 267 4 44 236 286 210 91 106 223 163 42 159 207 132 224
151 156 239 270 276 249 279 271 280 224 112 76 113 31 240 184 86 274 18 54 200 134 211 55 159
251 294 493 729 260 20 185 100 65 54 120 147 7 6 138 194 270 261 80 21 247 48 57 88
25 48 169 177 285 265 259 105 22 15 10 278 260 85 170 174 193 37 123 286 13 40 213 191
3 77 265 286 386 752 250 186 278 111 180 166 240 190 63 12 231 36 75 79 131 105 50 130 269 9
145 283 296 274 221 283 77 19 35 258 208 177 114 231 239 40 193 60 78 36 264 296 297
61 116 100 248 65 74 115 136 267 178 32 60 272 230 82 235 9 249 242 127 155 118
52 69 86 285 203 209 11 285 251 157 116 279 1 75 152 81 25 109 73 138 246 198 64 20
102 132 206 240 248 411 608 5 4 214 3 255 112 193 147 257 103 189 236 59 237 97 151 29 235 156 15
25 45 61 128 164 295 864 230 16 54 27 205 139 21 43 37 66 118 259 127 168 172 288 189 90 119 221
80 137 157 208 276 2 259 275 81 77 176 241 188 239 231 190 23 82 99 160 31 212 52 70 101
34 222 163 146 233 160 296 280 162 19 158 84 212 222 203 177 236 197 279 42 82 205
83 198 241 633 708 704 152 372 708 704 152 704 180 768 355 457 257 602 54 73 120 672 61 857 215 176 136 251 140 71 252 25 23 116 66 188 15 146 172 111 241 84 217 2
188 224 175 93 75 213 63 255 206 239 167 247 169 266 154 218 8 149 113 68 142 275
135 167 178 258 411 864 149 247 73 107 178 179 298 77 134 29 69 106 276 261 82 283 213 53 146 145
74 124 137 115 279 102 21 168 215 133 23 117 7 60 183 199 152 106 284 100 45 249
12 282 293 208 274 122 277 202 9 283 96 203 143 81 36 60 85 275 35 151 41 135 248
32 38 44 89 189 547 752 272 218 23 101 47 156 141 179 257 77 215 279 53 290 236 266 157 94 44 35 275 132 42 176 37 288 296 233 46 105 53 108 47 252 267 134 26 12 167 55
21 45 97 162 164 172 183 292 444 790 790 157 790 379 749 203 553 379 444 578 76 624 176 486 262 227 766 159
133 265 284 493 547 203 157 379 602 553 203 157 578 444 553 578 602 162 624 227 159 176 257 262 682
107 158 159 249 276 299 15 836 521 364 521 830 521 565 146 12 528 736 353 392 123 686 33 24 240 73
15 67 84 179 118 114 36 258 243 156 149 143 123 299 2 76 182 260 31 33 234 5
715 2 170 110 40 207 232 225 282 83 60 200 185 299 244 98 228 17 49 218 135
253 260 229 235 54 177 138 223 71 25 39 49 132 91 166 34 169 42 185 56 57 246
173 222 225 547 553 117 162 7 121 187 173 144 101 51 107 149 74 222 92 9 273 161 229 244 78
73 152 275 274 2 183 1 285 204 121 210 116 110 124 288 230 244 190 130 129 156 222
87 132 179 258 269 444 602 379 790 749 203 444 749 379 964 227 624 776 486 257 76 104 176 363 162
19 117 131 144 158 143 336 143 236 622 588 73 236 165 180 613 198 281 115 107 200 407 48 35 607
18 43 86 16 60 14 215 259 36 171 265 49 137 46 264 57 53 33 61 134 167 175
96 119 608 580 944 479 638 479 638 164 302 70 3 812 644 6 395 240 26 640 4 154 134
8 117 152 157 790 749 790 444 602 553 60 157 203 776 76 486 624 354 162 363 262 360 682
72 94 60 58 207 384 94 771 971 404 749 640 154 75 195 53 864 751 800 651 233
18 162 633 715 22 257 24 13 220 1 103 7 18 252 295 58 195 125 249 275 256 84 271 177
221 233 512 151 21 21 230 512 509 732 542 512 1 30 48 212 80 871 644 502 121 142
970 111 444 578 157 157 749 578 749 60 79 470 118 360 76 964 486 682 558 776 104 159
51 179 228 123 195 608 630 465 704 465 339 825 708 465 825 704 825 355 180 892 857 457 61 135 602 130 113 570 137 991 980 566 932 716 663 28 736 991 4 899 209 69 279 228 482 916 194
111 227 144 671 144 671 739 739 671 182 481 665 323 89 283 410 911 233 74 351 307 689
53 74 129 141 97 213 241 6 180 33 232 224 189 140 141 209 19 193 238 168 107 172 65 273
69 258 283 12 194 37 174 49 6 88 158 217 40 288 83 166 223 129 189 62 112 72 10
185 715 271 236 75 175 217 106 109 187 164 240 82 154 74 291 90 215 0 76 13 41
69 749 252 216 267 147 285 178 277 19 109 94 265 159 191 258 92 249 5 25 24 153
1 64 264 459 45 44 234 67 251 262 109 215 144 247 123 147 97 12 48 128 69 84 273 33
205 255 264 226 47 124 234 183 293 79 153 227 34 134 265 274 128 225 48 262 200 117 254
86 90 265 271 106 163 92 105 141 144 93 7 34 82 256 1 15 40 60 129 160 262 37 278
8 23 84 170 231 299 864 250 292 129 149 235 257 121 256 34 270 211 152 151 229 205 249 23 76 157 78
84 152 233 217 35 5 3 298 50 77 30 25 132 143 102 52 144 135 201 56 176
142 191 729 789 258 117 142 195 36 18 27 131 184 15 295 3 52 86 215 194 297 57 186 116
60 224 233 633 70 83 241 292 462 460 931 710 931 152 667 813 931 931 504 62 223 26 167 124 499 327 289 66 58 214 640 452 463 640 870 404 214 892 57 224 939 39 509 384 113 137 262 547 139
163 90 213 75 222 243 68 235 196 18 72 31 282 278 190 119 51 98 12 58 8
9 118 136 157 140 140 140 203 65 65 33 31 126 169 247 104 254 471 245 141 79 83 814 104
154 170 214 286 4 15 244 142 152 125 295 167 41 45 275 205 82 299 155 128 246 140 131 216
176 188 459 4 117 80 232 33 260 39 208 11 61 288 218 189 193 245 190 63 224 40 266
139 224 64 56 27 92 105 207 1 235 67 219 121 47 254 134 62 155 117 263 270 194
52 162 208 216 239 474 630 239 148 0 19 207 191 100 290 223 3 1 258 30 159 224 244 257 123 13 219
944 133 217 16 268 137 17 12 79 260 15 146 251 64 29 233 55 59 258 94 166 182 293
47 165 255 943 246 182 179 179 2 581 597 167 524 971 390 218 285 52 82 42 288 106 87
33 148 241 64 296 168 187 172 94 20 233 248 69 58 191 254 66 149 103 260 21 105
31 36 115 55 188 180 117 134 225 231 35 28 229 153 133 98 32 138 247 196 295 105 271
184 199 229 27 88 190 231 84 198 11 285 57 205 178 0 226 64 59 149 135 77 91
137 174 178 289 5 274 46 225 259 3 69 14 33 299 102 261 214 287 237 80 251 73 64 294
78 154 284 54 2 266 45 28 143 160 19 201 267 140 212 23 64 39 167 52 55 139
283 285 667 256 18 158 185 296 229 210 114 216 290 57 53 111 106 9 289 160 184 175 69
137 153 175 200 201 273 228 173 226 20 157 191 35 160 153 200 93 42 166 121 215 223 140 0 4
18 58 168 243 146 72 24 25 116 270 183 160 79 271 239 269 83 49 199 224 205 74 136 203
42 106 493 578 578 749 379 203 379 60 790 444 578 558 104 79 819 176 776 624 227 76 964
28 180 90 94 22 237 299 224 65 136 1 189 187 171 212 292 247 85 295 239 146
130 268 292 791 175 177 159 48 128 221 272 118 144 270 38 276 166 269 58 245 192 286 174 267
69 99 135 225 271 503 139 194 167 57 144 282 287 24 274 80 31 243 285 253 142 225 45 47 143 206
66 114 273 213 134 278 248 9 130 212 61 209 243 47 154 65 193 157 62 191 144 90 99
13 250 297 71 928 511 574 574 479 113 309 479 138 565 535 53 958 768 88 976 239 96 227 157 157 157 444 444 553 749 60 790 379 553 578 118 964 159 470 363 79 682 624
236 240 752 0 54 34 170 267 114 235 197 212 283 206 266 213 119 82 259 269 179 56 199
178 187 50 111 299 225 144 228 204 269 119 79 123 58 120 13 290 30 252 235 44 260
9 81 254 9 94 21 146 57 55 96 39 132 173 204 223 293 88 82 15 49 170 295
123 263 298 146 266 267 82 257 280 273 201 66 63 292 191 168 210 240 109 30 19 175 23
153 181 191 9 137 223 268 542 331 10 231 659 498 44 231 565 231 12 817 579 691 299 420 119 835 40 64 53 222 287 201 197 117 194 164 246 101 213 74 275 185 10 174 172 141 52 31
178 230 297 47 223 179 191 252 56 147 142 281 232 174 211 43 152 195 178 228 144 85 171
64 192 270 715 51 46 284 274 165 13 244 286 215 161 64 107 209 114 189 169 111 256 138 190
72 75 96 169 282 16 976 16 840 467 840 165 467 552 133 787 79 116 240 718 289 251 834 863 364
12 49 181 148 247 98 238 21 167 102 34 27 191 85 73 135 10 283 270 141 172
180 209 264 175 243 630 633 715 565 44 659 659 498 44 12 10 659 44 231 231 82 579 164 64 662 691 791 119 0 56 987 19 164 56 39 97 71 166 108 256 691 247 573 573 149 131 10 208
131 474 1 48 42 1 147 147 48 232 170 48 131 650 272 278 250 653 305 971 130 245
51 132 170 185 209 221 249 135 866 88 400 10 561 400 351 707 531 813 910 266 597 77 119 646 48 906 235
115 131 625 699 67 101 193 68 5 249 210 206 60 135 121 195 227 71 189 278 229 220 16 77
6 96 159 292 222 99 283 126 144 221 185 188 201 279 154 18 245 39 259 91 9 273 295
633 144 211 162 94 221 88 230 210 198 118 252 172 139 164 226 267 165 204 4 115
17 69 82 151 236 271 289 147 189 93 233 138 11 81 249 161 258 190 293 13 223 278 191
124 176 836 107 153 904 76 708 725 147 138 655 26 138 277 199 178 476 730 596 403 169
10 100 210 228 258 114 258 257 189 126 511 258 258 126 210 249 268 486 58 955 919 359 809 172
62 123 162 278 699 762 15 185 81 1 278 142 52 77 11 137 51 271 10 154 251 82 43 209 213 93
12 455 142 762 265 193 193 193 51 444 265 129 167 128 62 190 19 802 26 58 504 499 133 223 141 453 223 127 662 517 223 453 266 589 95 696 258 236 260 266 276 4 447 246
951 248 985 289 283 85 44 150 174 229 20 45 765 572 835 287 139 216 10 20 176 968
27 56 85 191 93 715 72 240 170 445 31 21 31 99 444 133 445 223 499 289 190 187 504 124 47 62
117 630 613 753 80 613 613 80 638 967 787 86 181 864 414 578 536 65 244 970 958 565 115 61 295 117 93 254 265 51 252 177 113 193 188 155 15 78 103 169 86 261
18 89 101 130 150 159 493 565 473 565 473 377 565 565 581 473 225 460 59 49 344 143 699 793 166 388 76
69 80 607 2 179 182 246 943 634 2 928 634 607 581 87 82 385 524 42 291 514 188
83 111 129 150 207 411 633 413 823 722 559 830 413 722 559 412 722 823 830 859 37 287 213 363 182 28 691
147 124 151 124 274 583 151 151 511 859 385 859 385 276 12 942 757 355 470 625 46
79 87 292 529 529 260 517 221 221 517 212 13 526 943 207 96 598 823 859 269 718 106 118
60 75 51 51 15 51 15 258 174 108 128 278 971 272 795 245 653 683 112 934 250 305
95 97 267 122 60 69 49 87 222 96 242 255 203 250 61 107 131 125 143 32 108 284 276
17 180 220 252 145 116 32 177 194 73 148 236 16 9 20 120 288 208 270 83 135 126 6
23 105 197 65 166 265 98 141 113 185 137 135 264 177 130 10 109 286 40 192 35 225
32 133 790 790 602 157 749 553 790 379 558 448 159 262 682 354 819 176 776 624 227 360 173 122 235 174 45 23 60 200 215 178 131 128 22 193 222 37 49 154 216 102
82 196 201 217 715 102 151 131 11 85 148 144 214 161 258 108 189 124 169 65 207 167 48 201 197
951 71 146 244 244 277 170 62 277 460 460 244 170 272 131 130 683 568 653 210 245 926 650 278
951 20 79 140 198 270 166 218 114 216 275 159 69 84 46 227 101 142 172 89 100 48 33 85 161 147
44 78 165 165 267 572 598 54 279 207 487 130 677 10 286 295 490 179 212 222 432 682
39 93 166 266 158 158 540 856 464 693 764 26 764 540 927 458 83 7 229 551 787 610 798 773
146 895 949 869 828 250 250 869 376 977 977 949 828 977 996 794 213 44 54 251 239 621
16 37 53 195 238 271 296 81 289 110 0 77 115 261 286 121 143 172 258 9 43 185 211 221 186 125 233
87 764 464 104 810 317 149 810 145 961 317 701 787 610 7 541 229 142 551 798 570
1 92 119 197 237 262 929 927 929 106 553 193 372 176 372 193 372 106 683 568 184 278 795 653 650 245
335 448 448 241 307 682 448 291 403 989 172 961 360 501 38 67 250 729 511 223 982
139 84 5 166 276 15 30 28 43 74 154 45 251 267 9 25 262 205 190 229 81
192 37 155 233 281 158 296 275 16 262 99 109 245 270 169 152 218 246 20 255 184
60 148 176 202 206 224 278 630 812 9 151 281 120 240 55 57 27 97 249 72 244 284 258 251 192 90 164 6 176
39 47 85 104 116 149 202 261 105 220 339 465 708 662 372 915 915 662 339 825 152 372 257 113 334 602 731 417 672 892 128 275 29 240 194 164 98 178 159 210 110 157 37 45 206 221 30 270 8 244
