126 201 238 146 273 348 828 338 222 460 431 756 62 224 468 422 268 987 857 804 123 846 989 133 323 624 192
190 207 828 211 266 348 846 63 36 595 430 287 243 527 847 309 594 83 369 59 302 355 986 606 21 328 975 396 959 959 800 800 431 800 37 227 396 396 431 271 3 242 872 872 116 250 852
55 88 190 192 846 241 135 262 251 62 137 232 147 121 152 117 295 160 250 122 204 31 28 0 215
52 177 181 273 462 700 25 238 50 88 108 135 147 237 205 263 79 231 289 270 89 139 22 230 74 105
24 82 263 147 230 158 94 263 109 210 256 228 159 51 205 146 53 257 166 233 112 90 269
215 296 513 691 840 203 203 376 919 960 232 843 919 203 376 206 82 215 224 13 502 790 144
9 315 190 26 11 17 116 282 133 244 108 213 165 206 161 61 118 246 7 117 79 195
34 107 110 121 534 212 113 299 14 172 240 270 264 251 183 282 15 37 278 43 193 108 291 93 72
19 32 68 163 285 289 462 161 49 260 73 149 17 239 94 55 38 262 243 172 86 165 255 159 20 259 54
895 1 12 136 192 107 15 23 201 144 135 220 131 174 116 158 164 275 133 291 22 154 127 218 237
26 766 87 87 6 87 879 879 6 249 78 181 92 284 446 60 222 349 99 841 30
140 252 706 843 829 376 829 706 919 960 691 178 215 144 206 224 188 353 261 502 138 89
99 263 653 88 998 61 737 430 220 61 636 653 581 412 581 247 430 777 187 108 53
63 94 227 276 291 125 79 409 409 118 92 125 289 289 118 118 118 164 18 70 19 95 139 124 216
50 78 159 237 249 534 882 894 559 10 511 308 686 51 10 282 201 268 115 119 693 79 3 249 76 13
143 204 105 194 68 52 35 146 75 66 279 162 117 266 152 41 188 229 230 233 19 137
74 75 248 0 231 116 64 135 78 217 110 138 137 253 107 192 274 53 249 178 124 129 42
114 126 228 263 118 30 130 10 274 149 149 10 137 749 238 57 350 275 754 227 160 104 350 275
22 33 60 102 155 206 348 157 63 63 63 139 191 191 28 273 164 61 26 301 169 184 250 84 13 91 829
49 278 133 129 81 133 265 177 195 177 81 65 850 37 160 258 3 182 202 166 208 222
20 43 173 225 225 133 117 177 265 65 177 185 37 229 202 222 3 258 296 199 22 271 33
111 146 203 235 279 224 212 330 293 218 277 67 261 175 808 749 104 238 275 268 333 57 71 945 48
52 66 223 11 186 822 101 213 11 245 298 245 237 251 245 108 187 256 208 231 691 166 368
43 62 182 727 161 718 718 335 718 201 718 150 350 222 55 266 513 595 846 790 894 53 250
65 54 0 212 249 273 211 152 4 291 88 192 42 239 56 97 38 243 85 79 16
13 104 201 348 144 291 203 101 151 247 273 178 86 201 142 34 182 15 267 299 161 29 119 112
85 268 171 34 105 155 145 149 102 147 111 3 142 80 201 137 189 231 207 246 36 5
25 47 59 113 230 298 145 172 181 274 242 278 101 127 103 196 1 48 135 198 13 245 232 151 261
72 189 244 40 134 144 212 137 125 165 103 106 123 132 184 44 14 6 283 276 235 51 199
5 248 263 43 120 296 148 20 250 113 6 123 14 282 133 218 259 217 298 37 182 8 167
67 241 856 92 289 118 865 865 121 534 212 216 228 523 95 241 70 990 12 124 197 139 37
123 183 199 204 215 513 534 45 251 197 245 43 260 122 268 8 73 103 114 12 22 129 69 127 38 202 78
211 287 97 70 293 15 194 275 129 221 7 187 112 57 56 207 261 294 148 43 151 77
61 85 142 191 210 55 39 257 55 39 112 221 291 221 281 325 6 656 115 276 24 243 80 249 13
138 315 242 86 48 297 109 75 183 210 116 514 407 244 212 286 962 183 267 47 133 381
166 236 443 60 202 59 272 209 119 63 199 151 299 23 297 200 251 30 134 94 57 122 279
47 283 157 78 229 152 80 5 17 14 70 13 111 265 160 9 132 259 34 56 87 142
211 859 48 166 5 67 766 524 140 524 150 178 654 263 750 725 255 229 292 679 325
271 143 108 258 8 46 106 127 221 130 144 269 252 294 111 107 152 158 296 195 275
237 443 211 140 70 859 134 283 210 10 4 443 894 353 250 846 513 195 790 239 595 266
79 84 237 276 7 111 196 113 43 45 228 34 292 121 129 24 296 42 80 152 227 176 156 13
37 146 201 298 63 105 23 242 18 266 192 38 268 116 180 259 222 223 187 194 118 19 40 249
260 276 291 119 98 160 55 105 98 269 189 460 392 687 247 18 116 276 218 0 76 206
92 251 4 4 276 196 276 116 116 176 176 156 10 513 250 266 353 239 30 894 846 595
45 117 136 260 296 156 223 156 116 460 392 4 460 856 266 30 894 855 325 595 135 239 513 443 846
148 238 25 289 151 270 188 166 274 171 11 110 159 65 43 41 34 278 101 174 280 169
43 134 107 107 109 207 182 196 109 107 109 227 26 71 749 104 275 749 160 957 333 127
156 109 118 444 109 207 207 775 698 481 556 127 160 957 945 275 754 275 227 26 749
130 731 366 449 95 731 274 731 202 217 283 150 887 284 27 111 165 318 196 432 5
295 348 74 202 82 202 124 109 164 257 227 238 749 26 481 160 207 104 698 749 957 71
34 108 171 279 325 82 18 106 5 41 178 290 97 58 30 156 181 259 299 76 215 160 77 37 183 224 225 143 281 8 266 283 179 288 201 5 137 64 56 222 221 59 82 129 186
240 325 138 7 138 396 102 46 266 299 51 46 231 248 201 478 338 165 353 205 116 266 113 71 283 192 21 44 102 261 162 163 290 111 85 138 23 239 146 5 277 51
13 133 151 199 5 82 151 5 5 100 295 775 108 207 255 110 949 178 263 750 654
927 17 129 191 240 248 809 489 61 90 497 90 44 812 24 156 213 223 189 489 809 131 406 83 124 200 634 634 859 324 237 237 330 859 9 203 9 203 141 486 832 906 7 977 230 819
106 211 226 145 276 122 83 276 95 52 73 43 750 229 292 295 110 236 108 949 263 255 245
220 272 165 73 289 175 213 253 122 168 41 37 298 10 285 138 8 191 65 28 242
18 134 166 197 48 142 38 250 226 110 210 5 269 216 179 114 223 254 205 121 34 208 257
36 80 294 259 716 290 93 290 259 20 652 699 217 741 699 240 165 78 714 274 307 750 502
116 197 284 289 482 121 220 142 262 207 35 81 44 53 138 157 234 83 267 74 135 227 252 172 140
35 43 219 19 25 167 65 165 284 198 210 109 204 214 117 211 37 127 146 258 119 162 184
105 214 242 19 23 90 124 76 38 18 220 53 30 22 234 123 44 75 3 199 298 230 31
6 79 228 159 116 266 96 157 150 139 5 85 44 181 179 126 38 214 263 284 228 62 269
66 163 224 226 83 113 49 253 176 97 166 173 71 200 174 33 79 204 177 186 299 211 134
96 206 260 256 256 256 260 232 241 679 260 108 725 245 236 679 207 292 775 654 255
69 270 273 149 348 189 43 220 3 303 189 303 3 200 213 406 124 91 223 156 83 348 812 24 213 427 128 685 838 427 685 160 160 838 478 41 186 206 139 131 163 58 122 25 345
49 136 930 970 509 679 841 930 828 930 210 970 105 855 3 42 141 5 236 28 694 930
19 84 99 144 169 5 179 205 179 257 5 179 179 179 476 78 95 147 266 136 4 276 236 447 114 118 297 20 118 257 118 243 257 118 118 178 160 4 114 260 78 40 192 266 236
28 100 443 251 126 541 36 93 36 76 251 236 679 949 291 110 245 263 948 750 725 236 295
2 173 197 226 389 894 961 634 634 634 697 634 14 739 257 788 112 35 793 327 81 130 165 187
198 247 287 172 98 353 790 551 770 401 124 455 215 138 582 94 539 197 825 974 52 31 209
74 122 168 200 264 295 97 55 39 284 82 103 228 106 265 163 85 29 136 286 61 133 160 280 67 295
48 135 249 348 140 140 976 292 249 249 226 110 110 62 275 127 749 609 238 957 556 26
67 164 479 214 692 479 326 944 777 893 692 134 326 944 638 263 581 65 66 169 251 904
31 277 188 87 67 262 150 82 252 85 244 214 142 118 264 37 95 225 130 251 12 126 287 349 349 108 317 533 642 37 37 37 172 12 773 142 85 121 229 444 83 798
81 245 409 125 409 79 121 289 289 228 198 270 139 164 12 124 197 196 68 709 70 37
45 252 33 149 156 206 254 277 12 498 659 542 375 10 498 119 88 773 76 817 791 148 164 579 662 156 835 343 642 642 642 252 98 107 107 252 297 283 92 249 464 355 71 144 238 10 353 71
98 162 292 236 163 17 82 186 172 17 3 249 656 13 325 79 846 281 276 80 243 115
115 175 232 118 183 741 850 183 152 313 542 25 338 129 664 343 1 108 733 77 160 588
95 202 82 66 240 42 155 102 232 95 70 204 123 14 147 225 217 286 266 273 26 3
133 144 166 297 100 235 245 267 49 111 96 4 221 151 92 181 64 44 255 132 41 279 85 118
17 201 166 171 126 189 128 101 201 174 65 114 281 141 282 205 250 40 236 149 259 251
6 179 63 11 123 180 81 19 153 182 20 220 76 227 92 30 110 263 224 95 191 15
51 63 138 152 238 288 134 240 155 136 36 264 39 112 162 63 5 120 215 164 8 135 89 282 38
40 42 163 104 195 89 28 69 252 125 49 226 247 297 52 178 142 87 230 25 80 141 248
69 135 220 272 235 15 129 31 152 51 127 203 288 296 119 100 274 66 105 259 150 114 92 29
7 17 231 59 156 56 244 157 64 197 39 182 149 196 215 283 212 168 138 66 3 194
23 270 145 27 279 177 182 92 164 142 176 167 133 256 163 211 135 86 82 248 130 73
150 279 294 84 263 195 178 18 63 115 209 9 284 296 127 213 167 264 129 124 185 292 189
19 52 277 784 130 627 322 760 760 307 212 275 275 945 812 481 749 957 207 238 127 698 71
3 38 77 223 140 26 121 227 205 200 184 21 116 163 207 127 112 286 265 229 260 290 77 165
104 271 348 372 562 620 562 372 533 4 891 849 576 19 208 985 183 381 295 639 36 291 122
213 247 249 82 266 92 142 140 248 29 262 148 283 91 77 280 298 256 73 8 59 16 33
142 238 256 265 266 275 160 160 160 246 160 16 112 13 6 281 115 3 663 325 276 270 80 243 201
38 243 213 891 483 735 891 633 213 295 196 521 47 325 139 224 201 83 145 165 675 613
54 364 12 231 165 10 148 299 78 37 224 187 170 106 291 230 40 237 200 263 143 62
160 205 27 270 298 140 115 270 2 298 270 173 165 266 564 210 478 184 301 312 205 116
0 28 84 100 961 634 389 389 585 403 585 697 894 515 216 793 165 14 210 513 1 35 327 798
172 189 212 255 525 294 346 525 775 29 525 7 7 720 157 269 184 339 77 476 375 44 233
151 380 403 515 585 363 961 403 380 585 403 515 894 679 14 81 513 798 793 327 216
76 252 75 205 260 142 181 27 16 145 212 172 19 195 12 50 4 103 168 26 94 226
77 103 443 155 120 55 32 8 56 3 240 242 81 208 256 130 176 132 136 113 82 111 227
46 202 208 218 277 286 363 403 389 403 585 389 961 894 697 327 281 210 112 76 35 216 257 1 739 679
207 222 957 343 659 626 957 384 610 867 375 384 791 266 829 20 281 526 566 272 995 211
18 90 262 218 97 184 209 191 10 193 71 285 240 53 156 99 183 168 14 254 186 134
37 124 150 290 91 241 637 91 241 70 266 71 275 227 238 556 48 945 812 698 609 207 127 120 260 286 179 223 104 93 59 23 254 148 105 163 282 217 112 61 234 5 281
27 135 12 91 100 825 572 825 429 572 226 278 864 659 867 127 318 230 36 963 746 154 429 211 735 891 891 354 354 53 111 288 288 749 945 127 71 698 275 227 354 749 481 609
26 72 121 118 289 289 121 118 409 125 289 865 121 534 139 713 270 18 37 709 197 19
14 180 121 118 289 289 121 118 409 125 289 865 121 534 139 713 270 18 37 709 197 19
46 128 348 213 210 213 70 182 307 307 307 279 117 57 123 291 237 285 269 103 139 84 256
245 183 39 92 131 39 39 698 256 206 87 11 208 279 218 299 210 742 742 57 42
9 130 190 251 894 629 337 629 382 663 345 901 345 629 337 226 142 209 590 17 954 436 954 216 924
226 285 37 0 281 194 41 194 41 281 478 250 116 205 169 165 451 312 266 301 210 153
145 189 211 211 148 127 32 238 203 150 109 16 115 234 50 288 5 260 128 86 113 58 14
0 18 30 34 85 99 153 266 47 187 256 53 67 210 255 141 241 260 52 31 170 34 132 279 175 232 211 153
927 42 153 181 191 213 217 230 242 27 20 227 131 157 152 127 258 117 139 6 229 247 28 45 292 56 167 148 146
181 260 486 485 528 409 485 486 716 486 798 1 257 793 76 788 513 327 739 281 35 609
117 124 188 248 63 114 161 266 139 286 170 124 276 13 256 23 78 1 52 4 232 75 206 121
171 178 271 170 170 170 331 483 891 170 730 572 19 83 196 295 277 277 354 47 201 165 145
107 171 77 209 6 176 132 181 95 71 189 107 50 162 59 256 218 241 140 62 131 96
91 115 197 237 287 205 97 269 167 98 230 48 259 219 244 159 231 204 281 104 54 171 265 106 1
19 101 151 228 269 113 160 298 42 74 274 133 231 130 132 202 66 106 170 117 280 36 99 260 293
136 185 187 84 65 677 111 113 986 51 986 93 677 276 79 13 24 243 268 846 656 270 249
60 121 216 243 62 143 191 55 224 144 135 90 206 220 299 95 28 98 18 192 12 60 69 34
2 148 273 65 35 72 204 74 217 246 64 59 18 211 179 92 205 257 260 9 291 209 299
12 40 112 157 161 219 260 288 130 172 84 246 131 46 21 205 51 239 102 3 79 93 56 101 250 282 230 33
48 114 122 123 156 276 894 104 306 148 294 222 289 215 148 351 110 178 654 679 725 263 949 292 291 775 245
92 166 283 348 588 253 222 413 413 760 299 135 289 858 946 250 312 153 248 116 210 338 201 219
27 72 218 222 286 838 478 939 371 939 685 160 838 25 139 345 130 163 291 808 58 553 131 122 186
156 219 254 225 274 144 60 58 62 159 207 68 284 297 106 293 184 139 253 237 149
215 230 92 223 648 272 932 92 648 92 281 788 210 798 76 81 216 513 257 582 165 35
67 109 168 169 92 223 648 272 932 92 648 92 281 788 210 798 76 81 216 513 257 582 165 35
5 40 195 237 282 371 685 939 128 160 838 478 838 333 333 921 921 291 139 130 192 206 583 131 345
79 87 959 15 759 445 445 15 143 354 957 943 559 812 749 238 556 945 275 481 127 26
8 35 101 364 59 245 272 287 488 579 579 163 64 149 488 164 164 235 134 638 127 296 287 1 729 274 591 213 145 117 220 157 290 164 291 15 56 172 71 95 136 195 12 237 260 7 89 228
165 437 701 701 432 572 437 404 572 231 200 848 171 30 49 286 93 21 91 140 54
62 88 177 29 61 66 203 251 828 68 17 17 597 828 921 199 66 190 50 166 142 110 389 377 959 218 167 887 122 49 60 93 92 252 47 258 282 216 165 62 170 145 240 41 143 176 54 298
72 84 143 170 172 355 355 171 874 629 292 355 896 355 355 269 355 261 181 835 618 472 197 356 986
117 287 583 591 15 404 413 29 591 286 943 377 17 597 887 894 30 855 609 513 266 4
24 437 601 380 373 960 960 208 373 373 389 380 808 45 22 177 144 56 55 722 753 56
377 921 160 939 921 371 333 333 921 333 79 25 553 291 131 583 139 24 808 192 206
10 88 261 965 445 445 875 875 445 476 875 718 174 158 322 677 835 321 176 780 278 417 591
83 287 115 86 102 194 88 112 210 73 103 40 283 21 236 19 83 141 87 156 204 168
82 142 233 250 280 911 252 129 911 518 252 612 230 911 612 599 210 489 483 834 432 555 105 974 502
65 101 198 217 250 250 250 1 182 250 979 357 32 820 846 72 184 33 132 822 125 32 626
35 290 243 262 165 49 278 256 187 104 182 199 216 217 25 170 260 63 227 1 191 239
4 59 178 40 459 459 188 480 108 480 196 19 431 201 532 832 325 326 295 145 613 277
162 299 242 0 220 116 134 11 72 283 225 158 15 135 165 167 4 97 80 236 115 99
28 214 364 255 887 257 257 239 511 239 239 511 887 75 207 775 255 679 178 292 295 108 948
24 106 214 24 55 228 294 328 398 915 328 236 955 328 6 233 925 398 760 870 516 278 242 525 476 60 230 270 124 202 109 131 4 114 227 100 97 239 278 144 299 53 173 6 12 214 153
95 224 860 555 8 860 51 155 295 989 985 291 639 168 619 127 278 183 36 212 208
9 76 216 272 59 70 64 98 201 284 175 16 291 137 285 54 223 103 158 244 47 182 63 170
94 266 534 294 215 559 338 222 559 628 628 559 294 338 628 171 170 252 129 270 471 126 19
76 124 191 202 244 295 638 125 117 171 42 116 72 298 141 97 66 5 187 255 203 145 278 229 136 208 195
94 112 153 226 132 235 130 73 81 40 98 131 228 55 150 223 206 253 219 215 177 262 250
17 94 200 36 70 81 174 232 285 163 135 106 165 211 85 164 168 214 65 101 95 92 141
35 69 139 252 165 265 677 127 127 165 246 25 27 829 164 844 222 934 64 724 346 346 299 594
4 101 122 194 269 284 58 262 5 33 277 89 286 13 103 275 43 77 177 160 234 52 136 14 180 280
103 192 176 638 886 309 902 206 550 927 359 902 927 287 488 927 479 601 344 382 227 480 580 468 54 188 54 309 188 622 188 622 176 188 135 126 79 408 561 191 86 155 113 179
26 132 148 575 237 133 11 122 122 968 122 727 281 6 201 325 24 656 268 115 13 282 648
67 111 156 225 137 570 570 576 427 913 631 889 98 62 481 42 576 280 638 265 556 74 444 732
5 52 236 945 235 104 235 911 969 755 881 584 305 458 162 767 840 502 250 414 831 726 82
58 76 141 176 255 261 264 81 866 710 81 827 103 866 788 165 798 281 14 679 959 216 793 35 1 257 452
204 79 409 125 865 409 125 534 534 534 865 134 12 834 841 197 124 506 798 709 228
86 212 275 348 18 130 557 557 18 276 959 530 557 859 3 412 279 651 951 93 996 667 16 552
241 249 534 266 266 891 40 40 349 40 433 851 206 452 885 349 324 266 155 89 123 669 152
14 75 33 180 185 219 254 271 242 321 813 321 242 965 648 965 321 19 669 476 689 311 841 972 838 127 17 805 0 154 88 187 62 217 142 182 113 69 125 291 96 18 81 235 267 212 59 240
108 138 148 86 238 11 249 281 73 275 272 103 124 56 127 107 276 262 89 51 35 192 32
65 120 194 244 886 848 115 341 575 886 543 103 141 235 916 536 405 134 668 414 606 536 445 890
17 143 165 582 638 766 638 305 910 935 308 910 660 766 305 291 985 286 484 133 989 168 619
177 6 155 95 278 94 22 275 195 177 56 82 220 101 271 156 230 181 161 81 21
35 39 46 91 129 91 124 283 143 44 676 753 221 183 221 183 372 668 581 985 250 608 248 756 923 477 155 51 477 824 525 838 700 522 537 477 546 700 838 600 679 257 834 168 297 137 524 224
78 114 575 272 712 133 319 896 712 513 478 478 272 712 384 224 431 675 47 201 145 196 165
45 575 225 246 38 83 127 148 178 186 291 227 129 276 110 109 29 52 248 260 170 81
209 255 938 391 391 938 60 214 94 580 60 94 36 275 250 194 80 259 222 530 90 108
924 27 162 243 282 410 102 495 770 770 514 913 102 805 89 890 813 115 72 60 10 32 281 292 125
139 197 214 239 926 761 379 988 761 759 615 787 581 761 619 127 989 639 882 777 122 484 183 133
87 757 187 199 69 176 293 7 164 105 76 203 251 79 80 181 243 288 175 185 5 209
89 183 257 325 352 319 735 897 345 325 735 380 934 262 216 136 841 126 273 342 9 15 77
100 161 163 283 5 13 252 302 525 278 19 135 19 135 135 19 501 501 62 499 47 223 289 677 23 124 58 361 802 870 870 655 710 761 379 379 538 587 710 870 890 286 381 291 777 122 208 890 127
22 122 190 174 303 374 931 162 931 174 162 867 248 874 184 697 581 164 586 756 407 1 704
100 648 716 716 839 633 629 871 578 578 445 412 133 772 267 502 548 13 401 425 180 959
