40 62 129 290 139 154 215 239 261 220 62 283 117 30 127 202 180 278 265 173 158 15 1 144 136 108 98 183
36 44 66 184 182 247 277 185 49 30 13 200 87 71 118 235 86 224 215 78 60 3 15
98 249 946 682 682 682 307 241 307 291 448 273 403 586 650 199 409 778 528 586 999 961
136 213 299 48 111 272 1 178 179 196 268 131 267 14 245 230 103 242 133 278 3 221 195
989 162 206 207 158 119 137 129 259 52 14 43 60 243 140 106 117 192 75 24 23 249 278
116 298 164 941 103 164 339 941 550 221 947 685 954 221 766 555 64 982 201 226 80 307
9 297 261 164 103 85 67 227 244 42 157 124 195 2 183 266 110 66 76 153 260 25
251 261 20 149 16 51 248 284 134 54 226 32 172 50 261 164 199 277 259 274 201 43
210 241 151 423 429 501 451 601 870 870 120 162 963 73 401 12 22 463 864 152 20 294
4 66 94 206 209 272 284 112 161 43 266 223 279 30 104 132 247 222 23 11 207 125 38 26 230 205 213
13 33 66 215 22 32 155 122 141 100 240 85 276 111 203 166 273 139 153 247 217 294 269 20 293 293 904 384 341 904 384 233 170 341 284 161 277 939 844 752 740 190 408 213
59 179 210 728 468 957 468 267 696 267 728 957 696 159 597 491 230 3 139 449 882 830 623
90 204 208 297 213 985 243 213 288 50 200 55 180 55 299 48 965 283 89 962 594 351 682 233
35 248 788 404 383 735 214 452 788 383 85 452 735 384 795 344 296 384 262 463 555 187
44 143 50 299 167 294 257 149 22 962 701 294 283 283 123 228 233 761 965 281 89 594
111 117 135 149 27 59 63 51 260 27 257 210 182 63 90 960 112 110 292 717 13 108 412 41
109 270 287 201 172 87 116 190 17 247 257 39 207 225 65 212 135 1 169 234 279 66
881 949 992 640 54 674 949 789 789 54 640 949 674 61 10 64 420 291 860 84 179
283 429 451 423 151 143 723 429 501 143 423 601 723 162 756 129 98 71 463 67 73
91 144 200 199 21 5 266 56 227 282 88 205 268 133 91 8 44 281 22 48 122 278 84 102 185 169 212 145 117 119 37 125 114 136 82 155 30 1 286 202 240 297 189
27 86 91 149 153 191 262 989 946 273 241 989 682 448 946 307 489 155 297 726 330 67 250 192 221 961 130
77 640 34 60 224 269 230 279 11 297 216 75 180 175 299 158 37 201 136 77 149 263
10 67 163 262 211 280 127 247 91 213 134 109 209 295 12 147 51 259 222 156 114 161 135 28
68 82 115 273 128 122 223 31 232 35 12 269 208 117 184 96 218 268 165 123 290 5
42 44 203 237 704 966 704 997 997 987 335 704 508 149 987 92 422 773 25 94 34 158 114 186
56 159 227 8 42 181 126 26 79 248 154 23 282 91 277 10 286 38 232 140 225
143 154 184 25 216 16 61 52 241 181 201 81 226 273 4 266 45 168 274 121 256 211
132 150 155 206 74 162 47 209 89 143 297 208 88 104 40 31 8 2 57 160 169 115 53 149
16 21 38 286 299 225 183 69 260 120 196 99 25 181 266 41 262 144 185 17 182 192 2 249 3
19 250 57 255 67 261 6 37 146 86 68 44 30 0 85 251 249 256 80 280 229 250
989 258 194 202 246 124 200 228 213 82 265 76 143 257 224 89 176 127 34 80 231 272
11 41 114 185 97 281 64 298 53 11 15 267 235 32 113 210 299 250 251 68 3 187 37 209
146 4 41 47 65 166 203 262 817 639 639 630 420 21 630 300 664 664 802 221 998 866 726 581 248 517 132 155 25 197 146 134 206 54 288 92 183 93 229 171 225 261 185 270 299 50 112 199 117
128 178 209 228 180 200 53 51 186 112 258 76 25 278 86 65 77 151 276 29 155 32 10
10 131 197 272 144 17 156 113 36 241 187 38 122 171 261 217 98 2 271 84 10 141 297 82
200 271 201 209 175 123 240 50 252 45 7 273 48 183 296 55 225 222 108 41 59
89 169 286 874 235 219 48 133 66 63 286 187 282 210 142 36 100 67 225 201 50 221 154 111
7 105 265 103 929 685 929 103 721 295 349 929 281 344 91 12 528 685 247 189 896 204 727
75 103 171 269 290 194 263 124 29 95 180 110 212 222 220 13 179 252 169 64 117 215 262 217 115
110 758 234 27 149 28 64 224 52 183 63 297 198 279 276 212 159 195 140 116 126 150
989 144 165 227 230 59 138 208 242 251 263 343 300 21 21 639 300 639 630 639 130 517 548 25 391 866 248 581 985 802 250
107 204 664 260 300 849 300 639 639 802 517 130 248 372 548 391 576 51 156 802 250 25 261 108 174 277 14 29 85 240 62 281 282 107 97 130 288 119 20 87 214 264
82 98 226 267 107 294 256 262 90 133 140 149 254 269 180 166 67 57 187 26 66 99 218 19
12 89 234 874 271 188 290 78 289 94 189 61 296 251 31 84 299 231 47 139 51 80 43 208
133 256 108 61 229 120 173 214 80 89 52 219 104 6 78 273 13 49 268 180 22 64
160 250 283 817 92 173 280 208 222 94 22 294 190 66 207 114 292 65 24 122 112 220 81 174
97 231 23 236 11 63 93 100 206 195 299 30 271 204 276 280 154 148 184 113 176 229
183 97 168 186 114 277 113 29 71 209 52 68 195 212 157 135 256 2 56 116 181
81 187 70 266 249 15 33 113 247 134 121 204 26 245 73 262 122 221 282 81 296 54
221 249 758 881 788 640 788 640 640 383 463 214 870 214 39 137 187 113 270 93 670 119 771 253
144 154 264 145 11 78 157 142 125 55 114 12 255 250 294 172 232 22 19 77 121 225 193
14 88 177 298 113 32 293 213 96 188 131 283 110 53 31 244 21 12 238 28 208 287 46 159
9 33 36 85 226 299 99 269 272 115 91 87 274 297 262 83 95 231 113 183 214 275 77 129 124 51
64 165 217 0 111 175 169 132 287 95 255 80 64 174 70 153 249 180 216 35 84 27
243 640 100 207 253 56 249 161 279 147 165 69 50 9 5 209 142 104 107 239 273 62
205 721 241 685 685 929 241 721 101 295 241 349 183 927 344 204 896 836 179 281 177
97 277 248 138 252 161 134 146 125 197 255 214 258 167 235 280 177 285 79 63 113 140
62 64 112 115 227 236 210 148 215 172 198 151 112 201 19 101 48 45 120 245 91 214 84 193 43 251
148 174 177 182 640 96 298 197 142 179 4 275 107 236 170 180 218 214 95 62 182 30 150 291 46
50 145 148 218 246 278 107 292 27 86 10 183 5 232 21 112 109 26 184 32 170 73 213 93 25 44 176 73 224 269 232 115 135 50 284 265 49 150 252 264 8 217 296 41
28 234 266 243 37 124 131 226 9 44 49 164 113 118 198 17 138 187 81 182 117 145 56
12 87 162 248 640 256 4 287 216 264 197 107 254 209 162 78 226 218 182 43 275 131 153 296 83
22 65 142 283 128 150 210 4 160 277 29 5 118 174 198 106 56 280 216 109 201 102 222 145
106 758 817 158 16 20 148 149 4 44 78 221 70 11 29 108 22 32 248 82 227 224 264
157 179 195 294 74 179 278 272 37 286 297 156 103 66 67 244 4 83 49 94 231 159 15 237
204 252 212 254 28 272 109 161 77 133 236 176 194 167 278 60 56 107 7 198 182 257
23 259 758 95 122 224 122 207 420 343 54 372 2 207 886 53 284 16 83 142 237 192
37 123 181 257 294 276 177 77 183 67 197 292 107 259 64 29 145 279 247 129 118 219 4 218
119 187 212 303 113 280 914 280 280 914 422 458 280 303 28 767 104 350 460 52 970 6 662
7 25 264 35 58 1 105 272 95 266 185 215 55 77 197 143 189 172 50 279 173 175 250
151 266 201 201 372 272 272 40 18 216 40 471 192 284 252 237 53 83 54 800 143
45 151 158 94 206 227 51 294 229 7 78 281 218 181 102 137 39 56 251 20 46 125
33 289 88 182 288 44 32 207 180 19 247 12 9 49 179 45 91 53 7 24 278 3
125 206 225 239 914 280 113 914 28 320 113 320 914 422 303 458 119 294 577 460 198 52 662 544
50 53 248 77 156 192 79 290 176 223 143 38 50 10 67 195 177 245 4 72 253 108 153
104 149 986 224 177 986 844 224 268 267 224 197 89 92 138 147 22 216 190 22 844 245
45 103 138 268 184 148 239 152 167 72 257 119 65 291 48 84 298 71 106 240 142 294 51 171
29 130 251 209 31 1 53 150 153 196 191 204 137 47 175 202 109 143 228 213 157 289 13
43 61 163 251 287 159 271 168 37 43 92 23 216 230 131 299 56 100 193 253 266 201 51 139 30
32 874 23 118 235 189 280 100 57 251 263 75 115 154 254 86 70 7 160 35 185 83
12 164 252 293 35 25 230 170 28 192 196 27 205 138 286 16 268 225 162 156 133 114 229 183
36 104 120 162 176 182 143 985 985 868 75 985 391 576 517 985 562 485 1 849 175 999 989 977 528 732
38 122 126 127 204 237 562 84 95 214 178 210 281 267 113 73 162 3 6 259 14 31 46 71 228 28 13
58 132 113 188 203 177 76 219 71 200 241 157 89 179 273 21 86 51 183 249 144 212
36 131 209 581 581 246 581 179 70 70 634 634 182 291 106 218 389 167 188 524 946 87 42
2 226 234 2 2 246 2 182 182 943 182 179 943 581 524 42 288 285 209 597 971 116 218
71 81 226 264 234 18 293 71 230 137 26 232 133 275 221 237 290 215 58 244 111 66 212 294
50 215 767 65 891 65 619 657 891 197 591 133 674 32 138 270 241 132 381 233 178 526 241
18 29 60 276 157 197 134 221 71 215 218 54 135 73 230 96 189 95 273 24 251 132 79 43
19 210 214 294 86 45 179 66 200 228 230 223 36 92 91 243 115 61 57 27 165 102 285 286
43 75 94 145 50 238 35 76 95 280 258 212 155 192 252 30 64 92 98 236 48 251 117 7
7 232 562 817 59 94 194 182 190 218 268 275 164 106 289 152 170 157 204 236 188 69 105 113
7 20 179 202 273 211 211 37 211 4 819 158 60 806 4 237 16 200 800 54 21 83 284 142 53
2 52 120 135 70 246 246 634 581 581 246 182 581 634 634 82 188 218 971 291 524 597 106 288
25 190 280 914 320 422 280 113 458 680 264 810 250 662 294 970 577 226 6 544 745 252
265 296 222 202 158 244 222 202 571 202 260 572 80 152 759 660 752 591 282 113 239 200
187 758 758 767 432 256 586 511 256 174 758 178 654 180 679 303 853 7 144 511 42
123 170 183 343 213 172 123 38 247 32 76 275 264 225 293 177 70 206 273 77 160 260 86 204 294 186 144 255 31 229 276 190 193 214 132 218 134 182 11 298 49 263 173 285
73 107 146 209 290 595 767 7 275 267 129 110 123 268 52 232 125 47 114 42 246 103 111 292 44 194 262
155 165 232 186 674 65 619 619 65 197 674 65 619 186 891 36 270 138 132 241 847 178 122
91 134 135 281 222 241 206 90 83 236 141 92 38 136 266 139 46 163 95 243 7 200 288 262
267 40 274 121 43 90 277 30 46 42 80 69 183 73 33 221 83 282 32 112 289
16 104 110 758 92 175 935 308 935 130 175 935 180 130 59 572 99 752 102 181 393 660 968 759
68 80 174 181 220 463 463 452 383 788 788 214 404 85 214 788 890 139 892 137 813 97 113 384 509
22 123 237 290 437 271 279 170 29 7 242 140 225 240 282 176 38 133 13 148 122 180 158 57 137
5 73 169 193 790 550 297 217 941 706 617 617 849 523 706 790 165 329 271 202 16 660 536 445
126 178 166 33 287 145 179 233 53 298 29 208 101 52 116 61 228 8 161 83 126 124
49 130 225 870 735 788 383 735 788 85 735 463 384 139 110 939 39 892 187 224 253 890 57
56 125 163 252 289 874 787 112 992 683 683 787 968 992 70 46 138 148 998 157 284 88 351 273 110 616 3 157 111 213 97 252 11 242 23 148 248 160 231 266 259 32 230 72 219 222
77 81 82 91 276 160 110 103 259 98 182 279 52 198 141 13 48 236 66 210 243 157 299 85
20 155 162 275 281 208 514 405 298 60 651 405 58 60 871 219 366 450 517 154 41 908 679 69 117
28 630 291 849 291 365 133 849 835 291 835 175 365 365 988 211 11 261 184 309 44 78
36 118 139 199 448 99 575 508 843 304 99 508 178 478 60 116 410 69 275 335 277 24 78 908
264 677 52 284 924 129 158 158 82 154 59 80 102 27 393 768 660 152 968 752 759 282
14 36 68 225 118 181 618 180 513 104 867 865 865 885 84 50 67 229 5 55 273 43 217
101 149 174 223 259 264 290 871 278 166 132 203 233 243 257 16 7 168 197 196 192 172 54 176 215 252 4 249
78 174 182 562 417 112 764 733 53 733 417 112 53 819 764 157 413 716 766 89 50 16 38 354
21 83 95 114 121 294 817 371 420 166 791 8 166 8 37 226 791 803 140 103 771 789 205 198 113 283 502
149 157 180 220 243 767 847 657 41 905 162 657 41 710 800 360 620 805 543 35 676 137 266 378 417 102 297
281 562 884 611 803 418 884 975 51 25 803 384 969 133 44 699 108 42 231 329 435 531 236
7 167 171 296 881 209 173 71 149 23 261 69 157 104 84 55 231 155 20 34 187 236 276 226 151
296 275 212 12 161 233 277 183 48 18 227 3 186 243 262 119 225 273 51 141 280
81 140 998 189 294 298 231 294 283 998 740 189 677 231 505 733 129 334 565 710 56 121
30 170 874 285 177 96 12 221 90 232 46 116 245 56 75 13 225 220 123 148 103 200 192
4 144 262 874 376 309 334 414 531 531 334 814 230 28 526 125 807 279 391 78 813 705 231 163
105 233 183 138 261 195 977 943 147 138 977 24 415 47 989 237 252 471 16 83 54 277
131 182 229 940 149 186 278 247 143 297 281 295 97 283 104 252 256 285 193 5 178 62 118 169
153 188 836 177 286 63 211 286 72 254 651 293 517 118 113 283 132 890 94 235 11 68
1 35 70 78 185 224 921 336 204 597 597 828 921 460 17 796 190 389 66 541 50 142 887 166 336 199
153 191 262 280 497 31 128 31 59 693 253 31 128 59 3 117 926 3 504 206 445 578 114 155
260 460 597 264 264 460 336 17 68 597 68 921 460 199 218 142 190 66 285 377 959
276 210 149 117 3 51 73 196 207 286 63 79 52 93 176 56 261 35 203 28 98
0 19 54 183 248 286 103 299 54 76 80 163 94 19 105 119 256 138 41 281 167 208 111 106 280 235
8 17 25 36 152 229 236 164 84 218 29 281 292 296 63 31 79 8 154 259 64 228 49 209 274 135 100
76 81 113 197 252 809 564 281 491 809 491 739 749 616 112 97 96 971 30 883 867 57 718 74 732
73 96 99 138 767 186 186 591 197 591 657 460 65 460 674 32 139 216 847 526 122 138 241 270 233
16 22 44 677 697 412 412 495 214 630 697 495 630 263 568 50 5 281 69 787 10 243 680 280
884 245 292 764 859 34 243 34 292 761 764 859 243 25 276 16 524 288 228 159 198
96 130 176 293 758 817 984 353 280 353 479 479 468 353 984 353 468 33 852 52 971 31 35 146 338 84
3 27 160 263 840 891 176 25 77 106 286 273 156 75 245 1 179 86 216 64 73 114 125 183 83 170
122 265 291 891 179 182 2 928 182 182 70 928 607 943 246 581 116 842 389 385 524 82 167 971
118 199 242 677 246 70 246 634 70 246 607 182 87 842 188 42 209 106 390 218 971 288 82 285
12 34 42 266 213 21 97 221 34 205 118 114 222 211 117 35 67 15 53 46 172 64 101 290
139 185 373 884 61 124 82 235 244 242 280 206 218 31 182 214 10 109 85 240 238 4 292 117
230 214 640 404 214 85 85 214 640 463 110 497 39 253 224 270 509 547 57 97 113
17 112 222 764 992 365 764 133 992 364 175 291 133 175 626 592 682 309 886 554 282 261 568
180 452 788 640 383 452 214 870 452 735 404 383 735 813 139 137 262 39 890 270 224
103 141 767 881 884 154 24 298 249 135 35 60 226 173 34 162 82 187 134 196 22 294 277 229 75
989 79 257 290 373 595 884 460 657 133 65 460 657 65 197 591 270 32 61 132 178 139 138 381 36 34 195
108 966 177 170 201 205 44 122 261 155 173 52 151 81 190 178 85 215 164 193 37 238
17 267 954 113 113 914 445 914 445 280 914 28 458 113 745 6 810 350 662 264 544 577 226
65 76 214 215 871 882 697 214 538 630 263 890 682 50 261 280 53 281 69 270 787 19
40 840 881 343 308 23 23 23 984 304 204 241 984 233 304 12 431 135 68 24 24 290 176
16 64 77 271 45 45 553 34 45 45 49 832 836 152 154 16 4 162 407 427 730 161 253 629
90 154 182 246 179 182 581 943 179 246 971 946 209 167 291 116 285 42 87 514 385 82
98 104 143 191 193 209 248 159 373 125 62 127 159 159 139 198 125 125 254 293 113 943 333 448 517 10 235
47 148 174 186 232 248 422 458 914 28 680 914 280 6 460 490 662 767 577 104 226 250 670 551 294 795
16 154 249 260 502 640 668 958 763 752 420 994 283 420 420 865 926 69 308 56 78 15 35 86 230 127
989 274 466 884 267 239 229 325 247 301 239 267 510 736 431 132 278 66 93 956 90 43 749 134
28 139 466 502 874 484 807 902 926 751 294 945 484 160 807 257 225 336 899 15 711 753 194 125 659
163 195 237 914 964 362 457 432 339 257 272 613 684 311 967 225 285 638 927 524 155 439 973 172
212 289 296 75 125 282 80 0 293 217 86 175 157 165 6 77 218 76 228 212 52 83
21 287 408 215 697 882 214 179 412 630 412 538 882 576 682 10 69 53 5 243 261 19 579
93 968 46 46 794 968 626 771 992 787 70 992 998 135 284 865 110 220 333 351 655
27 817 331 204 19 450 908 804 450 644 19 168 302 976 12 834 489 239 887 25 384 502
174 932 113 420 881 755 969 235 881 38 77 162 305 533 458 502 82 767 800 418 284
45 49 67 86 236 247 268 737 658 189 420 189 291 748 620 117 533 291 189 420 809 4 369 748 217 562 927 299
26 71 190 737 404 463 214 383 870 640 640 452 452 452 870 870 137 547 890 139 610 97 110 39
41 116 212 276 680 46 680 992 787 992 112 112 680 579 992 616 53 284 88 273 138 655 669 235
26 81 261 44 331 44 231 565 331 659 375 498 565 56 420 164 817 579 119 773 791 691 343
96 100 137 167 180 43 60 168 246 239 96 242 119 176 141 284 166 268 29 261 128 237 103 229 148
43 127 142 223 295 214 163 172 53 65 34 111 66 15 44 224 290 296 51 55 153 79 295 158 125
51 92 99 212 957 957 453 285 453 813 957 957 957 423 666 981 735 192 214 915 321 359 691 112
84 108 283 5 230 193 217 160 172 133 95 278 51 163 145 192 297 62 103 190 279 178 299
217 92 199 254 30 277 53 61 296 97 57 258 140 79 189 249 72 82 158 39 122
134 216 271 840 375 10 331 231 44 10 542 659 231 498 12 231 148 119 40 773 156 76 299 791
24 68 205 288 162 60 189 123 112 167 65 166 172 280 96 100 67 266 70 158 208 214 139 74
170 834 994 401 688 51 51 994 437 683 290 165 976 227 542 563 868 294 150 395 332 561
80 142 245 286 407 759 773 62 73 271 256 275 98 111 137 219 122 250 143 87 241 105 41 217 154 45 20
11 240 10 75 35 113 244 41 280 56 214 293 141 81 204 58 93 32 201 262 44
28 112 275 287 466 818 857 525 151 258 457 335 549 457 457 549 884 16 574 771 836 197 600 802 117
27 195 234 568 290 178 869 178 311 290 738 178 157 487 874 143 256 164 119 23 224 489 56 951
266 198 299 83 253 177 42 295 237 11 195 281 27 204 163 207 32 110 290 298 133
173 247 934 412 871 538 697 214 412 882 179 412 179 538 412 568 243 53 281 395 682 280 261
45 206 209 231 758 744 503 744 744 511 46 511 49 371 259 481 162 912 385 223 158 58 761 552 364
46 66 71 271 928 82 273 161 888 161 664 494 114 8 206 246 22 229 658 263 602 21 630 714 208
125 521 543 445 332 421 521 902 838 280 28 634 895 276 703 0 171 774 607 818 427
13 43 222 526 526 481 25 678 678 676 459 25 352 526 675 243 22 159 156 602 793 802 677
834 881 421 565 218 565 674 520 650 581 180 880 606 830 136 16 38 470 622 532 874 771
28 174 222 219 93 111 30 11 78 183 164 113 253 295 39 102 286 112 155 173 142 45 32
160 187 197 640 508 832 154 147 840 147 154 494 327 955 147 90 573 257 198 800 704 291 170 179
