22 213 249 36 131 161 283 225 3 185 46 18 112 10 34 66 101 132 238 297 275
978 990 90 161 268 160 62 133 261 206 296 76 241 228 19 238 197 264 140 51 6 4 120 236 182
279 924 105 143 785 72 114 683 785 114 786 683 683 95 501 114 197 330 464 721 218 656 657 187 35 294 127 258 26 273 159 152 7 264 89 252 170 117 287 193 255 224 174 156
186 285 47 189 280 137 31 161 279 78 188 19 7 28 127 21 289 62 259 232 208 54
21 24 51 285 347 492 253 746 492 109 812 253 559 449 109 394 791 828 250 606 540 184 332 249 499
124 143 23 140 68 275 5 280 95 127 67 209 110 224 34 121 144 100 16 88 133
8 68 135 146 65 122 154 3 75 28 33 45 126 277 157 283 78 248 25 47 176 232 116 81
101 139 196 218 43 43 15 605 15 998 737 600 71 777 219 159 713 412 205 247 190 187 191 131
146 208 267 272 24 240 79 64 7 93 33 250 85 134 13 57 140 63 43 274 202 91 67
5 128 194 358 829 840 706 843 840 203 829 232 706 960 691 375 502 224 318 188 790 215 52 914
36 69 71 164 262 223 145 251 56 256 64 204 84 249 22 293 286 152 137 263 82 148 134 154 130
66 84 162 215 257 266 296 170 670 192 718 830 809 809 393 670 830 718 762 182 226 118 286 212 119 7 735
35 46 264 236 72 73 184 128 223 61 156 49 152 39 185 131 171 93 130 58 66
48 239 290 149 834 887 230 279 641 196 209 259 477 175 141 855 64 946 772 192 259 167 11
169 190 244 358 523 812 523 648 648 507 805 523 648 478 523 221 600 875 570 190 63 64 154 233
154 174 199 201 212 258 867 40 208 113 141 197 120 94 242 199 99 152 11 0 232 73 268 283 237 235 165
23 224 920 854 193 108 99 911 911 854 269 246 113 959 98 63 272 181 43 199 218 110
260 774 206 186 175 206 17 230 91 243 91 52 243 233 333 154 204 146 61 123 85 70
144 169 253 257 278 289 291 187 299 277 170 1 293 88 223 95 212 50 222 233 39 94 191 62 31 19
14 116 143 200 296 299 60 103 148 247 11 90 205 269 281 37 53 34 231 298 215 58 170 140 282 100
94 129 276 282 279 59 116 87 272 137 92 225 164 106 146 144 181 18 71 134 43 169 184 79
13 177 282 928 444 686 444 459 848 426 259 756 180 120 110 828 242 148 594 244 751 792 554
924 169 812 805 805 478 478 169 169 478 228 812 228 600 875 21 29 219 233 12 284
15 18 106 281 65 91 207 290 151 20 277 154 86 31 223 281 233 30 21 115 112 32 8 137
121 169 507 523 478 169 228 228 648 56 228 63 12 570 3 221 238 154 21 600 284
131 221 257 265 127 132 70 285 103 185 275 85 43 174 118 29 232 214 251 14 199 89
150 271 196 100 39 134 11 0 132 27 268 251 110 206 182 109 188 222 234 215 142 260
52 129 156 286 302 207 266 156 258 177 162 30 298 134 247 43 102 14 77 149 257 37 115 180 239
36 183 231 924 121 102 88 122 206 74 117 287 218 53 222 114 47 284 4 82 208 25 11 143
44 290 261 89 182 113 162 43 291 217 265 293 86 274 104 169 118 297 49 3 137
8 95 129 227 231 296 189 131 204 244 220 259 65 212 80 53 50 133 104 221 45 6 258 138 124 142
8 78 231 245 242 135 50 202 187 207 235 224 150 117 62 87 85 94 214 26 205 246 295 282
65 80 234 6 55 16 227 11 4 133 193 62 78 195 164 3 61 190 69 208 216 105 245
18 186 119 295 76 254 32 286 43 218 229 188 39 110 152 236 167 219 146 192 154 201
102 195 249 302 220 177 143 88 214 290 64 280 46 136 78 150 98 62 257 114 232 189 80 86
13 68 145 168 283 285 165 76 269 216 118 239 224 66 284 212 3 136 91 43 155 102 45 100 159
99 191 246 207 31 268 212 167 151 118 71 29 117 123 297 75 109 263 10 295 233 235 154
196 202 207 80 58 143 52 264 153 4 66 38 292 32 156 45 105 87 65 192 266 119 296
56 97 248 209 172 296 268 102 243 214 49 72 101 219 299 48 163 262 59 250 69 45 222
195 63 260 86 133 86 262 260 260 262 144 452 499 237 29 954 307 48 145 234 77
228 279 128 44 264 127 266 216 88 286 41 149 63 186 143 227 69 131 23 129 283 288
128 152 269 72 11 65 59 182 29 143 239 132 259 230 134 52 139 297 100 269 21 13 170
148 158 358 247 235 232 284 185 4 126 251 9 53 155 40 90 234 22 215 43 119 237 167
86 107 194 358 145 145 593 145 277 33 96 593 59 718 499 145 243 202 482 241 954 272 237 77 208 291 188 195 22 202 272 252 171 267 112 83 140 227 141 159 41 66 46 224
149 229 158 293 114 292 82 119 211 31 50 160 0 18 201 86 85 243 129 62 8 179
148 172 204 260 111 111 162 259 224 30 208 264 162 57 299 471 141 138 916 584 281 104 110
60 105 122 127 139 251 261 261 264 87 171 141 116 150 18 153 255 272 157 45 17 287 154 173 286 297 164
48 116 243 107 48 243 12 12 176 62 144 299 148 946 855 279 65 93 192 175 209 271
29 253 530 276 130 530 959 412 18 959 164 57 862 174 279 16 110 667 483 716 210 27
32 242 293 266 136 246 51 76 55 134 46 138 229 179 135 256 10 152 189 250 191 89 93
103 186 178 287 183 20 95 259 234 91 44 85 282 2 42 218 242 194 207 3 166 80
99 116 261 146 107 12 182 70 141 281 262 247 210 100 250 153 157 287 184 24 97 22 94
56 175 183 107 115 129 121 36 273 174 164 144 141 195 38 48 193 17 131 229 97
68 196 201 238 27 16 19 123 186 127 57 28 266 40 299 269 278 113 144 102 227 136 100 19 225 245 266 101 227 36 271 176 295 151 61 200 299 223 3 239 235 185
108 231 49 88 36 79 67 254 166 47 229 33 22 278 68 71 287 186 32 133 85 298
137 103 84 103 84 84 104 17 137 946 259 279 772 11 175 148 192 299 167 93 126
126 274 261 209 46 235 193 101 134 31 41 143 103 153 199 104 76 252 128 168 20 298
186 249 80 267 102 97 222 266 112 125 88 228 279 76 55 32 2 103 114 40 100 77
26 122 131 22 255 179 98 96 82 80 117 9 221 182 147 253 38 17 176 290 294 94 236
10 146 273 4 58 240 64 205 158 296 46 231 187 13 53 113 173 109 275 280 170 79
10 76 103 153 269 97 205 88 26 254 114 184 54 84 145 181 272 110 20 111 77 61
277 240 211 222 12 180 51 6 28 191 263 288 122 17 181 220 172 125 32 223 25
1 127 168 220 222 32 90 85 241 190 120 279 68 54 106 7 72 14 184 270 83 30 290 225
120 239 256 172 232 262 89 66 60 3 103 56 27 128 251 69 194 67 123 30 203
74 26 3 836 26 19 26 141 3 26 6 26 452 241 145 581 144 307 43 234 245
17 95 142 168 274 101 131 264 120 216 165 208 27 74 106 2 172 40 114 91 188 261 280 292 182
92 227 247 259 128 64 248 178 82 125 114 168 211 55 223 191 50 34 276 10 76 155 140 229
43 171 291 339 115 48 897 897 286 31 157 286 151 228 798 270 158 44 118 202 63 409 238 55
92 106 160 151 99 198 254 262 40 221 113 261 272 194 81 25 127 36 27 162 191 117
69 240 241 176 37 267 204 152 81 207 196 266 295 233 284 272 226 293 174 218 237 59 42
206 623 678 623 497 197 533 34 623 533 497 678 145 430 813 616 116 830 37 642 349
17 256 130 205 74 148 234 299 131 89 95 194 249 159 288 72 81 153 220 277 238
27 29 50 70 109 154 159 112 52 77 158 182 6 28 165 227 134 178 57 78 1 292 105 258 206 217 13
35 104 273 50 78 191 251 97 66 216 152 242 94 16 266 53 33 92 75 168 212 118 68
162 187 222 799 415 453 453 500 293 211 799 500 731 486 293 837 74 559 516 663 247 166 357
45 82 147 196 214 289 29 98 202 51 190 60 140 201 232 146 131 166 217 46 142 238 277 172 105 255
10 82 99 108 112 249 251 165 101 203 30 270 237 57 8 249 150 92 175 290 130 91 299 89 287 213 242
27 934 195 298 195 246 88 172 885 295 35 151 259 234 169 633 71 215 885 224 163
95 108 217 298 280 199 119 145 102 190 289 141 81 110 194 117 174 121 263 216 49 57 47 36
108 121 182 14 2 109 285 192 167 237 243 267 27 233 257 42 191 152 138 136 8 24 155
131 786 153 262 430 153 153 274 193 219 145 148 531 281 14 110 503 4 240 759 798 211
64 125 243 109 99 109 231 225 225 231 936 946 148 175 259 209 410 192 126 11 279 772 167
106 203 235 96 154 266 64 24 114 103 111 0 20 41 275 149 250 238 239 191 161 172
242 90 239 206 27 13 177 245 49 162 109 189 154 20 131 8 9 198 17 3 281
84 27 136 154 18 124 171 209 144 16 54 21 104 275 285 17 252 212 152 0 139
845 704 354 733 112 53 417 354 648 819 417 764 391 50 5 16 20 145 413 354 107
11 78 87 102 124 239 27 531 9 936 152 936 18 248 565 86 750 175 76 250 762 279 837 93 95 266
30 81 271 36 154 279 154 208 644 858 486 234 259 271 855 259 126 137 141 299 148 209 410
10 81 89 202 217 47 76 129 117 208 108 32 158 287 286 57 48 116 250 276 29 94 68 64 107
66 115 201 212 136 128 226 218 254 108 129 238 86 288 22 212 24 59 114 70 239 175 156 276
44 831 226 831 525 547 547 937 7 343 10 98 556 267 279 626 249 109 495 74 48
10 22 131 139 58 58 247 12 164 58 164 63 247 705 100 484 858 681 213 921 693 700 199 130
129 239 270 110 346 926 939 110 294 294 110 110 720 927 184 204 157 165 44 375 339 258 162
58 62 126 178 182 302 946 867 526 26 526 459 26 18 946 104 18 526 286 88 934 60 723 791 965 206
183 215 254 72 126 34 72 144 13 106 238 286 134 228 102 33 146 209 230 219 157 42 199
65 129 241 192 8 241 241 74 723 241 316 867 92 803 121 199 858 693 921 705 134 681
10 77 195 199 298 239 82 144 257 242 77 277 117 72 60 137 125 282 151 196 180 128 164 0 115
13 116 178 192 160 29 35 249 88 294 151 79 46 198 24 168 27 83 13 148 17 58 127
23 80 285 232 39 148 176 10 187 259 287 84 62 144 67 13 194 217 46 149 162 23 105
87 22 77 126 238 212 81 61 190 99 7 145 255 12 152 296 141 56 227 271 34
115 188 176 167 867 294 167 12 254 705 520 693 845 130 288 100 921 681 134 484 199 224
12 33 178 221 282 294 147 294 867 147 96 176 913 154 946 167 148 199 681 288 127 100 705 134 845
7 26 53 183 285 63 143 87 118 153 144 25 94 43 133 148 147 184 280 204 298 162 168 290 152
29 127 179 262 212 274 119 286 217 88 272 283 278 118 83 106 76 69 194 228 195 127 15 284
67 129 249 295 174 20 54 291 205 22 113 165 224 85 217 93 94 191 267 13 145 255 87 170
65 168 285 622 289 235 57 25 16 117 6 241 1 75 195 292 102 113 283 223 28 278 142 214
254 190 263 199 228 176 110 26 285 68 202 267 173 279 211 164 111 246 43 13 294
273 203 217 282 24 119 121 75 204 30 15 213 137 266 174 28 130 216 172 237 283
14 71 77 117 141 845 880 86 86 227 48 454 28 104 28 48 454 77 155 452 245 581 145 237 43 954 241
104 173 202 244 247 169 296 648 478 169 478 523 296 228 875 109 233 247 600 64 238 26 872 21 12
4 81 143 9 40 155 169 250 21 172 286 108 165 78 152 62 101 3 230 243 282 201 72
9 120 166 210 179 243 263 276 226 168 279 158 152 215 171 201 65 133 6 167 213 285 160 102
84 148 283 294 262 140 235 61 2 130 80 5 176 57 183 202 39 244 270 23 275 165 172 251
24 48 245 285 63 34 178 206 42 243 120 203 220 13 87 55 156 77 78 254 23 225 296 94
86 195 236 860 8 37 371 37 140 226 420 791 166 371 37 789 135 907 10 180 531 558 278
34 140 189 299 128 28 131 217 84 21 153 230 44 251 39 296 259 199 226 63 219 80 146 147
42 117 125 147 154 182 221 190 71 140 230 130 48 241 74 169 39 180 211 182 203 108 261 37 12 81
168 192 248 213 618 681 213 951 456 693 618 951 828 187 205 526 260 53 760 0 502 957 757
64 102 144 180 189 348 647 655 348 201 348 296 92 702 296 693 121 384 288 700 705 134 199 477 858
235 173 64 195 247 121 287 181 89 70 244 53 199 217 20 206 83 274 124 269 43
4 46 87 215 223 358 544 16 226 87 26 297 28 36 13 255 67 6 31 117 215 213 151 229 220 231 15
42 51 116 225 358 893 649 649 783 289 783 181 649 931 548 980 800 379 911 290 669 880 900 381 259
17 28 255 618 197 273 86 176 236 130 41 143 23 77 226 120 244 183 71 282 112 177 269 48
5 281 753 524 185 502 526 128 430 671 139 918 187 136 645 673 246 581 880 324 16 562 74
117 275 222 83 13 157 173 199 117 295 297 41 299 189 168 284 271 6 55 286 244 201
31 70 101 105 186 251 296 169 56 296 169 56 523 507 648 21 755 29 63 31 238 64 247 151 872 284
52 73 208 228 192 265 281 53 120 858 293 13 198 200 204 38 105 48 180 643 69 407 281 631
182 277 296 169 478 169 648 478 648 507 296 523 523 296 284 511 31 63 238 26 247 233 116
845 883 256 265 265 764 256 735 137 285 33 295 916 244 148 277 11 984 20 284 80
78 91 130 134 216 3 47 31 296 269 196 53 117 160 52 213 190 132 24 18 158 113 239 94 161
138 275 299 898 202 186 200 275 74 161 3 215 46 2 155 42 72 252 132 73 66 120 180 114
20 23 58 269 184 244 8 191 38 157 47 30 293 95 208 13 84 253 59 176 195 288 91 7
142 264 60 257 936 253 138 19 936 38 253 49 253 138 25 303 280 63 164 257 31 144
91 120 155 171 258 270 574 612 270 644 84 270 270 954 105 266 705 234 29 954 155 243 144 77 499
208 296 523 648 478 296 805 228 169 872 29 109 116 221 247 26 511 755 284 238 151
0 222 271 203 113 277 186 146 43 110 29 54 289 228 21 154 108 31 270 16 135 249 47
86 93 141 116 165 154 254 112 107 44 184 69 249 235 173 115 18 186 64 22 130 109 282
2 118 112 21 114 217 271 233 187 102 196 108 253 246 186 208 229 16 202 23 64 71
89 107 204 272 56 115 150 245 177 200 248 29 2 201 6 48 65 148 86 291 39 175 250 70
4 12 25 209 107 214 103 50 236 216 20 219 69 123 226 153 141 130 205 96 227 248 70 272
9 60 88 266 134 23 166 63 298 150 285 53 49 177 36 14 24 77 281 7 71 267 64 96
186 202 276 88 163 157 175 298 178 273 86 67 162 184 294 140 176 169 64 286 76 275 282
126 288 295 34 85 291 25 222 14 275 163 63 37 10 52 226 219 227 213 235 160
102 138 182 238 242 282 167 152 16 38 23 251 66 293 55 255 201 250 178 184 203 17 149 57 107 119
7 67 170 283 488 249 282 763 582 275 808 315 556 763 808 871 908 871 51 663 988 899 902 355 364 560 105
10 182 202 240 257 808 808 556 315 275 808 315 275 51 808 763 556 480 355 988 146 474 135 692 754 261 248 228 280 127 165 174 122 14 9 39 141 203 37 167 225 269 58 98 236
2 6 20 21 39 79 142 200 204 220 241 249 173 165 120 70 103 262 101 92 91 200 281 113 179 155 264 102 139 109
64 144 230 80 159 179 160 269 161 154 93 117 279 235 72 241 281 205 299 267 40 12 220
185 261 375 277 29 55 144 91 34 232 16 175 238 30 19 202 86 119 13 262 123 285 295 493 893 514 493 556 393 368 545 493 514 168 282 169 156 53 74 75 36 226 594
26 223 266 276 206 191 237 124 272 196 139 181 281 64 123 265 153 291 81 220 184 231 244 283
177 187 277 376 189 167 145 299 37 9 156 249 251 19 261 242 41 179 92 47 218 246 260 4
174 384 48 92 115 224 232 315 315 763 315 51 344 344 871 315 315 871 315 754 560 474 899 480 355 76 123 268 103 39 35 42 132 173 115 4 168 77 67 80 153 213 264 85 106 277 198
9 16 20 29 45 51 70 79 145 229 259 33 185 122 273 66 60 167 258 270 203 149 206 83 50 141 63 173 124 39 272
20 155 241 142 111 93 96 203 297 125 183 277 264 167 170 79 6 67 155 267 4 34 968 893 114 968 225 114 363 968 536 121 870 705 477 979 770 693 700 130 199 552
26 87 169 41 159 252 213 223 95 182 149 290 55 251 20 173 93 248 131 17 1 72 118
205 92 183 149 261 203 97 771 939 183 452 261 43 499 954 914 234 272 245 29 452
84 771 112 70 968 771 787 771 70 787 683 968 794 135 655 333 669 273 284 235 110 210 27 138 114 87 20 220 227 217 53 209 163 284 272 191 132 267 218 66 124
240 167 182 79 5 275 14 184 144 108 233 107 38 83 191 70 73 123 202 18 270
169 248 267 59 75 252 305 625 476 249 476 655 655 625 249 84 58 98 969 84 13 135 283 229 465 699 104 269 434 137 699 434 529 375 415 454 49 107 105 613 115 204 200 165 407
4 9 61 70 182 896 766 681 530 766 766 175 321 206 181 193 116 251 90 79 233 239 449 497
55 58 120 137 106 141 213 12 955 403 655 655 625 499 129 455 699 84 58 465 141 13 390 170 969 283 296 250 222 17 86 224 212 121 14 111 46 162 247 203 15 151 52 75 24 57 217
91 209 230 298 27 233 56 121 46 282 104 229 248 127 212 54 50 138 217 243 164 140 33 167
201 266 358 271 136 221 292 30 124 146 166 27 76 167 290 55 15 65 222 148 190 227 2
148 210 298 339 342 342 820 940 615 969 820 514 732 936 37 228 17 990 712 734 692 572 138 418
97 176 264 293 62 0 57 29 149 284 261 147 128 174 43 118 208 133 78 273 87 5 115 131
16 148 170 383 541 731 270 101 383 863 383 634 731 383 410 213 734 81 69 712 418 990 206
245 86 154 412 514 313 178 218 955 412 299 128 154 760 196 167 626 65 20 17 3
27 30 155 2 98 116 238 296 138 206 60 265 235 1 119 36 107 37 83 295 252 49 288
11 36 58 134 156 201 259 136 20 210 197 185 267 298 184 107 32 103 188 207 127 50 178 120
236 865 585 675 302 675 349 695 349 495 495 28 427 18 703 607 280 239 798 634 41 0
50 121 228 241 217 41 87 278 43 111 107 65 226 227 196 232 46 69 239 5 118 242 33 72
38 108 171 279 179 427 302 523 491 491 350 780 231 559 144 126 413 105 207 352 203 278 417 285
98 140 260 287 63 63 590 266 814 938 83 938 814 954 155 241 145 243 307 452 272 570 499
123 231 54 112 171 224 4 235 183 164 169 220 8 86 58 94 207 240 249 258 95 204
125 239 331 207 128 125 291 14 95 12 124 164 109 59 189 263 221 120 171 243 206 141 226
6 15 53 123 232 595 935 493 496 795 595 343 959 463 298 59 337 1 223 753 65 568 405 960 78
66 96 100 264 595 566 935 595 695 878 523 523 499 523 687 268 959 1 681 463 568 78 605 223
29 48 77 186 107 3 163 87 123 152 42 298 190 175 217 12 121 186 176 76 260 36 70 22
60 129 927 487 485 787 485 283 787 632 632 888 724 410 120 115 163 25 477 719 183 731
18 77 130 339 743 919 940 940 860 919 314 940 138 940 76 163 376 80 249 177 381 829 10 343
964 30 107 221 261 739 374 793 739 281 942 374 793 268 63 170 209 197 80 814 303 23 177 83 82
94 225 292 256 130 67 820 532 181 333 130 256 333 955 15 76 189 292 243 97 50 271 770
992 165 331 64 271 286 193 55 262 30 19 146 113 185 90 174 98 221 246 265 1 66 296
81 250 57 297 179 94 229 128 206 214 110 149 113 146 123 12 23 220 135 100 34 916 383 212 389 198 90 76 874 383 916 602 165 631 337 180 115 351 407 35 204
78 146 231 28 41 68 295 38 229 167 155 112 7 22 199 180 12 2 239 166 201 241
190 451 19 199 18 153 199 305 18 297 980 314 531 747 451 441 863 870 951 732 528
22 134 151 20 259 271 188 199 286 59 232 255 44 136 102 166 18 158 35 211 49
