44 635 981 38 233 235 27 272 289 33 101 148 202 133 259 292 45 258 139 192 62 0 102 7 119 81
889 98 154 196 244 289 205 47 19 89 275 1 153 211 216 287 266 27 289 195 172 41 35 145 242 59
49 177 187 240 22 58 83 91 97 130 216 218 219 805 951 190 752 805 190 694 239 694 239 951 694 414 190 29 218 26 26 29 167 216 200 116 83 120 10 59 191 183 80 276 91 161 275 34 77 228 15 46 199
199 252 27 120 249 35 230 20 282 272 297 153 150 61 52 9 32 224 166 246 165 296
981 122 177 253 8 150 204 660 599 88 36 660 644 938 201 195 74 197 745 333 216 240 298 892 178 180 682
85 97 206 390 224 170 170 472 629 472 495 170 629 333 26 204 71 716 125 158 770 116 378 320 301 786 740 927 752 320 634 391 301 786 147 180 263 102 153 719 275 172 263
117 112 185 147 237 244 58 156 291 192 272 295 261 245 183 82 253 196 26 136 141
395 830 228 137 257 172 13 283 58 153 184 205 16 165 12 209 108 279 26 151 249 289 150
635 68 119 254 211 52 283 125 297 248 131 151 194 235 217 91 132 67 161 286 5 272 219
889 905 66 65 236 295 298 149 21 84 6 202 52 60 220 171 255 175 254 109 249 248 83
813 76 93 116 279 921 61 70 106 168 295 349 349 3 951 3 964 860 3 223 798 26 342 26 82 247 167 781 20 218 69
44 148 168 218 720 644 644 504 824 540 644 504 138 171 836 858 19 180 252 257 238 173 64 95
921 7 172 203 288 32 32 293 32 23 211 161 32 12 92 524 277 280 274 276 75 251 107 289 102
52 190 257 648 231 513 304 231 119 513 231 579 247 119 648 667 258 267 822 238 63 986 63
30 205 240 299 88 108 530 36 530 36 65 36 65 192 123 107 249 0 247 682 57 892 243 278
109 201 265 285 298 170 333 333 790 170 652 472 655 487 647 716 309 71 194 140 355 158 168 186 945 39 19 36 230 240 109 170 158 157 0 1 110 253 245 217 227 32 22 252 224
90 146 157 262 289 62 174 279 115 155 199 196 50 191 243 277 36 13 297 216 267 75 91 263 283
63 109 171 87 254 243 34 272 287 284 17 228 60 179 56 286 270 2 11 143 81 242 159
813 45 86 273 295 198 179 192 46 225 186 238 291 282 200 21 41 137 214 201 197 295 168 6 172
201 263 259 292 105 48 84 123 113 26 59 137 186 687 99 345 32 26 973 28 219 45 270 854
176 261 192 56 15 29 179 710 44 277 48 21 250 30 819 92 107 274 6 276 367 75
146 178 216 714 42 88 293 88 714 591 293 46 197 186 813 834 40 137 860 3 864 886 223 132 77 5 254 257 110 30 280 44 227 108 128 291 168 82 155 43 41 262 207
185 257 280 153 16 240 245 38 228 288 294 9 190 123 66 218 227 217 220 115 161 31 39
813 37 123 124 140 162 251 73 173 199 272 93 218 13 156 61 146 111 122 254 191 95 2 84 139 229
889 16 124 291 297 848 49 54 88 176 176 151 288 66 51 141 51 215 260 115 263 42 16 890 246 11 50 204 643 1 123 2 190 218 12 13 194 48 101 119 28 108 9 276 35 227 286 169 134
11 42 187 164 69 20 17 1 279 139 295 68 6 181 158 21 174 90 91 271 125 162 83
62 402 923 35 67 115 223 286 289 289 139 139 71 140 140 74 107 276 524 23 367 819 913 6 289 295 75 274 62 11 162 48 269 240 102 91 275 46 164 119 25 280 246 263 175 203 123 227
889 921 293 295 40 79 151 219 156 265 25 255 25 25 224 49 224 68 134 13 167 820 204 126 43 218 11 26
77 151 76 62 144 288 72 124 224 924 62 204 82 26 479 781 820 798 43 286 26 223 276 6 7 295 256 97 12 138 22 82 171 152 135 180 67 158 17 219 95 149
981 9 36 148 232 294 130 924 294 210 30 23 193 130 131 906 479 223 798 167 126 20 43 546 781 64 159 88 225 167 38 29 17 39 106 269 54 50 224 278 143 238 131 232 235
15 56 78 91 150 235 240 246 38 40 183 390 629 652 495 224 224 652 487 224 487 472 140 83 647 716 156 158 196 3 655 255 259 22 142 66 278 110 96 238 244 55 156 44 80 250 11 163 236 282 98
258 9 16 49 198 210 4 169 89 241 231 45 270 687 99 21 143 114 78 187 84 26 277 32 79 181 13 50 88 98 230 72 103 264 124 280 60 11 177 37 235 113 261 222
17 35 145 114 71 46 271 273 182 30 72 165 235 109 205 113 248 160 135 60 112 270 26
28 104 107 58 45 65 199 22 136 252 61 56 233 279 14 226 207 107 37 121 217 59 188
46 96 178 216 231 271 179 89 58 9 211 90 175 231 272 262 135 154 202 261 276 166 196 264 297 153
923 37 76 120 158 180 262 271 76 130 249 298 895 378 766 895 990 926 926 338 38 141 149 113 674 866 175 894 252 968 218 66 77 212 280 83 138 251 183 115 73 276 242 287 294 112 5 234 52 235 200 33
77 116 131 148 156 64 119 266 182 229 195 202 187 229 229 10 146 798 26 26 286 82 20 223 906 781 126 204
55 198 212 227 244 216 284 216 244 77 66 218 116 43 26 82 204 223 20 781 476 906 126 286 480 294 91 347 343 257 844 960 51 77 17 226 319 228 459 269 186 280 892 271
21 104 187 279 184 134 198 73 13 293 175 176 265 187 28 210 288 42 284 61 128 95 143 23
18 80 89 98 269 278 111 122 140 298 644 660 108 36 938 644 644 938 530 892 247 3 162 223 195 123 78 131 682 42
30 85 233 403 78 21 95 501 89 78 95 409 81 305 190 41 908 38 187 51 16 252 111 67 227 49 128 21 202 173 186 140 70 83 61 57 38 167 11 269 47 206 84
176 271 59 253 254 22 204 290 17 141 132 151 251 268 82 280 159 14 244 96 230 171
2 26 111 163 200 211 48 48 118 118 267 118 176 23 163 252 739 518 864 40 228 137 860 111 813 63
402 981 50 209 273 238 285 80 245 285 52 35 260 298 52 203 246 204 265 960 596 349 109 138 643 102 102 212 112 266 257 131 102 68 75 102 97 280 17 280 51 228 892 319 58
6 31 75 117 122 145 240 177 253 37 45 165 15 200 56 246 46 149 106 24 19 260 171 166 265 268 110
51 114 225 279 85 42 166 92 71 213 271 158 101 108 233 84 96 65 143 297 110 214 93
789 14 57 105 122 19 238 9 64 280 204 64 64 280 204 72 16 251 415 76 873 241 998 225 187 126 922 80 215 6 164 147 261 225 255 183 29 120 234 77 228 81 220 84 155 13 283
129 229 402 85 282 284 552 707 958 993 552 824 997 824 329 997 335 993 221 200 235 260 164 732 138 212
95 103 150 151 220 284 53 15 15 25 118 25 53 171 432 24 116 223 126 204 218 26 906 798 82 356 293 14 9 105 77 199 295 55 276 275 290 54 92 246 87 215 235 198 23 10
25 49 134 273 198 100 130 35 135 85 275 254 41 230 228 137 180 38 267 277 52 26 211
209 242 269 97 179 177 99 61 130 95 177 178 557 79 239 3 136 586 17 589 51 6 832 236 101 50 138 97 45 87 42 171 236 281 184 28 89 58 114 53 200 197 6 245
240 62 164 173 35 140 135 218 29 272 278 159 267 44 186 154 298 251 1 243 26
4 93 170 242 121 5 143 176 228 107 76 149 60 68 214 47 291 153 210 24 65 248 119 117
232 242 275 124 106 233 27 43 228 169 220 116 184 143 271 70 279 88 210 60 13 137 161
157 236 265 298 114 150 74 76 234 214 212 94 37 219 213 110 279 40 14 121 224 92 202 134
246 841 10 62 623 236 122 993 84 224 193 103 733 221 367 92 48 30 21 295 167 289 931 107 94 101 19 280 219 228 260 157 242 269 123 74 80 222 71 204 187 193 252 232
31 149 212 101 34 15 41 281 260 166 201 47 54 257 210 94 276 99 262 268 293 109
77 89 122 134 203 219 253 142 212 210 47 170 216 133 252 39 287 273 70 55 96 274 43 298 68
67 235 279 286 27 65 104 19 226 1 112 19 226 192 192 112 170 205 298 265 890 260 960 109 503 420 596
98 260 8 15 15 109 167 109 27 229 167 27 582 187 415 264 543 76 81 16 813 225 49 115 166 149 296 240 24 244 180 21 190 20 205 267 25 126 220 43 215 211
635 39 138 211 262 298 402 789 61 63 92 160 45 45 212 19 85 58 19 166 58 229 19 212 205 204 596 281 115 52 890 265 241 181 285 219 109 220 156 125 217 110 62 180 248 26 105 88 10 182 119 186
635 112 119 261 284 289 296 280 50 21 256 218 155 191 187 18 283 90 266 125 158 194 231 185 174 170
22 220 259 261 65 122 253 60 15 139 139 174 479 229 432 582 400 242 127 273 275 106 323 181
43 103 182 246 730 591 60 278 516 393 730 514 503 52 790 265 960 890 596 281 298 516 115 228 140 3 180 96 190 6 54 16 38 105 51 98 246 236 15 179 114 21 138
402 124 188 215 93 107 57 40 293 101 2 194 30 127 257 235 124 252 53 157 75 80 289
51 84 115 160 75 175 203 264 997 707 329 824 393 293 997 335 393 552 993 212 253 91 67 558 8 52 164 53 176 261 251 137 255 88 186 62 115 29 246 109 272 276 265 13 93 217 12 185
171 244 213 177 282 107 119 7 237 268 159 56 72 178 238 78 223 112 198 77 170 262
789 92 196 92 79 153 60 147 99 56 270 33 50 14 15 105 113 108 119 213 261 74 78
4 119 131 133 144 90 192 263 117 270 193 54 115 94 258 266 48 211 29 164 230 201 108 203 216
46 216 248 144 248 40 86 207 82 93 168 276 100 51 7 44 254 183 291 277 11 284 214
12 16 22 31 35 138 203 204 275 123 214 208 25 255 239 163 226 287 244 28 45 73 193 172 80 90 15 129
49 63 204 212 274 271 219 64 17 64 271 64 115 286 490 677 130 4 212 208 179 682 324 222 172 161 117 154 184 14 131 128 54 286 228 44 244 46 272 269 202 37 155 288 112
134 147 219 238 252 204 7 68 271 110 61 29 79 101 24 161 11 194 134 180 165 64 164 269
155 250 50 83 91 128 997 552 997 707 293 329 958 329 393 335 997 293 8 683 253 260 558 91 164 530
91 236 6 6 494 327 832 508 147 955 154 955 832 840 15 142 34 573 32 257 179 127 38 279 260 88 263 180 1 114 271 112 94 55 221 261 130 297 266 277 209 168
244 273 60 288 44 214 100 134 126 298 190 129 173 107 276 127 239 85 195 164 32 289
830 16 71 145 160 271 295 993 552 293 552 335 707 707 958 335 329 997 824 732 558 138 253 221 164 52 514 148 94 15 146 281 200 28 89 178 283 194 79 226 63 229 259 149 263 76 181
789 50 201 209 241 268 265 148 47 69 52 295 169 260 225 285 171 279 271 6 195 277 210 85 287 18
6 37 47 193 250 99 71 157 231 65 2 50 85 207 53 26 117 94 10 208 120 193 160 252 82
89 106 274 262 124 153 37 34 159 116 106 111 167 243 211 137 82 261 194 35 162 95 212
79 143 177 164 104 266 281 9 106 95 53 5 288 10 253 88 246 99 103 147 61 229 132
82 149 201 296 204 255 276 155 214 270 74 91 3 272 202 215 100 253 174 120 175 136 156 209
8 402 68 202 250 997 329 393 824 293 993 997 707 221 514 8 52 232 200 53 138 530 683 164 732 209 144 167 136 262 41 247 257 246 18 211 104 244 284 151 36 291 270 28 220
273 192 87 56 57 208 217 263 251 252 175 233 173 240 144 291 30 154 228 212 292
579 8 157 216 270 109 216 284 220 267 8 73 8 109 73 220 284 836 228 58 226 280 280 892 77
42 170 203 208 252 260 109 216 284 220 267 8 73 8 109 73 220 284 836 228 58 226 280 280 892 77
103 144 167 170 215 72 107 117 180 236 762 590 656 656 272 590 590 855 240 753 87 417 18 3 43 129 248 229 597 478 34 297 279 13 164 50 286 98 167 68 196 134 100 22 224 87 155 148 209 17
42 58 146 295 112 151 33 79 9 207 48 293 125 279 254 89 37 241 222 18 253 28
32 58 104 200 221 284 273 159 96 139 131 71 287 76 154 241 106 228 130 43 170 230 68 87 163 98
590 60 298 64 144 4 215 27 138 141 5 235 192 97 149 262 272 6 42 223 82 1
590 981 11 16 126 131 30 81 167 180 287 389 703 356 262 356 826 703 262 389 963 41 701 79 436 455 339 118 126 69 243
71 180 30 299 298 499 96 216 96 288 30 873 107 23 289 821 705 40 931 75 911 48 250 20 29 184 263 45 89 259 147 128 222 127 39 227 80 170 104 215 265 17
208 232 243 259 270 175 259 232 51 192 73 295 97 61 6 24 5 241 111 15 37 117 240 125
107 245 180 54 171 11 190 27 56 183 113 3 47 57 167 45 124 144 87 231 62
199 209 269 69 247 229 263 255 184 4 299 73 67 147 22 293 79 126 241 143 134 259
402 0 71 94 151 203 265 292 661 45 171 351 120 224 106 160 609 120 609 224 271 100 554 215 751 74 31 253 159 412 120 34 129 51 287 193 192 276 197 213 200 76 156 84 162 66 165 286 113 244
830 144 182 30 20 50 214 169 166 234 97 42 49 124 81 16 246 295 150 240 180 91 199
68 123 282 292 714 95 202 249 258 266 265 843 342 342 329 70 685 77 836 843 250 533 556 28 574 809 145 584 61 222 18 174 104 0 272 270 133 118 114 173 193 217 46 282 65 194 7 248 176 64
147 199 108 112 214 239 207 160 71 85 207 503 71 225 71 180 225 143 287 159 263 751 253 293 554 71
402 804 231 279 282 257 85 98 66 363 98 157 95 116 276 0 818 76 41 634 607 171 449 774 280 49 34 151 178 27 115 117 269 206 142 87 92 298 29 275 166 283 138 265 17
5 56 118 119 193 280 72 194 166 287 159 285 208 199 269 10 187 259 169 70 225 81 223 103 134 176
804 830 13 121 297 903 179 761 179 903 903 761 309 984 984 761 455 701 381 175 669 86 381 69 79 238 76 110 88 168 81 169 215 249 230 172 24 241 97 289 257 83 264 158 17
579 19 226 230 244 258 344 14 102 119 513 648 755 247 304 119 513 829 168 8 244 822 27 89 881 126 137 4 957 115 250 19 75 122 257 197 209 272 14 274 181 42 91 20 141 135 235 1 111
981 31 63 81 98 167 351 854 945 351 971 533 533 905 799 971 351 176 108 183 39 557 724 98 423 235
402 54 68 185 287 304 23 343 984 204 304 204 293 431 12 187 24 94 24 176 135 131 40 171 217 281 115 136 114 29 79 183 218 40 51 22 188 95 208 296 64 230 184 292 197
16 211 186 45 222 0 23 17 18 5 9 240 13 278 283 286 104 46 157 150 213
402 28 34 100 210 216 233 531 43 137 229 275 336 578 777 388 113 129 411 149 338 252 934 31 52 146 35 33 640 38 147 971 286 180 264 251 63 76 0 163 65 39 161 189 6 62 177 3 139 292 213 7
208 290 16 15 269 268 183 110 106 286 253 92 196 238 96 83 82 87 81 115 235 30
146 258 273 276 278 50 201 259 119 46 93 211 48 103 247 290 150 92 121 5 189 136 222 175 261
164 150 27 282 80 59 25 1 155 216 118 149 64 205 9 110 253 174 278 45 84
402 506 39 214 289 635 650 169 187 261 818 909 895 41 949 895 611 895 818 611 909 23 714 143 412 554 263 100 253 71 253 116 133 156 218 213 294 221 11 248 192 259 9 182 27 183 97 41 69 285
67 124 222 270 203 100 50 88 121 103 170 135 278 110 219 133 260 234 192 212 272 277 257 194
830 215 427 455 839 611 910 455 933 230 800 287 71 139 554 100 780 215 253 800 117 830 14 249 35 34 241 197 185 157 282 92 127 243 141 156 45 273 18 180 114 48
20 273 141 141 0 271 0 112 103 103 294 247 30 79 267 188 51 30 257 58 139 198
16 128 219 294 224 49 51 102 128 136 3 226 119 217 139 138 167 124 285 121 2 159 6
23 152 277 191 125 119 164 208 215 266 33 171 259 150 219 245 60 190 281 114 32 0 273
172 201 260 30 282 268 269 121 108 159 2 97 53 290 176 6 70 110 68 214 60 292 246
27 96 139 148 153 213 245 2 55 87 111 231 231 231 231 304 304 311 513 119 755 247 231 985 258 137 126 89 27 83 895 96 253 223 231 56 49 203 218 88 276 169 152 295 73 200 212 141 0 160 178
75 112 259 212 28 42 249 278 187 280 152 5 128 30 32 199 151 263 230 37 69 289 121
963 981 21 53 68 120 72 244 224 46 290 41 173 294 183 172 299 168 279 239 219 145 148 220 246
139 26 235 247 247 24 246 162 158 246 119 246 246 230 125 621 245 80 265 339 269 46 131 50 148 295 62 134 261 250 42 63 258 207 206 124 87 112 78 14 178 147 60
177 215 229 88 166 283 86 6 256 61 6 930 284 122 229 9 356 804 945 804 292 91 167 230 175 135
583 61 223 226 535 270 233 270 798 356 353 80 242 525 606 198 58 45 79 155 252 577 82 208
583 62 151 81 206 271 766 926 271 926 81 38 141 814 24 866 960 149 218 968 237 66 5 298 291 54 183 4 91 265 172 31 260 274 257 168 129 205 55 59 286 64 66
38 93 195 870 557 104 222 870 185 396 870 147 878 944 396 432 46 926 900 86 637 712 400
579 111 267 18 71 279 69 69 206 208 69 172 895 206 69 172 36 986 254 478 221 472 261 197 93 262 15 37 46 43 236 269 94 149 189 216 226 261 192 156 258 146 257 93 152
635 114 115 193 197 214 245 402 42 163 596 841 23 294 188 53 23 443 180 340 609 115 187 114 646 144 70 984 232 634 219 235 124 105 77 241 152 64 284 182 281 282 25 93 37 109 31 119 249 272
8 24 79 84 111 579 17 23 72 75 83 772 37 772 545 704 37 70 560 772 235 171 510 980 232 195 963 65 533 771
192 187 187 371 400 719 371 421 421 719 64 277 264 146 398 209 111 175 777 463 468
402 57 198 260 288 231 304 231 648 755 304 648 311 755 37 63 126 244 957 82 895 156 8 822 137 111 159 62 42 215 230 33 200 3 184 104 93 61 74 187 17 116 193 199 177
114 231 238 92 59 57 99 288 149 247 105 183 91 144 69 72 209 38 176 42 167 30 203
79 217 276 901 981 272 582 344 582 556 315 808 582 871 344 315 582 902 899 355 105 988 146 474 644 332 293 23 27 119 53 94 14 180 103 286 42 126 1 189 26 130 66 225 257 107
116 157 259 265 273 615 97 377 377 527 886 377 97 615 886 905 424 643 506 180 171 213 17 215 272
12 13 145 263 273 587 211 39 198 486 39 259 259 722 259 588 722 61 218 129 854 581 272 147 905 34 63 189 10 20 212 37 42 191 278 73 69 145 14 196 23 83 75 255 241 15 136
91 124 192 259 789 176 236 923 407 253 575 923 923 575 945 556 255 294 484 8 280 194 218 170 29 623 443
4 62 120 249 285 21 945 165 945 556 923 923 21 945 484 484 484 748 141 194 253 142 8 83 170
22 105 136 211 267 273 4 191 59 665 947 327 237 930 287 572 393 60 345 516 161 282 688 438 246 502 88 171 93 42 95 278 228 266 149 248 10 212 247 82 209 262 260 275 128 35
760 901 17 72 254 290 298 543 159 174 212 729 708 428 710 219 710 868 729 272 933 791 296 522 528 480 286 163 71 234 305 245 282 131 182 241 288 33 96 100 60 173 23 4 32 281 118 138 285 86 212
583 194 118 130 196 23 286 166 239 101 224 217 243 195 38 97 252 198 191 155 35 275
789 21 182 299 129 182 247 182 356 206 276 483 276 206 676 276 49 175 119 242 880 911 966 483 290 524 379
115 226 251 15 414 479 309 309 309 164 414 531 813 391 279 253 807 682 624 163 718 152 866
635 13 83 92 221 228 277 277 563 743 696 696 500 500 500 701 709 69 782 871 86 508 96 455 125 339 297 145 126 299 29 70 52 63 246 286 243 203 205 67 298 229 153 32 279 119
257 270 319 901 165 180 298 802 802 805 342 335 342 805 545 237 938 491 263 260 731 760 526 957 552 735 53
3 84 199 281 570 688 474 499 474 688 688 787 143 444 499 570 929 133 557 98 638 444 40 352
579 204 570 787 474 973 91 143 474 217 562 217 214 70 170 444 98 213 250 47 439 352
635 33 47 158 664 261 767 261 118 672 118 261 794 838 42 822 594 814 167 35 386 430 902 3 271 160 11 129 283 238 136 252 187 167 3 148 66 108 40 85 16 8 180 44
5 16 44 144 157 210 635 49 180 272 682 522 927 771 771 927 927 894 894 87 522 894 23 75 30 107 48 30 682 21
52 285 137 876 137 519 664 644 644 502 94 682 621 269 52 220 45 289 960 120 813 537
