57 136 194 631 184 275 605 779 15 39 46 164 748 807 960 683 297 451 612 736 818 885 725 915 740 222 208 240 288 838 440 458 73 196 421 828 489 850 569 307 841 37 861 574 341 751 773 394 844 273 86 887
128 136 173 253 284 260 111 169 166 188 63 233 31 113 200 217 239 213 238 116 271 121 273 101 1
635 46 162 34 68 269 119 189 21 215 6 133 211 58 152 266 110 47 293 282 206 122 39
734 893 16 40 219 255 104 440 458 288 458 612 288 222 740 288 288 960 807 19 458 885 297 759 942 456 228 36 823 43 291 291 516 651 111 43 592 291 860 492 22 223 671 305 523 592 562
87 16 38 60 137 172 233 683 523 683 384 683 499 99 215 296 157 277 104 458 139 632 153 253 114 573 139
16 599 599 242 129 85 971 730 38 122 940 743 691 62 170 234 457 61 375 598 178
68 172 3 752 349 190 694 190 190 3 3 805 239 26 58 342 218 26 11 798 988 26 184 267 267 129 96 487 267 129 267 86 161 279 409 202 158 290 798 409 136 44
719 925 32 36 64 97 200 7 8 16 160 168 219 264 254 113 55 397 55 273 113 273 0 229 119 635 612 17 238 89 588 36 177 50 97 11 284 220 127 181 146 126 51 145 148 19 245 77 47 143 21 37 134 151
608 52 67 80 93 43 516 651 823 36 43 111 651 829 492 875 591 560 223 46 671 22 58 111 592
3 28 287 270 42 80 28 95 225 46 146 212 116 286 252 247 227 236 48 229 134 263 62
111 118 206 263 291 206 116 165 33 215 88 84 26 264 14 267 47 266 96 162 30 98 82 193
207 230 134 206 12 56 162 103 223 184 255 291 5 225 247 164 174 60 92 259 132 30
13 21 88 105 245 396 46 54 116 146 131 876 131 87 171 31 122 288 146 110 29 165 268 240 36 179 283 62 250 112 175 265 171 246 81 72 36 241 282 122 6 34 129 223 263 254 293 145 155 11
734 27 85 109 246 198 36 28 285 262 250 10 11 78 81 48 49 160 277 195 278 50 117 205 57
117 154 173 297 58 241 280 190 172 73 217 251 293 284 256 1 7 160 129 173 273 98 88
31 263 311 608 680 526 705 390 680 526 923 256 680 543 675 85 206 567 52 840 293 476 264 99 74 120 296 52 79 49 152 41 156 205 260 294 45 64 90 212 218 247 288 202
635 39 168 256 277 82 194 174 99 101 125 274 0 250 128 207 77 37 185 206 91 179 177 48 171 206 43 267 13 230 39 196 49 144 16 176 159 218 257 106 121 224 276 36 27
172 248 22 246 268 221 186 58 111 30 45 72 256 121 166 234 47 286 145 247 163 150
88 93 106 284 298 311 396 734 59 117 199 207 11 121 471 157 163 147 99 99 157 999 230 184 213 318 174 213 724 345 20 927 50 25 197 113 95 259 185 71 187 31 63 2 106 190 293 92 178 196 159 192
24 25 112 170 123 143 265 284 25 155 141 5 166 140 57 120 232 72 7 22 127 89 132 248
26 80 121 134 311 13 45 186 27 253 76 79 42 214 296 179 12 163 294 147 80 126 89 67 287
104 168 171 191 238 247 311 201 79 132 280 192 37 50 227 269 214 153 136 186 34 3 125 249 41 105 159
209 318 75 38 154 88 55 90 242 32 197 48 172 263 148 262 137 132 269 169 53 198
893 27 266 164 102 48 56 119 180 159 182 88 8 42 105 52 276 11 21 89 1 212 24
10 67 257 260 267 86 170 153 125 161 106 193 131 67 97 248 146 205 82 47 259 126 72 294 180
631 55 87 194 147 14 40 178 66 55 182 99 189 80 155 240 126 32 51 223 165 299 107 104
734 45 177 249 294 189 263 48 222 293 132 216 255 13 107 151 213 203 78 235 113 284 279 61 73
734 142 204 232 213 139 134 2 287 271 8 103 299 239 157 288 257 143 64 185 274 36 158
35 157 171 133 270 54 161 59 7 264 105 74 154 295 256 25 177 296 227 49 180 43 143
631 283 21 61 90 136 159 243 90 219 21 244 90 1 312 219 312 496 294 241 572 167 724 251 318 174 256 345 23 241 203 248 37 80 201 119 79 243 86 240 24 266 182 298 188 169 292 82
608 22 33 111 217 254 230 298 245 280 65 262 200 23 176 149 234 192 117 288 9 42 7 226 219 39
106 132 221 294 53 183 0 174 85 202 209 70 269 179 96 191 225 47 211 168 94 25
544 76 94 126 224 25 212 277 267 289 248 287 145 58 148 239 113 159 54 147 95 47 194 288
30 128 196 207 1 249 105 183 221 296 56 51 151 122 21 177 241 219 52 213 54 62 66 141
132 177 245 186 73 32 296 90 65 104 133 134 31 201 158 268 184 217 80 165 169 48
893 71 184 146 116 23 146 146 14 153 220 409 118 867 44 160 55 409 270 190 228 202 251
588 635 119 181 186 252 11 510 43 510 43 72 285 72 14 4 510 63 55 190 151 251 228 160 409
174 243 143 97 184 60 8 249 201 61 197 53 285 198 141 40 55 89 224 217 52 274 86 180 142 162 209 185 298 295 102 205 164 91 215 282 255 225 39 134 118
925 9 159 268 281 21 204 177 26 34 107 262 277 61 237 281 7 117 92 16 168 128 221 43 268
893 240 69 213 183 135 254 259 52 188 30 94 79 257 173 117 169 273 290 63 178 75
62 295 272 172 222 190 196 66 7 120 124 2 264 34 110 40 294 202 77 84 257 75
588 266 287 227 195 172 122 1 81 254 50 104 240 53 273 299 60 105 239 153 76 127 35
631 5 105 158 279 200 282 188 113 170 229 296 26 119 45 92 52 163 263 183 272 194 298 80 114
635 82 108 126 137 172 202 298 228 226 267 275 264 34 214 62 111 172 271 246 126 112 42 28 168 183 227 57
262 293 7 75 85 96 58 25 143 101 193 295 113 161 179 48 67 69 292 112 158 119
37 58 110 123 286 232 187 98 5 16 175 174 251 211 262 178 64 39 295 230 104 299 87 255 118
79 192 250 167 185 179 72 38 34 84 148 73 123 26 129 293 101 87 42 291 276 40
92 142 184 234 286 227 296 224 230 113 86 262 287 111 249 253 161 225 124 85 221 171 141 31 5
631 734 122 261 4 244 276 12 173 3 32 75 194 16 249 193 51 176 87 46 163 147 284 219
78 79 101 134 239 255 187 269 0 287 136 77 52 6 253 299 155 3 115 69 216 2 145 92 68 265
643 173 213 178 137 256 276 149 20 102 291 132 136 104 125 225 182 287 281 55 247 4 246
734 143 146 224 46 257 28 242 251 291 119 140 162 197 152 163 182 287 127 267 227 22 194 222
30 59 200 203 209 236 30 35 52 59 165 236 130 122 244 239 94 38 227 50 19 158 187 223 289 128 133 499 26 677 23 190 267 556 481 111 186 897 267 186 122 186 169 267 251 238 63 798 151 24 160 409
87 113 128 158 166 274 288 25 135 165 139 76 268 64 114 10 134 98 236 239 91 290 166 275 99 66 247
126 171 207 279 295 32 202 396 828 518 509 89 930 970 679 828 694 930 660 67 115 806 960 42 3 49 855 105 278 187 113 237 53 243 196 49 68 286 177 291 146 128 17 212 176 260 271 29
114 259 86 158 167 294 158 225 68 238 238 138 189 471 584 104 104 205 281 299 528 245
631 51 89 132 145 165 274 538 49 136 255 97 78 511 767 137 767 670 203 422 280 306 288 72 90 26 162 187 906 169 158 126 43 118 196 106 75 251 111 21 40 96 159 288 187 228 26 215 269 38
635 734 14 251 268 86 11 61 120 21 9 41 73 101 57 71 169 258 47 94 271 52 42 232 152 62 155 97 292 44 255 82 20 105 86 293 135 170 150 107 221 71 112 80 147
76 268 270 280 229 112 265 5 190 278 160 122 157 111 178 171 144 174 33 248 254 253 263 143
84 193 259 124 186 62 143 76 292 229 64 44 252 77 22 276 65 230 102 99 221 234 147
605 5 105 214 126 256 269 231 298 15 68 52 114 151 210 94 21 103 216 185 133 273 244
631 29 34 73 174 220 250 251 518 828 509 679 635 930 509 89 509 210 28 242 115 694 660 141 806 129 930 3 260 131 296 250 31 52 292 111 151 18 178 168 121 22 143 208 241 23 109 62
631 635 89 43 37 76 49 231 277 3 46 121 73 41 191 18 195 297 102 27 88 91 289
48 217 42 257 226 117 75 26 243 28 52 291 90 232 74 133 249 87 287 187 57
925 46 213 68 223 116 227 177 28 54 191 39 37 128 40 205 240 76 123 86 81 4 266
187 229 129 167 270 263 63 255 151 201 257 251 159 176 215 288 174 207 260 179 259
3 157 293 42 136 81 116 191 33 80 143 17 62 194 83 222 288 281 53 296 94 149 203
108 195 237 165 229 234 171 130 185 217 289 87 47 99 121 42 244 102 260 2 222 56 278
631 635 4 16 56 73 77 147 151 227 91 241 33 258 82 90 241 33 89 33 245 401 540 89 149 261 41 65 239 230
631 177 241 264 288 87 87 89 210 90 210 210 90 10 126 540 89 261 84 65 149 186 225 253 190 193 49 208 131 263 63 23 194 135 267 162 89 55 1 228 48 246 209 179
20 26 58 171 43 96 106 264 203 252 150 245 167 296 215 298 168 83 17 257 53 237
588 80 132 134 251 293 229 254 130 2 56 157 177 178 118 61 41 103 155 134 121 36 279 297 258 111 199 69 200 263 26 1 169 178 22 165 3 108 270 209 100 4 35 233 260 154
538 61 212 251 279 86 197 264 15 297 104 43 257 277 25 156 298 286 81 87 241 170 198 106 61
51 113 256 275 165 96 160 225 60 140 138 161 154 69 86 92 222 295 145 290 256 118 285 25
103 19 160 14 266 285 1 137 98 242 159 27 67 37 177 183 115 24 9 2 191
11 28 173 258 281 311 198 180 255 296 29 44 110 51 193 85 252 98 260 223 46 184 118 274 178 288
631 758 65 116 224 56 122 170 243 205 274 205 274 191 164 166 174 2 420 298 516 203 205 265 890 52 115 138 503 193 76 214 86 182 111 292 187 42 148 288 41 87 199 34 144 294 200 149 36
56 129 10 137 75 99 61 138 198 48 78 14 225 266 234 118 100 116 55 262 155
186 291 113 126 171 295 188 275 289 13 184 299 163 204 1 29 115 124 220 10 173 55
200 215 245 293 272 193 272 546 193 89 788 272 372 831 47 193 106 275 800 199 33 49 27 503 207 106 179 234 89 176 115 80 283 295 236 71 72 122 35 280 298 140 123 109
100 154 184 243 250 276 311 163 261 173 71 239 242 26 70 43 159 8 268 212 131 61 169 41 93 197 203
51 116 40 2 14 35 6 110 218 284 169 90 8 227 109 51 201 194 146 189 44
27 188 222 255 262 66 133 232 261 311 183 419 201 183 565 823 426 419 280 83 193 705 526 732 98 49 192 568 942 170 283 152 279 275 186 23 294 58 233 237 127 50 133 166 215 87 235 198 104 281
0 93 288 231 135 92 39 292 86 129 293 238 288 80 5 266 4 46 253 195 101 160 205
115 241 87 100 250 78 263 147 235 39 256 138 215 187 167 148 112 186 71 97 101
35 57 160 221 127 680 214 180 146 214 103 145 145 51 160 35 216 137 850 747 196 273 33 828
32 50 98 103 206 179 607 179 634 182 607 179 928 581 288 5 597 52 390 291 209 285 106 389 116 137 280 1 86 76 216 287 0 229 49 281 290 179 33 92 241 21 62 118 82
226 293 396 134 165 221 289 25 58 50 111 178 241 130 44 224 259 63 151 99 197 103 136
118 202 219 22 47 251 260 141 63 154 112 38 159 69 257 121 295 48 223 191 135 80 158
92 245 254 278 154 186 85 73 151 175 30 40 292 15 129 84 203 70 55 158 46 124 223
588 63 131 157 167 177 190 235 893 38 164 176 841 635 89 841 930 841 635 828 89 57 42 67 105 28 129 960 242 836 115 429 72 268 277 222 185 52 293 70 28 135 23 17 239 284 282 169 157 129 4 144
96 272 61 271 14 280 23 267 31 45 28 159 279 144 177 215 60 241 80 183 145 226
73 100 272 111 166 18 299 187 64 11 73 104 99 136 151 275 188 6 290 88 150 267
11 806 43 140 263 293 89 930 679 679 635 841 635 242 836 660 930 28 806 960 141 5 49 115 42 67
538 635 174 265 434 283 926 434 908 564 969 27 564 428 167 827 197 305 112 281 107 866 764 786
588 49 78 156 208 234 470 159 605 150 887 169 195 605 245 470 63 470 683 41 510 34 161 568 27 151 152 117 109 61 128 255 101 239 3 136 247 187 65 102 44 271 162 190 203 155
631 198 148 29 410 510 163 76 76 309 46 887 445 445 309 238 159 305 866 197 786 764 428 114 45 32 116 150 270 274 174 139 154 120 115 86 181 80 39 37 99 7 280
4 38 92 207 243 151 213 90 60 33 14 216 72 182 40 32 180 118 119 46 104 274 17 101 254
76 112 179 222 269 69 200 251 284 276 255 120 66 196 242 189 218 211 166 99 43 155 203
662 53 129 268 190 269 24 270 220 9 96 195 89 283 25 286 98 236 184 185 83 203 65 88
122 133 121 264 106 244 84 156 19 211 129 245 148 43 4 219 140 37 253 135 233 186
734 292 199 196 232 188 121 148 286 233 209 15 169 105 299 259 262 261 14 145 17 84
35 224 251 294 121 40 36 56 279 163 185 217 153 106 53 29 135 276 59 90 247 55 39 285
893 6 268 9 117 120 149 156 187 865 225 181 618 865 618 865 118 618 513 94 885 125 139 647 237 84 5 50 203 15 271 137 257 172 12 242 270 182 194 108 151 64 163 61 244 237 135 218 14
27 101 107 180 269 225 152 198 211 97 32 43 11 248 264 237 299 140 258 279 268 275 177 192 96
6 16 190 239 63 110 134 106 204 164 75 12 163 216 238 261 296 155 171 138 186 83 202 14
631 68 84 176 259 299 200 143 284 23 214 133 19 161 12 226 14 96 148 164 140 114 258 234 251 67
19 73 95 156 60 86 267 290 23 152 286 276 27 195 122 117 116 281 190 38 101 40 53
588 893 30 9 212 282 271 101 44 3 7 225 109 239 55 10 294 177 243 45 18 240 5
734 47 239 124 184 210 311 745 806 660 691 621 660 711 525 525 87 422 20 264 522 144 878 176 497 353 298 160 74 10 177 263 287 167 72 91 76 107 21 17 198 112 229 31 82 272 2
52 108 120 163 3 144 220 711 525 691 118 525 621 806 621 422 602 497 353 522 176 351 144 87 169 264 878 218 902 218 218 238 107 93 85 902 47 208 39 109 192 238 772 5 677 342 40
124 136 165 207 235 250 141 215 290 283 50 41 285 100 22 77 82 2 31 159 271 30 75 143 1
734 137 214 36 204 6 50 131 226 126 191 270 142 232 98 220 203 15 27 176 151
14 253 133 190 279 906 903 422 306 375 250 375 706 518 250 906 306 133 863 499 240 274 225 289 251 254 121 273 284 43 88 174 161 133 197 154 152 115 205 236 70 157 25 106 95
204 258 44 136 235 351 187 16 16 766 120 76 351 477 187 999 516 211 240 20 23 945 272 926 9
14 276 864 518 375 422 518 238 238 903 375 238 245 364 274 718 225 240 79 251 116 235 81 81 499 155 225 48 97 225 225 155 225 225 200 988 271 591 692 179 14 854
106 194 235 123 148 282 282 282 185 282 148 123 282 157 860 65 159 214 345 432 804 160 654
263 285 243 269 258 258 111 12 928 623 326 65 160 214 294 159 432 804 622 13 600 174
935 250 265 43 80 120 282 288 672 525 691 691 691 745 806 971 118 621 153 878 626 87 780 522 440 298 589 422 224 58 88 273 284 171 161 199 148 107 247 30 7 207 44 146 81 177 244 228
925 182 247 20 165 614 740 614 237 640 494 829 237 421 77 176 494 131 121 104 15 35 829 116 272
255 273 129 195 129 49 6 145 129 49 429 236 420 115 298 52 514 281 990 138 790 890 69 181 222 109 220 128 130 248 63 223 255 261 116 186 57 244 113 200 43 234
893 90 272 21 78 101 69 287 102 296 15 191 49 244 167 106 150 228 152 0 116 181
729 126 132 438 76 108 104 152 133 58 250 44 216 156 180 229 291 181 11 141 79 90 215 124
17 129 174 242 262 156 159 230 162 214 285 32 115 186 105 96 18 175 12 193 137 294 219 188
176 217 271 277 0 189 242 2 101 285 33 183 60 245 70 56 75 138 210 67 114 161 284 126
22 34 159 9 287 139 225 275 292 29 120 59 227 127 110 146 79 251 55 13 216 154 113
54 120 122 213 283 865 409 289 409 92 865 92 463 865 289 118 118 270 841 506 124 709 134 924 886
79 184 282 287 120 226 152 220 372 226 774 774 707 707 231 499 149 41 84 225 868 163 335 401
84 276 284 672 672 806 691 525 525 672 745 745 118 626 589 176 169 144 522 440 602 298 20 93 8 4 151 170 20 293 96 190 196 182 265 286 138 171 33 142 145 72 115
43 89 134 270 252 158 81 198 115 293 235 140 191 135 282 78 151 41 141 107 116 145 227 133
180 216 244 284 260 249 209 119 128 102 32 185 39 214 137 156 55 296 86 49 222 245 172
14 75 118 196 284 24 251 226 117 167 207 187 231 144 248 85 230 127 63 12 136 65 93 278 10
925 24 89 166 199 311 47 195 231 147 286 74 296 134 21 213 51 176 219 230 201 38 86 129 128 52
100 204 214 225 3 80 247 168 261 17 259 137 144 129 69 186 58 136 5 67 163 55 161
893 9 10 34 38 46 87 94 221 270 128 3 252 100 276 95 142 68 165 140 166 67 123 279 168 285 242 179 210
925 40 47 63 124 223 255 906 178 103 290 738 738 869 56 874 730 32 967 145 119 23 224 157 256 69 274 276 114 96 157 200 179 137 107 14 141 164 48 288 255 52 13 85 6 139 184
120 167 258 281 195 100 27 57 294 103 154 32 71 222 150 84 256 286 15 293 255 243 30 117
631 34 130 137 183 282 218 243 278 83 276 130 75 50 197 41 47 95 144 171 93 183 72 84 21 237
588 215 219 247 28 175 250 137 225 100 227 5 46 276 22 62 119 8 134 233 207 232 245 185
893 51 109 145 114 24 164 5 65 51 56 79 34 226 204 28 296 152 198 197 37 282 261
893 84 107 142 163 184 221 237 29 273 280 158 222 172 104 282 184 150 77 108 209 132 147 281 53 15
631 46 65 126 142 173 61 133 283 383 479 170 983 232 963 383 516 138 890 52 2 790 281 887 960 596 990 203 446 188 240 16 131 91 0 270 3 162 6 10 266 178 33 1 139 25 269 198 61
635 13 20 50 109 273 287 13 21 94 176 261 279 44 681 391 681 336 510 510 653 101 618 290 842 167 37 141 828 524 169 960 124 72 123 212 180 285 179 239 203 262 80 235 29 118 75 17 191 11 200 129 146
75 220 260 29 40 30 180 290 118 193 224 142 282 237 187 117 182 101 191 133 10 41
596 5 36 43 81 92 19 29 31 103 196 272 691 691 711 691 971 711 672 672 806 691 806 660 169 780 87 353 440 497 813 878
5 119 174 285 691 118 711 971 621 660 525 672 691 298 602 626 440 87 813 606 780 589 169 422
101 179 745 660 672 118 711 691 806 806 929 169 844 422 780 589 440 87 522 153 602 626 92 84 198 45 69 273 60 34 200 86 98 299 271 91 102 121 58 258 19 77
28 77 192 246 295 250 122 134 102 202 221 27 6 54 293 132 123 28 20 211 195 33 138 197 225
286 59 584 142 582 215 48 584 797 797 797 217 853 100 99 499 211 84 26 251 341 53 132 110 51 65 29 6 298 202 208 246 283 234 32 128 252 54 241 138 214
734 133 151 104 249 93 93 533 93 524 700 574 836 694 236 930 49 105 855 429 984 628 42 57 103 85 104 72 138 195 15 87 55 116 13 192 34 125 236 122 150 148 118 98
26 74 138 46 94 142 182 288 447 793 190 452 793 793 419 190 793 890 514 335 52 446 596 115 420 887 281 2 203 152 50 197 31 278 4 163 42 250 53 137 132 64 71 3 35 297 263 191 194
103 238 274 284 206 77 118 177 75 105 102 15 222 180 214 264 26 124 260 69 288 87
893 157 182 192 210 238 122 141 194 249 74 32 73 158 231 18 66 89 254 92 94 155 223 48 215 106
18 21 77 226 100 453 198 318 595 198 100 595 81 810 12 150 11 988 63 107 14 91 557 937
49 113 228 280 167 170 179 131 297 4 281 153 64 138 84 235 76 172 15 162 201 37 203 240
195 266 268 283 41 148 30 167 71 151 271 162 93 10 149 39 272 233 105 240 51 68 274
14 29 105 117 230 538 80 181 79 79 590 655 147 12 79 74 590 12 79 730 162 197 253 147 432 4 629 195 180 20 146 215 66 144 178 116 243 70 192 97 231 153 264 223 220 64 163 13
