122 164 186 197 884 39 95 108 143 183 210 434 515 109 279 282 169 498 673 802 47 415 289 321 808 789 92 176 46 886 79 302 563 49 123 525
337 58 175 740 913 320 268 135 61 119 172 786 17 901 76 287 752 927 369 317 634 301 391 184 219 290 114 20 245 113 14 151 210 48 16 9 176 193 98 91 84 135 148
32 100 228 265 61 39 243 78 184 56 169 62 245 234 194 84 23 20 165 103 185 120 85 239
107 120 247 40 173 280 378 990 926 895 895 990 926 378 883 18 814 926 85 225 141 175 110 58 225 855 260 45 123 277 34 288 8 42 166 182 283 48 116 232 259 73 77 175 195 69
49 108 159 549 29 117 152 277 296 752 786 752 634 391 752 172 927 172 740 59 752 67 204 60 139 267 1 102 263
568 94 238 107 353 396 555 22 555 656 592 107 555 457 290 224 551 658 400 138 210 242 819 52 33 190 26 198 268 138 106 269 115 23 29 123 78 60 42 112 94 185 8
14 25 169 100 204 216 146 140 172 250 151 52 93 7 94 163 38 210 25 294 182 284 198
911 65 81 236 252 911 209 981 537 459 798 907 708 798 365 365 798 907 708 240 241 459 6 459 492 907 1 146 111 133 105 88 113 247 47 143 265 19 270 208 257 28 281 295 64 55 90
9 99 111 6 98 250 216 57 141 204 59 275 114 292 92 33 140 245 217 133 118 189 4
427 107 241 142 23 17 264 114 79 241 277 239 87 104 19 95 38 136 20 86 127 64 197
850 968 37 190 171 62 118 217 219 209 1 252 299 189 98 216 123 183 51 168 71 106 144
16 136 230 224 47 269 243 257 7 123 69 63 4 76 115 42 153 196 0 14 95 252
884 105 144 26 125 129 273 268 20 187 158 35 278 95 63 55 182 266 253 207 179 87 157
109 170 82 197 275 108 259 257 173 155 238 294 26 198 74 129 245 293 14 264 255 281
850 50 148 38 119 107 134 51 95 181 235 178 44 261 118 225 180 132 131 237 123 199 271
185 214 224 251 86 171 123 124 77 117 186 96 201 287 288 132 70 234 108 6 45 78 223 41
802 167 217 289 459 77 537 798 798 541 798 824 708 241 339 256 240 224 753 6 113 492 459 219
28 49 146 249 116 570 371 762 929 570 195 929 371 762 879 570 229 180 243 782 204 705 22 222
802 968 49 546 421 421 624 834 59 948 59 402 421 624 409 144 231 249 486 117 868 78 176 124 61 271 264 58 251 243 281 155 259 145 215 38 284 235 209 93 39 218 257
276 189 168 57 236 128 31 122 221 178 209 115 231 43 56 214 135 253 45 202 265
47 85 669 74 136 179 200 217 829 318 936 829 949 243 853 374 153 949 169 229 374 35 0 299 234 214 505 949
273 546 787 740 948 546 787 409 948 59 546 624 546 136 417 92 486 78 967 249 153 15 226 77 7 166 56 85 175 158 55 103 200 187 238 114 34 44 152 36 122
366 802 272 281 177 97 187 51 196 100 118 236 42 169 141 35 129 105 296 52 15 94 154
108 182 230 243 205 6 277 167 44 50 230 151 93 183 224 133 94 156 159 213 76 68 193
16 76 296 199 112 244 119 83 257 9 51 299 53 164 36 292 67 275 216 215 116 140 156
146 184 185 288 792 13 194 148 592 4 148 198 89 89 769 269 4 148 427 411 250 28 72 168 138 549 6
911 161 209 4 427 4 767 427 98 107 960 960 24 290 6 288 146 168 138 150 241 62 731
884 66 106 195 879 879 284 570 762 195 44 879 850 116 244 80 705 180 254 229 848 78 22 112 52 114 158 149 137 182 199 38 285 83 212 111 218 100 121 233 266 63 242
911 85 104 221 787 624 421 740 948 787 546 78 153 117 250 249 269 262 92 417 231 296 463 136 37 191 57 208 263 138 39 95 115 206 125 58 211 139 47 297 98 276 196 266
792 911 11 220 192 196 129 137 196 168 2 111 191 243 77 9 47 834 37 269 658 745 155 526 198 183 27 283 138 197 264 243 269 187 8 248 216 24 139 11 23 166 235 34 77
22 83 150 92 205 145 241 143 250 255 264 242 207 57 36 20 69 230 203 9 5 223 124
337 65 295 234 203 103 137 118 93 201 238 268 275 78 178 71 235 219 231 291 142 18 42
366 884 168 280 47 216 249 278 972 802 286 802 547 802 286 80 848 181 180 254 23 705 942 868 705 211 60 22 14 297 266 44 4 107 19 38 251 76 7 276 138 198 189 120 82 210 248 10
366 5 114 160 84 541 708 77 981 981 459 365 537 459 824 537 925 248 792 931 558 110 50 19 264 264 222 191 59 24 50 268 290 285 44 288 3 86 72 74 156 286 32 15 186
208 299 337 4 36 38 45 48 63 135 186 190 216 253 48 109 376 286 115 48 285 48 92 164 137 131 224 269 834 715 400 206 767 198
287 740 59 421 546 624 834 834 948 409 546 261 136 125 237 365 78 92 269 486 68 42 40 152 165 197 86 265 66 194 233 192 157 237 248 290 198 82 164 116 252
3 154 249 255 104 28 252 32 293 106 299 232 289 175 66 48 284 132 274 230 177 248 18 255
37 86 163 295 200 243 318 318 318 153 243 829 318 720 374 936 949 279 190 105 214 35 572 141 598
792 44 116 131 134 215 288 26 26 221 46 61 189 123 61 112 187 48 263 1 67 93 422 275 281 376 505
549 229 283 61 26 274 61 189 277 26 177 274 61 189 93 187 48 1 263 30 376 275 74
669 37 185 65 241 205 109 205 74 241 142 275 21 56 976 139 1 899 580 10 721 579 162
140 154 221 226 275 54 118 255 270 208 118 255 155 400 269 273 43 206 68 198 47 37 9 745 103 244 38 239 269 226 201 231 182 16 139 140 87 246 230 32 97 146 296 175 15
166 238 268 293 122 278 201 142 253 105 253 47 5 201 66 942 180 574 238 705 204 848 23 254 78 22
558 190 919 814 933 933 940 814 919 415 137 722 955 933 184 51 415 70 73 218 852 177 87 108 58 241 19 297 237 120 275 63 175 115 96 94 41 40 254 27 148 270
9 40 40 69 136 92 32 39 20 27 203 240 75 155 6 59 173 4 162 269 182 202
73 108 221 276 206 229 42 199 164 142 65 197 128 134 169 84 126 150 212 112 30 17 256 186
889 10 41 92 164 199 11 15 87 234 267 144 175 144 537 818 37 980 131 537 712 598 174 145 153 24 213 258 33 52 235 64 264 53 120 242 206 215 57 199 105 180 210 117 90 52 196 296 146 298 48
101 92 275 756 259 756 459 444 459 686 4 472 971 828 87 89 148 618 220 120 551 708 792 159 215 136 156 268 138 234 255 100 194 94 222 167 193 87 67 27 249 265 247
802 12 39 176 236 246 16 296 79 46 7 13 167 29 275 137 156 88 271 10 283 122 144 222 228 5
549 968 34 95 155 288 219 250 75 72 257 94 246 528 257 848 868 22 80 574 426 211 180 60 705 23 204 238
230 297 270 2 22 7 68 50 60 11 2 223 223 43 224 103 526 400 37 155 715 198 163 292 93 81 215 177 104 35 153 286 28 213 43 106 258 218 144 10 23 208
337 366 48 278 54 172 248 194 287 176 18 240 105 275 139 55 141 197 277 86 182 40
337 802 241 208 18 33 251 297 141 37 56 110 195 98 225 163 48 170 44 158 45 146 62
366 43 89 110 264 98 41 89 239 236 71 92 204 197 134 153 37 220 46 4 139 256 51 17 36
0 44 49 99 139 174 246 270 0 102 119 245 915 339 704 915 152 964 915 825 915 964 73 145 180 119 135 54 355 672 857 130
391 22 216 225 242 814 90 814 955 7 137 90 933 722 955 415 7 168 186 218 803 582 659 216 234
39 103 216 224 34 182 151 34 138 34 183 138 138 204 149 36 208 87 39 217 272 28 234 919
7 81 18 5 18 17 17 22 5 129 18 18 48 218 263 275 847 65 376 281 1 253 105 192 185 144 134 90 115 178 176 102 63 182 83 133 285 34 239 68 237 123
366 889 1 18 133 157 133 259 229 48 117 67 77 250 37 236 197 51 272 203 163 142 165 89 94 218
337 158 236 272 289 212 142 160 164 93 143 46 295 217 73 202 242 176 61 5 159 105 84 288
86 113 150 261 279 35 139 172 402 787 740 546 624 948 421 740 546 787 269 417 237 153 73 365 78 261 125 117 270 243 80 117 231 248 215 297 267 111 239 210 64 207 261 66 283 274 281 280
669 11 143 268 24 247 120 16 90 22 229 267 41 211 189 130 288 277 188 132 202 186 141 137
47 152 220 101 227 234 131 120 80 221 60 218 9 198 288 94 263 122 79 261 147 155 290
68 179 218 2 11 86 188 257 286 981 77 981 537 459 981 907 459 404 397 110 776 373 287 400 656 931 50 598 177
55 210 948 787 409 624 59 740 402 787 546 409 546 365 125 136 78 231 716 249 237 296
297 298 740 787 409 409 834 834 624 787 834 834 92 237 73 417 83 261 136 249 153 125 74 185 116 241 27 129 137 282 95 55 101 199 8 293 162 245 159 202 188 260
911 33 72 179 206 802 38 47 49 78 137 216 825 662 372 662 152 372 964 339 825 915 825 135 768 457 731 257 120 130 113 135 63 157 90 162 226 258 14 57 299 249 129 27 83 290 143 160 230 7 279 243
337 62 96 252 198 162 222 292 289 209 135 177 125 273 267 7 158 57 5 280 293 92 104
337 549 79 428 36 139 165 188 50 291 291 874 892 599 874 26 184 327 127 494 7 15 255 80 537 327 289 229
884 111 167 834 409 546 546 402 787 402 740 249 117 967 83 136 526 874 125 78 73 68 237 286 111 245 103 138 246 80 212 156 133 121 9 231 24 72 178 279 4 64 120
47 288 152 210 4 279 35 140 20 141 40 48 75 11 16 221 100 148 76 198 21 25
84 139 187 214 222 537 907 798 798 77 541 459 708 981 708 792 373 931 749 50 598 198 397 404 925
37 56 68 193 281 950 119 855 950 254 904 129 855 855 904 526 177 224 273 400 447 206 269 198 767
376 558 889 77 92 165 194 216 919 940 955 722 7 933 933 7 955 253 415 70 216 198 852 803 51 659 177 186 67 240 24 97 8 223 199 168 162 32 175 256 181 39 118 89 21 4 287 104
162 215 297 117 760 577 760 554 348 690 135 760 348 577 690 257 253 173 81 226 228 251 700 433
34 91 158 282 787 546 948 421 546 834 834 834 546 740 417 526 83 117 231 874 716 237 153 249
1 134 262 33 267 241 241 199 199 51 245 267 290 62 146 13 731 255 28 150 275 301 250 207 276 152 217 181 253 172 239 157 124 277 141 92 37 229 242 31 15 108 243
911 51 58 128 202 267 337 36 208 933 919 7 7 415 814 415 722 137 51 198 177 652 253 803 70 8 858 852 264 84 223 298 182 67 78 157 175 72 190 283 36 271 113 198 1 42 247 259 266
337 127 277 391 105 215 129 40 56 277 33 277 93 277 278 288 290 150 301 255 168 13 250 411 225 731 1 172 198 293 19 42 214 112 252 16 152 167 227 255 94 20 178 276 14 180
376 281 428 288 452 439 156 359 173 156 848 164 23 267 137 229 422 1 187 723 67 376 74 253
46 90 109 111 124 278 278 175 131 278 175 144 131 980 509 24 235 199 145 237 153 52 82 122 33 62 293 114 107 40 290 250 269 96 108 43 267 235 168 80 68 38 127 278 164
669 201 230 294 47 96 662 372 708 964 825 152 708 964 662 339 152 465 731 602 130 672 119 257 113 457
851 775 277 57 543 170 220 170 220 101 207 255 275 62 24 250 411 549 288 881 72 253 189 60 111 167 256 104 169 210 45 155 148 107 31 285 283 50 20 190 194
64 91 250 21 194 227 735 5 5 227 599 742 24 828 683 275 376 723 281 93 422 65 505 511 263 141 252 98 61 162 134 189 155 110 197 195 213 122 45 147 255 66 148 78 203
30 73 191 18 25 150 239 27 92 265 43 3 38 97 139 276 237 194 15 65 96 9 167
194 118 175 258 90 261 212 271 198 5 226 110 184 115 68 27 200 35 294 46 240
32 38 231 234 5 3 80 66 113 8 174 95 283 87 184 6 85 285 31 15 229 213 228 44
391 22 93 169 205 286 157 172 31 234 55 152 5 6 229 120 184 91 211 203 15 24 132 117 94 83
337 43 140 161 376 889 253 591 28 602 602 71 197 656 864 630 9 301 549 881 250 255 72 288 225 168 28
428 803 110 537 818 980 537 712 712 241 818 241 712 144 52 122 270 834 670 199 82 237 33
401 469 669 53 92 250 251 253 131 278 131 131 278 537 175 175 670 145 122 33 213 598 255 235 52 199 24 237
64 205 9 30 341 9 508 508 341 630 341 411 288 72 255 301 168 275 150 13 13 451
25 169 94 31 49 138 138 31 212 289 972 669 965 51 390 871 262 265 478 54 22
427 56 139 190 217 365 824 459 708 537 365 981 397 656 753 400 598 925 749 553 776 177 287 50 931
469 6 224 56 267 6 2 202 267 5 171 965 390 186 478 22 51 559 972 289 236 119 277 291 39 34 157 83 248 77 192 187 56 293 41 115 2 47 87 281 186
366 110 284 298 55 150 44 132 156 242 191 68 231 21 296 81 70 119 14 62 280 91 298 287
428 63 114 34 153 277 47 61 224 161 104 37 87 39 298 155 202 228 257 32 18 174 30
803 26 46 62 104 107 213 274 294 217 176 167 229 236 292 216 120 183 126 153 13 257 152 62 252 189 105 157 34
590 51 138 148 156 200 233 427 38 78 171 174 407 291 228 876 622 228 622 876 26 731 451 225 275 549 290 288 150 72 411 13 217 123 127 26 5 183 2 215 64 94 34 296 298 274 265 9 184 24 264 68
14 33 43 122 127 11 247 291 295 199 458 773 97 318 228 713 97 97 622 411 731 13 62 451 290 72 28 150 250
469 148 794 228 794 432 656 262 680 225 199 250 225 13 290 150 62 255 881 301 13 451
376 740 421 402 624 59 948 402 624 59 546 948 269 716 73 117 136 261 231 417 78
70 112 116 242 258 273 9 276 249 136 65 9 991 136 974 977 974 249 275 218 93 263 253 555 67 505
469 177 180 93 565 880 259 214 565 445 61 87 219 224 809 272 673 344 234 208 661 521 89 34 274 6 46 67 210 268 93 202 2 242 62 168 138 155 220 105 216 79 269
51 135 279 7 27 264 144 904 144 264 563 964 593 964 680 225 255 250 411 288 689 301 62 28 881
123 244 743 329 329 693 760 956 816 743 329 262 478 149 871 186 236 51 22 965 833 2 198 160 272 1 235 233 79 16 246 118 111 59 239 252 259 152 230 73 4 62
376 38 81 249 147 249 147 236 417 236 583 202 249 249 422 555 93 511 253 376 275 263 67 161 152 224 153 61 169 206 76 49 11 185 252 160 275 151 122 265 141 271 241
366 21 73 100 191 148 20 119 3 152 54 266 143 15 78 113 91 135 200 106 141 238 18 96 122
549 75 141 889 2 19 818 711 661 958 574 244 516 138 711 818 255 28 451 411 731 275 786 328 72 62
59 288 129 865 865 656 656 89 638 865 867 217 656 865 163 261 618 197 123 268 986 748 199 46 64 2 290 54 91 219 106 236 57 34 183 267 169 216 220 251 188 208
3 141 172 184 293 147 242 241 13 160 113 243 230 6 135 291 103 127 96 255 22 86 218 258 45 42 182 162 30 183 295 236 199 84 35 293 75 165 201 261 196 276 258 86 288
549 125 53 86 120 248 624 59 402 402 834 740 409 787 834 787 546 269 92 249 874 78 136 237 73 828 238 247 33 156 90 88 182 6 69 26 31 215 65 74 230 94 79 113 274 285
26 77 113 229 295 293 15 154 145 17 122 180 116 153 181 33 191 295 59 258 249 46 16 31 13
889 72 165 34 297 12 177 35 212 194 175 50 268 41 42 89 0 130 58 80 238 33 293
83 88 252 21 100 145 215 256 286 293 830 888 540 909 340 556 777 360 911 155 9 400 37 43 772 206 745 447 269 590
43 389 934 489 663 489 389 489 192 255 786 451 62 225 28 275 731 460 72 290 150 15 133 26 78 271 183 139 291 50 99 295 179 173 136 242 222 132 25 266 263
21 211 259 145 152 245 281 152 339 825 704 465 339 152 892 257 417 457 120 529 135 672 731 113 355 61 602 215 62 197 75 266 86 264 200 272 85 8 17 108 256 19 106 102 228 201 178
181 263 10 298 91 64 186 213 33 107 248 157 140 297 139 125 238 37 197 183 208
258 159 11 116 71 7 104 261 178 127 179 282 187 133 227 61 100 22 138 3 44
427 263 78 187 221 183 170 119 10 151 176 140 58 133 192 211 241 268 251 13 127 205
180 248 69 94 124 28 295 28 682 138 531 682 138 181 972 236 478 303 186 54 2 833 191 22 965
0 295 98 16 514 118 514 691 27 381 288 166 767 759 9 745 590 43 206 155 772 834 105 189 61 233 275 24 6 292 123 121 288 17 124 264 234 103 141 250 74 42
549 778 33 164 177 182 231 23 190 209 125 227 186 60 132 138 111 30 244 57 149 169 82 28 4 90 93 256 258 79 247 109 5 72 47 252 267 291 60 86 16 215 106 281 34 69 55
79 159 252 261 27 281 78 140 246 131 121 97 223 270 70 254 211 275 269 289 191 252 42 46
12 68 80 55 160 203 211 219 470 873 695 999 695 76 873 695 261 821 164 873 598 404 656 380 925 792 931 373 159 282 136 168 275 58 93 235 124 138 248 44 205 19 190 114 139 69 185 43
802 110 182 549 106 116 163 203 537 241 980 712 37 278 712 145 122 258 801 385 33 255 153 670 199 235 509 834
156 277 164 488 790 27 579 859 864 652 652 579 864 656 792 404 598 248 465 749 397 931 45 141 178 249 256 210 147 266 200 206 22 29 246 284 243 75 288 294 207 148
556 56 145 271 29 263 171 43 9 71 60 157 164 258 53 243 152 191 274 198 121 183 212
184 271 851 889 49 177 208 274 275 291 492 492 189 206 222 135 434 829 354 106 794 449 318 12 165 202 284 150 303 196
235 106 833 8 398 888 888 888 306 482 250 411 451 786 731 28 301 62 881 275 255
803 135 217 915 964 704 372 825 964 339 915 662 825 708 964 145 61 113 180 672 457 417 941
157 183 256 268 690 554 693 257 690 693 554 348 348 760 760 385 983 181 618 253 228 172 81 278 131 37 221 83 5 76 236 183 71 92 46 192 146 217 111 73 122 238 258 14
917 192 56 102 268 74 33 31 294 79 12 85 69 216 293 198 172 265 71 286 206 208
183 256 35 15 189 4 268 272 9 191 274 126 276 255 54 209 202 234 210 224 205 43
808 29 175 222 291 67 27 92 221 194 284 123 275 75 299 97 158 31 193 229 165 61 197 232 277
376 720 35 745 26 660 784 479 499 660 660 168 152 479 28 234 219 531 344 673 661 36 224 272 784
63 177 203 476 476 244 393 84 195 153 997 195 586 878 602 254 60 897 571 204 426 848 23
47 60 103 169 265 269 927 913 226 149 87 149 226 502 889 502 512 226 755 389 767 103 68 9 759 155
778 69 149 159 194 969 682 504 504 59 2 59 601 59 444 490 67 18 303 283 211 150 794 111 27
118 293 372 964 339 708 915 465 704 964 825 768 672 120 529 892 355 731 180 857 61 457
469 44 184 168 447 231 196 110 117 110 447 447 870 357 870 808 198 70 652 253 906 244 852 2 127 201 78 293 6 82 242 23 202 51 24 1 130 106 100 135 145 188 199
236 295 3 293 187 65 43 217 204 263 106 225 7 82 219 96 34 255 131 25 241
917 2 102 223 287 225 21 4 6 137 185 89 198 129 214 95 286 143 295 220 36 85 16
745 122 401 428 167 504 658 504 346 346 504 504 104 432 283 526 318 67 961 303 898 217 111 202 928 40 70 170 20 223 1 225 28 99 115 127 45 293 148 156 282 86 163 187 171
549 6 45 215 261 366 549 4 166 174 179 233 271 539 720 78 539 539 539 581 761 910 78 825 825 465 400 177 198 931 553 753 776
956 673 559 995 167 995 210 41 995 673 210 995 878 239 757 241 389 858 292 87 574 163 87 14 45 28 205 55 246 108 229 152 224 74 228 11 258 296 203 82 221
337 802 64 194 233 242 366 33 51 160 189 280 63 221 221 239 239 241 949 705 9 959 148 275 93 723 847 505 826 511 393 263 19 7 183 47 177 65 68 268 232 64 173 205 113 45 298 146 185 101 92 294
452 543 917 59 83 99 138 147 174 241 275 366 443 282 223 774 774 239 239 148 705 9 239 239 705 93 847 393 826 263 544 723 422 827
871 917 14 55 226 232 310 415 775 415 775 408 775 775 678 858 216 808 244 372 659 852 652 526 168 198 70
