35 54 198 316 483 631 967 39 83 255 873 530 398 187 407 677 882 699 151 968 54 922 814 897 143 466 270 905 934 42 338 222 460 431 756 62 224 468 422 268 987 857 804 123 846 989 133 323 624 192
161 222 231 809 950 946 188 911 188 908 663 911 946 230 809 663 650 786 183 457 132 146 62
631 35 37 142 50 65 254 263 203 258 100 198 153 6 139 57 87 272 185 76 168 149 227 161
85 107 104 226 260 119 333 44 365 413 119 585 757 260 894 899 526 571 16 413 582 709 91 560 353 575 575 543 848 353 445 886 353 886 133 235 77 527 230 345 152 606 153 196
225 287 63 78 789 234 58 339 573 337 13 234 58 13 58 746 182 355 161 69 197 134 672 129
454 741 417 176 380 717 237 380 417 211 963 94 33 560 971 257 694 500 417 51 73 133
38 73 198 199 417 176 380 717 237 380 417 211 963 94 33 560 971 257 694 500 417 51 73 133
121 802 894 802 894 894 894 917 984 894 856 894 60 80 176 39 159 284 948 805 441 445 848 248 848 345 814 341 248 543 848 43 282 116 606 196 399 36 45 153 189
774 4 83 130 165 192 262 215 277 290 32 166 66 98 234 168 58 223 128 284 62 36 85 16 285 10 258
115 237 257 211 51 59 197 120 175 93 195 140 256 283 255 19 76 113 248 69 36
37 68 86 176 196 233 899 830 431 111 728 282 174 192 201 121 210 835 20 287 445 214 750 294 158 279 341 543 575 814 445 341 353 575 341 848 345 248 196 235 266 45 262 606 36 101
212 227 483 961 275 289 295 268 268 273 215 295 22 215 253 601 177 802 51 73 273 694 257 86 500 963 90 90 305 187 169 14 305 169 442 90 187 774 588 342 115 330 780 82 155 157
858 970 8 198 201 250 261 33 186 23 293 4 53 38 55 98 220 240 216 32 156 52 70 295 119 165 95
40 84 98 209 848 248 248 445 353 248 345 345 445 705 266 399 187 890 30 103 606 141 445 235
483 23 272 37 51 62 102 934 466 398 54 934 398 54 143 187 105 173 530 214 130 44 553 184 237 280 186
474 108 202 243 947 111 49 830 899 111 174 728 282 830 523 100 9 201 20 139 158 212 45 216 136 47 286 192 198 62 149 147 296 221 170 179 258 182 45 285 165 161 223 266
110 127 141 149 203 226 252 28 76 95 122 371 148 30 148 4 33 422 284 284 184 273 119 94 284 33 57 612 948 86 772 151 211 138 42 64 262 1 75 81 234 149 272 237 126 89 271 286 191 265 293
95 59 202 183 286 205 167 66 191 101 279 94 6 47 293 272 58 150 24 297 112
495 858 21 31 76 95 155 266 741 5 68 194 253 299 110 224 173 173 192 224 19 827 54 79 263 114 293 193 171 201 237 172 239 140 5 54 264 12 166 116 31 25 66 2 172 97 103 276 283 286 154 72
470 67 79 103 234 282 192 86 213 65 178 139 75 108 63 183 26 101 228 180 271 69 224 70 241 174
925 2 214 234 257 10 153 69 162 291 129 15 40 36 225 250 261 168 21 197 284 94 271 170 283
140 248 289 291 84 163 814 143 54 54 897 187 398 934 897 905 466 185 848 848 186 215 184 130 116 59 123 281 246 197 250 129 237 270 94 278 219 50 20 177 164 163 9 66 224 292
15 39 78 205 213 262 287 174 36 149 150 123 91 210 274 228 214 213 71 141 46 267 115 145 83 127 122
10 32 113 112 225 54 905 187 187 143 466 398 187 466 42 184 848 32 176 237 104 44 105 553 185
474 91 114 167 224 229 349 164 114 3 188 188 44 63 3 890 44 45 682 162 255 33 86 838 89 445 814 886 886 575 341 345 543 814 445 103 802 134 705 445 266 36 605 969 187
470 126 181 215 10 191 89 4 272 93 206 248 294 160 180 65 260 200 142 66 167 242 268 203
153 269 12 264 191 197 52 79 26 281 232 100 247 298 208 48 31 192 183 151 97 155
90 95 137 91 64 270 72 279 173 63 89 10 49 104 51 239 116 13 180 121 216 264 247 175 37 59 11 188 254 270 292 56 40 265 122 212 138 199 193 267 283
495 631 114 258 20 126 193 259 294 15 272 115 115 208 115 272 12 272 545 235 284 176 745 805 724 139 933 98 441 10 51 195 171 160 28 296 18 47 172 116 32 132 246 66 242 62 55 281 228
180 187 14 771 774 90 526 169 774 209 49 565 175 925 149 860 221 450 299 155 323
200 212 259 266 26 78 81 150 234 60 221 279 228 221 221 293 254 98 293 98 243 835 229 176 523 287 210 113 214 201 171 110 285 228 199 204 125 70 144 37 184 53 273 278 91 235 90 275 259
741 76 51 71 65 179 107 8 265 255 299 257 35 157 260 54 78 110 164 79 244 182
234 79 111 72 73 12 131 175 11 150 31 276 82 197 76 100 116 241 189 29 26
80 222 244 222 189 191 149 241 129 293 12 218 173 11 35 170 137 260 140 253 228 147 3
156 269 87 103 137 170 292 116 978 194 893 242 30 213 223 213 161 994 60 930 323 254 955 821 516 950 216 148 254 297 295 198 3 50 296 288 204 64 287 111 215 277 13 264 256 4 162
48 43 127 237 272 939 433 166 271 484 41 240 946 190 271 166 633 948 119 699 594 185 76 220 284 126 292 128 26 291 273 239 248 220 168 151 261 29 4 210 293 153 0 112 294
22 76 81 199 240 297 160 164 54 24 157 213 34 131 226 206 279 70 112 289 124 106 73 209
102 126 280 86 253 14 87 249 44 164 7 146 35 22 178 105 222 285 109 197 104 2
9 42 113 158 256 119 185 11 155 48 287 227 134 217 41 255 85 190 239 174 112
48 192 221 288 741 49 170 938 504 286 938 677 677 193 193 988 806 768 399 267 340 287 263 734 794 244 806
454 159 168 925 127 925 25 218 127 925 173 25 925 130 60 161 216 282 994 930 621 516 578
54 139 58 113 190 144 100 139 275 54 190 193 177 248 293 263 237 74 87 79 270
117 144 244 285 253 77 219 100 113 113 77 24 219 77 413 87 190 74 177 54 270 275 248 560
741 144 240 251 260 297 82 29 216 155 216 192 82 196 218 89 785 48 159 162 57 56 86 228 182 682 201 66 253 202 147 59 174 135 121 235 58 149 110 294 213 8 10 265 82 251
454 39 97 160 187 256 961 236 64 202 82 11 236 236 79 198 236 282 139 15 93 15 351 134 70 620 292 289 170 20 71 4 55 17 160 111 177 34 259 247 27 113 285 41 99 57 274
0 94 111 128 232 454 65 188 215 225 244 279 84 291 153 264 113 264 138 84 88 806 89 86 203 255 182 48 45 232 838 115
117 174 204 226 226 62 62 37 214 37 59 228 214 417 772 143 633 76 166 612 699 119 284 220
15 19 66 121 163 226 228 74 74 67 211 83 74 0 211 74 245 279 270 201 275 263 54 560 114 293 87
922 52 70 215 230 120 72 38 111 264 115 72 286 111 938 115 768 345 161 55 955 516 562 287 216 152 151 24 277 34 156 206 293 243 166 17 196 202 233 172 235 46 55 255 29
171 961 2 228 135 228 92 92 221 85 85 171 594 138 948 273 633 417 772 710 220 166 185
12 124 165 222 298 97 25 244 145 173 173 145 92 28 244 132 210 113 229 216 20 144 474 20 287 231 35 112 135 32 168 2 266 167 14 72 163 22 255 274 170 295 263 296 78
474 65 154 169 207 226 249 2 243 247 51 232 197 192 280 38 258 25 108 171 127 63 5 96 23 234 158
78 85 197 203 216 253 277 631 162 167 135 259 86 227 221 85 227 2 265 86 7 221 417 185 119 76 284 143 220 138 96 48 25 44 29 217 229 207 146 125 168 137 104 39 66 199 223 218 190 113
925 170 256 267 260 200 46 14 255 109 195 219 205 108 8 112 12 299 114 266 178 78 248 254
631 51 55 232 290 78 82 138 183 223 289 143 143 905 897 42 398 187 897 934 934 934 187 104 351 176 215 553 280 32 533 248 345 543 886 848 345 575 886 814 543 405 235 399 668 536 536 445 414 606 103
1 144 154 195 20 202 247 297 30 32 118 385 562 385 686 40 54 275 163 248 270 263 193 560 293 114 237 201
16 227 270 34 168 212 295 233 168 47 975 212 34 185 594 138 633 76 273 143 699 220 284 258 271 9 36 88 77 45 20 132 193 260 250 30 204 152 71 58 293 97 292
133 156 191 116 271 277 42 39 229 50 36 6 180 87 291 107 16 11 60 95 189
28 157 233 58 281 69 212 208 267 81 112 74 87 126 118 283 27 106 98 288 4 52
10 147 197 278 249 53 247 38 241 96 177 206 196 280 275 178 60 252 192 146 4 202 250
296 886 445 848 345 575 353 575 575 886 814 405 141 606 36 134 196 399 445 536 536
154 236 189 268 278 23 277 224 101 4 162 53 103 207 294 157 197 144 71 38 222 9
154 161 193 48 104 129 189 82 82 123 123 67 278 30 53 144 839 623 638 139 2 458 95 104 94 114 70 144 6 81 259 49 272 165 35 2 203 173 275 222 213 252 62 282 77 295 233
725 38 80 89 104 242 200 372 87 372 102 184 200 42 676 54 163 263 248 275 413 201 114 193 74 87
59 83 200 204 268 296 141 251 121 56 87 676 251 372 275 54 122 263 293 237 74 193 114 560 177 413 228 280 41 278 289 166 266 84 188 223 216 201 220 208 142 134 53 103 157 54
454 7 14 29 164 182 201 162 166 272 254 193 155 46 98 18 80 296 96 263 99 4 215 124 67 42 165
874 25 221 285 29 138 147 147 109 37 109 226 226 64 64 37 190 190 785 57 255 148 33 203 682 115
105 224 260 260 205 94 158 68 116 158 139 15 351 533 282 15 153 134 240 70 256 620 886 353 341 445 886 543 341 543 248 353 848 814 196 705 134 606 998 399 141 235
93 128 200 65 49 2 175 33 180 71 253 264 42 51 196 39 107 283 98 11 214 280
94 130 176 246 286 190 98 12 259 212 222 198 55 132 127 77 32 24 171 79 19 203 36 20 243
44 170 237 285 79 252 38 164 38 164 162 164 70 164 237 70 806 785 838 182 86 45 48 115 33 148
120 153 252 814 54 54 897 42 814 187 814 848 184 345 44 32 237 215 64 533 176 351 553 29 126 133 153 162 73 157 294 57 122 151 277 25 132 59 71 101 155 80 92
925 39 64 256 741 25 171 48 112 92 152 129 92 92 112 87 413 270 177 79 560 275 293 190 201 233 237
925 3 35 36 151 192 352 352 910 279 211 106 910 69 254 216 516 688 345 287 572 930 161 246 60 271 293 138 49 298 297 46 96 289 97 199 203 16 213 35 256 181 246 5 276
152 213 262 13 71 157 220 259 274 985 32 985 170 232 104 169 197 176 33 785 159 56 33 182 48 57 203 148 89
961 50 137 163 352 279 935 101 179 40 326 101 345 246 283 955 60 930 572 930 287 161 216 516 176 155 24 118 20 23 63 282 279 229 74 75 125 183 257 16 153 117 235 28
961 117 166 175 89 297 143 179 115 215 736 215 212 132 114 163 248 560 263 237 233 201 74 270 79 271 190 89 87 256 22 240 179 142 61 74 54 102 5 117 281 24 82 170 241
661 43 197 252 388 189 240 242 242 242 405 14 689 341 12 951 578 516 930 393 287 55 502 254 161 930 283
52 179 905 187 54 934 934 54 466 905 143 398 280 848 848 345 215 44 176 185 104 553 140 4 36 157 152 257 297 231 298 264 296 269 139 80 192 234 10 63 67 111
231 85 268 905 814 905 897 54 143 934 398 533 351 345 186 44 215 848 184 185 176 553 104
24 77 242 261 106 216 280 215 106 280 122 38 38 63 122 54 201 560 87 114 177 275 237 263
874 211 388 283 137 58 10 38 38 10 583 119 141 58 806 203 182 255 48 115 159 228 148
196 287 930 75 271 679 432 463 679 67 955 140 8 176 278 171 183 284 557 441 108 98
474 65 96 102 148 216 225 279 285 905 42 905 905 398 466 466 905 905 814 184 848 533 553 64 345 215 32 351 280 289 136 276 53 119 94 231 109 287 38 249 246 296 100 8 227 32 297 253 271
454 90 130 284 977 687 841 977 937 197 185 185 197 687 581 955 925 820 258 688 407 218 621 15
5 180 247 297 48 439 394 423 973 463 870 775 870 775 834 805 284 39 176 955 423 571 557 108 745 235
278 524 73 154 410 154 410 410 930 544 625 432 839 2 70 104 638 114 95 181 53 118 2 33 6 96 257 222 214 0 11 190 82 136 101 35 274 295 285 196 108
144 182 243 269 295 62 104 124 212 283 299 73 22 113 270 125 225 270 73 189 226 79 190 560 233 54 293 114 74 163 193 575 575 886 575 543 445 886 575 405 802 414 445 266 235 536 103 141 890 606 196
124 181 218 216 38 38 189 289 51 123 188 149 1 293 9 229 17 147 267 141 232 251
30 87 119 161 186 69 129 290 20 150 36 20 272 153 114 252 153 36 594 699 284 76 185 49 59 220 119 166 207 189 262 96 176 43 199 240 284 91 274 266 49 129 89 101 38 53 1 158
961 27 241 287 297 31 123 16 19 36 84 276 158 92 176 23 90 177 266 86 207 249 201 70 257
448 66 156 191 200 287 294 399 423 957 957 453 446 453 285 322 246 446 813 890 981 359 499 564 321 247 214 187 209 442 526 90 14 442 209 169 305 49 115 925 175 307 565 588 450 299 155
2 30 76 85 112 577 925 133 211 282 295 151 272 240 286 274 21 274 334 59 284 76 948 612 119 699 710 138 417 225 166 242 200 235 279 290 117 135 62 155 130 205 265 243 281 53 141 114 108 146 139
11 106 198 215 274 774 71 95 169 232 238 239 38 38 228 235 194 239 133 767 767 194 193 293 233 201 163 275 248 79 87
448 774 146 441 384 219 689 441 441 643 562 955 108 98 557 745 571 423 8 724 183 171 805 240 255 196 143 295 250 108 216 0 208 175 217 152 172 155 40 19 35 120 167
631 64 199 207 224 266 118 256 80 8 66 40 128 59 63 156 160 194 257 214 237 179 85 75 51 299
741 234 294 216 105 181 216 113 160 278 113 181 160 9 293 251 178 186 232 289 261 147 49
454 123 131 157 180 219 126 56 113 115 5 172 106 124 232 265 136 257 52 76 169 185 249 237 114 250
187 526 187 14 526 169 442 774 209 209 588 925 860 82 149 299 115 925 49 634 873
547 157 961 19 23 64 97 108 220 245 399 813 399 423 453 246 246 913 915 112 890 666 160 868 213 359 321 214 981 192
546 13 67 148 215 249 104 68 104 185 202 23 284 23 275 682 115 86 56 159 203 45 232 148 182 228
110 116 148 162 231 202 275 218 218 284 68 275 23 785 255 148 806 162 228 33 232 86 56 89 182 266 118 274 145 89 292 119 152 212 71 208 69 68 146 209 133 215 287 273 46
31 77 82 121 801 93 121 212 224 821 70 363 838 363 999 70 363 838 821 126 126 278 805 423 183 98 571 171 8 286 26 152 122 197 20 243 241 35 282 160 143 29 168 50 67 154 11 173 264
741 59 269 33 173 146 135 169 293 48 177 196 280 18 248 230 199 98 237 47 165 206 116
454 51 60 65 193 253 194 203 237 704 552 110 552 426 552 886 552 225 552 74 237 114 263 293 122 177 201 79 275 196 117 172 151 253 75 232 82 205 17 251 139 188 97 220 170 157 32 147 258
88 91 182 256 417 4 13 69 283 408 480 408 110 408 480 480 281 266 154 408 413 79 270 177 237 560 54 233 122 41 963 116 616 356 261 258 261 261 258 311 280 46 119 588 44 244 757 7 12
448 852 921 71 142 59 276 180 94 236 169 110 275 96 130 207 116 231 217 97 49 41 73 122 285
454 145 284 137 222 30 133 205 229 182 267 70 55 169 244 36 266 147 21 65 297
454 68 137 57 86 146 206 71 125 207 38 119 112 175 232 159 838 228 45 806 577 203 148 33 48 785 57
266 313 652 313 968 678 610 955 652 459 749 854 9 201 216 287 139 45 968 359 20
129 184 423 87 997 473 888 479 87 199 241 116 859 65 54 35 202 99 468 819 701 570 157 81 53 233 294 209 163 146 146 93 261 210 232 141 9 1 21 251 149 293
4 101 117 128 186 250 733 637 441 608 800 675 511 938 145 263 413 237 177 193 233 74 201 114 79 560
202 60 140 108 253 108 253 140 646 15 108 403 60 577 232 159 785 89 228 838 148 110 206 299 241 234 204 190 268 29 290 128 239 21 41 11 281 82 168 10 292
169 185 272 40 295 119 938 799 218 938 875 716 102 675 973 875 938 79 201 237 177 163 637 263 233
109 261 931 104 373 104 373 104 373 444 444 153 139 93 240 282 70 6 426 292 351 346
21 153 214 246 253 218 29 875 938 29 58 938 289 675 253 275 193 87 54 114 177 74 163 248 637 57 84 112 271 125 91 195 259 86 173 159 117 164 166 234 208 210 139 28 8
194 215 177 226 503 446 524 605 446 524 646 928 355 446 176 745 955 423 605 140 557 599 171 441 543 848 353 345 814 345 345 543 886 445 886 341 928 705 196 890 235 266 606 141
115 252 162 280 456 64 377 380 456 91 277 380 958 91 237 397 6 282 346 299 426 153 351 134 88 1 167 51 93 243 86 249 73 294 178 48 111 25 110 31 274 83 261 209
23 122 225 288 155 830 126 603 126 603 830 570 593 593 450 516 688 944 572 60 216 283 287 161 282
13 91 181 194 205 276 42 54 466 905 398 814 934 187 42 143 848 32 176 44 185 184 714 64 116 344 353 836 364 578 578 836 392 15 565 830 353 15 88 289 122 528 282 353 736 806
46 71 220 228 176 177 466 398 814 187 934 54 897 143 466 42 466 814 344 553 848 714 848 176 184 530
211 905 143 897 814 814 897 814 897 934 814 185 104 848 344 530 237 553 714 116 848 706 726 410 178 626 908 303 79 410 46 544 942 197 841 757 355 311 12 218 625
160 163 221 258 454 299 958 912 983 624 708 907 708 624 396 396 605 140 423 428 441 176 284 39 601 841 120 937 197 841 197 977 829 81 15 820 128 123 247 621 218 529 258 144
164 226 937 829 977 937 829 829 937 829 120 81 15 128 258 208 688 407 925 92 529 218
26 28 90 234 244 158 149 276 292 16 154 211 202 148 95 143 104 57 126 15 23 120 22 235 162
7 210 169 526 774 187 187 14 442 90 209 169 175 49 634 149 692 82 860 157 925 299
448 126 272 119 214 244 60 87 261 29 281 1 212 0 26 19 161 110 220 169 284 10 239
21 189 62 78 187 959 423 54 473 595 997 87 473 99 570 69 202 248 467 859 550 701 331 46 199 248 814 575 848 341 848 814 543 445 445 345 814 196 266 445 103 928 536 235 705
741 7 74 183 235 741 144 252 59 705 252 796 75 59 609 16 70 75 796 502 287 282 254 60 161 345 283 364 836 565 565 830 578 762 240 528 73 122 204 88 806 887 835 355 33 214 289
551 226 293 23 89 115 146 282 291 18 18 122 220 538 533 212 841 900 533 163 79 637 114 560 413 74 193 293 237
741 925 217 263 285 427 669 709 709 669 921 477 930 596 787 693 581 787 89 33 203 255 596 403 682 577
631 880 95 214 249 388 374 859 787 859 14 596 787 596 581 42 14 596 806 115 255 48 682 403 532 86 442 305 305 209 14 169 774 90 774 90 14 115 82 155 396 634 934 299 49 253
39 199 209 298 170 269 91 48 199 235 188 160 179 239 81 187 297 178 229 12 107 246 211 214
741 65 176 197 258 260 817 565 325 521 153 581 817 610 39 284 571 139 108 441 140 955 278 605 176 557
13 88 153 201 289 388 246 750 322 423 750 813 813 750 285 453 564 499 981 112 791 214 213 868 890 192
243 191 886 190 190 255 151 161 630 467 550 701 248 202 46 199 116 468 182 331 241 59 122 166 104 28 278 41 147 43 20 146 196 239 96 30 73 38 110 212 47
32 156 65 265 243 926 265 782 168 168 265 147 168 782 201 229 187 132 572 555 100 835 968 765
121 550 977 390 331 390 370 977 683 440 194 440 370 875 544 95 867 444 334 114 432
564 6 23 163 254 25 278 268 412 150 412 32 96 110 278 15 6 346 78 256 620 93 351 139 134 210 257 75 31 292 8 46 193 236 92 132 185 235 21 199 70 172 188 22 223
631 661 47 126 236 279 689 451 689 410 0 482 827 929 235 399 668 414 134 103 873 36 536 916 802 606
953 67 125 144 129 250 185 173 84 288 257 289 234 90 217 35 24 206 248 230 134 299 13
454 160 564 13 26 57 275 113 113 113 666 346 346 13 4 196 485 428 278 139 235 423 108 955 571 557 39 877 893 324 199 818 169 469 103 705 916 802 405 399 196 141 873 692 445 36 890
