34 82 116 297 95 764 582 165 230 243 413 453 340 26 320 583 894 176 66 249 868 703 966 379
69 222 200 178 261 94 188 48 167 280 17 27 62 229 86 47 141 7 129 98 242
724 153 160 196 83 202 210 98 74 24 151 71 57 272 42 230 117 137 277 166 138 174 203 282
182 216 245 214 66 186 270 54 123 32 242 207 182 68 133 158 50 6 82 267 172 84 286
586 919 16 237 26 167 25 231 159 229 195 98 38 133 198 290 262 109 89 146 140 175 191
876 953 9 37 246 293 7 157 49 45 137 120 5 33 244 145 21 249 4 39 53 41 179
773 953 165 245 276 208 235 264 0 754 85 710 414 414 528 528 615 528 414 710 123 15 297 85 43 92 271 227 225 171 132 296 117 217 147 248 238 231 237 134 190 146 90 299 258 129 87 164
80 82 109 165 191 135 80 176 261 243 15 293 172 139 294 103 30 184 48 228 78 205 19 162 37
919 173 286 40 117 199 200 209 248 857 818 857 525 9 857 857 549 149 203 197 53 246 344 59 494 521 771 125 787 16 278 224 107 267 48 47 10 81 288 120 253 150 162 57 269 199 249 104 155
87 210 220 110 1 744 110 99 131 1 143 255 55 82 65 55 185 185 432 716 481 242 486
124 188 240 110 1 744 110 99 131 1 143 255 55 82 65 55 185 185 432 716 481 242 486
376 131 244 146 1 146 1 191 57 1 7 179 244 180 556 217 69 159 432 55 185 258 194 175 147 183 73 63 10 226 45 222 27 89 291 204 210 266 83 189 181
724 24 37 54 57 171 250 294 298 43 237 35 166 196 76 171 195 228 279 59 189 274 280 91 0 147 187 68
200 143 90 113 107 201 234 80 286 127 274 191 188 6 38 173 63 259 95 251 36
2 36 43 84 90 424 52 9 191 116 53 171 113 299 218 225 266 62 204 40 229 102 143 155 83 59
4 919 68 95 295 531 309 376 15 334 164 334 479 164 531 64 305 28 46 125 195 77 273 288 231
152 155 326 326 643 843 132 411 108 411 396 224 27 266 363 61 506 890 707 268 355 698 259 131 58 60 33 268 278 54 298 253 211 277 209 250 156 179 294 174 226 48
20 52 233 253 109 262 277 223 286 193 566 616 566 367 566 109 58 808 145 178 107 838 172 100
63 98 71 179 297 288 276 286 197 120 213 37 186 81 31 269 127 164 209 85 293
58 165 227 252 110 274 18 30 169 285 19 113 80 284 267 38 162 106 167 82 219 254 178
114 195 226 151 213 934 351 934 351 553 351 822 5 151 12 166 280 107 106 278 576 17 203 115 297 166 298 161 255 31 17 240 118 270 137 147 11 41 211 246 45 145 116 275 199
43 212 125 216 285 132 411 132 411 224 396 843 459 860 843 224 230 33 355 37 144 7 78 71 531 18 7 84 81 251 55 151 10 65 49 189 201 173 210 77 250 277 229 260 79
9 23 287 116 287 230 250 176 250 28 260 250 767 794 145 246 730 70 172 764 453 287 977
58 89 131 173 289 424 98 105 196 351 553 728 51 525 728 51 51 822 212 49 17 194 115 244 106 151 239 280 107
26 225 241 457 9 335 525 549 335 626 258 9 335 197 129 247 739 787 233 131 836 149 125
20 33 245 132 459 843 860 132 396 643 860 396 459 132 108 144 79 707 766 666 506 61 78
163 161 159 239 159 161 157 199 155 199 161 215 269 376 48 712 248 161 277 192 222
5 110 113 151 335 626 151 258 857 549 149 761 247 47 884 563 197 4 494 233 787 125 125 221 152 109 215 148 36 49 200 9 239 46 108 198 42 73 122 85 58 189 233
1 4 60 193 207 222 188 214 236 103 168 108 232 43 215 289 155 196 138 260 146 190 222 160 203 281
65 168 103 232 236 284 376 814 432 15 309 15 15 814 15 164 479 807 705 279 125 526 813 371 78 163 132 296 6 280 266 174 22 40 223 54 159 181 160 251 15 104 259 173 36 227
248 274 124 205 843 860 643 843 108 326 860 224 411 766 666 707 551 355 33 78 531 288 61 506
76 87 860 643 843 224 843 843 643 459 766 707 71 7 666 531 37 551 61 890 355 79 65 264 245 96 157 173 275 8 216 254 277 220 78 141 223 151 241 91 208 164
79 181 224 249 56 35 204 94 68 3 175 200 118 290 65 223 8 259 73 219 216 212 34 113
157 206 424 276 276 965 35 964 93 202 2 652 281 121 132 303 11 609 288 57 338 355 260
28 52 68 215 230 236 424 860 326 224 643 396 326 396 37 71 61 417 890 78 79 27 766 144 114 531 288
131 175 214 424 643 108 396 108 860 224 843 326 411 643 411 78 49 551 531 355 33 79 115 114 237 165 48 241 216 157 82 208 118 179 93 28 150 234 153 117 202 259 135 134
140 143 163 178 36 0 267 30 191 296 100 289 161 252 160 82 163 18 228 285 158 212 28 73
156 296 263 54 180 236 132 165 199 165 132 26 15 254 192 57 225 205 85 442 748 90
209 265 26 49 124 45 151 174 286 232 39 283 217 23 149 148 226 156 228 97 299
3 80 99 230 424 172 163 72 79 190 43 48 196 193 138 185 96 99 32 81 104 136 2 19 56
103 119 168 295 164 531 432 376 814 309 15 414 164 813 705 78 624 102 883 163 125 682 253 279 225 117 226 16 222 235 122 5 2 249 293 178 204 53 199 76 93 296 28 263
110 173 144 229 8 284 21 143 34 123 92 81 124 77 218 219 181 68 244 44 126
131 177 51 288 234 25 260 146 278 168 259 155 163 251 198 142 27 77 179 17 267 135
32 50 68 123 154 216 888 141 141 14 141 807 807 174 807 46 46 14 807 379 172 178 70 246 547 13
108 247 289 67 24 53 68 209 10 45 136 150 145 286 120 17 230 228 205 70 107 199
120 164 180 86 143 156 297 176 206 180 116 46 222 187 71 196 211 83 233 41 102 120 119 398 53 15 36 144 268 155 181 273 105 49 159 58 174 290 236 285 194 192 2 138 119 170 87
95 134 157 178 21 52 128 183 180 152 55 144 116 215 89 262 73 53 171 43 206 285 18
28 76 152 289 178 267 153 55 254 56 212 129 134 52 113 215 91 275 96 0 77 190 34
3 70 154 178 269 50 51 116 16 125 275 69 32 27 284 225 15 176 39 294 49 139 239 287 110
291 253 204 217 61 272 176 219 263 172 238 16 188 120 123 26 279 278 78 257 169
24 40 189 204 241 148 48 278 273 189 210 38 279 41 296 52 154 133 24 160 94 73 202 57 142
62 80 293 267 102 38 147 69 223 279 175 240 291 9 170 112 266 87 94 298 15 252 141
162 269 266 34 272 140 241 260 202 107 292 75 281 102 180 235 257 243 63 101 179 68
98 100 225 283 299 102 26 56 39 69 170 245 153 131 2 236 105 120 72 130 191 272 294 81 129
32 75 151 112 279 208 167 62 196 209 184 1 101 109 234 21 206 273 171 238 285 221 111
44 187 267 13 57 68 178 35 246 117 183 215 87 156 137 249 165 28 92 297 80 176 84
75 84 92 124 773 0 185 192 206 215 283 143 186 159 166 78 166 148 119 73 89 90 120 34 906 233 211 17 102 15 41
142 132 843 132 108 108 132 108 860 224 843 411 643 71 531 288 890 61 506 355 211
84 148 155 220 78 148 186 155 126 217 148 398 53 233 224 83 149 211 73 41 102 937 937 81 829 197 841 120 601 123 102 218 144 128 603 820 247 621 387 688 214
507 16 214 238 125 290 140 64 148 11 100 34 16 219 104 247 158 20 244 51 260 44 9 199 115 154 59 57 122 235 148 118 224 130 285 223 234 125 184 204 161 230 217 207
158 217 221 240 147 150 196 222 272 46 7 199 179 70 192 230 80 65 263 12 155 208 258 270
144 212 773 13 225 531 479 432 479 531 334 531 432 479 414 376 391 231 866 526 813 279 230 705 624 151 259 13 153 123 18 184 92 41 201 191 73 252 187 59 267 241 296 145 96
919 953 48 424 953 179 271 531 309 414 814 814 414 479 230 813 279 866 526 152 231 163 614 682 125 624 28 14 291 34 136 209 267 226 59 84 256 290 122 200 254 81 91 132 244 118 82
125 257 278 284 116 81 81 251 279 251 116 68 279 116 50 125 453 379 246 879 100 481 58 150
507 93 146 179 43 22 42 7 203 62 63 35 42 62 203 164 885 481 154 556 68 180 716 66 298 92 100 245 223 17 142 237 195 80 9 55 201 8 270 255 206 129 136 150 108
90 103 150 230 105 162 173 236 177 12 210 127 64 183 229 205 103 244 72 113 265 13 104
84 239 243 16 33 9 186 200 22 24 14 138 61 65 212 253 135 88 152 26 164 119 294
919 298 919 3 18 154 162 235 414 164 334 414 414 164 376 414 866 391 163 28 78 279 624 102 230 807 125 614
1 2 14 155 207 222 252 282 957 649 957 613 613 271 649 26 957 247 672 624 450 93 70 7 137 55 0 263
91 267 268 649 613 909 649 672 909 672 957 909 672 291 895 172 598 70 440 450 24 582 693
53 219 239 133 29 248 108 145 108 16 16 108 108 143 609 11 86 303 2 288 338 121 355 257 296 17 43 236 47 90 118 148 161 248 111 187 63 185 34 146 78 233 56
66 172 269 293 139 121 9 81 217 241 208 170 54 56 47 283 141 163 35 197 41 65 38 70
80 261 100 189 212 276 318 549 258 626 525 549 626 857 626 151 151 129 761 884 771 16 836 284 594 59 117
919 83 540 22 22 261 27 261 244 806 540 906 53 34 73 36 119 120 233 211 17 102 123 104 133 277 187 279 138 284 37 162 18 111 270 201 120 238 15 139 263 130
111 243 457 525 9 857 857 9 9 335 525 129 4 142 247 125 771 787 494 594 284 836 264 130 182 24 231 69 27 222 127 176 267 274 20 112 178 179 10 80 191 290
49 158 159 172 277 953 49 101 107 226 947 233 296 22 240 240 131 463 65 52 61 240 233 119 398 833 906 15 73 83
773 10 160 204 274 132 843 459 132 843 411 132 843 108 843 459 643 840 707 144 115 417 890 114 33
81 148 244 132 36 132 179 101 132 239 179 179 104 111 28 260 355 197 180 652 86 281 288 286 123 18 173 156 37 55 83 236 99 69 61 20 64 155 241 3 213 181 265
44 23 226 48 192 161 194 89 147 113 77 217 214 39 221 109 87 183 28 252 83
25 59 99 105 189 255 272 285 73 137 91 87 125 262 26 959 137 68 68 180 486 298 185 910 481 273 716 66 185 179 257 15 24 6 101 251 61 175 39 158 293 255 211 239 224 209 23 294 136
258 294 909 909 200 35 127 262 71 68 481 716 556 260 273 66 910 64 55 185 486 217 163 218 28 146 8 59 279 265 165 206 149 152 234 48 299 127 217 24 80 175
13 141 26 144 170 173 273 299 271 613 649 247 321 271 247 957 26 624 608 117 472 0 582 598 24 55 263 137 122 73 5 292 77 84 87 202 209 20 54 88 244 268 160 259 66 229 274 128
51 269 278 41 144 62 58 122 52 100 151 35 173 42 247 104 210 128 194 71 226 294 139
919 220 238 213 56 173 149 120 101 243 23 29 116 79 169 78 295 22 31 147 130 276 260
3 203 220 268 272 455 147 223 309 814 479 814 479 376 531 814 164 682 152 78 813 614 279 526 807 866 705 231 294 225 288 209 247 283 220 27 240 101 133 65 74 6 36 43 261 118 117 40
68 99 74 286 48 258 18 277 44 231 75 215 287 283 25 209 204 252 227 115 105 278
32 78 253 649 909 271 613 321 26 26 247 247 172 24 117 93 582 693 263 440 137 70 7 259 202 39 93 87 62 74 176 11 248 12 138 34 17 104 130 37 149 151 100
3 56 133 143 183 265 142 280 198 49 213 207 226 185 193 190 118 284 28 250 178 175 237 44 120 259
181 6 147 127 235 260 160 111 45 54 31 98 16 115 233 205 151 227 30 81 228
253 282 50 126 172 53 197 252 94 204 212 234 250 128 101 74 192 248 89 103 181 11
953 99 110 201 283 45 113 113 45 163 141 98 233 838 45 227 113 120 158 199 528 116 435 53 85
213 220 142 109 7 6 70 183 235 217 86 165 33 282 224 283 173 68 159 71 99
37 457 151 626 9 857 857 258 258 525 549 16 284 563 125 125 129 771 117 836 594 117 29 123 125 42 222 181 182 70 53 197 238 295 27 213 105 126 84 189 225
42 62 919 214 247 957 672 672 957 672 909 247 271 649 26 613 472 598 263 70 0 93 172 7 36 296 95 91 92 162 116 226 152 143 90 45 83 246 232 224 182 201 144 281
13 234 246 107 250 132 860 396 411 411 843 224 108 144 531 616 114 71 33 650 461 926 890 707 115 119 122 291 205 14 287 24 162 204 62 285 107 6 71 203 109 266 97 136 75
34 100 105 253 117 226 189 135 79 284 105 201 261 34 120 27 195 172 136 237 205 177 188 55
38 43 55 113 130 172 193 248 35 52 110 76 203 38 81 108 227 211 186 288 10 32 201 274 136 249 46
223 161 169 687 234 482 834 198 23 161 687 57 8 254 270 161 269 760 192 107 191
103 121 266 511 160 31 196 40 266 15 906 211 90 833 120 398 41 119 83 102 224 149
57 271 321 613 649 26 672 957 55 269 93 450 598 291 172 70 693 230 0 137 24 195 186 169 265 181 162 21 139 294 84 101 219 117 125 158 215 121 244 22 161
206 60 275 209 106 60 60 63 209 169 105 152 106 85 752 116 120 130 528 873 71
919 70 212 274 189 147 109 143 130 123 4 40 257 69 33 59 277 13 110 225 113
45 91 251 12 29 158 80 187 234 36 199 196 19 174 166 250 63 226 24 82 89 37 146
224 225 45 63 166 277 857 457 457 857 9 335 857 457 457 258 884 802 594 16 125 882 117 4 739 110
108 150 197 957 613 247 247 613 649 672 321 26 909 598 608 693 7 93 582 440 172 0 230
919 9 21 23 53 217 668 927 315 375 294 294 151 705 315 666 668 294 68 556 486 64 66 57 273 298
773 56 95 147 267 272 649 909 271 247 649 624 613 613 247 26 613 957 137 230 263 693 440 472 582 7
34 55 269 91 984 441 830 476 861 984 476 476 561 55 217 556 606 298 260 885 64 185 910 63 587 10 192 199 659 115 587 10 659 600 60 427 379 246 125 314 45 976 502
220 228 49 67 72 549 525 857 457 151 457 857 9 9 335 600 882 197 771 836 739 129 16 125 125 57 268 199 153 23 143 290 275 166 61 40 276 214 293 164 271 114 278 52 264
246 254 263 296 191 31 237 140 235 16 184 138 25 180 18 115 212 206 247 228 64 172 30 54
140 167 218 283 288 937 829 197 829 937 120 841 601 339 387 688 621 925 258 102 208 92 603 955 128
21 63 123 164 937 829 197 829 937 120 841 601 339 387 688 621 925 258 102 208 92 603 955 128
155 164 36 326 411 843 643 326 411 224 108 396 643 840 33 890 144 707 288 840 166 650 353 225 286 188 224 53 222 124 79 226 118 167 210 16 146 254 37 149 298 277 170
201 65 209 86 188 107 291 230 156 163 25 192 97 182 289 225 238 99 267 89 157
101 424 36 89 214 295 91 166 102 56 82 138 126 100 215 59 274 235 142 6 38 134
106 122 239 259 27 230 69 149 247 108 43 217 207 244 200 223 72 218 87 141 9 24 229 37
70 137 133 176 172 266 39 104 86 139 262 201 36 211 6 132 248 74 233 216 98 20
162 294 188 214 110 158 216 31 100 36 233 79 29 72 253 186 270 293 55 23 279
13 33 51 145 154 184 200 209 150 160 206 129 150 206 206 1 873 120 53 203 752 849 116 435 71 64 85
57 64 107 185 37 127 184 241 940 509 166 570 166 817 570 940 716 385 156 248 64 192 294 908 492 191 161 254 54 275 99 92 180 49 74 140 38 29 262 237 48 58 133 13 59 86 179 239
158 177 202 267 267 281 283 293 15 376 309 414 531 531 814 309 479 334 414 376 807 813 718 163 883 102 573 391 208 80 87 266 191 185 250 69 27 201 142 17 238 156 295 297 154 194 186 195
7 67 191 229 234 303 266 124 143 18 18 236 124 83 398 211 36 119 102 17 73 34 89 149 906 233 286 137 181 95 154 167 146 116 194 90 289 186 170 64 148 67 293 235 276 295
180 202 223 286 597 590 689 597 466 693 796 137 481 379 107 976 453 287 125 178 172 502 58 407
112 432 15 376 531 531 814 479 15 807 253 102 125 866 231 526 813 163 624 279 391 761 370 137 597 761 856 507 796 507 507 597 689 172 314 481 287 178 502 58 407
57 248 252 290 14 163 245 57 231 54 139 25 76 80 182 113 154 279 132 90 0 213
84 243 259 650 71 801 237 650 801 237 801 6 31 766 750 1 139 130 158 116 71 435 528
42 135 144 158 28 424 359 754 771 359 864 560 250 529 594 217 66 381 606 154 180 55 185 910 68 481 253 52 6 2 275 25 188 94 198 125 129 83 242 132 118 18 109 293 256 181
246 279 128 73 63 78 263 256 118 197 9 264 183 101 40 270 235 68 31 18 166 132
4 11 57 107 206 829 687 81 841 185 197 841 81 829 601 687 977 955 247 621 603 339 123 820 407
63 107 155 222 149 211 411 643 411 411 132 459 843 643 459 396 132 326 650 470 531 144 427 840 461 114
29 131 158 190 241 251 432 432 334 814 814 15 814 479 164 531 15 334 526 624 28 152 391 279 813 866 57 255 295 280 298 299 222 235 32 277 64 136 48 54 205 27 96 266 119 243
227 280 199 7 18 99 18 99 766 766 15 66 594 556 55 441 185 486 910 68 180 217 638 230 12 193 199 161 36 167 166 288 121 102 210 154 138 116 176 248 133 29 120
110 245 162 90 250 17 233 243 59 110 210 201 107 71 207 261 229 197 19 255 160 288
60 103 177 193 265 294 652 342 7 309 88 209 669 659 261 976 287 100 407 886 502 125 58 879 508 481
19 180 202 233 33 242 158 89 237 231 156 254 87 98 32 122 228 210 88 262 280 100 264 266
96 127 176 202 226 247 321 247 613 649 613 909 909 909 271 693 598 0 608 137 117 440 687 450 172 288 295 70 65 88 63 48 241 231 40 110 299 273 98 268 3 165 211 235 167
94 136 157 170 524 197 999 493 303 261 163 524 197 407 427 246 58 379 508 178 172 879 453 287
135 152 786 290 957 348 290 407 255 407 255 255 71 1 130 206 64 53 139 85 716 873
773 87 126 238 278 112 256 284 254 279 278 10 81 11 15 208 292 179 171 201 183 291 199 91 59
773 4 43 91 136 198 216 263 134 455 830 342 533 504 342 930 885 504 504 2 180 937 197 57 281 360 313 660 934 288 16 265 254 268 216 165 126 46 143 97 160 60 135 166 101 210 144 4 293 297
953 99 132 203 120 133 214 284 289 26 649 672 672 624 909 271 624 672 909 247 137 693 291 117 450 582 687 230 55 197 120 841 197 937 185 81 185 829 841 601 937 407 955 247 387 339 144 820 15
511 21 155 773 219 275 549 258 525 258 151 457 818 9 857 525 117 600 16 761 882 771 125 4 563 802 49 105 130 285 109 180 135 148 200 116 244 276 107 296 124 299 52 212 267 103
11 62 128 251 211 74 263 179 124 275 76 68 167 22 8 161 92 201 183 254 249 3 269 164
62 96 173 190 265 215 200 112 29 99 239 272 189 122 115 275 178 73 9 256 13 143 217 17 251
30 51 79 117 162 179 29 46 118 190 283 321 613 271 624 649 321 624 624 957 230 117 687 70 291 472 440 7 172 935 93
42 77 87 277 525 818 258 857 857 335 335 151 151 525 857 739 129 574 110 125 594 761 771 16 177 79 247 294 52 185 274 136 195 272 31 265 35 84 189 206 64 212 89 295
1 66 212 223 231 131 26 222 79 43 44 160 86 211 40 114 175 201 35 156 64 183
82 200 233 164 89 169 71 15 94 22 50 10 283 48 148 111 87 20 134 74 238 220 243
81 98 127 201 204 227 77 185 147 227 82 29 92 157 294 129 280 252 54 123 52 20 110 141 262 261
86 424 172 145 119 16 36 218 46 293 231 103 144 162 67 102 77 205 122 234 161 164
24 184 238 265 528 876 526 150 589 150 659 560 435 754 161 269 385 311 107 191 760 492 208 643 174 198 279 92 27 84 72 81 17 151 85 285 170 195 15 36 200 64 46 30
