82 130 244 248 253 275 562 462 98 92 41 648 840 224 226 734 120 741 75 307 200 813 272 469 1 968 754
206 525 622 214 127 192 500 642 197 124 919 604 296 440 697 87 488 3 341 570 714 221 756
401 622 7 139 93 102 113 106 104 296 202 12 215 48 126 81 132 277 4 240 57 247
872 148 289 289 77 169 116 118 148 161 68 38 27 54 114 155 287 24 175 42 65 251 106
133 211 147 279 279 147 1 893 893 147 147 147 147 147 65 209 197 197 202 96 15 102
9 168 249 294 661 55 146 184 311 525 661 245 245 789 789 24 836 24 996 789 996 996 238 563 96 95 83 146 57 245 206 757 30 770 757 684 823 790 684 502 605 30 962 124 999 331 543 212 52 58 17
779 124 167 225 280 298 107 222 257 26 154 143 85 68 296 8 116 138 63 114 136 279 220 141
131 133 291 661 675 94 129 99 996 14 14 836 14 996 813 24 836 217 24 11 83 86 180 146 287 57 96 455 504 504 455 504 62 382 796 796 62 927 382 308 429 583 186 198 429 64 846
46 81 103 107 197 647 156 70 273 264 772 993 70 259 264 380 285 144 203 107 111 930 287 616 21 66
40 126 251 289 46 129 227 196 115 223 176 41 69 30 78 62 1 219 188 9 298 57 278 50
198 285 311 32 33 836 501 501 217 217 14 14 99 501 789 813 217 171 46 245 622 485 57 95 146
72 96 443 634 458 322 322 569 569 322 838 569 200 322 173 67 167 169 569 163 170 55 213 138 73 19 195 220 3 99 81 276 125 17 174 79 188 122 243 186 225 151 240 251
39 141 401 634 251 163 269 124 76 293 232 150 268 275 199 136 99 36 204 191 132 1 152 131
20 46 94 661 102 62 168 68 1 99 151 134 263 143 179 226 124 56 142 93 198 95 54 270
432 214 214 919 221 756 214 221 919 296 697 223 217 642 155 130 182 111 161 739 237
16 157 221 341 214 919 296 570 341 341 919 214 214 221 223 642 40 182 886 161 864 935
150 200 200 282 36 190 285 175 267 294 293 134 108 163 225 150 158 144 156 297 218 66
50 826 10 148 257 457 838 561 838 67 838 569 458 838 67 173 112 322 401 227 126 540 65 163 186 170 22 299 2 2 195 84 129 72 62 195 203 971 380 127 287 616 789 43 144 358
826 130 212 244 219 35 71 41 218 52 82 181 65 53 227 243 103 192 17 61 138 191 119 277
60 75 143 195 311 634 186 153 171 120 211 165 275 145 69 292 34 259 91 221 214 256 183 49 129 103
10 28 59 163 74 184 184 54 21 21 36 247 43 43 141 906 280 194 8 29 104 129 65
66 79 85 155 181 197 238 245 675 93 164 64 95 156 89 149 199 40 54 81 217 32 171 203 172 224 294 63 60
35 57 88 107 252 132 216 279 244 195 31 133 280 102 27 200 131 290 174 252 203 292 234 164 112
55 215 153 89 100 85 61 42 268 233 75 144 217 197 64 234 71 282 138 222 271 137
97 151 273 242 249 15 266 72 125 289 197 166 83 101 8 176 22 232 87 297 278 277
14 171 288 46 144 154 217 219 299 63 800 53 293 164 96 22 540 245 92 52 230 169 186 167 253 401 170 220 88 63 121 98 154 258 62 180 49 163 103 19 285 235 5 56 22 115 127
37 44 125 160 16 91 99 188 106 297 151 50 215 103 161 65 178 47 221 232 186 252 285 239
55 77 107 114 199 424 100 427 427 424 431 427 427 427 112 964 424 489 642 695 287 87 197 80 114
10 41 108 216 191 30 259 187 5 25 126 76 168 146 41 211 7 278 12 194 66 253 78 35
208 289 81 132 81 268 186 81 268 49 358 43 98 135 10 203 127 380 262 235 454 232
9 77 165 221 268 188 171 202 196 205 125 195 56 7 259 105 154 262 284 2 235 49 256 187
962 78 154 255 311 217 218 206 6 166 143 235 203 3 80 109 49 176 204 144 199 249 138 177 264
137 160 178 204 245 401 502 502 502 757 502 502 152 152 823 30 267 229 999 158 179 569 296 291 176 230
97 108 302 656 396 38 479 299 898 38 396 692 49 821 957 216 68 108 15 479 74 146
0 127 634 83 110 208 238 65 247 739 39 76 255 83 213 80 46 11 356 125 180 153 146 57 230 95 181 46 16 35 65 2 275 24 141 157 255 57 76 20 44 127 253 273 245 229
958 129 152 175 221 85 298 251 188 165 208 234 177 78 288 96 128 57 127 3 174 296 223 28 248
67 74 104 257 295 97 146 166 220 256 155 52 10 17 19 57 155 294 155 49 278 16 243 592 14 80 229 11 16 5 152 267 502 823 605 152 152 790 267 757 569 156 999 297 244 179 199 158 296 230
122 176 218 272 236 236 236 205 205 124 183 183 183 237 274 914 813 63 834 89 40 3 860 137
60 204 222 124 222 241 183 205 756 662 49 55 424 964 137 864 89 130 739 40 250 518
244 267 90 80 72 108 79 46 24 214 109 149 224 104 132 248 299 31 233 205 89 59
131 153 211 224 238 656 968 656 302 396 656 476 968 479 299 108 74 216 96 957 275 452 146 675 179
285 244 109 175 175 155 87 277 178 176 272 244 81 971 287 43 233 203 454 10 616
35 76 159 261 401 565 634 875 15 32 42 48 113 100 96 99 120 274 99 270 58 190 96 96 116 57 125 80 356 153 287 245 265
245 252 311 597 4 96 4 270 220 220 295 96 270 235 753 245 339 798 180 269 131 57 125 194 115 119 113 21 158 260 183 208 125 233 77 223 203 126 163 75 246 61 241
962 85 110 147 565 89 233 227 200 35 118 156 86 179 97 113 106 129 9 19 246 88 138 163 34
89 105 140 148 172 145 252 146 234 195 127 287 69 156 169 271 137 245 42 26 165 178 263 216
668 26 225 11 94 94 17 157 226 226 296 157 540 84 170 89 231 149 65 41 163 186 245 86 130 16 100 232 221 25 98 158 139 297 255 202 210 209 109 42 207 133 103
248 689 222 130 109 120 103 232 60 197 96 135 150 16 283 244 159 208 296 257 215 30
54 77 137 56 291 215 50 76 16 269 251 153 8 80 24 86 212 65 169 189 232 13
95 634 64 141 167 525 598 851 155 526 223 526 851 598 223 223 223 64 46 960 274 326 244 950 58 189 400 400 927 927 927 473 524 524 539 149 208 260 523 771 141 222 266 931 280 142
177 213 241 86 180 675 972 972 229 216 15 817 15 972 284 549 59 919 958 49 80 686 243 592 477 557 9 227 247 25 196 268 105 176 228 142 60 293 173 33 90 218 135 273 289 51
0 140 242 296 15 296 295 157 190 20 63 206 67 232 73 150 119 236 143 23 188 168 299 162 520 927 326 927 539 473 520 400 520 800 771 457 880 142 280 417 184 523 253 677
22 128 47 225 266 69 145 100 240 14 23 198 249 38 86 35 229 157 245 67 272 252
179 213 634 433 921 511 511 872 511 56 552 872 56 225 837 209 13 58 265 273 79 150 274
33 200 233 25 53 282 197 243 273 203 2 192 254 134 250 258 224 174 143 196 33 271
826 112 146 237 284 146 42 11 193 137 242 235 12 169 128 16 133 100 288 295 283 70 74 132 246
186 199 134 232 243 233 236 215 162 141 153 58 281 230 252 253 72 203 211 234 37 135
962 41 97 268 757 502 152 605 823 30 790 502 152 684 757 30 999 219 163 244 297 122 159 191
23 151 585 478 316 124 46 97 46 478 292 114 289 8 381 929 197 247 518 642 281 328 290
65 241 261 134 626 806 735 838 806 735 76 76 223 189 691 46 215 29 735 60 274 381 64 203 174 262 144 41 109 49 46 54 192 209 25 142 33 93 127 170 58 155 9 220 12
271 179 82 101 278 284 273 110 57 89 180 292 115 222 208 136 283 4 44 231 158
875 98 118 292 36 25 25 66 844 293 113 25 72 72 287 80 518 114 290 328 695 929 247 289
958 57 234 274 443 4 91 187 193 224 525 526 598 213 806 155 806 155 223 155 46 326 143 691 9 29 60 203 215 244 381 67 158 21 48 231 9 14 82 119 193 104 11 282 223 166 190 186 199 285 221
90 127 26 263 287 288 94 19 165 178 173 7 141 128 29 35 64 101 30 100 70
826 39 302 302 692 38 396 692 656 968 302 299 476 553 175 15 108 298 733 146 821 275
108 457 524 326 520 400 524 927 858 722 326 266 280 880 417 677 260 931 184 771 457 523
39 227 267 143 188 210 262 634 157 189 136 22 136 30 136 22 136 22 30 230 356 798 265 287 339 153 226 180 262 149 149 17 235 17 17 130 17 89 813 163 111 642 137 739 228 3 392 250
2 93 204 286 211 131 298 173 252 142 127 78 51 282 244 154 297 294 36 133 24 16 93
20 113 161 242 252 305 216 240 131 240 899 498 201 498 43 235 98 127 749 971 104 135 840 504 358
27 184 223 203 214 108 152 222 225 139 68 240 29 287 270 3 168 290 59 72 137 296
63 69 125 139 274 279 285 253 498 63 131 240 253 976 188 749 235 564 454 135 504 251 232 287 98 840 118
152 401 112 140 761 136 90 37 761 244 302 294 117 152 46 356 798 226 95 265 11 96 230 125 152 267 770 502 790 152 757 684 122 244 221 219 199 543 696 179 297 881 159 191
3 268 823 267 30 684 790 152 605 757 823 674 163 999 291 191 297 219 230 244 229 881
27 145 199 288 75 144 126 100 269 64 253 11 107 37 0 108 156 80 83 8 2 263 112 179
80 84 230 56 268 193 10 165 284 241 202 278 9 111 238 187 1 86 138 148 101 73 199
9 273 16 103 164 152 49 125 177 122 102 38 88 230 27 113 144 26 237 206 161 273
145 192 109 220 146 256 193 89 95 256 146 95 114 146 633 11 230 146 265 131 287 269 95
55 245 266 440 275 973 863 93 980 146 93 275 477 138 455 156 128 807 113 105 150 28 278
141 247 457 76 838 838 526 851 76 598 155 838 838 960 189 381 531 448 244 9 274 203 46
15 910 183 641 861 910 861 44 910 183 183 641 220 46 95 96 339 180 245 269 226 254 148 254 140 46 140 29 46 78 148 287 642 252 250 40 89 739 518 392 228
401 565 174 223 401 565 155 806 806 76 851 526 155 851 806 213 735 223 189 29 691 718 274 257 58 60
39 79 107 641 641 219 224 224 183 223 171 224 183 798 226 131 230 95 269 46 11 125 96 295 21 71 22 58 286 185 29 80 104 69 252 243 46 260 1 212 139 267 90
16 62 106 289 296 231 52 55 34 787 81 124 52 296 117 253 141 183 104 83 90 194 8 218
119 155 222 823 605 770 30 790 605 267 30 684 605 30 605 191 999 219 159 179 221 296 342
958 1 123 162 178 218 236 152 985 836 130 836 985 415 22 104 971 844 616 43 287 98 135 784 235 251 118
9 20 39 103 13 265 25 172 249 229 111 133 246 288 79 103 47 122 277 232 255 58 6 64
0 173 219 292 138 150 35 292 103 104 193 232 267 198 14 160 260 148 107 0 52 123 105 24
235 288 18 105 234 289 231 117 117 235 55 21 82 52 235 13 117 125 80 287 153 230 226 96 245 798 80 248 288 47 212 14 283 132 174 53 293 123 9 148 83 107 175 78 30 28
30 221 291 173 205 243 135 118 200 44 253 4 12 283 141 265 196 267 60 298 169 163 68
34 41 101 158 286 644 516 140 140 74 74 516 262 84 262 196 196 74 540 149 84 253 499 170 261 126 208 86 206 80 296 223 71 52 155 238 215 23 49 14 120 92 66 115 249 74
68 215 253 288 111 80 90 43 225 231 279 44 24 223 156 92 154 232 178 204 252 129 81
210 270 443 146 440 146 980 980 863 440 275 732 93 440 275 906 28 943 990 156 807 438 41 206 65 212 244 71 287 139 148 111 11 125 184 299 40 218 156 147 75 76 285
38 46 55 96 181 199 213 249 432 730 27 264 55 264 129 297 97 730 97 194 90 123 218 29 106 280 255 142 8
130 261 968 299 898 656 299 968 898 302 38 656 675 692 74 838 216 821 96 275 452 479
108 148 246 283 598 76 806 76 851 213 526 213 213 9 691 143 531 203 960 215 58 257 244 718
38 78 167 193 26 527 140 102 16 16 433 102 368 475 485 741 96 153 245 287 57 11 356 131 7 140 288 36 45 168 199 257 166 242 75 67 273 151 200 267 40 43 12 22
65 260 202 257 259 280 206 81 82 255 70 177 275 65 235 35 20 69 64 167 68 63
4 81 102 223 299 62 84 221 91 86 142 58 88 198 5 145 224 26 264 83 235 29 256 236
958 129 401 278 187 236 292 105 138 287 61 10 110 101 289 143 56 141 271 197 73 48 44
3 6 74 90 94 153 934 901 174 412 556 412 883 740 174 162 174 287 230 46 95 11 356 80 269 226
962 203 208 297 432 883 763 219 556 162 412 412 883 46 11 146 80 131 230 621 339 226 798 287 269
178 196 1 140 286 18 251 251 55 1 231 245 84 126 790 170 499 149 213 65 253 868 20 20 387 285 387 45 448 442 285 387 73 149 40 237 250 739 518 614 759 252
26 283 247 146 169 214 139 259 103 232 255 34 229 71 16 164 254 133 160 79 141 61
99 235 292 81 634 763 315 808 51 763 275 871 808 275 582 902 692 76 480 146 364 355 899 754 560
565 67 106 934 136 106 106 219 591 930 468 136 753 146 80 287 339 621 95 798 245 203 20 188 94 237 62 156 163 6 238 257 165 108 40 95 221 110 199 173 30
44 250 683 275 250 502 683 418 427 336 760 500 43 235 844 840 232 749 454 127 564 104
958 18 49 166 288 295 156 211 126 134 88 243 19 175 25 191 244 114 188 208 152 275 292 233
17 20 168 293 363 582 763 808 763 344 871 344 344 344 908 51 344 273 135 644 123 754 663 146 110 326 524 524 927 436 436 326 524 520 520 326 260 457 504 208 523 142 771 222 342
4 85 177 210 239 277 283 539 436 858 473 326 326 858 539 400 400 858 634 504 417 457 880 141 523 260 208
744 867 213 256 273 8 85 228 258 275 808 808 556 556 808 871 763 556 908 51 556 355 273 560 474 105 663 988 644 486 147 486 587 134 316 134 587 49 784 749 118 232 504 135 251 564 616 840 98
773 59 235 565 208 91 91 189 673 189 15 38 38 15 208 999 219 159 229 179 583 221 163 291
2 30 123 726 257 257 295 676 485 866 196 240 168 289 695 929 328 114 292 80 973 290 38 659
773 33 58 139 211 223 851 598 806 851 838 851 448 60 9 586 531 58 203 301 29 960 257 873 244
156 526 851 223 806 598 838 851 448 58 215 718 46 577 9 244 873 326 143 691 203
834 97 123 154 288 55 563 142 285 774 774 55 169 142 99 16 80 962 243 73 319 477 592 728 973
5 168 217 272 404 404 224 56 159 185 185 102 36 399 339 80 226 648 11 269 356 146 96 245 52 188 259 99 199 139 89 28 158 291 226 229 41 274 244 53 62 64 35 125
744 538 299 38 302 396 302 302 396 302 838 179 479 96 597 675 957 15 216 821 175 692
20 89 326 520 722 927 722 858 722 520 858 539 858 927 677 342 417 634 931 208 880 142
257 278 480 20 125 209 272 480 808 51 344 871 871 556 582 315 146 128 692 105 754 123 76 988 663 474 899 480 30 109 157 131 203 164 273 140 202 68 264 299 58 113 292 82 81 298 169 241
134 275 117 150 159 288 374 17 171 242 792 792 374 792 171 780 80 287 125 245 46 11 381 95 146 96 299 948 901 432 299 901 948 432 292 114 642 289 328 38 974 381 489 929 290 973
22 98 205 585 52 273 253 244 229 250 157 295 117 226 275 103 72 51 122 201 125 142 172 68
784 58 86 275 401 267 195 271 159 113 141 93 52 229 211 90 152 254 170 98 91 208 239 55 103 24 105 248 85 274 286 251 182 110 261 186 115 245 42 213 23 11 169 126 161
51 98 177 268 278 311 585 634 177 207 293 311 735 213 806 806 598 526 838 598 223 806 735 526 531 747 577 58 873 960 46 9 154 283 235 124 215 263 132 274 146 168 227 160 103 58 31 203 99 11 27 144
59 62 64 93 145 238 700 633 433 700 921 700 634 274 58 209 25 265 590 264 477 837 772 247 705 278
7 37 188 720 916 735 805 834 957 805 526 731 731 287 518 292 281 289 659 381 290 8 974
128 205 223 155 230 599 311 880 599 155 155 599 614 137 237 739 864 759 828 111 163 63 642
826 88 106 288 443 105 58 242 237 232 184 121 23 293 0 78 245 222 157 298 99 4 102 233 275
243 296 40 204 199 112 239 217 251 57 77 36 231 195 207 258 247 186 97 299 136 183
19 47 133 167 229 96 279 190 236 43 257 119 104 31 116 9 30 7 259 231 235 34 47 6 26
9 213 274 213 140 121 3 182 199 227 164 52 287 298 235 84 296 196 19 106 284 120 251
33 66 122 201 12 243 245 774 560 57 152 57 560 92 253 499 790 540 401 245 170 231 335 225 65 84
179 185 260 278 105 83 83 158 71 169 89 162 89 73 125 287 269 96 80 245 381 226 230 621
109 204 264 253 700 251 292 784 253 983 784 307 129 979 159 16 686 80 278 592 229 973 962 42 9 60 285 35 2 240 159 6 259 50 113 136 158 27 64 212 266 147 156
91 157 245 401 205 184 223 242 117 201 36 142 281 162 63 166 188 90 280 55 106 178 262 39
8 31 311 135 623 644 243 243 135 445 53 266 218 623 194 104 8 280 83 748 906 170 253
118 120 226 238 167 102 37 135 10 287 258 7 166 95 237 207 40 168 191 257 23 204 47 26
74 115 141 200 299 168 184 634 344 808 908 763 763 908 763 474 692 332 663 754 105 355 902 899 273 987 146 135 753 776 481 181 360 753 776 100 20 287 673 118 98 844 127 840 504 564 454 749
54 195 196 267 292 585 178 195 244 279 432 22 251 89 99 288 89 113 78 113 251 448 113 381 146 96 46 226 95 245 230 172 170 275 60 189 66 197 182 162 274 251 83 203 140 5 215 89 28 293 292
131 311 327 969 844 985 726 662 17 969 587 584 28 601 914 3 614 137 828 163 63 111
46 52 165 634 51 207 150 158 220 169 235 129 205 91 285 28 260 16 140 86 210 7 164 156
43 60 220 241 153 46 21 0 229 26 58 237 154 173 247 230 147 291 177 134 289 284 50 232
958 104 121 151 155 244 60 107 218 979 142 926 737 374 1 485 41 92 163 230 540 225 401 633 253 335 65 170 790 111 80 211 134 54 233 250 101 170 16 63 237 173 102 166 228 241 106 129 0
7 140 186 192 198 227 277 101 133 50 234 184 56 277 179 83 293 241 289 79 199 265 201 283 259 108 116
826 114 273 867 118 513 867 118 104 867 618 750 55 51 885 67 139 82 656 229 43 647 5 296 34 208 222 67 2 260 272 69 46 237 117 27 79 265 225 125 35 192 96
79 92 115 218 5 212 186 40 95 15 128 113 178 157 198 243 143 29 218 275 22 192 153 261
14 22 97 123 417 417 43 233 417 995 466 976 291 297 179 191 122 304 199 999 723 816 229 696
22 169 266 287 212 27 169 106 143 299 273 213 11 17 14 257 66 203 266 288 289 166 184 293
137 236 255 293 417 233 677 154 472 466 995 759 154 417 677 976 297 179 291 229 696 674 977 816
79 92 69 69 906 90 887 251 887 173 290 973 287 197 292 281 489 381 328 38 583 659
23 273 585 71 43 216 280 147 21 137 211 81 196 202 68 79 92 278 188 120 112 160 154
152 282 19 286 64 134 211 299 245 241 10 149 7 46 67 3 255 276 272 84 262 61
35 163 174 193 298 573 169 169 225 4 174 4 494 682 682 96 838 298 179 821 108 597 957 675 74
1 194 89 113 232 242 252 244 592 592 40 244 56 244 244 441 265 356 648 226 321 125 230 146 287 381 11
194 204 556 763 808 582 51 763 556 275 556 51 582 344 355 273 754 988 560 76 123 128
15 155 224 581 441 12 441 244 441 441 465 321 265 96 287 798 46 339 226 781 648 230 269 159 187 902 423 902 902 187 159 709 423 202 950 163 339 444 723 813 518 250 228
9 80 208 289 363 401 448 37 59 74 125 154 215 294 437 764 294 239 282 282 294 282 326 873 29 60 960 531 747 257 718 586 9 149 668 87 149 908 668 239 149 597 152 374 38 929 518 867 287 328 290 8 642
13 443 760 544 509 963 544 509 760 760 963 760 135 504 118 251 104 98 522 673 784 616
13 171 222 288 290 722 473 524 524 858 520 473 473 342 504 634 880 260 184 445 417 142 563 488 757
12 99 101 212 95 203 18 268 187 288 168 214 163 24 112 250 299 172 136 69 94 202 11 223
10 52 280 75 242 236 165 67 40 27 298 64 220 53 104 66 268 199 146 117 2
