288 297 389 597 919 943 17 69 249 281 587 226 218 59 252 566 138 842 793 257 849 564 158 52 31 13 339 649 919 682 64
918 69 211 440 57 644 47 343 96 55 47 926 55 47 47 576 142 287 80 62 301 522 232 926
4 243 285 65 156 581 70 70 182 928 581 182 179 182 928 182 634 928 179 182 943 179 129 946 726 540 746 789 339 13 13 339 573 829 59 942 769 134 515 266 63 134 273 19 86
16 198 72 187 185 110 14 272 95 173 58 50 171 255 242 249 100 269 0 21 161 182
27 294 511 670 670 670 256 758 256 670 670 206 69 204 64 22 112 28 207 178 66 180
119 237 283 597 670 174 586 670 758 256 174 670 432 767 22 178 180 112 207 210 204 72 511 265
15 236 275 502 682 919 566 849 64 566 849 919 64 64 793 682 244 170 29 735 682 132 793 27
27 35 241 242 389 871 931 892 302 779 705 705 302 705 568 931 892 24 40 65 306 269 259 554 287
128 487 490 114 33 177 186 31 190 128 117 180 8 161 261 112 220 281 212 130 255 295 25
20 81 192 126 297 84 74 176 136 159 291 206 77 264 42 8 218 188 255 79 155 57 85
104 119 916 791 848 281 791 791 310 132 320 696 848 579 740 206 200 465 16 696 230 180
0 86 204 242 284 279 100 146 217 194 87 129 265 200 207 159 31 71 289 3 118 295 293 182 228
99 145 210 249 35 59 207 213 43 166 250 177 227 0 16 61 54 121 33 145 82 46 204 299
49 65 112 682 13 566 64 793 849 52 849 257 564 136 29 641 682 223 202 246 576 223 288
50 69 102 261 285 487 340 109 864 425 864 2 340 109 905 2 663 944 178 147 735 384 251 144 46 69 238 22 167 22 255 257 96 258 29 231 342 965 351 89 233 182 682 294 80 123
3 121 217 240 487 257 231 255 107 53 257 229 233 233 255 3 138 761 48 342 307 965 233 294 123
75 78 175 224 17 58 231 182 165 19 251 36 138 232 32 289 10 53 115 104 196 108 106 287
261 291 490 166 239 123 93 51 223 258 260 246 296 80 290 282 276 168 268 42 54 6 134
726 919 92 487 662 135 275 112 106 194 54 21 277 187 5 22 29 144 7 270 92 188 251 131 108
198 237 247 268 231 230 269 180 108 223 35 207 59 164 14 112 94 235 116 298 88 54 154
110 183 509 64 120 229 232 260 273 662 182 581 581 581 581 943 943 581 246 928 943 218 597 167 188 389 288 1 5 87 568 779 230 97 892 568 982 97 871 705 931 982 102 91 195 310 12 225 159 52
20 32 38 597 5 211 197 288 5 134 5 197 134 144 380 251 971 118 203 98 233 789 127 287
152 203 241 65 13 197 187 234 226 252 180 212 27 48 192 107 191 199 49 298 69 286 153
919 14 38 53 87 112 120 272 100 122 192 257 123 79 79 3 79 52 52 249 163 766 475 275 103 69 916 225 72 209 197 402 67 234 83 37 134 383 130 263 30 30 383 128 127 203 616 43 118 233 287 10
35 50 71 147 192 465 931 302 779 705 302 230 871 705 158 483 288 267 310 455 52 102 225 282 159 260
124 140 141 193 297 212 134 220 195 271 190 187 71 80 116 286 200 230 83 208 85 196 236 288 256
123 143 162 250 273 152 46 261 167 32 183 189 248 280 286 55 270 86 76 71 264 90 168 191 211
227 259 30 121 189 129 69 137 267 174 277 19 279 0 287 250 63 296 263 12 139 207
244 283 215 242 152 249 282 253 116 18 138 171 73 56 213 157 217 81 96 244 93 291
35 150 158 576 123 72 139 85 283 274 80 701 283 182 965 689 283 281 233 48 89 342 74 351
901 109 288 842 791 281 842 281 354 916 281 895 291 180 264 172 79 696 463 947 267 412 465
35 87 146 277 74 185 258 74 29 59 294 682 944 564 29 223 20 288 723 225 172 170 788 245
560 597 84 239 90 214 232 153 0 281 294 250 83 161 157 234 200 97 240 244 63 233
45 87 110 258 27 88 217 165 106 179 224 298 72 246 56 63 194 216 148 61 71 97 230 104
558 52 257 278 76 175 121 170 223 17 169 287 222 297 260 159 33 132 20 13 53
7 15 150 281 291 103 92 229 65 201 46 116 54 172 275 163 99 114 231 66 225 87 166 120 274
188 291 48 107 37 35 235 23 270 274 125 162 241 285 179 149 43 139 2 267 4
137 158 490 54 193 232 26 131 104 125 178 275 112 142 30 144 184 261 177 101 207 59 236
147 221 12 247 597 202 162 355 13 204 43 13 15 181 73 207 290 152 103 247 221 38 259 34 797 110 130 93 11 230 76 152 136 95 241 164 209 111 203 156 90 220 161 86 159
2 145 220 45 60 100 180 132 180 240 144 238 154 137 144 103 282 84 58 77 73 401 207 251 797 551 133 269 193 35 8 198 196 265 93 239 16 1 155 113 168 228 279 292 10 87
5 105 116 119 119 141 168 215 141 141 119 5 65 81 51 773 167 256 183 271 184 244 200
68 108 242 266 587 98 78 68 34 164 187 0 272 290 139 208 238 88 279 71 115 273 56 276 123
10 82 109 246 4 124 234 9 297 22 187 13 116 203 14 12 8 127 173 108 237
74 242 278 91 62 0 164 10 272 17 271 157 124 53 252 179 123 297 198 31 32 101 227
710 118 222 239 254 214 182 63 169 274 173 270 223 6 185 71 265 86 15 161 199 7 19 105 294 57 48 107 44 217 24 103 44 163 244 179 159 5 65 271 465 684 20 51
54 93 172 198 205 214 218 240 726 114 173 245 205 205 150 94 220 220 111 54 229 229 203 271 208 28 65 170 964 72 90 200 239 242 239 118 251 242 239 123 126 184 66 202 944 132 172 682 641 83 245 340
16 227 490 597 155 109 10 35 203 129 226 161 120 273 24 231 224 174 159 263 204 164 230 163
196 248 73 227 244 67 145 111 0 190 293 102 123 262 170 162 128 214 69 138 199 20
223 960 960 655 655 613 811 906 85 960 613 811 7 228 62 299 638 50 2 502 223
23 34 171 242 224 143 265 202 189 45 277 52 153 219 22 26 243 112 104 80 76 262 11 268
746 15 144 228 149 76 79 190 160 192 163 231 139 228 69 292 173 14 60 137 189 168 114 98
32 80 94 236 213 232 45 168 183 124 267 181 223 117 271 265 238 237 16 259 22 229 32 202
11 23 114 121 147 262 272 125 212 230 182 182 634 2 179 607 943 182 87 524 5 1 52 116 42 285 291 288 209 82 181 143 248 45 14 272 130 123 43 16 174 237 10 245 105 215 285 27 147 60
932 41 102 118 239 490 597 779 931 931 779 97 871 230 931 302 982 568 158 260 52 102 297 455 62 79 310 260 92 186 198 44 233 275 147 67 51 105 230 30 218 8 65 189 24 231 204
169 292 260 226 191 149 9 191 9 226 260 225 212 87 412 264 465 696 740 39 79 895
77 137 77 92 175 498 180 6 180 121 63 230 56 175 34 130 200 251 551 232 109 147 279 847 184 844 77 262 264 184 118 184 184 904 597 342 48 134 965 208 689 74 89 281
140 282 15 675 890 14 890 675 228 419 15 140 355 455 113 5 514 689 493 79 786 37
1 2 47 71 212 558 597 15 675 890 14 890 675 228 419 15 140 355 455 113 5 514 689 493 79 786 37
132 244 287 597 129 253 85 83 152 165 98 102 50 109 84 214 297 267 299 64 288 197 286 201
10 101 114 263 41 174 283 217 111 18 45 216 256 75 9 175 214 80 167 262 213 93 112 21
919 87 258 224 706 706 70 235 213 208 213 125 51 184 81 256 65 167 818 244 271 578 20
278 597 139 49 212 6 94 264 185 169 19 253 251 150 297 288 214 126 33 74 115 257
9 94 123 140 187 149 90 168 212 168 129 129 56 465 5 244 271 179 773 81 256 818 167 184 20
66 172 188 280 292 487 142 23 49 234 23 110 19 162 964 29 28 372 87 72 203 65 214 764 208 17 271
69 182 234 66 96 137 196 196 148 106 87 66 278 62 164 109 178 251 200 277 735 278 384 271 113 170 132 76 219 24 91 252 280 16 99 152 281 159 3 109 186 282 100
114 179 201 262 278 919 47 291 597 74 94 74 90 793 41 90 90 41 94 103 133 866 279 4 703 923 389 482 674 45 267 215 104 234 202 0 223 115 131 136 244 170 85 197 224 253 247 266 156
217 157 118 287 244 109 154 43 101 183 47 166 219 209 226 275 119 23 10 25 124
142 281 779 568 568 230 892 871 302 230 302 892 230 568 297 445 714 288 5 158 166 310
746 49 49 228 120 286 286 256 286 49 120 120 665 294 123 323 351 876 689 904 233
342 127 121 53 206 117 138 296 266 124 143 51 288 197 109 28 73 286 136 262 282
170 185 218 272 215 137 87 296 227 232 33 56 189 141 122 76 223 30 48 261 183 79 24
28 59 163 245 247 271 87 208 245 18 232 47 69 250 262 274 110 91 197 213 93 50 296 81 247 145
558 582 256 99 215 294 180 267 15 248 32 288 1 4 102 25 196 116 112 270 234 293
35 106 526 64 147 161 127 224 56 299 272 135 156 252 163 284 259 196 92 62 214 293 162
74 294 272 490 576 587 20 143 20 273 590 143 285 590 162 285 904 103 916 389 534 194 228 279 923 674 81 2 228 2 419 554 637 731 936 140 355 511 179 514 79 287 733 196 37 455
175 297 69 213 191 161 28 221 220 9 254 148 1 153 55 140 130 242 202 299 257 225
942 58 273 294 258 145 294 174 294 80 80 67 39 465 290 463 740 947 650 89 79 895 264
48 150 28 49 142 212 102 88 94 161 256 228 38 0 131 155 169 42 104 4 285
726 4 77 343 284 77 10 231 218 276 26 15 98 175 241 3 191 238 294 116 212 52 99 33
51 225 13 291 151 185 45 192 203 271 273 286 71 86 214 266 209 279 263 157 166 149
23 29 34 62 198 228 235 215 175 174 282 0 134 152 241 195 126 208 48 281 245 172 227 264 298 269 109
22 90 175 200 244 294 272 31 217 229 29 277 141 146 235 178 10 224 260 291 3 227 126 167 50
735 10 65 295 203 203 88 150 233 233 232 201 116 192 489 290 267 774 103 39 740 412 305 463
746 130 133 140 158 256 230 232 116 131 116 116 192 509 1 230 267 650 740 463 774 264 67 103 39 696
243 164 294 44 140 232 237 270 250 23 289 187 288 271 143 134 218 6 52 162 57 202 558 558 136 790 249 241 241 159 247 136 202 67 267 89 895 412 650 291 264
86 95 134 139 149 218 109 249 231 247 818 249 818 290 79 180 774 696 412 291 740 267 650 67 947 305
746 919 24 46 122 127 167 597 246 135 818 201 231 159 159 463 740 67 774 465 895 39 650 412 79 103 305 180
47 70 90 129 132 244 179 81 153 21 24 297 43 141 260 235 61 66 243 226 246 263 152 167 234 280
710 6 20 115 148 526 27 214 69 162 21 177 244 167 147 102 37 262 78 4 122 226 253 8 157 63
699 140 158 526 124 682 250 99 682 133 981 124 295 219 981 287 5 256 244 465 200 184 51 81
117 124 216 237 261 587 226 159 117 92 175 233 275 243 180 114 148 140 239 277 170 115 210 255 178 82
105 133 465 890 977 843 867 963 849 582 875 597 233 294 208 911 307 283 904 342 281 351 481
66 156 161 172 177 190 525 281 279 145 61 176 149 96 101 17 234 288 185 82 44 7 177 174 292 117 255
141 196 278 278 281 161 235 182 127 66 293 4 123 209 12 26 85 51 33 134 40 9 30
120 142 268 234 297 89 248 295 81 46 133 191 126 286 242 175 139 83 282 212 27 274 205
227 234 787 244 266 54 560 245 953 229 54 5 275 29 499 200 565 574 203 87 208 28 214 521 203 109 279 75 71 187 230 15 135 251 299 77 112 120 43 32 117 266 229 241
16 18 290 85 14 107 71 296 115 67 121 182 283 249 76 78 184 93 17 156 23 168 200
888 49 95 63 114 249 179 2 246 634 2 182 70 581 928 285 218 167 52 82 597 106 946 390 291 87 137 906 176 36 85 811 906 85 36 811 176 344 476 223 299 426 826 98 14 514
35 48 126 163 202 224 386 125 240 191 5 235 155 115 214 171 284 232 48 224 4 132 218 114 254 205 234
35 490 166 183 233 275 56 129 122 147 192 181 263 113 70 89 155 53 91 158 234 69
119 212 169 240 255 241 225 215 276 141 120 78 40 181 172 196 202 177 192 264 229 47
37 127 226 83 771 208 771 102 44 226 226 289 226 289 245 682 864 564 29 641 20 223
699 465 154 36 154 497 497 132 132 207 840 43 454 135 232 616 127 358 235 784 844 118
220 23 297 163 104 238 29 38 148 26 292 34 158 192 269 109 183 205 24 175 288
105 187 221 267 285 487 490 270 260 251 227 9 299 273 101 287 275 218 98 56 250 105 196 147 109 61 285
50 105 126 235 487 10 90 230 51 257 294 244 232 181 27 174 272 264 192 5 42 18 76 277 169
28 41 292 3 35 246 607 607 607 634 70 943 943 179 70 2 285 167 87 42 390 52 82 597 5 96 92 117 36 188 124 206 251 211 261 289 240 38 197 233 253 174 150 153 21
699 191 284 343 468 78 105 105 105 106 78 185 644 201 111 27 132 245 564 29 641 788 20 83 864
280 39 49 78 97 202 560 215 179 882 179 630 697 882 871 495 179 871 302 261 10 682 890 50 205 53 281 2 284 117 238 96 3 137 257 173 130 7 34 184 55 12 67 50 84 199 11
62 342 490 270 206 229 233 110 61 16 19 32 6 132 121 147 130 143 194 184 201 25 239
66 212 223 20 209 266 169 281 244 241 224 230 61 23 27 141 103 207 53 116 50 119 157
227 257 260 465 809 739 193 491 739 491 564 564 491 739 564 718 971 74 732 112 883 230 96 867
127 246 568 931 982 705 302 779 97 892 568 166 225 260 79 445 131 52 714 310 102 62
45 117 255 644 490 23 117 337 490 490 337 222 340 245 136 682 132 723 788 944 864 83 172
221 343 142 237 224 76 220 15 7 110 206 145 5 63 164 153 32 102 248 298 128 287
210 269 277 673 265 673 627 7 104 265 627 7 222 223 788 340 627 944 864 225 29 136
487 490 904 265 904 265 627 904 486 641 245 864 223 132 111 225 682 627 944 136 340
171 206 705 97 871 230 705 705 779 568 705 931 230 982 149 260 979 5 52 225 166 714
39 201 88 24 384 24 850 24 24 410 689 665 481 911 208 976 904 89 969 332 123
24 178 214 282 155 32 155 241 109 273 195 273 35 241 692 167 81 578 818 591 256 988 244 20
12 28 47 51 97 146 180 260 151 246 88 54 38 36 97 136 253 150 18 62 93 227 185 266 223 57 248
1 201 487 554 419 14 2 15 14 15 554 5 689 786 293 731 495 196 113 514 133 511 37
139 210 277 560 286 192 14 20 234 133 74 224 11 213 53 156 198 55 266 153 54 264 225 231
9 74 89 110 175 255 280 487 134 112 220 183 26 212 103 235 89 215 39 252 139 178 162 82 203 164 109 122
85 116 254 248 343 487 662 179 495 179 215 215 495 538 412 871 630 50 69 890 270 10 5 281 579 280 682 81 81 499 155 225 48 97 225 225 155 225 225 200 988 271 591 692 179 14 854
66 72 101 175 4 17 233 35 119 132 236 27 273 257 30 97 11 142 250 82 81 230 181 224
787 105 164 270 558 299 257 4 137 228 234 90 54 51 284 87 258 136 20 63 43 120 148 248 191
787 151 169 207 265 241 996 241 996 624 499 157 327 85 499 267 895 67 629 412 650 180 465 89 947
161 163 249 152 27 9 214 175 191 186 61 5 282 67 101 299 176 45 54 129 87 172 232
35 46 102 137 199 201 287 181 101 170 161 193 105 160 4 294 280 247 272 267 258 40 14 200 212 36 276
796 239 258 374 564 369 968 882 15 780 374 419 564 245 788 111 814 29 627 20 682 944 864
746 9 25 558 120 171 136 86 112 139 200 162 274 266 73 105 257 230 291 21 149 224 267 3
956 14 54 235 343 202 285 140 160 60 176 195 127 131 3 22 90 137 99 143 256 193 63 154 269
102 155 295 296 705 779 97 302 931 779 871 230 705 79 166 5 149 102 91 297 445 52 466 979
27 298 32 160 284 918 799 34 235 67 89 859 180 774 412 267 954 954 629 264 290 634
77 97 115 165 211 226 283 655 960 137 176 36 655 613 137 811 85 960 682 402 864 612 228 514 261 826 98
129 161 180 257 871 705 705 568 982 302 230 230 931 466 79 62 52 149 297 82 225 714 310 166
139 168 174 343 86 253 639 76 318 932 932 825 374 88 90 750 964 565 781 499 574 203 65 29 521 170 372 162 57 243 192 20 18 237 89 2 63 127 106 118 53 60 270 97 241 293 220
712 215 836 809 922 922 390 754 504 504 504 882 984 389 932 923 530 703 423 103 279 308 209 568 871 871 97 982 705 892 230 568 705 82 329 466 149 52 5 260 91 79 974
712 20 190 343 45 100 235 37 169 105 241 215 7 264 123 23 77 107 230 165 87 198 287 248
129 288 36 655 613 137 85 811 811 137 906 960 655 655 864 682 228 261 2 7 514 299
30 60 205 272 11 113 146 179 499 179 214 871 495 495 179 412 538 697 214 261 568 890 243 263 395 579 280 10 576
971 88 228 405 634 943 70 2 70 607 179 2 209 82 42 842 167 218 87 389 291 946 116 188 227 157 193 113 88 154 256 51 209 168 48 125 184 263 275 61 244 28 148 130
45 60 142 296 499 280 193 100 82 273 117 56 203 148 219 38 191 43 105 172 24 31 2 139 205
3 69 90 107 208 871 538 412 871 495 495 630 263 787 280 53 890 281 19 243 579 270 261 576 682 117 356 34 834 117 229 865 250 296 537 203 117 223 27 225 136 29 641 245 723
12 40 149 576 158 184 194 72 89 90 129 253 110 92 208 111 288 73 52 289 168 267 45 227
44 257 490 677 659 681 293 34 412 428 571 514 608 113 5 179 731 355 658 187 800 844 293 495
746 157 728 959 934 452 454 729 342 728 781 829 271 81 200 14 5 988 818 318 159 65
719 156 211 224 10 140 130 277 181 238 28 0 145 252 112 227 90 55 59 293 279 155 154 237
757 96 133 172 253 286 39 233 181 259 248 78 145 290 45 260 61 132 96 71 213 238 112 62 289
62 150 255 283 746 720 749 749 650 650 716 650 883 883 667 749 716 203 29 499 372 271 200 781 964 235 187 272 76 108 188 45 205 238 159 94 289 280 101 157 143 87 249 107 73
160 235 273 286 456 278 71 69 198 245 286 199 93 4 41 178 175 247 98 10 254 214 153 65 260
48 76 77 170 269 26 147 151 219 268 587 216 216 514 169 212 169 156 40 681 638 170 222 836 773 23 257 267 68 593 16 116 250 95 210 54 276 244 3 6 239 111 14 13 238 172 245 84 289 191 190
49 76 226 279 272 24 271 121 64 234 139 294 273 105 214 181 196 249 120 171 151 34 290
94 836 125 248 260 506 581 634 943 2 246 2 581 943 634 70 634 179 167 543 82 218 971 42 842 514 244 260 83 159 228 65 117 0 76 236 115 18 156 32 93 233 181 96 114 214
10 63 84 122 222 240 658 227 765 344 437 483 984 618 765 765 974 386 974 859 629 103 954 895 774 650 291
903 26 175 181 256 272 658 178 291 11 67 140 46 75 82 64 166 44 154 167 228 261 252 109 90 159 151
247 262 107 72 48 229 39 179 167 162 236 145 80 140 180 241 58 26 106 283 195 252
719 77 117 200 241 246 17 196 20 261 211 253 147 92 225 260 148 233 157 263 113 171 106 66 158 105
718 28 40 91 142 159 184 204 299 38 23 141 124 263 277 52 282 105 6 45 238 71 164 276 288 8 293 91 275
36 192 200 220 346 246 928 943 943 928 2 246 943 607 167 385 946 285 597 209 971 106 82 288 389 111 282 99 262 34 160 298 166 272 271 176 143 117 222 107 71 75 175 56 66
11 53 207 281 809 749 68 281 281 193 41 427 74 883 30 112 616 867 112 718 262 332 971 779 982 302 892 568 97 779 705 871 892 302 736 906 714 91 260 920 5 79 52
836 21 61 63 3 5 19 268 558 560 928 634 581 634 943 2 182 597 106 524 288 218 971 87 188 82 291 389 42 285 103 140 190 106 70 138 14 76 69 131 16 126 169 272 223 193 268 192 99 5
705 571 985 19 985 261 220 484 571 154 571 154 154 264 774 634 895 629 525 267 859
13 84 86 110 118 136 267 271 276 576 632 95 104 84 257 281 38 82 87 73 256 158 74 88 97 50 270 68 197 44 186
62 207 226 491 625 491 68 491 809 809 193 564 163 74 112 261 616 883 30 41 262 971 427
770 796 128 148 168 190 646 871 931 568 982 982 302 230 568 714 551 149 445 79 91 82 225 920 974 52 297
0 39 48 115 136 99 280 191 122 125 180 197 36 79 276 100 140 238 225 270 139 290 293 39 287
