66 74 78 184 191 221 285 776 125 221 134 249 226 123 209 128 288 1 94 2 169 261 207 13 237 6 36 85
34 55 184 584 56 113 50 16 160 103 247 43 28 220 240 297 148 46 101 156 47 89 110 298
255 289 145 137 96 161 283 208 155 163 177 291 244 71 120 224 273 178 32 25 92
22 58 142 123 99 208 41 241 35 42 81 281 294 130 200 280 264 128 232 247 22 284 74
36 160 258 299 634 9 9 9 432 324 432 853 853 432 237 54 282 203 7 7 266 215 50 284
39 106 203 213 855 762 656 613 656 656 762 855 991 991 393 393 3 160 160 75 328 953 537 43
290 272 272 762 861 861 981 393 613 861 855 855 402 85 92 859 43 160 311 872 310
72 236 122 157 68 46 217 206 20 226 48 56 60 35 125 292 55 27 201 91 85 145
34 110 330 324 9 853 324 203 330 324 324 237 237 853 106 28 173 132 181 203 50 488
270 261 137 188 163 197 109 244 118 101 50 184 295 195 70 57 138 235 215 68 9
950 272 99 202 87 192 296 40 78 46 71 54 205 43 260 156 280 147 153 52 58 83
14 236 277 74 209 200 260 91 77 230 281 169 168 119 13 116 234 9 174 219 100 39
28 200 771 363 414 130 777 243 130 243 130 363 243 6 90 95 90 103 81 167 9 286 198 827 905 25 303 430 82 827 827 652 970 180 91 650 652 193 111 197 94 181 99
115 288 787 20 716 787 699 787 652 93 217 20 259 811 277 90 28 29 49 699 652 76
95 138 144 237 233 154 234 220 49 72 193 115 39 262 284 74 64 112 272 208 162 136 89
13 19 76 186 225 281 468 262 247 79 182 275 111 9 88 250 114 214 31 270 189 164 268 285 121 108 43
54 152 231 299 113 269 65 43 197 69 140 154 247 237 153 265 185 24 70 102 136 221 180 223
163 272 590 981 855 613 762 393 991 762 656 590 753 75 160 229 60 142 72 859 597
29 156 393 393 393 762 762 861 762 613 762 762 142 797 28 43 554 60 3 597 72 246
950 81 400 284 806 791 457 749 457 361 753 361 597 174 204 457 826 634 194 22 414 3 244
9 27 89 203 242 275 150 13 92 121 103 155 251 71 34 118 117 39 178 203 245 292 62 231 45 172
63 192 250 16 59 142 222 86 139 34 126 178 80 120 61 245 244 27 135 14 94 134 211 749 597 749 597 753 753 753 753 361 806 123 181 761 3 91 414 883 215 28 244
90 106 198 769 102 254 143 216 112 33 8 76 274 152 47 258 150 6 246 206 173 197 205 265
164 141 15 171 282 6 195 128 18 12 286 1 28 49 185 53 250 59 166 228 127
54 182 886 755 119 513 311 119 119 119 513 247 755 231 311 63 285 258 257 4 168 502 822
129 186 235 245 80 230 40 143 288 204 280 210 257 193 46 160 14 170 203 235 0 124 222
40 73 144 174 194 208 230 53 183 255 24 94 236 132 191 287 16 1 80 41 26 211 266 268 204 131
77 237 284 791 284 753 806 457 284 764 81 245 457 791 215 883 634 93 859 182 194 213
4 148 209 210 239 124 161 134 61 131 22 145 166 272 119 102 33 172 241 37 69 250 249 174 126
25 127 177 594 633 578 88 88 629 716 155 96 133 919 267 772 959 502 13 173 134 959 476
47 141 225 81 169 243 761 292 764 285 761 859 761 292 81 297 141 228 276 198 24 761 281
51 2 135 69 173 96 251 90 220 157 299 222 297 110 54 218 192 79 275 8 210
104 227 501 46 26 134 133 170 115 221 0 89 196 153 68 173 275 229 289 272 150 65 109
950 34 37 89 176 245 256 273 202 195 0 281 218 144 209 100 161 216 90 231 205 95 130 28 255 199 80 17
106 112 136 143 257 262 274 277 227 30 267 148 51 167 4 0 288 234 295 183 65 225 174 289 239 248 109 2
963 79 132 214 167 19 218 210 47 203 115 258 137 50 69 128 257 126 189 200 204 174 133 152
161 190 222 291 127 116 296 136 290 133 28 94 243 205 282 74 107 111 5 128 159 294 138 122
963 17 23 217 76 29 229 152 93 270 172 32 5 60 96 118 133 54 79 0 129 280 231 134
242 262 267 167 33 66 19 92 296 30 126 15 277 258 200 26 139 117 210 205 186 84 113
190 258 261 113 44 154 66 209 135 93 87 13 254 11 76 141 179 226 109 287 193 99 95
42 59 180 108 90 187 244 174 127 70 78 26 188 128 55 222 178 34 11 190 248 83 296
80 152 172 109 107 196 26 170 243 111 268 145 190 92 136 30 274 180 101 219 205 68 45
184 189 217 196 295 170 1 165 15 124 10 113 247 208 217 246 127 212 182 266 279 79 205
92 118 171 60 206 118 51 55 34 197 26 246 268 8 95 285 122 137 261 1 242 241 171
271 277 290 297 787 787 290 290 259 290 93 699 652 741 153 204 21 240 212 355 502 714
48 52 54 72 123 79 213 103 200 219 148 62 261 225 246 46 247 58 265 120 66
963 9 152 284 769 195 255 29 223 155 272 79 55 180 41 90 109 51 86 156 113 243 103 193 214
217 169 268 58 218 118 234 83 76 123 57 285 56 189 104 267 294 263 72 126 113
9 20 47 167 193 237 137 61 211 12 79 234 268 209 272 133 5 69 202 47 48 62 284 101 93 210
145 189 501 260 31 2 255 239 131 178 291 86 189 241 289 175 262 299 272 184 220 250 63
296 197 16 125 225 128 87 211 164 172 15 38 202 214 250 39 249 284 42 199 163
28 106 191 246 261 274 197 179 219 68 186 265 47 269 280 122 109 151 239 148 149 263 111 16 234 156
21 261 221 234 0 228 73 148 242 283 251 240 227 284 30 248 134 85 191 83 110 156
147 217 227 249 186 275 262 8 273 189 247 263 216 200 139 36 79 1 234 76 243 155 254 292
39 55 247 251 125 282 283 2 81 35 119 50 114 122 0 188 9 258 66 117 155 201 265 209
70 139 238 250 652 259 259 259 787 699 652 259 502 652 212 307 165 714 21 741 29 355 240 273
220 400 127 211 287 161 127 205 136 161 238 182 414 213 204 859 761 634 287 43 826 181
9 50 293 177 206 34 280 147 193 197 243 90 249 148 273 166 36 216 149 0 194 33 62
67 102 184 251 283 259 716 290 93 290 259 20 652 699 217 741 699 240 165 78 714 274 307 750 502
27 130 223 54 67 294 258 28 237 152 142 160 156 235 89 130 212 83 46 76 105 225 18
963 19 128 166 234 233 170 71 127 174 19 275 90 21 47 227 192 94 248 32 274 30 266 278 289
97 233 441 966 713 713 328 264 88 507 328 713 460 108 289 131 630 994 0 186 159 494
221 266 292 296 468 464 738 883 103 914 883 738 845 935 25 183 150 215 89 683 536 753 29 144 355
44 63 199 298 185 265 246 96 236 240 292 30 178 242 184 139 35 216 73 26 121 237 97 235
8 80 190 227 172 178 100 289 72 272 278 78 31 42 14 191 286 83 279 264 48 130 273 211
20 157 161 187 218 261 293 153 233 131 294 222 134 132 17 186 180 23 208 221 250 167 270 99 297 179 282
32 130 236 246 133 204 170 120 117 154 277 157 14 235 289 28 127 135 106 64 95 146 287
2 60 94 133 56 107 155 146 39 299 12 4 204 174 27 298 269 226 57 211 6 132 170
7 93 170 178 194 209 14 110 96 215 171 202 105 195 225 64 93 256 73 162 47 60 271 204 219 113
195 272 769 33 113 9 275 192 3 242 123 255 126 286 217 274 109 211 237 254 4 238 124
1 10 35 236 278 644 303 25 652 652 342 342 293 181 342 180 950 836 115 5 393 572 121 650 288
165 209 216 298 117 208 247 27 10 283 294 56 98 246 207 40 253 145 89 291 285 21 269
54 67 166 175 283 258 256 138 62 104 53 149 102 176 51 42 245 295 222 282 131 22 66 136
110 37 2 102 157 18 128 73 140 69 70 47 248 158 118 54 153 21 38 197 179
78 400 34 41 37 41 89 255 94 98 255 4 145 29 621 192 239 514 196 800 295 230
950 22 208 209 240 103 9 147 121 191 127 280 22 53 297 124 49 34 93 242 52 59 151 164 33
73 170 193 77 201 151 212 161 81 250 67 91 128 19 93 31 40 1 4 55 33 260
223 240 88 194 9 234 113 299 226 272 105 183 229 141 228 53 187 59 184 197 66 36
963 36 155 278 212 233 189 216 219 97 24 122 5 132 299 104 52 30 16 204 178 239 109 242
963 155 181 221 108 29 289 215 270 19 199 257 139 189 79 60 192 267 228 150 63 177 291 123
6 242 291 220 950 930 965 120 930 753 120 57 965 965 965 41 278 101 585 259 88 193 399
26 33 137 256 268 57 157 151 223 3 165 103 91 1 179 23 256 184 159 282 94 100 275 296 48
950 14 143 195 149 249 44 253 293 115 75 120 56 277 289 294 33 46 48 91 247 15 21 275
8 103 181 205 249 297 146 154 93 136 203 243 175 190 270 156 281 135 24 19 151 31 256 237 29 137
963 20 0 243 244 15 132 223 26 155 248 169 84 286 18 8 148 157 58 136 233 196
154 214 228 260 16 285 177 233 261 248 78 74 31 33 106 13 207 137 71 276 19 152 186
7 17 35 447 26 235 220 162 131 27 242 249 195 77 59 48 204 296 231 8 41 271 239 95
82 175 287 77 100 120 31 160 182 278 69 208 163 148 139 49 110 129 177 289 147 20
92 15 129 60 251 292 111 197 152 206 2 110 32 19 239 180 28 201 169 266 45
173 281 654 86 169 2 24 128 125 90 282 117 63 272 185 224 4 209 268 218 189 98 198
177 180 769 47 177 199 97 57 145 130 24 266 239 167 38 185 33 92 197 71 183 149 298
950 26 100 273 275 620 31 104 126 86 145 227 223 275 203 55 34 98 26 59 164 161 23 219 11 80 138 139 195 283 80 215 153 71 208 278 173 194 290 69 119 131 61 34 40 277
77 138 198 200 226 262 287 154 113 72 151 190 91 156 183 252 158 29 20 180 241 215 173 176 39 122 162
154 217 468 3 31 279 136 291 84 213 261 206 286 17 83 128 108 35 164 46 144 74 125
9 25 182 200 494 257 97 42 6 65 186 200 144 221 85 77 96 106 209 222 240 80 251 122 203
61 159 200 468 224 113 295 267 128 187 269 14 147 229 180 237 143 173 132 120 107 220 118 15 239 296 139 153 72 95 140 124 43 38 115 235 176 68 186 24 278 71 289 206
51 113 124 179 204 243 128 34 36 168 57 160 135 94 103 206 236 67 81 267 97 271 232 105 288 229 202 290 134 90 168 55 98 21 53 115 207 260 267 136 243 83 74 87 284
75 124 142 302 494 494 634 494 80 819 236 129 236 687 417 1 340 922 177 111 677 905 534
249 272 188 201 173 47 64 29 283 171 281 236 220 145 140 72 142 274 269 296 189 60
77 90 121 238 258 32 63 295 269 249 19 141 252 14 60 244 68 96 64 33 49 162 24 17 120
38 265 272 468 78 7 155 280 211 214 79 251 183 295 144 296 143 9 264 279 164 297 253 151
19 148 769 148 197 116 31 245 290 62 69 201 235 135 41 23 299 112 277 156 283 143 73
95 187 283 139 21 49 57 124 40 227 66 242 41 79 103 248 147 89 9 282 144 246 258
75 102 210 219 246 197 237 282 171 257 72 296 179 128 24 34 210 159 27 17 292 81 272 212
23 36 50 258 16 16 16 16 16 23 260 241 16 980 115 132 547 763 578 60 292 32 740 822
62 272 295 232 179 233 215 243 212 157 20 0 193 97 189 202 68 142 113 250 292 269 218
18 38 203 230 96 275 5 88 25 213 95 98 82 106 137 186 202 152 218 248 185 225 254 184
25 63 66 158 191 80 222 196 28 279 36 294 26 138 232 188 47 168 289 87 271 274 272 31
25 251 256 80 193 21 196 60 188 67 76 132 248 230 234 1 134 280 126 141 257 147
21 145 148 197 233 82 25 430 905 342 25 430 342 905 827 82 25 94 453 635 288 5 499 650 627
45 137 142 158 251 206 294 262 23 156 272 222 107 160 232 128 45 129 180 150 131 69 171
204 248 286 40 60 132 101 295 76 120 117 214 35 100 284 253 201 34 168 47 7 162
2 187 501 84 253 255 282 95 57 256 225 114 12 228 98 266 240 6 81 127 28 262 189
12 36 240 241 155 288 46 254 57 255 126 214 271 167 103 185 239 100 2 292 284 257 45 4
92 172 276 37 266 158 141 173 272 38 23 142 49 253 184 27 50 202 83 88 274 98 248
153 159 166 173 629 594 578 96 716 594 96 633 425 502 13 75 294 412 181 959 133 173 445 134
1 49 72 84 173 216 102 84 23 51 58 68 88 71 54 44 185 177 251 49 149 222 192 191 26 205
170 68 296 192 60 225 246 29 298 235 188 196 45 93 92 102 204 167 135 151 181
36 40 152 510 652 800 453 453 259 356 453 690 510 572 236 839 230 145 293 158 824 386 278
29 89 135 146 209 295 883 103 682 492 738 682 845 103 586 565 222 355 193 6 183 25 935 683 404 160
173 191 269 203 35 42 27 169 119 245 186 246 139 89 33 210 21 108 137 2 63 157 46
243 271 735 76 526 851 735 155 526 76 851 735 806 691 58 203 531 718 29 215 244 60
83 141 242 289 92 252 70 41 56 296 266 219 171 211 144 151 22 137 80 125 168 213 119
191 278 285 289 276 182 199 49 218 159 57 195 154 212 217 106 34 183 90 231 287 294 98
963 3 141 230 905 82 82 303 827 827 430 342 644 430 303 627 773 16 453 293 635 679 94 950
7 136 137 162 179 211 298 92 213 67 49 242 74 116 265 28 6 64 167 56 59 227 247 11 185 224
102 165 188 115 188 245 331 603 905 220 115 669 3 414 287 215 43 859 784 194 182 37
43 101 228 231 85 171 5 7 73 152 80 297 262 35 183 287 253 131 66 100 38 173 188 45
143 201 250 806 331 61 202 188 806 213 793 603 188 194 843 215 826 634 363 28 784 91 414
30 34 87 102 266 106 177 41 132 245 107 122 221 233 3 198 299 212 202 31 274 227 78 127 197
73 246 44 287 122 218 216 254 64 131 47 182 53 52 119 149 132 159 29 259 22 83
4 21 217 66 157 87 70 49 73 143 28 93 33 230 94 156 255 239 26 188 134 64 200
26 28 133 194 14 84 171 37 114 185 158 62 263 266 291 269 74 214 262 208 205 150
37 122 297 466 297 466 466 186 218 728 457 595 162 41 39 20 146 190 809 251 46 216
137 73 284 159 83 273 257 224 199 266 134 80 258 151 241 192 292 187 274 208 285
27 146 164 213 220 229 71 45 265 63 107 54 10 290 42 36 183 41 262 98 226 287 199 115 46
71 123 158 224 47 9 136 18 291 40 151 296 82 164 207 299 159 231 139 256 277 71 279 103
254 136 12 221 98 69 299 179 92 279 29 53 216 217 40 13 291 169 137 155 57
32 98 162 224 268 247 226 236 91 277 158 144 161 47 286 104 112 100 275 38 58 149 60 160 53
18 34 2 91 182 27 169 280 69 260 180 83 98 210 122 11 177 289 67 8 162 47
43 108 124 267 271 90 54 74 120 122 257 112 125 273 14 171 111 35 177 236 22 232 160 131
252 238 297 172 36 269 195 137 212 240 27 32 126 268 205 215 114 28 52 298 75 198 219 53 91 234 57 1 256 274 267 218 214 108 96 115 295 56 162 161 62
29 109 172 267 266 159 136 68 141 82 195 229 37 64 157 249 293 17 111 163 58 177 242 299
59 123 258 259 278 155 871 633 96 96 578 871 578 633 716 425 75 294 412 959 959 476 13 919 31
195 205 296 70 136 97 33 199 25 236 121 167 32 192 271 159 86 213 252 178 113 155 18
963 102 126 202 150 261 216 37 239 65 184 84 68 107 211 89 113 229 166 181 74 285 121
140 143 184 243 769 65 139 150 221 61 179 69 28 20 47 86 189 202 124 72 62 32 8 166 12
48 184 255 268 256 289 254 106 60 266 196 275 228 139 29 118 243 267 44 245 92 198 178 239
34 270 654 57 289 285 212 22 291 200 10 84 154 34 58 108 102 176 293 24 101 152 144
140 143 100 7 185 236 184 105 119 123 194 153 167 156 132 75 197 161 245 251 242 196
0 28 274 88 72 21 40 164 216 227 105 73 236 58 165 234 20 6 135 63 106 147
293 501 18 191 77 203 5 247 219 233 149 284 32 162 38 67 262 250 249 136 224 78
29 172 105 224 241 192 112 61 235 142 16 203 182 148 111 62 165 183 47 31 264 252
61 278 292 104 267 191 6 261 243 220 178 161 201 51 119 159 64 256 10 239 177 74
25 115 255 273 40 13 93 296 241 5 164 176 160 237 19 283 147 26 226 155 273 80 169 36
18 117 468 46 48 127 23 6 255 236 256 99 279 290 292 163 298 265 158 260 189 134 157
963 234 30 252 92 116 39 154 287 207 42 165 45 203 200 194 153 148 109 213 68 246
194 216 400 108 130 162 180 30 143 152 166 205 128 273 8 59 175 122 140 32 142 295 225
6 59 56 3 210 26 290 241 268 223 75 240 264 150 132 140 102 160 121 115 49 203 151 72 228 104 84 190 148 278 270 6 226 69 156 98 65 292 176 266 197 241
126 181 146 19 128 252 224 221 54 279 25 40 79 134 175 27 67 295 22 93 209 59
6 194 206 219 128 43 115 241 104 265 40 203 232 172 173 270 11 140 9 280 24 299 42 175 240 213 187 280 185 115 105 212 217 87 109 241 264 24 252 273 121 29
5 15 28 93 98 165 769 224 252 188 240 123 211 1 226 283 238 176 69 257 78 60 94 164 233 131 274
18 34 133 169 249 143 155 37 204 1 18 170 110 104 142 190 135 74 206 17 197 262 243 169
201 654 204 37 28 297 51 6 52 155 260 84 43 106 74 249 299 44 270 128 264 2
39 90 136 174 183 134 30 126 120 267 104 279 82 205 169 200 116 230 8 214 245 196 212
114 132 151 169 293 28 164 158 149 168 287 24 62 169 54 160 33 186 242 96 100 264 241 88 267
2 107 206 238 245 270 4 143 151 158 47 204 98 275 163 22 68 213 107 245 170 76 201 130 110 27
963 77 84 209 264 501 177 95 275 209 40 208 99 110 29 113 251 130 216 15 123 43 33 42 219 233
156 230 762 271 176 297 230 143 243 138 6 237 248 214 218 116 56 31 104 247 129 47 106
1 281 654 114 228 127 249 277 49 231 141 51 255 121 269 96 115 276 245 184 170 268 237 27 257 195 59 264 288 298 109 129 168 255 50 262 56 243 23 47 279 282 211
256 839 155 633 594 155 155 88 425 267 134 502 75 173 13 180 133 959 412 734 181
963 10 92 119 186 769 42 238 55 179 257 272 9 286 212 76 280 82 70 199 247 266 107 129 153 143
4 71 99 100 131 187 245 170 297 58 243 117 248 252 18 27 32 91 151 35 132 299 72 234 180 190 161
53 78 234 187 133 249 261 220 98 264 126 30 90 112 72 292 89 218 184 26 135 125 40
290 294 859 557 226 226 951 276 732 7 714 951 351 226 736 652 760 393 650 584 773 530
160 213 2 124 6 139 106 96 270 81 163 107 108 97 293 172 225 30 132 186 265 7 255 29 29 294 294 525 775 178 192 235 696 720 935 344 468 328 44 415 315
963 18 70 134 654 769 678 701 678 468 991 264 679 602 266 991 678 43 91 28 213 784 93 691 843 414
48 57 294 277 195 173 81 156 41 288 213 63 158 285 189 188 7 255 37 121 19 293
5 53 186 188 248 283 295 718 564 849 988 544 193 609 35 849 564 988 963 902 361 493 183 25 355 222 193
69 79 114 201 266 78 245 68 223 208 106 201 243 225 231 138 102 209 76 66 179 34 173 203 59
40 129 153 208 769 28 59 135 143 296 97 58 70 229 208 146 92 84 157 283 101 270 196 14 121
33 52 182 276 280 108 251 276 98 49 21 207 273 147 261 72 170 100 128 76 281 188 209 99 59
62 185 259 272 271 210 25 112 196 37 242 170 47 27 244 127 297 77 238 213 91 223 57 23
133 185 187 412 754 309 412 866 737 595 845 613 932 780 183 193 565 330 194 223 902 493 683
152 652 297 787 290 787 297 699 20 217 141 750 165 793 741 212 699 204 218 240 21
49 106 138 204 249 259 230 11 290 170 139 233 192 227 237 131 157 136 94 152 126 75 119 78 69
85 151 266 290 223 32 204 279 38 129 266 14 2 177 49 248 220 114 130 251 270 135 57 288
35 87 199 115 613 882 418 882 988 328 707 681 613 418 470 215 565 355 25 223 193 222 361
