10 43 77 194 41 126 141 214 264 291 466 99 285 290 598 573 168 781 250 683 510 211 499 501 384 748 523 345 459 32 139
254 172 412 262 874 538 951 412 874 587 713 262 148 874 196 195 159 278 262 867 30
114 225 452 269 257 281 913 913 940 855 257 829 107 940 913 883 533 883 190 536 334 977 167
952 186 298 477 931 301 435 594 477 351 351 477 870 477 351 435 772 179 777 477 210 477 75
926 112 126 144 178 205 984 739 739 938 294 437 435 435 984 984 19 289 502 99 463 743 934 690 419 187
743 936 124 247 261 412 713 587 412 538 874 262 412 951 262 874 874 263 46 867 151 102 240 168 165
865 2 21 50 83 293 180 219 166 215 257 101 112 244 190 71 97 87 289 182 255 153 281 179 225 105
148 183 18 188 201 152 71 273 179 214 85 131 210 102 276 99 39 269 150 62 191 56
83 136 174 190 216 822 865 60 105 272 167 692 880 937 937 167 765 765 765 30 147 6 23 285 600 718 287 507 30 723 83 285 211 239 196 255 276 256 6 197 107 279 266 100 165 20 252 145 282 136
889 108 170 238 264 216 50 200 283 216 141 200 200 74 776 204 53 6 210 61 93 776 229 113
22 72 88 224 288 290 294 61 62 220 581 765 704 30 217 704 937 167 30 430 30 23 328 19 507 891 6 276 84 190 76 286 299 82 64 239 222 0 97 43 108 46 240 93 232 215 255 194 133 33 224
123 256 52 74 173 198 470 692 692 368 880 765 704 704 692 167 30 765 217 19 891 168 165 190 328 718 430 40 192 45 138 49 141 17 266 56 265 67 212 250 117 63 208 207 100 253 50
901 10 50 130 84 226 42 62 209 123 252 28 25 104 120 136 52 261 41 37 135 280 151
971 181 223 233 291 205 81 259 233 151 144 166 19 56 61 296 86 70 217 1 295 212 67 262 276
737 38 78 706 250 706 250 238 375 250 375 906 864 906 929 245 225 167 271 274 109 60 207
901 145 214 268 118 128 138 123 226 231 116 201 272 219 10 7 48 294 58 275 79 270 88 152
894 250 132 203 161 5 72 98 0 124 249 204 87 41 93 73 218 295 220 229 66 145
889 21 47 98 194 452 77 49 197 1 200 11 31 95 260 23 71 143 126 173 211 216 232 9 35 116
894 115 129 176 211 270 110 128 23 241 11 94 213 47 186 276 104 255 204 101 167 245 83
822 130 134 225 237 291 580 100 298 10 84 82 76 126 251 77 49 154 272 153 185 198 156 129 113 115 245
894 23 270 44 155 33 172 11 84 157 221 254 126 184 212 47 113 295 48 214 287 195
15 66 109 289 415 580 415 738 402 415 257 415 400 283 89 579 858 482 14 974 247 209 161 52 2 62 84 262 249 76 237 187 272 238 276 218 219 79 281 153 224 241 80 226
144 248 276 96 81 196 140 29 18 274 101 2 154 107 90 287 111 35 176 275 284 257 78
39 42 89 114 119 130 452 143 278 97 280 13 223 262 298 282 221 34 10 159 236 256 254 50 181 154 187
65 100 144 48 22 213 182 208 143 191 104 121 289 181 176 141 20 93 45 39 266 285
76 223 139 38 231 225 237 224 170 269 284 151 63 202 191 91 102 162 62 209 185 146
165 193 220 291 41 145 56 30 283 66 50 299 44 45 124 74 78 154 40 104 169 95 198
89 109 254 581 613 477 477 993 594 435 477 301 594 21 96 112 477 106 75 125 117 777 94 231
822 6 81 129 171 185 203 209 242 287 581 148 218 197 119 276 269 76 262 225 14 5 126 159 298 129 168 194 85 151 107
273 470 294 94 80 285 280 186 187 48 46 236 234 135 175 269 240 75 134 178 66 52
81 171 283 135 77 224 143 35 102 66 40 106 124 292 79 207 162 285 282 14 154 49
201 146 214 84 153 170 291 114 21 79 189 4 120 106 248 14 125 150 262 50 219
13 223 214 128 22 79 60 282 34 248 229 161 103 216 232 164 28 105 196 131 257 84
60 68 364 111 253 173 285 127 142 92 152 118 229 249 77 163 166 94 97 168 215 260 281
962 145 284 144 26 53 147 21 90 174 137 79 213 32 249 280 299 235 233 281 223 218 54
889 22 63 142 283 218 234 259 63 263 261 270 274 116 38 144 195 222 79 156 282 11 27 189
54 62 95 132 222 289 294 199 5 182 3 90 134 218 242 152 249 195 224 264 69 117 180 170 124 81
822 58 75 218 268 240 33 235 195 222 79 121 285 268 232 257 181 170 81 273 62 151 264 95 182
244 287 241 179 56 94 220 53 295 207 192 224 25 245 154 112 163 162 199 265 73 190
128 223 246 581 691 234 282 296 49 254 229 98 186 110 39 57 170 152 189 15 197 216 168 202 36
23 204 14 82 269 249 278 272 71 27 93 64 285 94 139 270 88 38 265 264 267
224 594 351 870 594 931 435 623 613 351 931 993 594 94 67 483 112 106 278 477 117
136 470 69 129 157 7 216 154 16 84 76 221 224 34 57 208 97 247 9 138 128 159
15 220 237 223 37 232 816 754 330 54 816 153 68 15 299 620 533 240 658 70 15 282 292
49 56 114 172 216 44 278 156 5 192 149 60 267 108 208 85 45 71 89 146 178 295 93 194 176
962 7 160 195 261 166 217 287 118 121 244 147 233 180 149 267 65 90 82 269 19 110 165 249 234
452 84 185 14 53 78 178 33 280 172 254 105 277 160 91 56 209 117 110 162 199
194 196 202 691 697 968 285 792 719 719 285 763 679 968 792 739 155 289 128 155 188 57 689 718 122 102 140 255 172 260 100 195 188 290 273 155 203 296 91 110 77 208 57 159 154
874 10 111 147 226 246 146 275 179 36 152 76 215 111 276 272 193 157 136 201 52 254 218 203 117
889 3 120 251 267 298 9 288 240 217 90 156 6 14 270 171 223 74 262 142 123 151 242 113 13 241
14 107 111 209 284 207 58 126 32 27 250 235 153 175 147 270 280 286 69 39 179 87 255 167 112 165 224 58 47 0 177 225 9 215 140 31 128 193 179 14 123 280 166 245 57
108 458 229 9 5 272 14 40 96 76 169 45 15 292 63 125 181 177 31 220 61 152
6 153 156 187 213 581 133 253 162 76 102 192 187 285 175 75 42 179 30 49 73 148 64 118 59 127
13 233 238 297 691 266 172 119 1 296 242 259 190 43 29 236 35 67 144 254 80 96 211 20 86
89 173 184 293 159 226 298 257 50 77 203 253 225 10 11 89 98 34 21 107 197 82 118 90
100 101 113 228 248 870 477 931 870 623 435 477 931 351 870 594 106 125 477 777 75 477 509 21 160
71 91 129 185 191 227 217 124 281 97 266 132 113 33 181 176 291 184 235 225 239 92 145 70 256 268
290 16 277 210 136 279 109 254 84 217 33 72 101 232 76 241 95 134 12 53 187
235 470 799 211 500 211 415 453 453 799 709 415 500 980 486 934 707 11 357 247 355 85
874 73 119 134 154 269 25 210 259 265 200 126 67 230 65 135 116 53 183 212 248 61 151 236 254 280 129 103 198 296 98 135 75 120 66 156 97 101 86 74 124 99 194 192 8
962 40 80 180 204 580 236 68 132 99 232 72 229 98 104 294 295 135 187 216 223 121 33 37 43 289
16 202 477 613 351 870 477 993 477 931 477 870 613 477 477 509 21 94 112 103 125 219
118 168 252 364 48 162 111 146 160 163 112 100 67 10 31 83 299 39 102 262 54 7 166 145
168 691 220 148 212 252 178 157 6 213 35 286 60 271 262 7 56 200 209 70 97 113
902 163 250 16 237 294 203 73 167 132 78 217 226 97 29 61 91 134 271 86 245 112 232
100 229 90 285 30 103 35 247 112 257 214 212 158 54 213 201 12 48 225 5 149 287
832 22 100 116 125 458 231 157 73 146 147 228 14 19 275 107 51 185 37 89 15 27 91 165 53 295
145 160 111 249 60 258 89 35 34 136 6 297 144 97 118 219 276 15 12 92 50 275
6 15 271 364 192 272 218 40 133 89 22 203 127 15 54 287 122 298 171 26 69 182 219 271
822 70 248 290 88 88 224 168 129 90 88 328 915 179 20 578 684 465 244 65 184 818 5
4 76 103 111 186 195 217 197 101 172 234 265 243 9 299 18 32 47 177 199 206 34 162 163 123 154 29
41 54 130 165 184 183 144 132 122 214 95 223 65 251 7 94 208 237 160 289 33 229 42 71 217
822 93 157 151 284 66 63 262 268 78 181 98 283 234 240 127 70 169 276 217 170 261
115 143 351 477 613 477 351 623 623 623 94 106 483 219 117 926 465 112 21 67 477 155
962 104 121 143 903 422 906 250 306 422 306 906 306 250 863 787 60 274 718 888 248 364 79 109
21 160 166 580 691 38 145 63 160 162 250 112 245 123 257 56 138 101 170 264 158 282 203 268 5
14 63 131 151 42 165 110 175 270 111 77 54 64 61 24 38 161 135 137 258 282 179 186
800 10 15 70 145 297 194 153 76 47 212 285 246 216 68 278 199 36 210 172 159 0 192 18 195 282
73 100 109 581 76 144 194 140 220 282 181 183 213 142 264 171 237 207 196 60 5 256 50 228
2 286 627 823 581 581 394 235 581 775 775 157 125 379 963 806 926 125 74 249 154 109 162 48 153 17 217 105 143 264 254 3 295 63 100 247 22 123 98 224 145 215 226
904 32 179 245 636 163 249 70 115 13 183 290 139 170 34 251 189 212 43 187 78 14 261 162 243
26 135 304 358 531 358 351 770 674 358 912 789 789 380 825 13 335 754 69 245 72 806 16 179 270 135 267 78 230 210 129 286 117 115 111 290 193 38 297 256 182 22
16 96 158 176 269 279 351 993 301 301 931 870 301 160 483 509 444 477 103 117 926 219 125 278 21 465
207 266 620 620 870 3 620 870 775 654 775 872 161 161 55 8 1 364 72 94 103 235
832 2 17 97 126 186 870 931 477 477 435 870 594 931 301 623 993 278 103 160 94 106 483 125 509 21
29 207 208 221 237 91 166 233 857 294 835 633 835 19 857 294 272 234 148 440 903 101 69 269 271 87 273 872 620 3 887 887 870 161 270 97 46 55 8 466 973 255 364 2 1 732 138
55 220 963 657 327 327 354 631 974 211 59 636 46 57 136 951 212 242 166 207 708 718 190 285 282 183 154 289 22 18 228 163 280 124 144 93 81 30 127 261 2 20
16 21 36 85 166 288 180 282 83 47 280 265 74 65 62 251 89 241 165 229 151 3 290 41 276 212
231 280 16 6 49 82 98 5 218 2 27 237 15 151 296 103 19 155 213 193 86 244
186 286 691 241 249 121 120 226 33 234 291 38 294 44 69 251 221 91 72 124 293 161 216
822 832 42 66 154 157 267 264 252 210 148 269 170 114 248 256 204 168 195 209 173 165 146 101 257 224
13 51 452 296 74 136 66 126 265 37 12 294 183 131 198 210 246 62 155 252 89 167 13
41 141 150 152 165 198 235 144 246 283 297 81 239 42 76 126 150 62 266 176 119 205 255 139 188 253
21 35 147 189 196 235 298 268 192 36 206 142 238 70 160 200 37 275 187 119 33 190 48 55 191 105 126
17 146 190 290 297 426 524 581 374 394 615 449 775 615 235 775 963 759 162 737 154 74 157 926 104 283 792 172 139 76 177 295 17 71 298 203 162 101 223 187 206 185 166 27 55 205 217
760 211 293 568 55 256 120 62 43 237 112 172 176 150 287 268 115 231 58 15 12 59 249 254
760 691 790 822 822 552 207 552 789 113 232 990 121 36 162 157 177 129 184 179 652 295
20 35 155 218 44 152 90 287 258 191 136 72 69 77 196 7 199 33 26 145 8 203 179 48
65 110 235 203 196 220 233 291 172 252 262 272 246 126 124 214 171 163 266 74 77 76 197
800 5 234 237 256 266 367 71 77 51 263 292 272 140 119 82 70 203 89 243 40 56 220 150 54 208 123
343 250 7 10 150 13 187 154 253 257 245 67 207 12 151 24 176 272 104 240 231
874 920 979 19 98 84 2 182 45 193 95 107 102 238 105 170 122 152 159 262 149 39 92 150 161 72 287 140 271 86 155 46 76 59 85 249 100 130 228 275 77 50 139 30 67
87 176 246 538 62 298 116 30 53 157 282 120 257 140 38 7 8 12 188 200 250 193 11 168
824 243 53 79 293 183 157 1 295 105 97 230 240 7 74 17 108 12 75 107 15 99
822 904 949 218 101 172 83 37 90 29 232 192 184 150 203 81 157 70 141 28 121 249 207 153
89 251 170 75 104 165 159 280 272 144 199 26 106 49 45 79 277 220 216 288 123
95 129 140 222 257 217 140 232 145 19 10 230 118 196 198 107 58 241 113 126 127 37 258 269 22
17 80 81 133 134 39 218 273 823 235 449 449 615 615 823 235 775 420 449 283 178 792 162 737 926 104 963 219 11 18 276 119 91 78 72 207 273 150 20 29 32 228 67 15 289 208 254
74 81 141 218 285 281 75 187 52 3 270 228 53 112 70 51 7 182 148 284 202 175 85 23 208
949 159 170 219 224 83 161 178 23 42 189 30 196 99 235 25 245 238 165 141 118 298 63
297 364 49 266 65 83 51 145 70 139 38 273 159 261 161 226 232 247 285 72 67 256
971 83 126 962 1 41 570 570 589 627 563 935 563 570 800 627 927 123 838 876 59 108 36 66 884 82
962 110 125 160 205 248 125 125 289 409 865 121 92 534 125 68 886 164 139 241 506 37 18 713 134 197
37 56 88 129 204 251 828 541 176 980 83 541 541 828 10 428 960 101 827 718 153 142 612 836 541 96 295 80 266 10 45 81 184 37 59 31 186 229 44 58 235 257 271 245 52 183
81 581 623 301 301 993 870 301 613 301 75 21 160 477 483 563 278 509 444 106 777 477
205 253 760 30 56 71 76 11 218 345 479 218 407 295 218 407 199 407 795 107 166 167 786 197 305 281 876 246 201 265 36 74 121 107 87 70 163 221 212 85 192 149 286 280 269 228 209
82 293 277 186 200 82 29 266 183 132 279 231 61 117 203 270 144 179 135 239 40 296
3 43 71 153 106 46 282 132 82 44 174 84 24 89 221 271 31 27 76 134 0 277 54 244
13 122 203 288 57 152 140 57 208 452 208 452 286 43 252 76 924 114 172 12 144 150 62 27
752 26 97 120 2 110 191 230 284 243 242 174 175 286 111 126 10 97 120 205 272 93 296 228
69 87 214 284 127 71 18 193 165 255 101 292 86 217 208 160 110 103 76 247 282 241 273 274
822 176 299 39 86 121 186 203 215 224 249 615 823 394 235 394 581 823 581 235 823 594 157 737 792 74 904 943 379 162 283 26 198 105 86 75 83 175 274 112 36 97 58 180 235 261 202 284 209 99 208
193 279 257 64 152 188 268 253 183 92 172 9 146 2 291 118 208 254 167 91 240 122
34 128 172 241 268 367 426 263 46 179 220 240 289 131 15 135 182 242 251 19 87 291 95 253 51 65 187
134 138 170 232 244 53 225 13 18 249 161 4 7 105 210 231 85 54 207 26 227 147 270 223 298
147 176 290 707 211 105 154 43 230 179 73 129 131 242 161 143 277 25 187 81 120 267 163 106
760 167 691 707 82 17 199 78 21 143 84 156 168 179 185 51 36 124 52 265 259 138 123 188
949 108 568 698 85 298 199 91 115 156 76 271 109 172 2 126 37 9 194 181 20 231 171 124
822 877 949 46 166 168 565 235 107 194 120 234 298 154 283 249 135 112 110 202 68 109 91 263 244 163 75
123 211 90 277 143 189 122 261 82 112 257 15 136 52 299 14 75 107 174 228 55 56
824 135 182 217 242 531 283 63 16 50 196 217 137 41 233 113 229 240 299 277 152 6 67 194 74 22
18 30 218 241 256 261 271 2 288 102 35 45 104 181 230 271 37 93 128 217 61 72 184 207 214 263 272
832 53 193 239 272 168 179 274 34 280 86 132 44 85 229 284 24 96 261 125 120
93 112 168 69 70 157 77 37 249 160 204 225 34 6 61 67 230 90 299 222 288 186
113 89 12 266 182 124 140 56 196 59 239 247 277 28 1 184 202 60 64 52 0
51 212 271 279 364 1 277 196 157 286 151 239 149 257 299 125 263 97 134 254 95 127 261 145 114
33 56 100 104 207 293 141 43 21 256 211 9 89 111 219 47 76 262 63 263 88 287 282 126 286 46
987 24 41 278 267 4 286 105 227 157 55 197 259 198 164 12 56 121 6 253 63 28 101
94 201 81 286 213 121 245 168 270 275 175 148 39 239 183 59 107 108 218 127 177 29
38 220 227 257 264 289 185 103 224 221 46 27 76 111 144 290 154 177 298 206 122 44 230 51 188 59
962 148 155 939 47 63 91 138 233 258 531 168 167 217 590 93 167 789 93 528 977 224 893 228 166 853 652 27 113 736 924 139 108 213 162 38 95 84 182 291 120 277 262 234 144 64 270 44 68 181 170
3 19 199 178 229 209 131 139 262 234 23 15 71 281 203 152 39 38 138 40 42 154 189
5 31 250 29 245 36 79 215 266 209 161 205 260 243 47 103 299 273 136 23 58 123 265
710 183 102 286 219 90 257 0 74 266 225 12 216 229 250 35 181 165 193 86 218
74 249 558 584 700 705 266 584 845 845 700 726 103 74 837 166 11 621 137 516 659 559 486
752 139 435 301 594 931 351 435 301 351 301 477 21 278 117 444 67 94 219 483 160 75
35 258 474 558 707 277 107 61 200 225 235 287 193 156 116 8 296 43 244 78 16 124 71 126 96
824 30 82 182 222 435 558 221 754 331 515 782 201 718 917 908 59 526 77 148 17 597 135 677 266 235 906
822 112 206 230 220 965 220 57 994 592 959 276 193 78 117 585 56 259 41 648 88 679 699 399
55 144 554 143 274 121 463 463 409 92 92 409 534 125 865 79 134 713 798 834 228 805 12 241 506 220 276 7 1 273 259 186 66 271 270 95 50 60 223 267 56 69 80 25 39
38 163 295 707 298 282 225 13 249 201 202 180 106 198 21 10 117 203 110 199 258 239 175 248
824 5 15 171 565 466 860 572 805 860 492 998 853 274 255 930 722 514 80 134 455 48 839 232 462
285 125 259 287 29 241 34 264 248 194 234 261 178 106 145 135 202 207 295 46 130
54 572 108 106 102 170 264 252 180 214 218 181 289 112 153 154 208 66 166 270 193 79
16 33 34 151 214 227 233 569 301 623 623 613 870 435 623 351 931 444 777 112 477 926 219 21 94 67 160 117
3 15 27 37 273 474 96 245 51 56 0 139 279 202 256 103 8 151 166 64 59 208 77 132 164 67
115 658 84 207 167 217 24 53 150 122 104 291 95 52 272 39 249 204 38 73 175 9
69 77 233 250 285 895 36 753 119 733 753 509 682 933 891 477 364 225 718 499 109 133 863 235 834
68 226 514 760 191 192 615 420 581 394 273 394 394 235 775 449 581 394 806 162 74 178 594 755 157 926
744 21 33 113 153 154 161 125 121 463 118 118 534 92 463 409 121 134 924 713 886 37 197 506 841 798 164 87 253 19 76 91 140 163 226 0 227 108 185 257 264 72 246 233 148 110 271
962 168 505 927 118 919 538 899 638 201 501 9 248 146 70 190 261 42 209 134 152 230
760 36 271 163 291 162 216 157 290 240 36 264 221 65 2 80 172 14 217 269 211 49 292
760 9 69 235 64 58 110 247 281 197 298 67 131 152 30 73 104 241 2 258 280 107 119 35
87 236 292 306 34 86 119 222 223 211 150 70 17 36 167 217 212 208 242 180 157 110 293 32
800 24 80 214 224 541 116 731 650 533 170 762 664 762 906 129 106 194 280 29 83 15 748 141 142
62 85 146 209 470 199 10 98 97 211 198 48 59 278 287 40 246 73 210 292 282 208 28 204 260
115 180 205 221 258 732 859 216 145 145 756 777 323 466 466 349 5 602 222 159 844 22 478 353 190
77 215 273 919 19 51 265 845 845 350 845 181 181 676 68 692 302 543 417 413 203 352 739 122 207 881 144 34 251 51 24 189 277 205 234 33 274 264 154 15 145 121 258 260 47 131 14
23 168 222 41 297 517 531 302 780 832 676 832 796 521 181 417 126 881 122 285 61 413 739 559 352 203 105
962 37 128 548 988 193 470 988 101 564 988 101 536 215 586 222 902 330 565 183 361 223 193 683
136 517 346 832 521 302 692 346 692 413 166 207 739 8 352 417 543 446 207 61 278 122 479 479 446 479 392 958 446 370 370 370 803 977 885 14 595 886 599 317 407 137
102 292 413 636 102 209 718 568 983 495 732 849 732 568 983 398 955 50 204 748 931 94 31 912
81 167 210 212 279 17 203 39 292 232 46 168 274 266 225 280 255 113 187 184 107 139 204
66 112 710 238 167 290 89 73 196 235 22 151 239 279 64 241 111 50 84 106 118 65 70
134 137 298 259 150 10 257 85 153 137 120 214 94 57 156 232 178 5 215 177 144 83
879 34 244 319 473 114 147 122 117 172 145 219 163 267 130 68 135 202 24 53 237 293 121 86 111
