182 201 446 715 104 245 122 117 51 154 227 136 131 113 147 1 95 75 48 18 165 233 19 181 249 298
571 14 191 395 395 395 31 912 911 31 616 316 709 321 55 79 289 616 176 709 525 525 563
535 117 142 276 395 395 395 31 912 911 31 616 316 709 321 55 79 289 616 176 709 525 525 563
273 103 119 155 424 424 431 149 424 427 112 691 424 427 756 662 695 111 131 80 102 233 197 289 202 286 35 2 119 138 108 248 198 90 165 101 197 20 82 109 22 89 210 150
564 64 104 191 249 159 271 195 114 8 174 193 262 55 291 37 11 39 13 171 141 151 292 126 93
898 207 270 34 80 134 222 309 226 226 648 226 475 29 256 648 226 475 626 660 870 273 501 412 93 152 498 87 153 150 101 167 1 32 115 260 177 119 143 158 27 14 216 81 65 9 110
57 932 911 912 395 395 395 395 616 709 932 932 912 176 223 808 756 10 930 270 700 70 273 106 116 250 261 57 45 188 26 4 64 253 290 181 187 297 25 94 93
214 296 289 190 48 275 271 103 197 243 40 162 239 277 88 10 107 296 97 213 4 100
860 170 238 247 293 591 411 195 195 516 369 475 405 344 405 195 36 870 18 277 228 121 83 226 492 720 644 644 504 824 540 644 504 138 171 836 858 19 180 252 257 238 173 64 95
67 182 209 238 159 174 73 180 172 158 202 6 247 14 201 72 147 292 111 275 283
898 116 134 174 109 246 80 243 1 126 25 56 129 230 158 232 156 293 11 143 98 176 214 21
655 39 91 104 135 17 127 123 250 41 115 186 291 227 132 61 121 70 187 248 40 92 276 134
122 276 203 193 96 88 144 73 278 108 170 276 60 97 156 59 35 38 56 131 118 281
166 265 180 179 173 78 167 31 213 209 262 89 192 131 241 11 27 189 188 130 220 51
578 99 24 76 208 219 107 20 132 192 68 0 1 77 268 210 231 2 245 243 154 277
73 76 2 31 46 191 183 86 3 75 11 50 107 153 255 126 17 280 49 145 180 204
860 285 69 267 296 27 245 208 35 215 7 227 134 22 70 198 127 235 106 91 151 217
146 187 37 26 211 135 74 154 57 253 280 137 131 80 194 202 254 28 260 204 51 153
860 60 234 114 48 97 15 149 135 237 41 99 134 24 202 148 271 57 142 188 67 3 222
679 742 860 125 162 166 215 221 148 87 147 70 96 64 179 279 298 88 53 95 38 19 248 276 249 110 141 40
614 678 85 742 860 3 26 122 142 150 156 164 172 177 179 231 57 381 926 792 886 381 57 381 381 60 83 224 98 299 900 307 192 355 423 287 49 280 116 186 172 13 155 166 9 272 282 182 14 3 77 206 63 265 188 171
535 655 146 216 239 248 249 257 285 225 256 275 181 185 69 153 26 91 196 39 262 75 287 179 203 148 5 14 35
679 9 266 679 13 127 148 221 273 49 551 49 551 638 724 608 910 830 133 144 211 353 281 830 756 954 130 111 106 8 224 223 103 7 48 178 232 145 128 157 200 54 286 35 216 137 108 209 298
34 51 179 285 6 19 233 3 253 18 224 51 132 199 100 77 41 175 172 229 28 234 192 55
975 237 243 103 174 180 122 203 21 110 96 234 60 133 250 22 123 165 231 175 183 206 166
679 61 678 65 220 216 224 195 1 224 225 210 225 216 193 179 229 26 408 191 142 293 293 113 92 143 59 163 276 234 44 40 282 168 80 153 100 176 263 257 85 198 277 46 29
4 272 17 198 207 138 168 126 223 49 158 214 284 61 163 228 187 260 123 227 295 277
678 975 102 251 274 252 120 28 40 211 194 125 1 57 277 225 157 202 41 268 151 164 270 229 102
25 69 150 219 228 285 139 175 229 261 284 228 160 260 233 84 209 171 176 135 209 286 285 95 77 114 31 123 33 318 137 174 58 10 292 230 126 269 176 79 282 197 49 11 112 89 117 291 225 170 22
614 119 137 205 279 189 230 175 116 253 60 272 175 102 139 109 113 213 67 92 126 142 135 79 36 229 103
158 163 160 183 260 209 275 111 209 276 254 73 428 105 114 267 98 463 59 294 492 756
218 111 209 271 21 200 271 21 226 158 276 188 254 59 129 71 401 73 98 114 756 173 278 223 299 188 17 178 234 4 85 204 63 138 37 81 288 57 207 180 38
102 145 230 233 211 296 164 218 257 283 152 153 241 238 84 251 117 262 110 256 158 138 259 227
6 264 289 948 0 42 147 191 196 218 222 136 222 247 236 28 10 970 198 122 280 55 108 180 114 123 77 31 287 285
191 281 73 281 421 73 400 371 836 421 111 64 855 146 156 209 175 222 432 809 2 209 4 283 0 224 89 189 294 49 289 45 86 260 118 268 133 48 249 146 143
97 79 188 120 116 127 261 291 58 93 106 211 53 109 28 239 142 14 128 259 236
174 271 23 293 120 258 11 197 271 47 124 176 299 74 189 144 297 81 177 257 29 109
581 21 161 182 229 258 178 38 92 7 55 282 272 221 49 4 267 40 125 127 270 255 50 131 105 130
42 62 145 288 290 255 233 232 41 43 130 145 141 278 294 62 93 46 296 291 111 48 249 297 184
525 142 213 299 151 269 52 189 197 141 274 264 283 252 231 219 49 232 106 205 184 260 14 198
29 54 79 144 152 193 272 275 36 296 298 182 297 215 130 114 3 79 231 107 169 234 14 91 129 212 278
222 248 20 37 59 165 130 119 292 96 16 88 81 276 101 192 200 26 115 151 184 158
614 6 225 283 285 230 185 84 210 6 176 224 251 234 208 132 205 190 188 261 67 101 161 211 126
60 68 141 185 242 119 238 261 284 4 296 128 249 100 163 286 149 262 30 177 145 47 96 193 113
119 231 227 246 289 268 59 100 92 166 219 296 12 82 251 292 32 80 223 222 93 280
614 247 54 92 212 173 242 266 283 284 179 143 2 93 209 109 47 255 167 105 253 159
679 66 113 132 233 227 257 0 46 87 188 254 186 73 194 239 92 22 217 266 285 149 15 77 1
975 190 108 218 15 277 161 144 81 47 235 82 193 154 18 31 98 158 189 267 210 2
154 259 97 167 134 67 54 10 72 70 177 129 165 201 168 296 209 102 13 251 135 239
155 165 286 11 269 101 184 281 274 65 66 266 170 245 181 295 1 62 134 280 289 135 158
25 45 124 197 209 49 10 127 66 127 127 49 80 250 502 952 111 777 77 840 767 82 831 128 284 123 130 76 10 251 85 84 81 151 214 263 60 268 125 172 27 174 155 200 127
680 246 71 297 65 190 35 46 111 75 45 150 258 288 114 52 231 229 100 213 277 109
249 255 296 243 268 69 127 267 71 108 124 213 58 64 106 176 155 194 5 46 111
120 169 183 40 254 237 81 151 299 227 257 93 53 286 203 260 284 201 106 288 127 267
233 217 183 228 266 33 14 186 261 154 282 151 220 224 7 129 10 184 56 197 34
161 293 32 139 172 73 274 273 45 74 278 200 14 66 96 256 262 250 104 285 181
948 24 106 131 145 172 250 297 94 70 187 280 35 231 246 141 151 87 56 298 193 132 289 45 31 131
181 614 716 48 138 17 25 14 17 644 44 239 847 44 131 129 963 71 114 59 175 259 492 267 162
219 263 17 25 14 17 644 44 239 847 44 131 129 963 71 114 59 175 259 492 267 162 70 240 212 143 88 229 148 71 166 254 154 174 0 36 75 175 270 279 158 79
146 245 52 58 282 258 160 212 282 195 296 193 258 215 16 318 108 33 123 285 31 194 95 156 218 131 254 280 18 13 198 146 195 89 221 56 5 255 232 178 196 11 0 260
679 20 96 121 176 221 94 104 10 195 208 69 12 277 255 80 279 170 42 171 45 222 292 135 186 21
446 18 99 200 122 79 99 252 223 29 299 171 174 285 177 295 199 113 1 108 157 187 159 292
446 94 259 71 89 138 246 140 284 73 155 23 128 293 68 141 194 204 54 10 112 94
42 43 123 58 1 18 194 113 260 50 277 227 84 220 111 243 95 206 288 214 120 245
107 132 182 53 71 156 240 199 199 808 667 674 667 674 123 95 156 280 55 285 835 119 16 33 63 137 194 157 50 285 280 186 227 103 53 148 69 138 49 132 136 115 165 192 255 104 162
581 227 231 146 129 225 97 28 107 84 184 140 269 157 9 172 145 252 264 128 275 4 250
10 104 179 226 78 22 254 150 285 97 111 232 85 83 11 219 184 189 131 120 39 139 86 98
50 90 148 250 2 265 213 225 129 186 182 140 108 19 139 279 228 44 268 160 63 288
723 212 211 118 67 252 88 255 217 92 98 195 257 292 291 101 249 34 70 235 139
948 66 122 155 257 221 288 259 48 169 54 91 271 37 90 82 276 225 108 222 166 157 293 224
51 144 200 294 121 291 101 69 263 88 175 131 111 280 70 160 242 134 43 163 76 79 279 159
55 253 4 80 23 269 84 114 160 185 81 118 226 158 207 5 124 33 233 46 248 49
446 111 298 158 289 211 212 269 244 1 125 192 50 201 141 150 126 257 180 266 294 288 4
52 127 199 270 288 231 143 192 285 37 15 249 43 111 4 183 281 94 223 29 248 54 153 112
4 13 77 280 282 57 265 29 299 49 105 107 225 18 14 212 187 280 20 244 116 147 258 124 264
18 195 213 265 298 26 64 103 120 184 243 421 281 371 836 719 836 187 348 73 719 421 371 201 622 277 30 809 222 468 111 6 270 23 278 255 230 277 269 265 206 80 67 249 293 142 127 190 244 233 188
148 244 50 54 100 120 273 273 823 581 420 449 273 235 154 379 125 963 157 275 904 283 74 104 792 759
221 276 680 281 680 324 981 276 680 105 963 463 162 254 73 98 294 129 401 428 259 220 30 31 199 75 76 214 11 64 104 159 2 167 100 298 225 212 224 118 235
652 196 223 220 259 37 129 9 234 167 181 218 0 113 70 260 186 46 244 39 6 257 98
0 271 578 742 57 258 47 274 163 137 137 163 163 923 963 59 267 294 114 175 492 254 55 129 463 401
541 50 89 147 177 345 345 434 136 332 542 542 59 59 487 232 204 101 189 136 193 97 251 167 222
7 60 144 180 214 353 240 694 353 798 353 233 525 155 82 252 437 633 213 198 58 45 79 162 208 190 284 230 107 246 286 15 271 53 198 252 66 92 72 273 31 156 224 226 100
716 33 75 100 110 144 191 221 192 5 253 178 15 265 252 158 136 159 63 293 179 156 230 202 285 249
446 655 113 25 251 98 188 224 154 105 196 112 285 125 135 3 110 262 205 148 199 230
19 25 267 280 97 52 154 113 36 101 154 97 211 26 214 92 191 31 71 20 103 135 179 79 52 258 149 159 232 268 132 153 40 59 122 77 70 145 8 289 299 177 50 7
99 147 212 279 51 100 194 247 253 53 182 254 99 151 150 57 37 217 175 178 9 298 89 114
76 147 217 230 355 253 151 70 57 212 78 291 155 267 12 189 85 67 81 42 32 279 293 210 175
655 163 219 286 581 193 221 87 213 87 87 237 47 759 968 237 591 729 156 194 108 137 63 119 33 16 318
541 679 39 54 55 144 158 569 543 569 675 569 526 256 339 85 75 296 572 41 401 929 99 476 218 511 226 203 167 110 179 53 264 276 282 177 263 222 265 180 166 217 213 289 15 291 34
94 163 274 220 97 101 243 111 286 268 271 205 281 254 6 288 45 109 123 231 65 85 182
578 166 169 178 103 76 106 121 122 183 7 28 172 288 48 104 136 17 246 61 165 74 118 289
742 79 83 176 242 274 232 36 152 213 97 190 7 20 60 229 200 57 9 288 66 61 29 221 188 176
35 210 86 122 20 145 235 179 151 223 136 143 150 126 209 183 115 290 55 30 89 149
569 190 192 223 252 84 18 119 138 206 212 126 25 217 164 273 148 288 204 293 257
614 679 58 99 47 268 224 186 49 46 23 24 259 288 30 27 182 216 256 33 113 296 173 86
164 253 5 248 274 258 119 165 186 27 116 191 3 103 233 142 223 77 88 63 101
9 163 265 14 18 156 174 258 675 56 923 256 680 923 256 680 675 923 543 569 41 283 85 218 296 52 264 476
569 32 57 145 59 542 319 345 434 319 59 542 434 136 117 84 320 3 193 222 189 232 487 965 292 58 168 51 17 205 185 256 56 83 62 243 218 198 134 101 66 178 224 239
716 240 255 264 74 77 146 243 251 693 774 405 253 236 405 348 348 864 23 123 863 82 75 140 617 972 343 11 190 93 295 9 52 271 279 153 101 280 125 298 213 199 187 18 179 287 15 49 198
578 67 278 446 51 541 851 808 808 134 145 405 851 851 64 64 190 123 253 343 103 499 228 972 883
578 143 217 223 272 148 197 78 78 197 239 148 281 76 8 296 393 120 55 1 26 216 477 50
742 219 267 348 281 180 239 281 348 272 0 477 296 76 167 26 166 8 55 393 50 145 211 627 215 216 430 88 216 430 146 950 627 34 536 767 682 284 689 234 273 783 704
60 104 190 277 207 298 290 200 293 71 255 187 216 248 203 189 165 33 227 271 41 8 48
774 94 184 253 168 25 15 190 60 254 42 207 10 198 214 121 30 274 228 120 187 170 273
432 13 68 58 293 38 184 283 93 47 73 185 164 19 255 22 14 49 94 98 298 50 172
779 40 82 127 140 774 113 167 195 20 369 475 411 405 405 475 369 20 101 134 121 381 64 541 492 551 363 552 119 111 272 38 186 234 286 24 202 40 115 162 220 227 203 126 223 101 21 230
47 49 50 70 191 223 23 68 131 50 181 180 108 162 80 238 122 92 125 249 265 142 245 111 39
742 78 178 283 114 21 81 220 280 91 76 124 11 130 86 281 221 0 194 12 165 296 275
581 5 72 230 28 33 38 102 273 273 394 615 615 823 235 394 904 178 125 275 483 162 157 926 379 74 792 806 272 23 211 152 247 150 22 239 20 1 39 52 36 157 85 248 30 89 137 176
30 149 226 237 186 219 284 151 127 211 200 85 50 38 156 137 168 282 136 74 147 96 187 180
109 253 256 136 237 228 156 16 103 134 288 252 125 258 34 243 233 281 140 211 29
577 871 82 111 284 70 213 124 224 191 142 232 160 28 299 292 178 27 277 4 16 202 140 97 265
830 90 172 299 245 135 67 227 98 128 26 225 101 202 201 275 74 19 34 189 96 78
427 94 107 170 1 21 55 98 82 225 249 85 142 160 239 264 263 154 228 44 118 127
716 93 170 272 108 289 15 86 88 10 120 17 41 136 63 42 32 250 235 50 138 131 125 202 45 77 23 8 164 212 91 276 54 228 285 273 233 25 35 57 69 92 3
47 59 139 143 176 211 267 106 282 51 184 105 59 224 151 247 207 164 261 163 117 252 237 292 86
88 230 290 133 43 216 239 268 29 176 254 202 102 265 262 153 42 237 234 267 282 299 279
51 121 126 95 166 9 263 116 196 233 123 172 77 219 225 108 86 104 286 26 249 52 124
742 35 37 60 176 178 190 240 76 84 224 102 287 81 138 135 169 99 30 253 97 9 49 237 282 263 273 298
581 948 68 151 223 292 130 216 236 245 183 243 75 183 245 22 22 75 162 254 401 55 963 114 428 73 259 463 175 52 218 77 21 277 135 115 191 103 220 158 187 162 240 140 211 208 159 282
581 666 48 73 141 176 225 296 0 15 35 103 116 232 278 183 243 155 235 243 263 158 268 263 175 67 59 492 463 428 267 98 105 162 55 184 67 78 10 288 185 170 143 65 44 110 216 284 108 251 114 61 149 177 152
446 789 76 91 113 114 61 267 43 159 99 193 221 86 172 252 38 296 256 112 162 150 68 200 55
151 274 295 43 88 99 189 289 499 34 529 91 405 289 215 289 499 375 727 855 564 218 467 491 127 946 942
30 198 184 143 705 705 732 732 732 524 190 113 86 129 79 155 606 71 831 20 191 92 54 141 197 29 130 23 154 73 282 246 131 297 139 44 240 142 189 8 224 176
581 229 247 546 716 206 284 207 207 213 195 52 213 276 173 179 61 503 458 909 180 221 224 194 458 94 934 65 16 131 17 152 54 277 34 0 203 8 100 200 18 267 171 215 106 235 94
8 54 97 131 149 163 181 197 413 132 51 61 196 162 133 207 122 219 251 100 9 10 81 187 267 160 23 70 16
817 8 189 581 65 226 906 226 906 367 226 26 423 526 445 14 55 486 180 606 298 154 381 556 88 60 289 226 133 211 163 249 31 132 218 5 134 155 167 20 272 158 184 273
643 21 98 222 233 273 289 291 499 4 10 101 210 529 1 982 850 820 187 187 798 55 64 185 606 298 217 910 381 260 441 154 556
788 105 205 214 259 348 904 719 400 836 371 719 264 398 907 175 111 201 483 463 156 316 30 209 277 53 6 196 36 259 124 81 136 247 170 191 64 39 89 167 281 35 159 226 234
948 43 120 134 214 262 265 31 5 126 188 216 90 42 124 211 144 182 168 276 244 18 39 105 226 273
850 948 40 96 242 246 251 219 173 116 68 202 261 242 253 19 101 137 24 268 266 145 61 174 52 160 163
215 286 207 43 160 288 26 35 190 52 145 8 165 126 175 98 36 82 109 197 252 184
695 145 146 206 268 249 126 154 243 67 23 39 120 49 102 44 88 234 277 182 162 43 86
572 580 171 245 193 43 7 232 39 223 188 261 2 168 277 145 9 258 112 54 126 97 217 116
39 132 143 156 203 93 43 277 227 16 185 217 66 52 73 98 59 87 84 221 101 151 65 220 56
871 168 270 283 9 45 152 511 14 71 955 180 955 212 511 106 386 37 438 446 616 504 642 292 438 80 145
789 235 296 14 14 14 225 257 143 152 220 14 91 593 172 308 359 137 593 58 610 166 268 80 172 79 154 145 59 43 170 201 241 73 163 116 265 207 233 296 253 32 72
817 48 54 175 264 267 774 885 69 85 113 156 260 289 984 289 266 227 309 622 622 29 266 622 227 166 176 79 408 293 126 831 113 135
42 217 276 298 623 18 396 830 224 317 170 623 361 132 727 773 193 797 85 11 188 237 2 101
926 113 290 615 235 823 775 823 449 420 806 759 283 275 162 943 74 154 792 43 157 755 737 93 246 277 290 103 77 200 218 2 149 17 113 56 177 110 89 221 144 189 72
789 273 67 129 159 261 526 801 585 381 801 61 526 526 142 723 917 367 652 651 61 590 307 116 248 55 49 249 201 268 285 2 299 84 242 211 46 88 163 192 37 178 11 183 286 196
926 2 34 36 116 141 118 284 44 41 132 100 99 186 97 45 214 58 163 218 136 76 0 228 242 14
19 169 216 251 30 105 198 59 677 793 452 763 881 226 132 160 149 105 144 64 763 699 291 108 114 512 563
59 71 76 234 269 288 66 770 304 66 358 674 674 245 339 72 594 825 136 24 566 145 66 368 716 193
59 165 293 79 903 323 246 792 575 79 323 563 459 830 806 243 641 12 220 903 443 524 10 139 247 260 187 145 110 126 252 130 274 165 279 62 275 178 58 80 194 230 191
11 223 243 250 539 592 592 852 592 14 223 387 847 236 669 228 190 160 24 946 251 82 890 151
572 127 147 37 92 104 127 134 206 822 525 525 452 728 525 596 553 452 553 525 212 265 106 80 278 115 297 693 130
432 43 112 120 128 200 265 730 67 521 521 565 730 521 135 155 293 79 71 503 103 831 408 214 561 606 191
742 139 211 218 236 252 67 4 521 565 503 503 503 342 564 4 811 606 126 408 503 135 155 293 129 92 190 39 25 122 184 287 245 103 165 222 286 216 47 277 58 236 225 119 246 148
578 102 267 598 9 141 288 289 77 383 383 608 827 338 519 337 309 931 169 663 630 728 640 179 460 601 36 685
37 45 273 334 490 490 731 731 403 907 490 490 615 301 490 793 121 145 141 285 61 76 403 223 58 140 171 224 19 142 198 88 177 249 231 40 154 135 161 237 47 192 28 130
742 2 41 73 104 143 153 190 54 192 143 213 37 159 10 241 121 214 200 7 254 58 280 265 133 262 295
101 105 145 153 209 276 282 49 236 171 25 2 5 177 88 186 46 175 142 281 26 240 158 278 81
871 136 150 274 749 153 62 423 62 836 715 836 209 62 749 62 219 288 65 522 278 64 263 114 141 231 277 282 286 268 135 25 279 60 172 165 19 42 97 57 12 120 137 67
26 77 222 235 128 105 224 290 153 254 288 291 271 221 39 71 279 111 283 186 298 231 258 23
68 250 265 67 120 210 26 130 170 31 59 248 13 49 29 264 153 79 215 245 246 2 23
558 578 130 167 244 51 172 173 225 775 273 420 235 615 273 235 420 775 420 273 615 74 759 43 926 379 162 737 283 1 142 162 216 158 212 271 190 22 258 150 207 107 194 83 130 69 253 285 214
55 161 183 251 298 247 273 12 147 251 185 209 186 131 41 22 199 99 13 87 132 59 215 91 218
