231 297 771 857 45 73 284 296 27 94 247 111 93 149 201 30 67 5 91 46 265 211 170 107 154 147 44
102 121 161 486 546 597 81 782 377 507 648 805 296 645 218 592 64 211 1 478 523 228 812 56 169
105 180 204 236 380 725 775 342 380 695 380 867 343 775 695 245 349 904 334 867 271 349 145 67
32 53 140 296 812 169 507 228 812 228 228 169 147 875 645 1 12 891 570 225 691 211 56 0 218 150 192 84 13 75 35 234 135 44 207 146 121 51 271 115 223 145 282
18 22 85 125 546 584 12 26 26 815 26 3 3 257 7 205 194 70 295 859 225 205 56 564 749
52 108 348 669 639 639 102 4 194 189 807 979 791 716 481 242 261 490 57 102 189 641
968 259 277 291 274 189 204 159 126 80 51 67 140 93 120 85 90 88 233 42 273 39 258 283
46 122 171 195 597 277 69 192 198 123 44 236 213 171 65 142 84 188 62 208 293 222 25 243 73
74 155 67 108 794 6 249 766 453 249 255 249 6 6 766 60 222 446 570 181 370 531 30 284 230 97 871 871 302 779 705 97 91 225 898 159 288 306 306 135 970 130 62 12
52 56 153 282 392 546 779 982 302 931 230 97 779 892 705 267 175 306 976 898 12 536 306 159 158 91
110 243 265 236 277 3 60 172 202 20 38 267 192 131 207 86 205 269 127 173 164 8 80
92 22 25 175 186 245 879 6 794 766 87 255 453 794 879 794 794 766 129 222 841 349 60 175 875 446
28 178 239 597 6 960 255 280 255 879 794 453 446 83 349 60 99 570 425 891 175 30 78 222 260 200 247 17 131 33 264 96 242 174 234 256 13 10 40 299 77 258 143 175
144 201 180 122 99 265 12 40 282 209 74 278 102 256 252 168 223 160 107 237 157 163
110 239 284 34 27 294 217 13 97 281 188 224 62 159 84 249 206 146 178 91 0 221 280
7 80 116 208 213 118 66 110 242 297 160 219 177 161 17 53 173 33 60 92 169 227 119 100
34 65 137 268 297 228 145 6 65 190 261 276 134 1 278 62 9 260 121 77 11 293 14
128 135 243 13 71 168 570 56 812 812 648 296 805 507 228 875 221 29 154 194 63 691 12 64 39 600 147 5 11 216 108 129 249 213 188 110 156 159 186 243 167 147 164 172 166 89 53
189 663 108 985 663 108 863 863 262 262 929 663 465 66 129 780 76 932 254 154 72
36 39 54 74 129 150 242 270 182 76 160 16 84 277 170 163 127 223 286 292 158 153 71 210 87 126 121 236
98 105 64 230 224 212 148 244 268 171 10 15 73 45 86 260 82 60 177 130 50
38 128 215 272 529 574 517 517 221 212 260 483 221 374 506 144 60 96 207 707 222 50 230 13
968 175 234 237 361 108 929 361 716 108 985 913 913 108 235 147 72 208 66 239 591 154 780 72
168 238 219 280 43 69 153 79 26 246 22 173 77 6 213 58 258 188 211 193 197 274
65 77 117 144 206 287 79 298 146 52 50 6 122 114 55 63 14 233 147 62 279 161 127 86 42 236
217 228 266 203 125 253 278 172 215 81 86 7 130 54 204 66 181 218 13 217 134 276
71 147 128 115 289 293 3 38 261 1 237 252 134 164 81 171 14 90 109 286 124 170
84 168 392 486 39 56 114 225 274 18 233 21 125 213 38 70 5 238 298 9 59 23 90 250
7 69 180 275 48 701 48 701 124 182 625 701 296 48 188 496 109 123 562 130 160 147 173 655
3 45 86 103 217 221 115 15 208 29 276 173 127 143 226 140 45 32 109 187 38 222 220 299 129 39
19 97 103 271 174 28 220 93 221 100 24 140 25 2 95 11 197 136 200 73 299 150 252 235
19 185 858 310 310 523 617 362 858 617 834 161 980 300 728 627 34 762 658 221 680 263
43 103 156 135 279 225 168 217 93 84 256 141 28 10 183 149 130 3 79 227 249 203 123
205 223 76 220 247 108 227 268 29 249 53 107 13 178 117 219 271 4 21 201 299 258
118 253 296 134 190 116 216 47 12 53 70 45 283 38 203 145 76 68 209 260 221 106 103
50 72 139 193 219 235 174 62 92 10 195 17 227 242 145 77 24 251 143 295 118 69 182 144 23 3
10 66 108 143 210 116 102 182 178 254 153 39 195 292 294 124 213 16 44 176 80 107 143 218 82 2 161 296 221 223 160 105 57 63 216 46 219 73 200 120 84 192 278 28 215
118 122 125 202 241 279 187 273 107 2 63 69 71 212 77 171 119 114 262 32 36 93 111 179 118 116
52 70 170 236 54 113 295 20 62 224 26 42 198 215 122 238 279 175 95 128 125 99 64 290
7 55 181 94 28 247 47 205 122 270 143 107 230 234 162 82 195 113 243 183 175 207 284
30 65 194 253 122 280 186 148 207 237 111 41 208 171 135 71 61 172 157 176 58 18 144
25 116 120 199 262 294 55 41 263 128 96 123 63 37 244 288 213 161 73 184 279 115 192 219
28 72 96 37 51 74 133 186 256 115 152 987 940 987 245 858 826 589 131 188 106 169 22 667 225 509 67 174 579 291 116 24 62 238 49 248 212 170 267 77 107 159 234 282 177 252 254 141 52
21 145 167 219 184 234 155 201 100 82 109 277 125 217 256 221 77 92 278 196 215 54 113 228
968 29 31 72 186 287 297 685 2 210 756 756 901 848 259 459 459 459 140 472 220 594 618 751 242 244 708 148 792 683 39 194 52 54 199 70 2 105 125 11 233 276 170 202 68 234 86 299 196 294
191 257 70 60 218 277 97 101 15 88 110 93 184 273 219 25 79 63 81 202 253
857 127 149 174 5 124 157 686 901 756 459 327 848 756 259 327 444 426 901 601 554 683 618 89 594 708 148 185 268 122 156 52 124 162 199 10 239 59 25 200 183 47 120 100 218 238 204
19 46 97 12 114 269 115 270 192 226 24 275 113 131 3 263 35 95 14 253 210 43 238
42 101 37 876 497 497 974 974 974 876 37 943 497 281 283 585 383 19 481 389 504 83
238 242 254 290 290 490 800 409 514 290 196 409 290 520 127 174 211 68 142 454 189 34 109
174 248 192 139 56 137 226 272 98 147 93 148 163 68 40 296 88 8 290 236 220 202
857 60 118 122 140 149 229 392 190 23 48 59 270 7 33 158 73 67 29 135 233 74 50 176 104 296 99 120
43 82 176 207 265 232 156 49 36 224 286 104 46 10 160 56 187 134 27 115 70 95 86 94
41 204 392 200 20 74 39 4 252 151 172 2 71 61 15 129 253 220 292 202 267 190 228
36 88 188 112 312 786 354 441 152 409 361 830 67 403 231 661 818 533 476 821 118 227 278
179 101 290 204 294 8 34 250 131 296 177 282 136 193 129 160 273 180 281 172 176
71 210 597 252 136 250 145 82 85 122 291 135 210 154 80 186 66 87 38 222 148 295 247 126 48 608 58 236 58 58 48 126 608 283 418 113 384 185 693 851 77 702 63
2 216 291 50 79 185 277 282 928 327 848 259 426 901 444 928 724 140 472 708 87 618 751 792 244 242 220 594 294 150 265 231 211 111 157 182 261 95 212 58 107 195 79 53 161 120 225 198
51 95 62 26 90 121 193 158 56 281 42 282 11 7 10 171 165 191 180 52 107 78
14 181 248 201 159 272 164 59 57 79 129 55 223 178 158 93 44 151 297 20 264 50 216
25 49 75 234 244 284 295 248 12 81 77 25 221 173 134 206 7 192 200 156 236 283 78 89 240 158
71 298 129 297 31 141 282 230 89 276 33 140 253 220 108 264 66 239 54 105 186 261
46 216 217 259 288 26 104 225 13 268 276 124 98 269 188 274 149 152 244 129 82 155 118 49
27 98 100 168 139 149 23 175 147 29 20 48 278 112 211 2 78 47 62 116 106 93 172
71 90 95 139 219 232 100 201 179 49 169 44 286 13 299 77 244 140 236 262 139 135 97 133 188
202 685 232 16 247 279 114 11 173 90 218 59 3 267 287 78 115 14 284 252 128 168 48 79 95 179 242 101 261 165 268 46 241 288 230 291 54 136 80 208 76 62
2 61 265 286 147 150 259 40 276 180 12 77 130 3 208 273 222 299 172 69 220 183 217
27 31 92 164 184 219 228 102 249 163 280 24 126 128 69 259 1 139 81 60 155 221 141 206 274
43 29 169 249 17 150 27 180 122 130 90 222 263 25 81 175 247 257 291 8 269
97 242 255 258 218 236 104 196 134 143 73 184 3 220 282 198 48 16 57 10 14 254 137 273
90 123 195 201 150 298 219 194 216 197 299 31 75 84 260 62 36 103 228 19 2 149 160 165
685 19 142 5 140 34 23 95 14 92 234 131 233 259 231 8 64 129 277 257 78
4 53 195 392 243 279 161 178 221 133 206 160 95 202 0 79 98 181 186 217 67 286 225 216
172 262 274 157 298 116 85 226 186 178 297 147 289 210 56 248 213 79 172 271 60 107
83 128 185 164 218 42 156 104 245 210 190 153 71 157 143 119 279 249 127 207 81 114 281
247 141 2 115 102 150 244 187 56 281 197 139 29 263 276 7 194 209 285 164 26
157 257 271 269 111 285 228 220 239 52 286 208 81 181 123 207 296 157 26 2 89 113 130
857 67 262 58 196 86 59 89 137 153 50 77 212 41 274 65 229 190 96 148 55 222 193
125 392 72 255 169 183 0 282 152 182 148 55 56 193 32 14 299 8 227 203 5 102
48 134 231 234 251 165 216 296 232 61 137 253 236 285 133 7 143 242 271 25 279 284 182 184 100
64 70 160 190 224 395 89 162 156 135 272 282 252 95 157 109 187 1 101 47 122 283 269 41 127 94
40 274 178 187 249 134 168 214 144 106 11 217 193 164 33 8 110 194 173 76 166 223
96 136 156 187 56 69 285 84 135 136 220 106 44 228 254 34 81 4 273 52 279 1 263 139
5 33 77 159 180 66 172 34 81 213 86 90 142 152 151 276 109 243 55 35 212 108 15 156 280
278 490 514 409 520 290 520 133 520 490 127 68 98 109 454 211 99 93 174 48 104
1 53 74 169 197 299 143 193 289 212 98 31 252 127 251 61 202 297 134 90 140 40 229 180 154
38 55 80 122 241 266 392 222 409 490 290 614 514 196 196 99 337 276 454 174 127 109 48 8 98 93 90
141 143 166 190 279 255 273 267 287 110 242 195 148 101 56 26 240 168 280 122 172 291 147 102
146 224 23 85 94 96 137 274 37 129 119 16 190 181 102 63 250 46 217 117 226
857 184 268 293 217 192 163 169 134 125 203 151 158 274 147 185 200 21 175 138 67 41 84
48 65 88 110 178 55 287 49 16 274 210 28 251 170 34 223 231 69 267 262 36 94 141 225 271
60 145 169 257 262 274 267 190 46 296 68 0 93 274 151 266 87 44 127 260 269 62 64 78 211 172
54 77 685 152 125 246 146 281 6 158 161 155 256 189 145 174 165 21 16 68 187 55 46
77 98 136 164 203 217 296 218 221 232 91 123 236 131 77 216 60 130 186 110 101 117 153 259 205 132
49 148 61 15 34 249 97 218 161 199 214 211 140 41 42 107 180 261 16 150 160 257
857 112 162 227 265 40 146 273 270 93 158 135 79 88 140 262 70 285 38 72 82 101 106 18 174
857 288 295 75 142 261 53 27 3 199 66 21 221 126 245 186 36 173 141 266 16 252 78
81 216 257 224 103 294 93 46 228 124 75 143 64 18 186 205 87 48 232 284 247 270 181
10 204 238 244 249 51 131 103 222 266 296 89 96 242 79 78 224 90 209 98 16 192 230 102 287
39 85 109 203 210 218 432 13 191 46 127 91 203 169 234 85 119 125 27 10 273 116 89 206 26 128 40
3 99 392 62 217 4 268 200 145 153 189 196 210 3 191 75 6 207 256 131 273 111 239
12 225 262 276 119 286 91 284 282 162 165 84 28 142 48 27 222 156 248 93 279 296 231 173 211 145 288 102 8 163 229 9 124 78 226 28 251 184 41 76 185 55 47 188
117 174 175 195 232 292 257 213 214 5 249 276 288 225 65 34 197 105 53 217 224 98 250 185 274 35
101 143 196 514 222 290 222 514 800 490 520 454 90 276 99 68 93 189 8 255 174 98
19 140 235 33 223 107 69 139 85 221 195 106 297 63 212 123 282 53 140 3 83 219 158
133 237 289 282 281 105 88 25 228 109 106 266 262 107 275 58 290 159 231 12 245 48 100
147 208 210 63 18 87 261 105 193 251 238 150 244 149 245 25 52 231 175 269 181 138 111
64 112 227 287 278 36 148 228 275 202 250 117 185 49 97 137 157 104 116 111 6 201 223 42
92 188 138 243 244 12 24 265 137 198 11 126 122 127 27 287 152 183 170 155 175
160 226 226 226 214 289 771 195 136 276 136 276 121 136 788 723 27 682 864 223 29
135 169 185 236 106 52 248 179 190 39 261 73 21 130 219 91 224 223 146 90 255 282 288 181 7 200 90 103 250 241 52 8 222 77 35 93 123 107 116 105 82 203 125 42
857 70 109 190 54 88 392 8 179 26 8 172 26 179 179 129 106 106 228 231 148 273 224 100 47 946 166 144 195 67 123 239 173 149 68 261 126 278 114 39 96 93 156 155 71 246 248
28 34 35 90 182 231 212 264 88 231 223 273 259 199 295 80 14 233 166 279 128 9 137 47 272 189
81 170 177 788 788 383 452 463 463 452 640 735 404 870 735 890 547 253 113 187 137 892 813 254 168 83 183 214 187 119 107 5 31 81 283 57 172 22 114 75 66 275 48
33 127 392 66 125 271 142 265 251 215 186 63 98 297 235 46 43 71 152 94 264 116 42
90 190 208 126 192 13 197 23 291 228 280 40 286 222 230 80 85 63 157 99 256 51 263
61 181 238 263 274 296 172 140 84 20 20 184 886 47 100 739 273 184 112 626 136 37 198 148 254 8 118 196 71 146 127 292 267 151 286 92 42 109 252 190 90 52 134 20 276 298
32 84 186 194 284 118 197 180 256 92 205 98 37 232 166 67 200 244 12 140 44 43 238 226
207 346 463 563 632 432 463 220 632 632 10 644 346 980 68 105 3 800 250 150 189
171 173 177 207 392 685 283 25 44 172 112 78 21 76 217 163 290 179 12 94 103 14 162 90 152 125
61 70 118 256 123 256 91 60 238 24 42 261 110 126 82 223 68 0 96 189 205 2 109 295
28 59 66 121 138 206 248 282 299 84 184 136 25 188 207 244 71 199 118 153 37 40 73 236 77 269 232 265
48 226 299 152 92 113 134 121 130 27 199 248 268 293 45 223 123 177 145 240 188 109 151
240 262 282 29 81 99 102 181 287 59 297 241 167 107 264 223 284 97 72 32 251 183 289
132 145 182 193 276 207 173 217 223 63 0 61 73 69 147 180 128 139 210 151 161 216 153 113 10
41 218 26 16 114 165 10 185 124 213 243 270 199 283 73 299 246 241 159 233 49
246 143 238 282 22 196 217 278 62 64 112 158 188 266 11 15 130 187 244 194 284
857 32 55 173 247 14 97 153 71 196 138 223 230 95 92 294 179 280 116 49 180 295 227 51 261
89 202 299 128 283 225 132 124 42 180 96 30 232 181 21 101 13 231 185 117 93 5 39
66 113 238 240 269 25 58 94 134 287 124 126 37 39 119 72 131 193 238 178 211 86 296 229 73
94 168 283 40 264 118 31 284 257 103 216 97 210 138 68 225 12 169 155 56 238 122 297 39 200 139 225 42 74 142 64 281 137 110 260 245 205 198 17 291 211 77
59 81 167 172 564 450 68 757 564 959 816 805 650 68 180 253 129 280 183 106 8 104 29 443
46 157 162 187 295 130 135 204 158 242 45 3 92 100 266 15 239 202 87 299 118 179 190 52 291
6 144 169 254 263 128 94 175 242 197 4 7 17 184 48 186 159 35 204 122 220 289 54 108
77 128 263 248 20 224 201 127 188 6 9 286 81 90 284 69 75 88 32 297 164 288 139
47 134 178 702 360 218 360 360 186 908 702 131 39 122 343 888 83 297 291 43 253 342 49 702 555 722 702 709 187 709 555 702 759 728 828 870 338 161 247 990 762 351 8
857 59 96 104 133 40 77 78 67 118 233 194 292 199 267 271 201 36 186 54 134 181 289 98 41
4 47 139 248 75 213 126 142 128 199 275 91 53 192 197 256 1 159 276 226 26 224 177
52 57 97 247 539 789 992 166 992 789 166 54 992 166 0 905 184 420 284 61 635 64 973 186
153 166 193 227 241 291 101 294 247 35 163 6 195 151 39 139 105 127 79 244 200 90 87 231 124 188
86 113 131 133 212 261 259 297 234 24 225 209 150 94 269 95 201 100 239 65 1 59 60 208 266 287
21 242 244 395 229 286 188 67 95 292 110 135 137 29 179 44 146 48 203 174 18 40 151 187
45 71 114 153 213 231 29 63 74 270 518 359 518 123 189 78 78 123 111 86 256 109 670 732 270 799 285 912 2 40 284 216 130 151 298 174 222 103 45 228 105 135 142 65 25 76 126 170 75 128
65 277 238 106 221 285 128 203 280 225 47 185 2 21 146 94 122 55 134 266 229 226
721 86 154 256 180 180 513 180 513 181 180 618 867 23 118 104 51 139 139 750 67 229 50 885 287 367 367 367 606 606 48 45 48 106 367 49 174 109 276 122 90 8 337 93
83 98 138 243 293 248 247 120 193 43 108 104 92 264 151 231 59 96 252 254 157 228 141 72 269
197 276 281 65 256 165 39 208 95 228 49 58 110 237 298 278 224 167 294 66 141 292 183
77 186 42 270 392 732 824 732 732 137 744 653 824 715 732 530 17 356 267 834 128 70 526 867 156 273 202 128 54 143 226 68 76 164 246 74 156 225 50 182 33 181 145 122 2
38 85 98 289 132 252 273 18 228 42 290 201 71 279 131 246 268 292 81 122 199 142 193 33
2 51 113 126 199 267 152 144 246 284 47 150 234 261 253 263 229 33 124 119 206 118 215 197 282 54
2 91 252 40 56 212 107 222 126 242 102 36 225 272 103 179 13 146 116 32 129 10 277 227 208 285 18 159 237 72 181 240 89 118 192 136 236 124 250 230 260 73 275
91 94 167 254 29 426 531 155 531 247 514 29 738 327 976 199 999 159 304 696 723 230 179 191
13 46 265 32 286 144 244 132 263 168 103 170 17 232 78 8 136 208 31 268 51 4 148
789 107 115 237 298 723 503 240 503 240 408 942 310 972 107 718 499 870 732 29 199 262 259 321 212
191 227 392 789 813 940 152 940 940 826 152 858 858 813 589 115 494 22 509 174 225 131 814 736 101 124 274 793 352 793 372 207 452 109 793 988 551 584 559 281 104 471 814 580
122 285 139 93 197 61 231 223 48 186 294 22 291 37 247 298 194 99 293 172 32 49
8 15 90 168 343 383 586 677 864 327 734 111 284 800 458 305 840 502 111 162 831 533 38 82 767 110 110 634 844 100 844 256 110 634 135 658 710 351 8 67 502 762 828 338 728
1 155 286 134 57 287 147 164 161 87 50 182 82 28 170 127 61 242 133 145 23 35
31 53 117 186 218 552 162 732 21 162 490 21 422 512 162 21 151 230 245 849 142 565 212 99 644 560
56 179 181 281 291 19 69 124 279 52 261 229 15 64 130 110 71 234 82 241 199 113 5 218 101
208 746 679 273 163 163 81 676 163 527 957 825 144 962 89 170 428 216 190 245 163 21 422 230 490 230 151 509 542 30 245 1 302 165 560 137 787 565 871 142 849
189 240 208 32 14 98 121 144 149 205 246 46 130 118 237 281 163 61 35 78 293 271
53 198 150 14 278 180 223 179 153 10 174 170 65 297 221 75 26 178 4 99 209
17 134 153 224 270 509 198 24 63 56 134 104 126 61 242 235 91 120 232 285 271 130 127 209 8 2
144 146 151 154 234 6 191 263 140 272 68 299 233 258 71 108 147 2 25 167 212 10 15 46 205
122 150 37 181 76 217 130 48 257 292 255 72 203 70 2 138 13 166 193 209 230 60
21 59 123 153 44 249 30 116 195 124 7 149 92 20 191 176 190 40 290 10 296 145 188 217
857 887 150 231 228 143 7 169 237 17 281 54 214 134 3 263 31 202 21 224 271 105
48 244 876 90 90 706 540 859 883 992 682 442 883 442 170 426 316 674 190 22 844 147
94 115 127 173 294 237 176 47 154 32 252 0 269 241 133 152 116 282 180 135 168 119 170 8
56 288 201 117 79 64 148 287 123 43 77 253 204 274 248 258 42 270 7 10 133
133 62 421 814 453 990 421 802 828 443 533 297 288 135 693 926 828 702 167 290 141
274 392 580 580 212 828 580 828 212 421 79 926 288 215 297 828 88 897 776 288 702 769
