6 186 223 107 110 890 110 118 215 229 81 948 571 641 398 962 328 876 855 965 613 22 599 911 96 971 51 323 601 939
831 33 144 156 188 302 353 556 848 830 850 819 43 804 743 543 26 746 886 575 248 814 749 341 445 345
121 163 177 853 210 853 75 828 75 679 679 919 193 40 853 679 496 853 919 825 825 331 12
184 206 96 96 855 601 51 971 96 599 948 939 601 641 292 141 531 468 581 601 22 398 227 108 91 284 72 29 165 192 131 18 59 5 195 76 224 235 276 269 150 196
747 166 235 245 273 296 58 296 169 90 201 64 130 111 102 148 44 99 49 214 244 162 282 24 192 92
2 73 106 189 191 201 224 287 256 111 296 75 68 254 108 2 232 49 178 54 240 289 185 286 98 87
26 189 235 248 302 13 852 580 67 945 274 13 377 419 419 97 97 257 419 477 46 198 285 175 258 158 257 108 15 232 245 238 33 223 216 258 218 219 11 291 60 231 268 7 122
85 91 284 295 267 26 215 299 91 108 153 38 37 136 277 254 124 243 256 40 245 69 30 141
666 61 113 139 186 294 181 16 288 99 231 85 117 240 228 255 275 62 96 190 285 43 173 260
100 122 190 290 294 5 148 40 255 324 15 15 95 95 881 255 15 548 421 101 95 327 194 182 409 206 36
48 134 194 693 66 461 403 709 66 771 771 127 58 856 796 467 491 727 834 9 642 678 305 156 181 104 24 93 108 258 29 207 189 61 288 96 199 212 125 183 87 103 182
20 69 146 181 55 96 226 421 324 902 881 101 902 324 902 324 206 272 210 221 182 194 409 327 101 675 150 202 93 257 223 237 101 200 47 106 95 59 271 164 4 177 69 166 102 78 89
4 58 123 151 172 203 225 60 28 135 6 3 238 226 64 44 20 283 177 113 45 71 165 80 211
102 203 223 280 292 134 17 265 14 175 49 69 53 190 78 245 84 238 276 52 202 108 277 111
24 161 294 289 182 59 220 241 211 80 263 192 184 187 3 19 261 223 104 147 66 256 130
448 89 172 192 299 195 46 271 6 18 48 237 263 95 217 261 190 126 193 56 143 41 262 238 97
31 146 191 15 113 70 121 245 209 166 164 85 234 25 64 231 257 265 149 251 140
49 79 239 273 68 66 289 81 145 19 49 24 18 121 33 285 82 177 260 97 131 9 2 262
39 65 117 178 103 145 253 269 290 380 373 601 784 784 601 208 601 208 373 389 56 266 138 67 969 22 188 56 111
631 12 20 205 216 52 231 52 15 245 169 52 52 80 169 205 231 288 80 210 222 211 206 278 26 84 239 90 219 85 227 121 152 125 223 96 159 198 224 208 41 255 278 167 221
43 54 198 204 116 258 52 79 137 175 4 88 115 257 238 221 174 199 170 5 38 255
36 98 228 251 235 274 188 186 7 258 143 239 98 5 104 119 70 0 154 226 275 184 22 264
119 302 98 211 228 159 94 143 15 178 25 71 121 60 22 70 47 287 101 170 172 104
65 249 286 58 201 73 129 75 145 261 47 236 253 206 21 104 68 19 127 299 202 51 85
32 283 13 213 150 215 16 1 173 43 234 176 116 181 58 165 90 290 50 66 99 67
448 95 141 110 117 7 48 192 91 14 105 67 38 98 222 28 153 214 165 220 139 256
3 71 125 209 207 185 256 168 76 68 62 1 273 245 78 72 198 40 165 116 0 22 24 79
631 26 60 180 78 225 234 275 276 298 168 101 194 124 134 85 19 161 137 150 211 31 84 142
6 8 18 178 79 56 62 67 263 94 54 10 103 179 23 45 30 273 266 242 188 22 145 8
58 96 274 278 293 221 295 240 207 170 75 100 165 11 149 112 37 208 38 258 84 41 117 158
126 127 240 273 8 159 240 84 136 41 168 36 82 190 107 261 95 6 58 117 50 134 217 160
747 150 274 178 285 228 149 14 32 291 43 182 223 204 170 207 234 242 22 144 286 191 251
82 124 210 219 245 274 49 277 131 54 166 116 53 272 35 149 100 191 12 34 293 60 238 292 70 1
49 84 208 30 75 202 584 208 593 960 960 373 784 960 56 144 55 177 959 111 142 266 22 116 56 233 182 32 110 44 264 229 107 14 85 217 103 50 232 196 285 162 236 210 269 224
86 241 142 95 93 163 284 105 290 252 55 241 78 193 132 63 297 221 146 208 277 248
130 235 157 68 279 203 196 286 167 250 171 62 258 187 201 280 7 209 239 22 260 58
831 79 176 222 86 10 102 118 295 48 254 226 251 23 92 64 267 276 239 195 83 269 97 246
831 1 23 105 193 241 162 75 230 235 77 214 175 286 237 23 242 144 227 241 70 182 263 173 285 72
285 743 34 124 169 180 738 968 738 738 845 492 103 968 968 158 968 215 493 536 683 355 627 160 126 753 152 82 149 299 234 29 214 105 228 153 128 231 104 295 130 124 173 241 46 27
188 282 296 211 36 265 19 85 50 162 110 169 112 131 261 142 266 203 22 63 198 160 253
631 124 129 218 279 173 236 257 185 212 230 296 22 168 278 266 51 144 61 213 237 159 35 274 227
5 30 84 222 226 285 406 109 110 105 1 222 60 120 297 168 97 117 192 289 276 99 8 287 57 197 256
831 72 296 94 191 196 227 277 106 277 281 60 112 82 106 342 929 283 939 13 111 249 16 783 120 935 253 28 117 100 141 149 37 290 167 131 16 75 260 104 34 191 196 282 61 97 30 116
850 41 161 209 234 209 9 93 241 115 78 250 219 2 122 184 167 45 229 277 25 188 56 193
16 283 185 117 147 27 174 107 194 98 55 256 278 17 76 62 44 39 219 126 243 258
100 138 153 184 195 223 256 293 299 74 107 192 278 192 92 278 192 289 493 289 749 278 245 211 61 101 288 222 231 218 206 259 21 10 51 284 217 249 108 266 29 174 168 116 186 20 271 155 77 224 161
61 250 150 87 43 213 184 293 95 257 0 60 22 246 52 34 144 188 233 38 74 89
747 37 39 103 233 61 189 111 66 220 5 44 298 88 122 244 156 29 207 234 107 269 56 76 93
131 278 36 293 230 89 268 77 110 217 51 76 249 159 111 5 228 274 88 57 113 262
67 170 247 116 200 212 285 76 286 241 155 178 181 244 75 290 87 236 133 195 283 136 43
60 184 282 221 243 406 177 355 355 135 231 355 451 67 286 135 67 165 261 930 33 9 500 197 653 741 45 297 4 109 24 91 1 291 61 236 90 138 268 85 52 277 75 184 117 88
747 50 76 122 285 294 406 238 40 221 44 228 249 61 149 177 12 97 125 247 286 293 145 132 116 79 243
166 217 223 242 22 111 149 6 107 23 165 201 117 234 252 21 237 20 0 99 100 103 78 33
78 91 52 219 77 6 209 193 59 162 33 230 28 18 99 254 106 233 13 228 222 194
205 238 42 268 132 217 226 49 213 43 286 30 296 58 281 252 145 98 84 1 77 212
30 51 82 176 221 229 98 40 238 116 225 158 171 210 258 130 256 47 195 45 186 39 83 43 88 37
52 98 100 263 276 111 79 76 156 252 260 122 217 108 257 258 33 183 67 136 107 25 158 186
4 92 143 156 406 99 166 42 173 92 290 104 270 137 22 208 107 67 275 58 45 271 222 130 224
11 150 229 263 265 282 123 160 165 566 280 428 129 517 204 280 129 61 133 231 222 288 80 222 192 177 36 482 182 195 49 75 263 16 65 131 130 73 281 215 201 109 230 47 95 208 223 107 220
36 209 161 101 158 40 241 235 10 69 202 71 262 269 154 205 286 78 5 177 24 70
85 186 218 274 406 721 0 714 555 161 443 855 855 592 94 161 376 662 441 7 183 72 272 566 237 96 49
747 45 212 102 441 102 853 102 441 137 523 780 72 60 96 895 141 7 272 453 566 223 237 66 264 154 239 90 286 194 63 77 182 74 189 72 19 293 95 267 192 98 75
46 203 126 977 196 179 81 112 4 196 81 81 297 67 331 165 299 83 198 258 113 41
747 39 53 85 153 149 624 503 308 114 401 624 758 244 244 741 930 261 33 99 653 13 288 113 500 156 536 689 554 536 45 819 853 536 239 45 355 185 911 148 228 63 773 880 773 254
65 136 153 170 172 207 406 205 266 180 177 28 64 11 211 144 21 240 298 22 185 175 160 55 14 120 30
2 108 234 225 23 10 62 4 102 163 97 272 281 297 138 295 3 66 248 37 44 142 235
631 177 239 159 278 280 287 187 281 592 128 155 102 65 187 102 7 27 282 233 190 482 16 641 482 161 159 166 108 79 186 225 30 54 253 205 250 177 72 244 148 104 215 231 173 158 285
692 77 176 293 41 33 130 257 239 134 144 199 116 189 168 129 218 204 221 66 179 100 173 87
61 88 265 282 148 277 223 66 183 32 91 270 116 70 255 160 191 273 31 52 100 125 233
448 112 132 166 173 193 302 186 273 48 139 154 275 238 162 220 216 82 231 168 197 194 222 61 30 71 123
12 226 166 97 213 60 63 44 196 210 23 21 251 208 89 137 236 0 233 217 75 87
56 138 202 212 85 20 225 78 174 113 210 162 234 18 293 72 44 171 285 24 98 105 16 135
42 195 196 260 267 294 302 25 42 123 134 288 119 209 108 168 92 1 111 293 273 59 229 228 167 254 173
226 286 201 106 214 134 143 85 11 163 44 28 277 244 248 215 213 52 265 155 120 226
97 166 246 291 258 129 269 151 223 176 277 121 144 83 127 249 139 191 124 41 241 287
850 109 286 292 154 140 280 71 113 101 34 94 75 14 239 107 172 20 286 125 283 250 149 127
231 20 217 35 131 113 284 15 125 120 211 43 243 112 225 253 185 95 212 36 272
631 43 156 184 302 60 218 151 291 115 280 141 71 34 242 147 240 187 21 17 70 22 77 225 281
103 141 214 88 36 199 267 26 54 27 232 174 212 221 94 178 71 272 230 126 78 40 190
179 227 269 35 189 37 81 212 143 53 131 164 243 102 103 126 292 264 80 228 245 55
137 182 136 17 78 227 93 51 299 63 289 218 58 180 239 8 0 145 220 188 235 185
54 153 190 222 251 406 601 380 373 389 208 380 584 918 584 584 233 205 22 144 969 138 722 6 56 266 208 7 102 251 51 225 264 235 243 58 43 282 219 244 28 258 3 156 169 193
164 172 50 163 6 178 117 295 260 100 84 62 46 221 111 174 220 115 103 83 222 48
286 99 149 269 240 132 218 92 105 53 52 264 103 214 154 233 190 169 123 200 273
37 104 173 264 200 289 203 45 244 8 128 234 196 176 37 224 32 198 184 264 175 144 237 135
492 4 107 134 293 298 54 255 76 150 257 212 293 205 40 113 22 167 259 84 237 19 57 155 175 256
59 272 153 275 282 66 456 197 456 66 18 197 69 69 69 66 282 7 190 212 482 159 161 233 122 223 20 92 2 31 280 127 288 184 149 156 208 129 273 53 181 284 257 141 269
680 16 17 79 189 232 243 246 202 172 213 135 65 244 204 130 50 225 166 86 28 163 298 250 264 8 281 222
631 40 145 208 101 193 51 205 87 206 95 112 185 192 106 197 141 39 94 146 33 202 56 113
831 0 250 77 31 24 188 72 194 250 8 283 21 299 56 51 177 15 9 209 48 30 187
1 35 118 137 188 196 12 8 157 179 106 273 74 217 67 134 24 240 2 150 267 170 195 169 249
29 57 109 34 1 76 132 222 258 245 23 106 133 12 267 254 118 86 290 206 2 198 47
957 61 171 107 5 101 129 147 255 6 126 179 134 91 227 283 232 138 36 298 65 122 292
168 45 171 58 29 46 103 204 83 152 82 275 131 96 241 165 279 194 32 100 187
151 194 631 261 26 41 144 284 144 11 144 197 500 653 45 193 930 99 288 9 13 626 33 486
43 253 282 26 41 144 284 144 11 144 197 500 653 45 193 930 99 288 9 13 626 33 486 299 144 66 147 170 267 287 261 72 237 98 174 274 177 213 32 205 171 151 232
623 50 631 39 152 290 67 419 377 477 945 67 13 377 64 258 353 81 97 477 46 879 99 545 779 556
128 339 339 250 0 0 67 201 339 339 5 633 234 151 296 71 305 286 480 224 979 89 55 67 205 63 175 104 292 162 3 20 101 43 105 147 216 269 219 1 61
7 80 406 178 244 154 37 37 217 39 24 24 783 701 719 285 410 384 211 148 155 264 602
291 83 244 169 230 224 51 178 256 165 222 225 136 151 250 70 153 236 177 183 35
8 12 82 188 500 106 120 164 852 288 13 477 852 67 419 852 935 779 545 477 99 240 257 396 726 81 353 639
8 66 286 973 398 786 786 513 405 624 786 52 259 298 16 561 224 292 196 35 13 114 211 131 79 118 10 228 261 136 200 150 246 209 58 153 149 20 91 299 98 129 96
21 25 78 111 428 631 20 158 302 398 405 112 432 973 398 398 786 112 880 405 973 292 259 686 13 196 505 211 166
184 233 237 76 278 129 76 129 218 171 216 103 75 76 129 302 16 9 279 526 720 646 157 79 253 15 203 249 130 155 291 219 196 277 11 162 56 145 248 284 67 165 242
16 224 661 54 250 87 994 6 994 6 766 87 284 87 897 75 237 680 726 756 502 167 50 86 606 57 31 138 140 110 265 228 41 190 227 274 143 224 212 108 285 223 157 235 253
957 1 44 207 273 406 113 167 173 302 406 108 530 530 599 530 36 660 108 65 644 599 530 218 905 107 42 57 793 414 314
86 114 206 209 217 258 265 268 275 268 760 760 340 466 275 340 266 340 690 298 0 339 235 957 735 263 760 106 151 72 128 202 152 292 62 252 52 33 48 180 50 65 161 59 231 189 146
54 299 209 157 240 73 87 278 264 149 172 164 224 258 86 32 35 173 166 3 84 100
51 260 406 18 101 254 280 178 823 178 245 758 758 245 622 622 622 245 501 103 618 205 543 137 112 220 108 108 28 13 130 199 115 238 180 195 172 256 11 14 49 225 119 235 290 137 46
561 65 125 237 282 295 108 56 250 159 216 59 15 145 152 148 11 101 132 202 275 90 156 0 170 262
680 831 189 206 76 252 148 157 184 176 184 157 518 718 235 153 288 488 798 142 83 859 229 167 7 121 39 127 245 241 198 227 85 129 10 286 130 51 110 102 158 55 50 161 225 229
831 61 166 361 680 110 138 207 208 307 195 731 141 224 307 942 942 195 80 419 133 675 218 192 177 288 221 101 61
9 65 128 184 160 588 97 258 160 283 663 224 283 138 905 724 793 264 447 726 498 23 316 36 151 291 45 142 146 202 248 156 256 17 175 226 31 157 299 16 235 174 10 126
501 55 174 238 272 281 295 831 115 182 394 156 356 156 3 156 96 726 905 603 550 784 316 36 498 845 23 806 493 264
964 93 223 229 272 287 34 923 521 787 428 928 79 428 137 787 428 154 230 640 812 848 664 240 882 623
20 47 283 832 309 309 262 836 262 309 262 836 836 184 62 292 288 251 26 422 150 11 55
17 47 70 132 162 8 128 59 224 255 132 224 59 25 192 177 218 288 231 182 61 206 61 62 3 87 129 171 264 281 278 15 232 230 285 78 97 212 16 49 260 55
21 142 152 155 182 65 267 13 108 118 117 227 6 266 181 123 233 166 67 134 292 278 143 253 251
0 58 97 169 291 56 67 125 965 6 224 663 641 498 195 966 195 641 182 101 177 288 419 221 482 122 133 206 295 150 157 226 87 109 286 209 169 299 74 120 146 29 271 252 24 162 59 123
43 60 142 282 406 278 191 217 126 98 53 140 42 232 221 262 156 272 55 193 194 188 91 70 19
836 238 62 114 95 242 215 249 25 253 235 214 158 184 200 35 196 239 98 216 132 84
514 89 80 160 180 216 278 286 490 514 222 490 290 133 290 222 520 409 614 99 90 127 93 211 122 189 68 104
208 292 600 928 515 928 928 600 296 600 134 3 623 70 730 848 26 4 154 812 6 230 51 83 87 235 59 226 291 298 210 106 160 72 265 174 260 42 69 193 269 3
49 53 72 75 182 40 45 134 135 158 444 424 137 208 137 137 689 689 850 131 227 963 133 205 511 167 290 241 820 272 215 171 103 130 293 268 138 78 147 262 51 92 33 127 142 202 56 210 170 233
605 631 47 196 211 302 561 747 850 25 122 177 261 947 430 153 969 736 736 704 969 430 153 1 56 206 482 182 80 177 192 133 61 149 102 186 161 18 1 232 99 3 9 246 63 105 108 151 286 35 20 183 2
11 59 174 247 298 20 211 299 77 292 28 168 280 37 81 39 142 237 114 183 236 145 229 255 120
970 50 106 236 957 112 165 566 165 30 450 684 684 516 6 180 17 669 41 192 56 675 527 209 167 253
561 112 271 822 350 554 822 554 371 220 4 402 109 329 635 967 155 78 660 753 16 731 76 193 283 153 30 93 143 12 85 202 130 73 103 29 95 2 43 74 71 113 232
7 150 196 201 160 180 127 287 105 140 258 243 63 269 98 197 161 15 257 228 11 6 145 120
75 79 190 287 258 229 258 229 448 380 670 670 670 670 16 499 855 190 215 770 172 78 293 931
268 243 216 279 65 112 173 176 100 59 237 99 9 110 299 15 98 126 260 219 45
98 170 11 90 132 293 767 351 928 368 704 928 929 929 361 659 610 302 19 384 834 105 278 12 142 887 128 99 263 68 84 131 122 233 219 118 297 23 143 295 63 83 25 64 225 60
561 831 170 243 300 49 267 172 886 850 878 780 918 780 172 878 780 780 516 517 859 286 774 65 289 885 506 66 194 73 242 40 112 102 268 31 255 146 106 143 250 237 267 21 5 70 10
62 219 253 126 146 270 808 808 117 50 795 808 407 658 44 107 250 821 289 913 705 75 931 30 873 340 27 216 208 70 236 283 203 205 277 151 75 141 165 100 167 6 43 184 148 104
680 912 45 282 56 184 198 285 239 48 878 8 239 239 185 185 220 56 225 180 192 228 534 253 242 41 527
17 141 857 261 260 287 210 287 823 287 260 175 134 678 608 222 208 68 94 187 107 212
14 102 281 290 918 584 918 208 584 373 784 960 918 389 601 593 119 56 6 205 808 138 22 915
631 59 271 299 653 867 821 821 867 654 183 654 526 724 15 270 668 142 790 465 245 55 372 907 100 173 280 294 125 267 281 139 142 292 219 157 15 279 134 214 59 221 217 154
62 626 831 260 263 280 918 628 503 744 628 511 727 727 744 727 931 481 445 388 385 267 761 162 240 173
191 248 202 669 942 651 56 651 202 942 823 788 152 228 95 516 264 722 180 301 560 21 230 92 120 68 54 33 192 155 175 217 2 123 295 91 47 289 31 70 172 208
435 31 97 155 139 158 270 234 53 175 224 292 57 257 114 120 110 142 181 131 223 123 42
637 747 3 108 158 406 500 831 5 97 107 131 180 219 603 113 113 11 213 11 446 11 11 603 151 213 16 233 482 477 27 139 176 161
531 12 30 101 126 146 181 291 303 936 459 30 345 30 936 718 848 855 664 644 70 623 6 649 640 240 134 230 730
536 631 61 134 155 229 629 716 871 594 633 839 594 88 578 96 871 629 445 31 75 173 734 181 267 13 253 218 112 48 8 296 88 142 228 287 278 7 73 123 119 189 22 28 99 188
443 492 70 95 278 281 39 36 85 960 613 655 906 137 116 514 682 2 98 261 7 266 612 228 476 62 864
125 404 924 663 663 412 663 460 757 506 503 562 622 136 16 246 532 581 95 180 470
46 47 452 870 452 158 158 971 627 945 439 6 882 640 326 707 644 240 3 230 855 848
18 40 78 83 130 191 296 406 770 770 217 747 770 938 203 217 157 747 836 263 65 288 278 152 571 114 338 522
531 169 495 495 495 472 333 170 790 629 624 481 195 716 158 3 314 463 186 168 355 71
540 145 170 909 909 759 977 170 676 170 748 513 144 499 215 119 267 587 215 490 722 73 241 50 229 16 96 1 230 70 234 126 87 105 68 249 153 248 227 130 232 121
492 7 23 198 213 218 244 266 105 268 391 118 735 653 236 631 236 391 935 735 653 134 644 730 855 623 812 640 707 848
445 193 196 233 291 79 79 409 534 865 125 463 118 125 289 92 534 124 798 886 270 834 134 37 924
680 126 170 174 187 92 92 125 125 289 409 125 289 463 841 68 805 834 709 164 228 798 37 241 124 141 204 63 5 291 52 217 107 195 277 139 150 106 206 70 22 94 253 56 191
448 161 281 285 300 67 201 236 259 85 30 32 233 197 118 248 103 156 287 86 15 237 28 23 167
531 36 159 185 747 41 99 118 187 261 323 13 67 419 945 288 274 67 377 580 13 274 852 477 46 257 396 97 639 779 879 963 271 948 210 963 530 773 210 151 15 965 640 471 120 229 117 46 680 667 716
631 831 39 747 27 114 196 215 226 633 96 578 633 155 716 96 716 88 502 959 772 31 734 959 401 267 173 445 425 99 793 752 498 317 498 99 99 317 356 356 976 572 192 259 254 744 34 710 56
6 35 135 356 166 166 166 579 767 724 498 875 874 619 619 259 783 225 26 33 192 419 787
