6 197 753 31 66 102 632 545 664 622 428 861 965 184 420 192 728 521 491 779 985 688 174 296 880
885 60 123 133 184 251 92 149 24 199 168 187 213 287 94 68 216 290 39 36 195 227 164 56 166
111 224 233 268 434 39 385 434 806 39 806 806 692 806 148 392 188 692 379 179 542 342 692 310
139 200 527 85 252 502 577 487 622 502 576 577 576 577 136 283 86 275 108 487 220 239 728 40 577 223 266 130 13 277 239 65 218 254 133 123 249 196 37 287 110 253 69 17 269
997 59 91 617 156 243 235 29 255 256 27 210 69 136 91 226 26 88 223 177 12 227 143 128
202 280 568 781 93 475 93 475 475 345 93 721 433 781 156 971 971 830 460 345 891 683 460
19 127 290 435 103 261 926 611 926 103 435 532 521 103 103 311 231 441 649 589 346 327 703
880 65 106 202 62 72 269 208 140 273 235 100 243 229 277 83 128 68 175 74 182 295 186 123
259 908 345 93 345 475 345 93 475 908 781 368 485 9 830 180 265 345 156 971 144
117 527 71 218 73 258 116 147 217 46 115 80 204 64 25 29 114 50 56 180 290 8
753 36 44 106 124 22 67 113 144 171 227 229 263 268 274 81 721 721 27 180 88 153 31 11 86 359 287 791 791 735 225 293 331 317 1 81 219 197 69 9 3 161 52 127 187 149 129 143 23 280 214 33 79 86 194
78 145 152 334 617 88 220 46 252 283 42 243 149 185 28 236 240 134 145 61 297 153 96 232 246
43 117 296 694 400 127 291 398 750 400 127 127 694 694 846 797 147 51 846 258 291 54 547
4 286 138 289 120 212 25 271 39 155 147 146 89 0 159 101 259 231 207 20 165 99
46 89 193 214 508 135 174 195 220 53 105 926 721 544 53 531 721 531 926 716 74 605 181 533 20 850 105 222 147 591 39 938 562 939 562 39 19 410 128 435 109 271 384 258 190 414 290 64 60
187 568 295 63 207 131 280 281 246 20 284 56 33 28 144 175 61 98 195 213 1 82
58 100 592 205 271 8 145 34 160 271 673 131 515 199 161 59 124 995 176 720 275 290
47 63 154 213 109 18 262 14 183 66 116 28 163 7 10 170 87 249 103 34 105 13 16 240
41 276 16 160 246 263 84 210 285 250 165 268 279 32 150 264 181 281 199 270 294
35 174 50 219 278 239 5 46 186 234 189 199 59 23 190 8 128 83 90 114 248 43
101 161 288 229 70 203 280 36 124 183 30 67 22 296 265 390 149 559 134 965 833 2 127
100 201 239 273 276 57 252 1 118 43 165 210 3 279 154 240 137 275 11 256 129 251 217 248 156
5 71 203 92 70 79 266 291 117 200 119 292 157 285 116 245 35 187 28 295 42 49 290
47 114 168 190 277 289 298 109 223 46 254 208 202 105 68 191 129 64 101 146 166 176 102 119 41 259 87
35 157 221 235 241 119 97 282 119 38 40 40 229 229 95 137 285 24 119 31 123 55 63 108
65 217 35 17 123 2 64 170 278 91 273 244 205 69 32 162 95 238 25 5 84 276
82 167 44 268 284 211 138 299 266 69 153 85 112 80 59 122 277 212 186 144 131 236
833 88 198 306 306 742 293 439 708 306 583 293 695 638 240 26 638 486 900 279 235 16 126
97 232 23 223 262 99 156 132 171 189 56 283 233 292 80 162 270 0 55 120 185
128 140 233 235 214 65 4 278 73 261 28 260 190 178 282 241 20 293 267 231 215
84 141 199 296 617 188 266 153 164 88 269 21 225 157 227 194 70 69 162 187 35 0 284 74 293
885 31 34 77 173 210 238 65 194 105 250 85 45 63 251 70 28 74 267 131 100 258 29 159 90 265 160
4 35 233 237 286 13 83 215 231 222 33 137 294 256 205 108 219 257 242 275 92 24 104 71 299
74 154 159 174 179 568 930 930 721 309 972 631 930 631 721 631 191 342 224 81 671 182 66 511 223 454 193 241 180 227 95 160 17 187 297 81 28 291 93 124 102 115 196 65 246 199
37 61 128 211 498 18 59 206 65 75 208 152 146 279 68 63 287 118 140 51 272 111 187 115 41
10 33 113 242 246 108 141 135 168 229 13 67 79 45 187 289 109 287 113 121 286 265 86 4 72
158 48 6 182 266 52 151 16 270 292 286 262 110 111 192 147 209 76 34 56 54
27 135 248 583 583 293 495 742 708 495 638 695 900 65 18 737 486 279 126 178 151 16 418
82 102 64 128 63 73 143 101 54 85 67 224 90 57 25 93 245 152 40 89 185 293
127 133 184 216 39 105 204 176 219 233 257 233 159 125 121 130 125 339 32 28 205 0 303 298 552 187 757
246 155 353 155 608 423 155 49 910 228 698 114 858 396 830 281 80 954 161 122 73
63 94 159 170 178 186 210 286 830 608 608 353 155 830 353 830 49 122 698 228 130 211 161 830 126 954 111 80 127 268 143 17 70 185 214 245 31 83 197 62 279 106 174 116 36 230 248 139
64 156 95 129 496 111 735 485 207 113 111 102 146 735 485 735 269 248 81 622 956 97 272 632
202 606 863 641 984 151 984 641 394 67 250 126 58 359 116 486 734 776 281 610 748 186 293 274 229 133 200 8 78 60 61 26 98 15 89 170 136 80 221 85 112
4 290 296 405 820 298 909 162 254 162 820 138 260 229 115 247 99 419 140 56 987 76
83 167 169 214 216 623 187 866 519 980 815 990 610 815 218 142 754 285 142 122 299 150 102 12 92 5 248 175 249 192 193 86 195 215 284 132 223 112 45 156 89 125 165 13 105
146 187 23 274 118 54 137 192 63 272 212 77 210 257 136 45 37 148 220 183 242 185
12 151 196 285 73 294 219 53 34 15 295 128 262 255 226 100 264 265 175 40 39 221 240 66 6 23 75 281 163 258 24 257 181 293 34 236 12 272 157 187 261 151 240 116
69 84 96 288 527 92 6 287 280 278 106 41 285 114 67 135 275 214 132 242 206 282 66 172 154
37 115 183 263 149 78 53 296 29 236 220 111 175 129 273 35 253 243 211 84 268 25 177 219
142 254 258 85 196 230 35 212 111 98 227 251 269 185 63 228 96 84 231 115 146 153 132
111 120 134 247 221 73 207 26 283 211 295 13 270 245 89 1 174 181 159 80 108 38
1 148 205 284 229 63 244 156 177 210 1 77 219 208 252 212 234 206 257 61 6 15 165 137
179 211 230 261 96 84 159 10 34 90 224 134 138 167 250 94 12 1 25 278 145 56 184 85
885 111 132 171 18 296 94 62 156 186 172 214 290 211 188 212 31 35 282 215 201 251 65
18 140 184 235 236 527 12 140 90 151 251 45 120 21 163 250 165 7 254 224 182 142 278 84 226 276
142 159 243 156 52 194 274 163 282 125 250 79 218 57 51 287 142 81 19 268 47 80
54 266 527 61 247 50 127 151 259 174 251 134 96 289 179 44 39 113 279 149 70 238 185
0 192 148 135 82 25 68 143 17 161 49 144 169 63 132 292 283 92 141 72 251 205
25 59 675 820 820 405 254 405 298 675 909 162 419 247 138 983 267 260 90 364 115 987
11 87 167 14 91 204 107 210 261 273 290 83 234 122 71 141 233 115 201 287 55 241
246 244 266 181 62 80 32 103 278 189 150 53 143 276 283 78 184 268 219 177 224
87 149 18 216 265 148 155 220 78 148 186 155 126 217 148 398 53 233 224 83 149 211 73 41 102 296 909 675 328 298 405 296 254 675 820 405 820 993 983 267 76 65 140 56 419
39 221 257 77 180 91 157 243 299 52 173 57 62 33 174 60 135 259 114 278 215 26 196
25 53 111 119 131 233 264 298 118 43 157 67 205 133 25 158 176 109 293 249 84 66 41 172 88 116 217
164 495 708 306 293 495 583 439 992 742 742 583 216 30 279 65 463 18 235 737 21
133 259 290 166 247 96 384 43 43 834 43 384 260 263 760 339 861 235 53 205 957 757 187 735 552 139 93 235 81 156 16 50 286 290 224 242 107 63 62 276 146 78 269 68 212
54 112 221 125 226 129 229 32 112 127 290 163 227 95 123 259 18 199 266 181 262 75 274
96 152 246 334 215 229 0 197 299 43 76 193 29 25 175 222 283 99 200 107 287 8 253 97
11 124 288 40 259 74 183 290 104 197 286 215 60 120 168 172 154 267 24 175 203 77 287
156 256 272 36 48 35 279 57 191 41 55 252 212 196 189 138 154 37 99 257 151 147 29 71 4 1 266 101 297 284 66 29 275 108 69 217 36 280 165 47 233 122 20
111 145 162 165 271 508 11 72 33 131 88 264 234 158 283 27 61 261 45 189 118 166 278 30 136 200
89 119 160 171 273 157 151 18 7 216 247 205 39 118 217 275 199 126 23 10 82 162 29 113 154
102 22 160 129 150 20 148 121 17 244 167 166 52 196 257 38 41 216 204 151 192
136 172 126 232 196 176 289 67 157 46 156 94 160 136 97 145 11 29 7 262 299 281
83 158 23 258 105 91 161 294 87 243 19 92 284 29 56 22 121 70 76 146 37 28
133 145 192 218 228 243 288 617 288 248 93 41 272 166 121 269 7 133 0 130 214 228 282 298 32 156 193 36
7 118 120 233 62 5 146 117 297 156 84 260 12 73 189 174 230 32 126 150 214 204 188
40 161 162 241 83 15 21 235 89 141 218 216 175 201 244 220 272 40 90 71 151 293 12
35 55 162 281 21 165 184 89 200 188 67 225 202 8 60 48 109 40 5 139 211
104 136 282 166 17 98 43 35 218 45 202 71 112 62 3 224 31 262 221 48 61 25 140
21 230 289 306 638 992 293 583 306 293 638 10 971 959 18 463 260 585 279 65 150 21 235
55 71 74 159 213 224 292 182 61 61 296 287 244 463 240 296 131 244 73 398 149 17 53 233 224 41 15 86 165 6 220 213 62 253 186 68 252 296 282 74 118 119 60 132 246 59 291 58
58 217 283 244 137 68 266 294 206 265 178 83 126 173 134 143 167 176 4 190 204 228 268
100 238 527 260 217 223 109 226 105 128 40 172 80 119 296 47 238 42 241 288 61 116 214
885 63 107 137 48 205 285 27 271 170 17 81 20 28 217 163 263 63 161 166 243 259 172 201
885 292 221 153 293 161 294 226 279 56 178 192 96 29 269 191 156 103 31 260 202 222
82 260 261 287 165 245 152 270 46 142 172 173 98 58 102 227 207 175 161 93 149 162 272 155
172 204 235 156 221 194 203 295 31 114 166 96 241 53 135 162 40 170 232 112 279 97 3
3 107 144 165 86 299 203 188 89 288 199 229 114 293 123 168 162 291 65 118 103 206 226 59
56 103 136 172 256 527 250 241 279 184 107 27 226 95 120 133 233 64 178 150 158 295 163 106 60 155 94 197 155 292 274 180 169 246 223 5 190 291 147 288 81 2 201 75 272 28
70 119 272 67 252 4 112 271 266 138 276 108 290 168 103 241 175 123 21 23 145 79 247
62 92 139 133 270 25 112 9 161 10 16 179 100 191 13 242 90 126 93 246 76 1 250
50 171 73 53 158 105 190 273 67 70 281 160 184 244 17 262 27 33 71 233 121
49 206 236 71 194 130 117 190 85 183 116 95 235 262 89 196 263 41 231 269 174 239
20 67 260 328 328 405 296 675 405 328 296 405 99 891 267 56 9 65 138 923 993 364 140
10 46 81 127 143 253 266 133 212 182 68 54 84 267 130 85 128 27 69 179 117 60 282 231 175 228 156
170 239 264 157 182 291 230 250 259 178 33 163 112 171 295 141 118 131 167 185 55
885 14 21 201 222 255 269 168 149 146 173 41 264 237 111 89 51 273 254 287 276 15 235 95 37
116 160 257 274 282 289 179 97 155 287 53 28 141 166 11 99 117 284 69 212 9 136 80 250 85 93
58 62 86 89 279 508 851 936 186 122 12 66 186 66 28 66 526 187 205 28 552 735 260 235 32 0 213 292 194 253 203 91 96 293 103 282 181 61 49 215 235 128 28 163 247 287
59 117 118 234 262 49 101 78 13 204 19 296 216 82 299 164 167 7 193 72 257 271 217 59 146
105 158 249 511 189 76 59 188 213 198 185 90 93 169 218 168 252 174 166 228 52 292 164 30
65 145 253 255 261 192 212 222 139 20 71 137 141 283 85 83 160 10 117 175 11 64 33 250 265
26 127 257 190 243 85 47 132 6 120 290 284 205 138 201 65 239 254 12 218 121 295 90
188 694 930 816 721 669 0 721 290 816 930 560 669 76 155 405 165 660 109 536 78
184 186 218 511 142 100 216 212 259 27 62 41 297 175 169 174 59 121 249 274 94 277 64 137
151 498 511 147 243 217 242 261 180 152 239 292 130 40 231 137 253 283 282 9 209 142 184
85 265 228 166 134 225 179 183 213 15 44 156 0 121 148 250 88 143 296 270 120 52
286 291 794 70 626 968 992 771 794 46 626 112 794 626 616 88 171 148 998 655 53 284
73 112 168 259 174 178 49 26 191 171 192 91 271 152 195 90 253 63 106 234 37 258 88 58
166 108 73 291 268 145 1 172 103 292 178 102 180 200 112 152 214 244 195 211 67
124 219 259 498 5 112 140 183 102 263 254 299 184 37 1 165 116 236 201 271 51 111 226 132
20 278 292 142 185 246 89 156 129 278 184 18 238 232 270 265 74 115 23 219 267 109 11
56 226 232 148 263 292 68 198 6 240 144 136 80 184 22 82 29 288 281 128 258 1 204
36 54 115 122 142 143 242 131 174 169 156 110 261 12 197 124 189 176 248 235 135 180 206 38 1 112 182
137 145 230 206 26 158 264 122 100 298 176 44 178 270 197 12 89 295 107 101 191 281 249
55 90 262 261 294 214 79 164 47 235 22 69 7 9 250 72 106 148 16 42 114 6 225
59 27 229 197 150 160 12 108 95 271 130 262 189 143 102 134 209 2 99 184 49
148 123 67 257 261 184 113 29 110 15 293 275 101 2 118 140 286 277 30 221 244
68 71 216 258 185 295 18 229 198 163 254 157 186 0 106 247 23 252 25 129 125 289 168 35
19 157 255 148 172 285 183 78 145 12 18 5 116 28 23 91 48 280 93 229 264 8 210
66 234 508 527 617 239 393 524 393 299 718 8 299 591 524 591 393 15 235 552 298 205 32 303 125 263
885 591 209 524 165 851 393 524 299 524 524 571 209 957 205 0 735 125 187 260 502 204 178 158 154 95 166 221 219 74 184 61 86 230 138 63 52 38 109 207 36
48 112 132 267 278 155 209 262 137 200 290 47 28 172 198 299 208 187 106 192 197 65 202
21 71 172 245 254 298 405 826 328 296 820 298 820 56 115 383 140 9 229 891 364 260 247 267
99 158 191 195 527 77 93 170 81 158 87 268 164 72 165 92 61 204 14 96 49 150 141 55 193
78 235 527 67 250 8 131 256 252 235 260 22 94 75 15 190 74 106 269 264 129 102 23
12 50 101 174 112 152 833 223 833 146 146 453 434 213 174 224 233 34 83 211 89 15 906 833 120 149 229 121 121 121 29 149 180 138 95 254 260 149 24 156 318 285 16 949 63 669
15 617 193 298 268 142 90 151 235 231 103 222 128 57 31 27 194 243 94 47 105 84
160 289 219 207 293 199 215 200 88 290 153 158 268 269 123 65 154 275 195 245 148
158 172 186 235 257 508 228 42 100 253 219 264 223 47 192 269 206 207 220 154 122 2 231 13 246 200
24 26 101 111 123 208 209 926 9 15 147 209 34 279 52 916 110 110 916 122 110 339 263 0 303 53 657 28 760 757 187 563 583 992 708 638 742 638 583 439 486 18 689 178 737 959 675 16 585 150 260 279
949 99 189 247 252 262 282 318 67 67 721 298 721 466 298 117 83 23 88 336 225 150 201 424 19 562 943 113
45 76 204 296 252 718 191 222 439 968 222 514 252 656 968 718 538 216 980 86 796 260 635 190
17 274 617 932 342 91 688 884 91 761 53 342 73 52 613 899 969 834 228 109 144 784 647
82 99 158 209 500 112 46 968 70 683 787 992 968 626 46 112 70 998 148 616 273 110 138 171 669
53 145 150 263 290 2 578 155 629 871 839 629 716 96 96 629 871 633 502 959 133 173 772 31 401 181 99 258 166 241 0 282 113 217 163 296 252 253 122 254 194 193 295 212 66 173
27 155 274 297 731 731 460 489 639 786 342 786 450 19 487 294 871 868 757 271 117 50 437 908
38 186 287 257 110 26 296 8 177 286 167 284 65 90 267 101 31 264 195 145 87 99 290
46 184 478 447 868 749 346 478 749 932 346 932 447 447 406 126 570 159 302 391 927 376
106 133 695 293 439 742 742 583 742 439 638 306 583 495 65 18 151 260 16 26 486 675
26 260 209 48 249 121 268 17 92 62 161 270 287 186 125 247 40 65 100 241 72
150 189 77 280 287 37 94 212 181 140 206 205 159 15 200 237 144 250 175 83 126 114
90 177 224 994 994 507 531 507 328 507 507 91 744 744 608 325 625 613 969 834 92 304 899
180 191 183 192 166 54 252 63 31 44 14 117 269 119 128 110 78 233 39 287 279
106 121 145 172 129 251 264 177 257 206 135 228 13 87 275 259 186 134 65 201 92 28 17 81
5 91 144 240 284 196 109 290 287 31 99 105 33 92 8 277 157 14 285 256 37 82 49 274 263
55 174 23 97 202 732 76 789 76 298 100 106 789 750 721 639 641 123 255 931 35 834 142 193 351 202 72 38 32 32 825 38 716 368 169 678 718 832 876 904 285 775 72 900 230
145 234 253 106 80 242 248 2 191 53 189 6 52 173 143 241 97 45 10 5 104 210 299
220 284 293 583 742 742 306 742 742 439 708 495 306 583 971 737 279 260 178 983 959 16
55 125 147 210 263 22 235 251 800 439 927 439 589 627 589 627 439 718 923 374 48 66 153 838 970 59 36 443 211 169 132 19 91 7 298 138 201 92 119 3 286 151 250 224 136 106 153 28
89 207 527 11 19 60 126 132 245 247 7 233 216 168 278 97 97 216 97 263 97 233 41 211 53 90 89 149 102 119 826 405 820 405 162 298 909 909 328 298 247 849 364 90 155 601 260 267 383 9
25 66 79 117 139 152 81 866 710 81 827 103 866 788 165 798 281 14 679 959 216 793 35 1 257 452
4 119 157 202 209 75 71 282 297 227 33 47 14 151 77 124 206 275 266 63 240 19 216
45 147 7 92 95 267 218 281 162 6 39 89 100 160 136 296 155 43 31 193 203 26
513 665 94 121 141 148 166 339 283 695 416 182 910 910 283 134 218 214 781 208 964 358 372 521 499 565 29 17 52 282 77 192 281 216 215 188 112 34 119 19 96 250 178 84 63 173 116 217
49 104 162 207 527 617 180 122 131 291 20 86 24 277 153 297 31 179 16 260 220 247 285 114 96 189
968 24 102 193 617 58 249 338 219 219 953 679 249 679 953 107 289 874 724 292 343 240 672 190 143
949 4 92 206 581 609 969 687 379 292 379 726 740 969 292 726 687 391 270 268 80 210 656 6 282 276
21 150 257 969 687 379 292 379 726 740 969 292 726 687 391 270 268 80 210 656 6 282 276
874 498 911 59 151 202 220 291 600 600 921 546 635 295 635 304 153 153 15 348 725 528 505 216 460 497 887 885 267 101 257 219 45 203 130 95 297 153 248 18 298 1 27 277 287 103 240 161
42 145 253 296 37 144 102 23 40 285 169 273 100 64 107 135 116 56 287 4 106 294 99
617 724 30 103 113 665 249 93 93 533 93 524 700 574 836 694 236 930 49 105 855 429 984 628 42 57
1 188 543 380 787 922 417 922 154 601 417 95 4 136 447 258 1 501 192 114 276
887 109 160 231 450 652 599 481 460 885 599 885 622 622 622 481 885 75 443 134 16 279 396 580 186 302
9 53 128 208 292 652 75 658 186 287 658 162 209 149 41 233 102 90 119 36 211 53 73 398 34 89 820 675 162 296 675 405 909 328 155 983 987 9 247 56 260 601 383 90 140 115
58 59 115 248 617 813 968 968 813 924 237 813 645 968 741 146 645 70 96 931 242 211 38 66 63
217 286 269 594 908 908 594 594 594 685 685 435 859 700 309 724 143 588 240 752 339 190
5 269 508 318 826 54 305 792 596 826 312 130 847 107 279 444 943 26 66 726 582 927 229
46 75 109 120 368 424 880 2 119 992 880 527 222 880 880 144 711 995 735 613 92 625 467 109
765 127 745 37 37 83 70 745 545 293 834 553 507 171 785 637 82 949 510 980 69 72
78 99 69 208 540 90 442 844 674 442 442 316 316 153 188 63 123 72 44 641 734 285 34 632 77 248 22 199 57 299 54 235 259 258 279 190 70 242 33 75 108 229 207 143
