114 437 566 727 275 285 32 3 256 104 248 144 277 150 274 273 38 110 62 40 41 95 167 129 223 215
566 671 958 30 70 133 237 267 32 51 96 143 275 373 639 257 329 998 591 420 260 25 664 798 631 911 343 317 849 486 246 630 300 21
112 677 363 304 685 295 861 138 685 685 677 350 295 389 666 338 440 863 157 76 346 289 173 250 275 133 196 180 112 62 239 263 26 188 49 176 43 200 199 236 116
727 836 879 9 43 58 68 154 127 280 259 61 29 290 206 32 186 73 63 102 171 217 69 172 134 157 83 281
17 35 195 254 96 650 904 844 346 650 906 192 341 650 844 904 384 219 371 72 226 283 808 752
41 177 245 289 203 32 211 194 264 227 179 88 223 86 57 240 193 145 209 219 21 210 249 243
633 90 278 289 296 68 241 240 162 163 35 299 59 98 275 45 282 266 199 161 294 270 47 155
20 45 90 109 154 187 237 263 59 262 103 116 194 197 179 198 73 168 222 259 19 141 42 131 8 270 193 45
13 169 190 48 3 20 64 273 97 179 185 28 40 280 82 258 269 11 190 186 214 45 239
57 96 101 184 185 228 250 276 234 98 288 102 291 34 208 52 22 144 152 37 159 104 25 263 138 67 45 153
566 991 19 251 59 257 57 103 0 143 136 135 31 213 80 290 151 272 25 190 138 84 89 97
65 10 200 92 280 257 112 222 43 102 281 16 93 50 108 205 249 114 186 214 1
156 167 183 207 237 256 259 177 77 157 76 228 240 144 11 32 150 285 113 93 24 21 268 111 187 18 156
42 85 222 293 34 185 107 274 153 236 247 81 40 292 233 15 165 197 23 11 57 128
107 263 288 857 991 54 85 133 289 726 80 997 841 156 0 165 243 589 997 232 188 181 305 592 63 552 805 29 11 203 75 281 27 8 229 100 116 164 79 207 218 147 65 13 241 242 38 72 99
127 150 171 186 242 22 244 9 220 99 256 277 295 75 186 182 85 225 217 164 278 204 230 58 27
143 261 292 197 42 109 14 121 166 94 142 147 221 65 60 263 231 294 239 51 110 162 247
51 87 137 163 164 197 254 446 202 135 72 203 154 213 178 123 63 85 177 248 52 143 55 237 75 173 48 17
33 37 85 207 167 37 177 197 262 62 226 59 218 220 154 207 286 41 247 119 216 240 163 209
191 247 446 277 126 203 242 118 151 120 157 184 133 221 142 54 163 140 22 113 47 187 68
958 279 134 2 188 14 267 106 281 215 241 225 50 297 255 132 95 199 168 287 235 145
46 90 118 169 258 296 48 46 262 8 84 20 180 9 203 62 181 128 135 133 68 7 149 231
193 266 29 30 169 787 948 59 834 834 834 409 787 624 834 624 787 417 176 117 153 125 144 92 132 285 286 211 36 159 107 129 280 269 253 21 227 0 80 241 299 197 235 271 101
92 251 272 68 292 147 166 271 82 117 143 52 7 181 214 105 252 242 73 272 187 70 168
186 184 180 196 129 251 150 289 115 276 139 282 40 245 201 233 185 110 208 67 154
86 90 217 360 39 23 214 160 173 147 230 141 283 199 198 110 204 4 29 145 15 265 286 222
4 27 123 360 56 208 294 123 233 180 203 184 162 129 127 176 298 145 37 161 32 64 116 15
104 223 248 281 226 241 276 237 10 6 5 185 62 187 246 273 9 97 216 85 239 135 165 238
923 99 197 223 172 273 181 39 95 99 102 122 293 48 146 162 58 204 135 98 126 93 89 101
298 243 245 158 208 186 156 140 118 8 196 77 151 109 257 146 252 126 229 200 102
40 41 128 211 360 131 75 128 60 211 280 263 170 9 42 45 257 12 202 203 122 136 269 117 221
153 199 68 179 327 327 281 9 281 281 327 241 18 305 228 73 568 14 494 261 805 201 201 290 278 285 175 29 115 1 65 128 284 107 237 146 124 168 95 190 58 210 241
110 297 127 87 115 64 10 114 285 32 229 216 203 129 98 239 16 291 237 2 174 25
991 85 112 154 204 259 262 280 930 34 133 173 273 230 230 230 212 277 128 270 192 270 128 270 296 97 261 15 666 568 494 201 26 166 103 200 144 243 226 135 119 108 58 32 140 89 138 14 154 155 102 8
991 105 178 446 114 39 193 221 289 52 183 171 156 111 76 188 77 116 208 140 169 292 80 184
11 122 218 146 172 292 241 22 196 120 98 103 42 44 202 274 68 65 180 87 201 112 216
34 126 153 166 198 215 259 81 264 218 60 29 245 271 254 147 274 213 132 57 207 53 65 164
143 360 237 183 178 149 159 19 192 207 242 10 5 126 68 205 271 158 104 187 162 137
54 72 99 124 221 25 191 116 290 82 260 156 23 10 88 73 293 35 137 259 177
685 930 97 209 245 265 130 27 101 106 137 199 149 170 7 72 30 18 241 269 15 87 71 143 77
57 89 137 282 595 87 595 525 473 473 888 87 997 423 248 241 116 199 35 271 41 69 90 99
48 65 74 209 958 77 82 253 292 60 178 133 55 39 39 83 826 589 940 229 380 201 81 945 161 744 276 136 187 249 25 72 91 263 23 20 189 271 288 11 275 19 106 289 247 167 272 107 90
99 267 283 83 225 169 249 21 125 293 288 119 141 118 142 4 55 204 143 87 282 166 7
44 132 175 183 199 30 207 118 121 0 159 172 146 156 239 22 129 240 245 99 103 224 204 294 214
24 65 132 270 96 31 115 142 141 14 243 3 171 81 247 180 219 181 37 45 106 16 275 53
991 199 230 259 249 175 198 36 2 95 215 220 240 277 21 119 104 33 298 195 213 194 22 246
253 290 74 101 176 446 728 596 452 553 640 728 640 553 278 102 297 244 194 106 904 239 107 49 130 280 260 568 595 190 595 213 28 595 24 260 190 29 224 352 797 948 534 291 170 114
578 156 179 267 295 137 35 48 190 280 186 83 57 234 29 215 150 111 277 206 4 72 149 279 225
9 80 92 141 288 268 185 145 42 286 213 246 111 128 288 171 222 275 156 83 204 292 215 134 150
219 20 104 985 465 863 863 361 465 465 863 913 716 985 929 15 218 235 193 147 129 209 72 237 117 248 52 275 68 121 41 170 162 225 112 279 97 201 10 40 207 122 145
153 248 32 24 88 169 195 90 26 290 41 137 265 30 52 84 148 157 61 3 197 45
685 100 117 216 293 446 566 981 178 207 446 26 26 11 222 222 28 49 102 58 80 80 24 49 863 197 690 35 727 217 249
897 73 86 109 116 164 525 51 51 452 51 51 525 822 351 934 640 553 212 278 140 106 107 115 102 904 74 180 173 129 117 234 187 263 176 157 73 207 30 15 131 155 172 108 31 270
51 71 119 209 299 106 59 177 134 284 130 111 123 99 4 114 66 103 192 244 208 153 210 238 292
929 979 991 148 253 268 240 49 174 86 192 220 128 243 277 260 90 196 65 147 241 73 72 299 246 293
139 141 208 130 270 234 27 939 153 153 27 27 328 7 297 779 183 192 43 30 40 234 51 231 67 159 119 248 256 80 35 191 71 1 269 20 103 147 245 235 282 261 50 232 141
55 77 268 135 278 191 275 76 160 12 120 152 30 259 0 106 233 35 198 156 154 54 284
903 23 82 84 194 180 75 159 190 128 206 101 176 230 104 17 62 41 73 72 174 48 88 238 282
88 115 212 252 255 231 209 89 23 112 46 234 262 222 247 239 271 63 296 285 117 51 100 172 236
170 297 90 276 246 21 113 230 204 190 121 196 108 45 282 194 269 10 180 50 266 143
930 10 243 294 446 236 228 26 117 83 243 64 86 11 250 226 191 169 114 199 269 262 35 138 246
633 930 56 110 213 263 127 137 144 199 125 125 90 229 32 32 30 101 263 109 494 568 201 296 18 261 97 73 14 666
858 903 672 806 525 621 660 745 525 711 806 621 711 806 422 522 20 929 87 176 66 351 86 97 154 248 79 50 156 25 9 34 263 211 239 59 276 252 44 274 118 27
51 38 98 142 66 171 209 0 67 117 251 287 253 279 99 198 14 43 236 170 245
566 33 188 275 261 153 108 143 246 292 203 257 13 113 118 127 32 151 263 253 18 63 149
930 981 27 204 3 5 205 36 68 294 57 145 38 291 192 284 180 53 67 138 201 277 213
68 99 259 265 111 146 25 87 192 171 197 45 137 184 218 72 168 247 157 54 191 1 162
186 237 108 123 163 261 186 13 104 278 63 118 43 117 278 13 104 78 568 201 87 263 18 109 191 855 601 601 841 841 601 687 841 81 687 185 601 829 92 15 387 925 208 251 603 247
25 144 159 197 208 7 775 7 110 294 926 939 939 7 255 157 178 165 184 162 44 258 476 204 269 247 102 118 193 281 101 6 60 91 56 37 54 161 104 220 74 53 36 265 146
981 36 69 102 193 225 349 217 0 153 111 214 84 75 105 220 89 58 22 133 162 11 16 68 93 194 208
2 107 142 52 925 145 527 346 527 346 925 925 782 818 551 16 166 243 85 41 202 268 253 281 46 191 127 169 135 44 61 119 270 18 221 280 292 151 10 157 117 71 149 211
540 566 116 143 207 252 175 39 201 160 221 289 28 198 237 146 108 42 179 9 121 166 153 44
26 124 141 236 264 267 62 194 195 220 256 285 204 77 617 422 204 74 287 764 77 4 116 669 26 377 699 138 816 777 285 204 88 205 54 126 194 247 133 129 286 19 43 91 135 200 217 196 275 219 204 78
52 62 180 188 118 190 155 7 20 39 153 231 221 253 96 287 163 128 9 144 263 33 225
930 991 77 259 270 349 17 45 89 41 153 153 560 174 153 563 185 116 153 109 855 568 78 228 18 494 33 263 261 179 165 36 19 71 190 295 50 118 206 299 248 232 164 228 44 156 43 147 276
33 160 206 349 238 417 391 417 145 125 183 354 943 701 899 152 699 264 271 211 214 459 262 99
858 23 94 134 165 186 4 222 68 119 104 93 44 249 8 299 41 261 205 96 228 220 95 154 74
858 958 250 76 101 394 726 793 387 303 395 793 771 221 871 29 127 736 296 112 137 173 947 25 577
147 831 226 831 525 547 547 937 7 343 10 98 556 267 279 626 249 109 495 74 48 226 86 151 18 179 19 189 98 13 142 234 143 137 10 145 82 212 80 97 194
216 271 219 48 216 132 290 285 60 66 87 263 287 2 182 16 134 248 55 113 189 195
97 415 75 495 419 75 201 75 524 419 524 75 426 60 357 942 732 49 170 625 98 705 141 253 67 165 241 192 169 34 24 133 6 240 247 249 267 86 167 208 104 159
855 88 121 269 858 50 138 141 159 948 409 740 421 59 834 787 73 136 417 153 261 967 269 874 526 231 249 83 92 210 157 225 121 268 23 171 211 41 158 163 44 174 238 219 140 86 165 258 239
54 47 349 830 346 632 806 463 346 10 632 432 268 189 830 17 260 250 150 935 112 68 523
39 128 177 567 61 483 61 61 483 1 1 297 114 28 929 445 533 61 175 250 101 705 145 45 21 80 45 575 116 80 116 21 34 11 185 229 135 5 273 107 84 175 70
10 53 131 171 238 298 958 90 96 216 289 94 88 108 599 65 36 94 938 162 314 57 42 247 123 414 682 905 218 107 861
858 48 158 191 659 659 568 659 831 957 957 916 937 659 831 568 267 139 626 489 568 98 98 279
125 168 207 610 547 957 568 568 937 525 916 525 226 659 979 343 279 139 98 489 495 109 855 58 907 202 58 48 236 202 48 864 276 63 223 283 77 108 14 384 23 874 46
979 274 981 50 121 283 268 131 133 375 791 118 247 268 867 68 817 131 17 59 33 135 777 976 148 133 103 166 210 200 233 272 18 259 228 162 266 29 109 51 94 59 79 270 285 141
894 115 151 266 274 56 139 162 247 294 230 490 509 490 162 230 542 490 512 502 99 942 245 560 184 849 876 30 644 121 274 97 163 30 268 206 28 249 40 5 225 236 130 106 24 84 117 247 209 148
26 81 15 100 98 152 22 171 128 283 298 131 179 251 294 73 160 216 151 195 116 209
6 22 31 56 129 165 217 270 72 162 133 260 159 135 227 34 192 232 185 256 279 160 27 81 179 228 215
198 215 268 272 277 59 948 740 402 546 624 59 834 948 787 624 740 269 125 716 68 249 237 117 296 251 156 63 68 273 252 65 1 93 270 157 225 282 37 200 243 295 163 168 293
72 158 247 248 119 13 70 64 272 167 227 73 91 137 239 187 261 80 84 77 262 44 200 231
25 214 44 221 291 834 402 740 787 740 409 624 402 59 834 546 948 231 874 967 828 261 78 296 526 255 73 30 31 13 217 110 152 182 2 106 151 126 12 107 242 265 65 267 244
168 204 24 167 214 125 128 277 117 183 227 112 193 157 228 52 246 235 135 44 103
8 35 59 349 63 123 148 902 163 186 163 385 960 516 288 655 126 866 207 298 829 299 326 333 766 326 730 102 179 9 252 209 196 2 155 178 132 78 124 173 255 46 115 272 233 163 249
949 25 45 46 48 133 238 16 68 72 12 286 270 83 148 46 261 66 95 0 62 182 86 183 168 122 194
234 297 44 137 246 114 298 263 85 241 109 182 266 108 144 99 156 83 68 262 33
89 120 94 263 298 34 200 235 160 163 231 88 276 144 275 15 99 123 71 45 256 171
161 224 294 143 64 260 8 54 149 96 234 278 84 262 78 117 250 194 79 171 177 255 102
103 237 46 132 182 141 282 47 134 295 231 264 165 172 196 45 278 222 296 117 251 163
114 207 726 20 171 245 728 596 452 553 934 934 452 822 525 728 51 640 265 115 102 244 194 297 280 904 134 196 268 225 25 89 281 21 282 202 51 263 189 266 178 44 213 274 264 107
566 35 106 158 235 566 633 59 69 75 91 107 233 563 10 644 463 644 830 806 10 830 346 10 3 935 993 268 3 68 189 800 221 152 130 252 38 238 194 66 153 78 297 286 175 31 192 30 296 159 167 113 53
685 12 68 69 75 170 244 349 893 990 560 47 47 821 47 821 637 560 534 286 882 237 935 241 381 292 19 285
15 18 24 48 141 291 179 208 197 81 261 177 4 3 279 194 31 274 22 139 255 6 169 225 256 15
63 136 138 257 27 290 111 251 74 61 37 261 97 242 264 180 48 254 234 160 67 154 252 283
979 99 115 198 1 32 103 802 266 134 230 471 802 825 766 117 207 275 976 499 284 248 145 202 18 508 773
83 226 440 295 295 935 146 93 973 732 438 61 689 105 278 138 455 807 278 477 735 689
16 66 148 288 973 732 275 440 295 732 146 93 935 440 863 278 278 28 689 943 156 113 150 477
633 50 187 219 282 934 553 51 351 934 934 351 596 640 822 452 934 960 80 140 904 17 115 244 102
7 55 86 215 234 292 76 3 41 326 684 41 684 256 163 912 254 40 999 285 799 113 270 16 86 226 15 21 242 44 43 193 95 170 105 229 8 299 120 206 88 234 287 218 172
10 193 254 633 133 213 731 511 511 741 629 511 706 741 706 127 511 94 220 52 141 537 45 486 737 960 242 75 102 182 73 174 238 28 114 255 177 17 229 45 188 273 106 284 85 180
124 937 829 197 829 937 120 841 601 339 387 688 621 925 258 102 208 92 603 955 128
258 32 38 138 166 266 89 57 57 938 230 230 574 915 938 362 883 318 810 44 173 800 54 909 318 577 290 277 239 237 245 219 227 75 226 168 51 156 173 284 1 108 240 199 137 258
685 17 41 158 104 69 109 120 105 196 274 146 247 85 138 145 244 299 242 260 133 60 164 267
37 275 674 770 911 905 243 540 243 24 540 911 24 68 745 103 47 9 767 374 269 206
165 270 132 19 190 137 289 215 44 178 243 242 64 102 34 235 196 150 138 258 172 75
958 66 143 171 287 72 260 230 188 83 240 180 109 70 183 140 80 114 13 239 283 49 136 200 115
29 143 176 232 360 930 97 99 103 168 285 563 10 830 432 432 463 563 346 806 220 10 632 68 308 980 150 935 221 908 17 259 190 173 165 243 126 221 111 46 143 140 62 219 220 13 195 244 194 76 292
228 133 218 265 567 567 42 42 18 80 778 154 40 22 234 409 754 485 241 250 37
685 17 225 188 239 38 75 142 295 14 91 76 27 215 282 118 160 249 156 81 56 138 252 8 277 106 9 17 196 91 41 147 125 210 141 97 221 187 253 84 105 137 288
9 25 27 132 227 32 188 19 229 193 200 11 60 186 154 118 171 137 70 49 253 97 163 0 252
930 115 119 147 167 186 6 171 217 299 281 136 47 9 284 157 294 235 201 151 89 14 46 128
54 84 360 606 12 28 256 512 251 353 211 251 512 466 211 512 905 353 398 848 650 644 45 163 418 716 27
32 162 446 823 71 550 447 519 550 519 823 574 905 905 25 782 577 319 312 182 428 49 855
628 903 135 521 550 574 823 447 550 71 71 189 159 905 159 159 595 428 577 25 782 923 689 959 428 376 428 376 376 576 881 314 998 314 998 576 848 272 45 594 232 147 140 250
62 84 134 158 212 271 890 890 97 693 693 97 745 846 698 217 198 285 374 235 222 890 267 793 394 65
76 181 930 33 88 112 126 150 139 432 297 432 343 111 76 331 579 114 270 201 248 193 74 237 275 54 233 163 161 120 57 56 272 176 25 177 182 133 223 184 84 145 179 278 71 119 191 118
100 126 232 684 214 349 450 774 609 308 660 660 609 447 806 567 396 324 288 935 267 250 331 281 163 75 946 247 251 61 243 106 231 299 43 149 162 122 286 265 103 52 101 73 273 270 64
46 61 86 167 196 168 52 244 210 41 122 34 241 258 163 125 71 196 251 215 133 26 261 62 262
858 6 66 217 84 96 206 30 160 130 168 24 18 77 161 91 258 101 177 107 287 93 249 9
685 197 277 286 116 271 1 54 263 85 181 71 296 256 257 128 122 201 267 146 207 169 265 74
958 125 231 257 279 326 821 871 821 326 47 893 821 637 229 292 935 534 241 285 607 286 102 163 710
858 50 107 293 297 270 156 51 42 137 119 74 221 3 17 52 232 116 145 151 180 20 59 269 107
1 71 126 213 240 279 293 293 545 761 545 70 37 293 980 195 69 963 165 637 834 785 82 125 65 72
23 135 137 142 145 189 280 39 274 519 189 447 519 574 447 159 905 319 577 159 782 312 959 76 73 923 428 595 689 80 31 170 278 168 47 271 155 175 179 74 217 71 291 247 91 4 0 106 236
930 118 159 221 292 45 41 13 195 160 887 223 223 41 45 160 13 136 77 174 496 107 885 501 84
119 214 240 360 218 39 855 769 39 109 855 218 97 693 39 890 235 374 126 65 189 267 72 217
39 91 110 133 161 176 209 846 109 890 39 693 855 890 39 846 109 769 855 39 216 65 201 72 285 374 394
566 89 99 64 121 56 104 96 211 38 34 105 292 160 142 156 147 124 245 39 217 125 282
2 98 223 912 193 245 349 344 344 808 808 871 582 556 556 51 474 663 123 480 332 273 128 76 135 902 988
542 110 142 186 282 293 349 931 61 931 448 931 317 890 61 317 890 317 987 174 152 752 0 57 926 809 791 213 198 99 117 37 143 185 219 214 148 38 134 98 54 32 57 44 49 231 101
766 81 101 164 244 288 12 203 212 0 184 152 32 227 282 158 294 143 102 137 10 164 131 27 33
633 903 979 38 127 225 234 278 279 277 232 192 229 136 50 257 17 15 220 26 130 104 135 98 56 94 236 290
566 684 979 35 40 105 124 178 221 222 238 165 204 88 158 62 191 249 78 76 157 122 245 269 101 26 205 74 268 219 33
798 26 80 190 254 452 452 51 596 640 596 351 525 115 17 904 960 265 955 194 239 212 278 106 297 273 108 47 21 110 299 106 161 64 251 1 68 149 63 119 39 128 190 26 233
45 87 72 144 61 217 223 156 147 197 241 10 196 86 206 145 90 8 43 154 79 57
169 226 177 230 170 144 150 213 53 155 201 271 225 105 205 178 142 249 55 61 35 37
902 132 210 174 39 241 270 43 101 201 59 70 137 256 29 275 248 214 268 191 107 293 37
577 42 77 112 163 266 182 123 134 94 241 174 252 70 145 176 77 49 179 101 36 53 149 242
751 114 122 199 230 254 301 685 104 181 256 319 916 319 678 783 783 603 431 196 145 295 832 165 372 613 19 47 83 325 675
85 119 818 662 346 818 662 551 145 782 818 527 243 294 825 493 268 231 253 397 202 281 34 88 187 294 95 243 191 253 26 266 228 206 220 57 167 69 135 209 117 80
2 179 233 841 881 314 728 428 576 998 376 314 147 17 45 894 385 429 222 245 232 68 848
958 26 138 140 160 277 542 766 46 198 239 204 204 726 866 910 866 634 204 866 45 169 173 644 848 162 194 256 56 259 973
684 21 238 586 930 47 97 522 438 526 522 706 206 291 294 249 726 200 103 778 443 246 515 83 171 272 186 14 1 11 297 265 113 18 290 47 55 195 173 51 38 40 6
15 91 191 197 3 909 316 902 506 498 8 982 433 286 354 885 727 93 227 874 241 136 194 94
103 174 263 12 2 82 272 257 189 17 256 241 78 187 6 228 185 79 235 162 49 293 232
