26 55 131 150 198 207 221 588 615 18 127 894 941 42 529 918 574 195 291 960 784 208 969 268 584 389 373 364 593 380 601 480 216 480 147 937 937 280 265 280 179 179 937 479 186 139 335 273 184 273 55
956 33 267 275 558 306 306 957 957 777 505 558 31 288 142 75 72 72 118 409 162 384 280 162
55 107 889 631 631 427 913 715 137 715 715 889 715 427 137 353 37 372 743 140 271 285
29 33 54 245 284 576 715 913 427 639 576 631 570 427 913 715 576 164 265 576 67 465 689 743 672
926 115 185 226 274 715 889 137 639 715 715 137 631 715 715 427 67 166 353 230 126 576 672 166 265
32 54 176 201 125 694 746 156 156 415 125 933 156 125 125 858 1 152 196 74 174 933 281 249
956 20 46 250 256 258 268 163 281 739 491 163 739 68 564 491 809 281 980 92 749 109 644 57 97 219 111
10 51 185 220 233 291 356 899 181 703 971 638 346 346 180 638 898 292 256 23 895 135 479 648 23 204
46 145 167 191 213 218 588 516 58 337 234 746 58 339 69 86 161 45 37 162 197 232 148 11 915 89 928
13 23 383 156 70 273 264 772 993 70 259 264 380 285 144 203 107 111 930 287 616 21 66
233 588 899 180 971 933 181 638 356 899 933 180 181 346 46 898 238 346 169 23 482 135
46 72 671 797 822 418 287 700 287 418 700 413 822 407 313 115 180 189 184 444 270 69 242
68 217 588 282 12 251 85 43 190 145 200 185 134 116 208 201 265 158 103 239 100 53 147
63 68 188 191 211 218 241 579 14 621 660 525 660 971 525 672 711 691 711 672 144 878 774 837 224 66 589 457 107 180 137 297 46 219 182 263 74 181 7 61 242 171 125 40 132 89 262 189 244
190 231 251 267 289 281 117 188 184 52 121 173 190 234 39 43 272 221 19 24 240 30 133 33
113 245 545 246 263 297 579 660 745 971 525 971 672 621 144 774 289 457 457 107 169 351 878 169 229 353 834 163 491 193 739 564 749 68 749 491 265 222 435 96 732 112 224 97 295 867 112
49 545 240 294 226 62 67 115 183 247 245 195 38 69 199 145 180 3 117 205 157 105
4 6 15 77 169 275 106 136 265 158 89 283 118 70 65 121 3 113 140 150 93 129 4 243
22 122 566 120 687 601 81 841 841 841 197 841 977 81 197 247 214 218 9 102 226 688 251
3 157 278 670 771 858 125 746 670 156 125 415 933 490 284 209 264 40 132 922 639 113 670
718 11 186 822 101 213 11 245 298 245 237 251 245 108 187 256 208 231 691 166 368
134 252 176 143 66 32 16 189 96 49 108 242 102 46 159 56 14 219 236 70 120
57 67 271 289 87 53 68 20 18 172 36 256 58 32 200 164 31 23 137 123 171 183 226 88 24 67 165 108 160 283 145 92 118 62 129 251 44 63 254 73 289 258 277 218
26 128 189 131 81 85 83 249 241 287 230 270 161 219 31 126 24 63 168 232 108 260 273
128 172 244 298 4 114 541 273 541 161 4 273 4 4 664 517 497 263 8 208 667 164 56 289
6 137 220 184 264 247 149 122 85 7 27 297 9 106 173 166 118 200 298 104 242 260 39
148 216 287 152 152 192 192 101 86 86 202 192 96 308 294 503 291 714 243 253 445 480 153
56 159 199 218 27 95 263 278 176 480 348 401 875 114 176 494 401 148 274 282 1 269 95 790 757 606 476 150 68 25 90 179 101 236 266 230 290 33 133 70 242 219 8 106 249 73 7 217
94 158 169 297 180 181 181 181 899 703 971 180 356 899 971 648 482 45 68 293 46 23 176 866
14 136 170 61 129 165 170 275 290 579 875 114 480 176 401 114 401 770 1 270 150 269 476 148 272 487 134 573 282 606 201 224 157 98 430 193 111 144 479 216 181 43 275 106 400 323 106 217 243 235
33 232 545 822 291 117 291 748 748 335 335 658 822 420 171 116 241 344 745 748 217 812 126
11 79 95 232 244 294 176 289 203 202 60 24 171 130 126 117 1 296 235 70 206 21 25 128 276 259
232 234 266 249 228 188 65 159 175 10 29 267 142 86 225 130 2 181 133 217 31 47 205
25 68 191 152 111 111 174 131 284 32 54 284 137 231 256 108 691 247 131 23 53 71 166
35 224 267 566 714 129 233 277 230 177 259 217 128 41 159 106 288 76 21 64 111 73 224 74 79
4 35 59 545 692 302 302 656 479 968 968 74 675 108 479 957 175 96 179 146 275 15 452 68
28 96 104 132 135 181 236 34 158 270 284 93 177 62 211 266 30 200 180 251 269 6 102 297 71 159 55
46 123 162 230 256 703 977 933 933 181 181 703 180 933 971 933 176 46 674 293 37 279 68 45 648
223 299 615 703 899 933 977 933 346 346 703 866 144 135 68 49 279 482 293 46 45 147 123
42 112 125 566 694 694 156 746 156 771 670 746 156 225 40 209 192 670 582 169 292 664 922 74
175 293 656 968 656 302 396 656 476 968 479 299 108 74 216 96 957 275 452 146 675 179
258 193 739 625 739 739 491 749 491 749 625 41 732 290 112 222 243 96 30 616 644 3 9 26 291 268 264 171 244 184 238 11 145 297 289 132 38 100 62 115 220
241 28 566 199 113 132 14 188 111 116 293 222 83 222 154 611 224 10 92 138 88 83 81 639 427 639 639 576 427 570 913 427 576 715 631 74 98 244 77 642 265 166 508
35 53 72 211 296 141 47 97 250 214 73 79 273 14 31 290 87 218 243 131 13 150 85 184 135
289 22 248 55 153 136 297 266 229 255 188 159 269 233 211 97 294 230 86 192 140
5 39 225 545 714 61 256 90 107 242 112 277 182 71 17 56 145 164 105 255 43 241 221 124 245
9 46 76 458 680 914 230 211 445 520 158 389 171 275 111 106 432 43 582 148 753 3 127
58 76 130 135 144 207 291 714 193 295 256 56 91 217 64 11 127 253 276 119 110 100 85 227 175 241 112 209 427 570 576 576 570 715 427 715 570 715 137 743 280 163 74 77 62 508 444 265
112 163 193 739 564 749 68 809 564 809 163 625 544 57 290 112 732 261 222 112 373
274 579 195 143 184 151 92 96 6 127 174 183 133 30 205 61 269 282 187 228 196 289
49 96 121 122 134 159 141 276 242 13 40 191 86 149 58 132 55 116 34 169 299 150 235 189 195
8 128 260 7 261 226 100 187 229 117 23 63 200 282 124 94 34 205 12 73 297 47 276
0 160 244 714 285 66 289 111 61 33 187 133 41 284 81 113 127 274 125 56 112 279 23 137
19 42 237 287 383 4 161 541 82 664 888 541 273 888 667 229 263 289 602 206 8 214 293 194 931
32 90 186 252 260 194 58 97 20 290 200 186 234 173 56 78 48 123 256 197 279 269 169 199 135
4 285 144 199 35 268 77 225 62 104 20 49 149 54 194 58 74 252 283 172 69 42
74 164 209 52 117 214 179 252 90 160 8 24 104 242 95 135 91 67 79 257 10 118 215
122 200 226 659 226 568 610 937 610 957 831 568 74 71 626 407 279 556 979 267 10 145 123 138 270 219 173 117 99 60 95 151 211 229 178 12 232 87 130 194 3 292
16 79 90 108 138 8 135 355 40 355 980 135 101 232 135 980 357 166 691 247 131 430 256 573 71
154 160 190 285 631 137 576 570 137 913 639 631 444 642 39 98 62 62 265 576 718 244 672 638
83 106 134 176 615 246 71 211 286 79 210 49 25 124 50 172 187 5 138 115 19 0 238 230 163
47 111 156 294 33 203 99 186 31 3 154 118 236 36 97 2 22 285 34 175 150 13
65 566 170 161 170 161 170 88 170 88 30 124 88 88 105 278 208 25 689 483 555 41
66 180 579 714 2 136 189 31 281 63 248 247 57 296 134 215 220 201 206 115 29 48 269 171
187 70 83 15 146 264 172 117 41 99 245 271 206 149 153 209 45 151 249 107 163
68 120 210 360 360 157 702 732 685 39 209 554 91 350 255 69 269 225 138 12 973 259 246
255 283 579 253 354 11 11 354 80 9 9 48 354 253 193 308 33 153 115 454 912 294 253
144 256 65 336 292 190 87 266 65 19 208 483 830 555 722 168 142 199 105 432 502 25
566 208 19 295 122 148 265 122 106 127 242 111 275 582 323 181 753 216 400 171 3
17 110 244 545 715 913 715 137 743 631 889 642 39 638 718 346 166 672 444 163 74 576 265 98
2 88 204 84 154 294 100 100 693 294 254 232 288 433 197 147 514 115 287 251 187 845 3 703 933 977 977 638 180 180 971 674 144 68 898 87 123 176 28 866 430 49 253
41 472 545 570 889 639 137 576 639 715 570 631 639 427 913 98 346 62 444 718 353 280 508
23 34 220 383 579 125 125 858 771 933 415 771 933 670 125 125 125 664 225 284 941 122 113 192 855
10 173 272 257 12 253 256 298 132 52 6 176 29 165 159 127 24 79 46 223 44 273
48 84 128 281 743 631 913 639 913 427 743 427 715 715 576 508 642 444 280 62 974 166 265 672
545 258 157 271 279 135 53 286 55 191 154 136 63 131 245 128 235 209 60 145 226
143 168 813 555 830 188 886 276 926 555 269 269 159 106 432 582 275 753 181 229 479 171
170 208 276 715 576 427 631 889 889 913 889 863 163 576 417 718 346 638 280 166 444 353 265
185 228 483 15 35 66 37 42 222 238 162 231 169 44 138 4 156 146 151 22 61 18 87
49 253 298 579 671 298 297 298 94 64 257 257 87 179 257 298 187 244 287 215 86 251 232 252 845
850 45 167 159 170 225 806 672 525 525 525 660 621 711 176 929 422 626 20 522 780 878 351 589 298 497 49 959 201 247 967 169 111 249 350 624 124 115 464 445 253 294 714 211 308 912
130 158 256 535 638 899 181 977 933 180 933 638 899 703 181 898 674 176 23 482 293 87 45 430
26 95 108 184 615 249 600 259 58 193 193 967 153 115 480 124 454 714 193 308 912 624 243 211 323
9 56 134 274 191 24 19 29 201 141 82 222 274 263 267 112 57 80 123 51 184 39 106 56
10 103 224 239 273 68 77 97 154 216 615 770 875 551 348 114 494 401 348 494 529 720 269 190 150 134 383 417 606 757 49 180 244 177 92 74 15 137 75 71 263 149 213 161 2 93 279 83 82 94 236
70 187 202 244 483 615 420 335 620 420 620 620 291 335 117 620 784 748 116 369 356 299 716 562 248 86
90 235 566 494 273 541 541 541 82 541 517 517 114 517 82 251 293 8 208 164 289 22 229
76 564 193 193 193 564 491 564 193 281 749 112 30 732 97 112 257 883 616 222 544
31 98 129 168 241 153 207 208 189 14 68 33 298 124 281 194 247 177 130 259 275 65
163 170 327 138 932 363 976 976 40 105 932 264 280 242 432 106 275 216 229 106 127 582 111
105 184 282 383 233 4 80 197 42 137 182 272 223 119 49 160 26 90 133 164 166 237 227 245
38 244 289 545 615 1 69 313 627 306 415 140 627 225 131 350 323 714 464 624 243 253 124 153 454
11 26 222 246 41 237 225 358 59 285 189 249 24 211 35 191 232 863 197 9 288 128 49 694 694 933 490 490 670 858 858 264 192 664 110 522 122 922 113 855 284 58 169
6 65 145 174 491 491 625 193 749 564 281 809 230 222 74 97 112 257 41 718 883 261 96 57
63 71 93 131 253 714 541 161 4 888 273 541 494 541 82 517 494 22 667 289 602 251 263 229 246 21
67 180 144 34 180 188 144 174 195 188 174 220 293 448 132 254 118 94 11 235 581
123 53 134 45 128 218 287 58 99 273 277 138 268 168 226 103 70 271 252 130 116
102 142 566 771 670 490 156 858 156 933 746 858 490 670 125 922 292 522 855 608 209 74 664
157 193 207 267 138 84 138 726 177 84 158 84 158 84 158 45 400 723 181 148 111 106 242 216
187 214 261 731 124 145 268 148 144 171 183 205 81 18 15 22 115 218 153 265 35 85 65 68
38 222 579 41 282 745 745 672 806 672 621 118 118 525 621 422 169 602 176 353 87 440 298 780 497 68 68 68 491 163 809 68 564 491 97 971 544 57 732 718 74 222 867 616 883
36 48 95 246 255 566 731 151 155 252 53 202 59 30 227 52 267 54 142 76 244 29 68 243 191 288 287
95 148 211 212 287 195 137 176 218 47 66 108 111 119 265 227 249 240 148 40 210 131 160 64 211
40 127 269 0 109 0 109 80 236 0 120 298 298 127 242 106 148 582 323 273 275 432 948
6 231 186 204 552 88 437 150 88 552 197 287 574 154 115 732 244 187 252 514 822 251
143 144 145 230 472 193 714 294 1 132 229 62 122 275 132 46 211 35 53 705 128 191 91 863 197 49 288 181 933 899 703 346 180 638 181 180 703 971 253 45 23 436 123 279 144 176 482
60 144 157 294 588 714 933 971 356 346 977 180 346 703 346 356 971 482 28 49 674 144 176 866 436 430
10 35 49 74 169 172 222 494 494 161 494 888 4 517 4 517 664 541 229 246 208 251 96 164 194 714 289
69 71 180 187 383 90 415 90 137 91 90 96 87 415 140 140 213 753 3 323 106 432 127 723 111
827 195 209 698 971 971 180 933 977 181 703 703 356 933 356 180 253 866 123 724 23 46 293 430
185 241 292 285 73 129 62 210 174 72 192 136 163 219 271 284 96 190 86 181 45 43 187
96 140 154 204 246 383 212 714 875 114 551 494 348 348 401 529 480 529 480 150 269 383 190 714 886 417 296 742 270 262 38 249 68 65 111 22 126 159 83 198 294 103 23 117 45 265 33 200
291 899 356 899 899 703 180 933 977 430 23 436 49 144 648 674 394 279 176 46 482
45 244 255 92 299 134 140 134 91 91 140 54 276 134 127 106 400 3 229 111 171 432 753
0 130 148 264 264 239 249 415 249 42 42 154 232 244 251 252 215 187 327 349 115 3
143 272 276 276 60 47 299 140 140 47 60 432 582 106 3 723 242 948 171 753 106
114 176 545 579 68 749 809 809 281 491 68 739 491 96 230 257 718 112 971 544 30 262 57 261 28 5 191 288 58 106 70 121 272 140 31 45 212 276 198 61 281 215 87 69
64 83 128 212 270 126 30 53 423 148 30 57 126 251 3 574 215 115 252 732 86 197 287 232 219
214 286 483 106 271 24 479 0 288 271 191 271 24 679 777 208 256 691 10 430 573 247 131
165 588 933 638 356 703 703 971 180 724 648 87 28 176 482 49 279 394 23 46 144 674
59 137 159 243 13 184 223 253 621 806 745 621 621 672 118 691 169 87 353 497 589 176 780 144 153 298 602 20 198 152 8 157 282 59 85 108 43 296 100 113 0 251 63 220 19 39 235 123
827 136 140 142 199 204 218 74 59 1 503 1 521 870 903 844 647 228 11 68 132 442 599 113 283 581 293
44 84 140 254 162 263 270 545 494 348 529 348 875 114 480 875 114 539 38 383 1 190 720 150 742 585 134 296
95 199 239 280 8 102 59 102 195 507 149 195 663 8 316 25 133 231 288 101 211 675 80 192 889 443 889 34 34 443 443 792 112 115 219 232 574 252 327 154 514 822 187 845
26 71 150 265 86 201 8 32 127 47 126 293 273 112 113 221 152 84 31 66 146 287
94 144 219 266 21 239 566 671 114 875 480 529 401 114 114 875 401 494 269 720 886 49 150 417 539 757 742 38
60 92 108 109 216 590 720 957 195 957 126 59 720 158 22 122 231 177 221 206 192 419 218 80 36
62 383 348 401 176 176 348 114 176 114 348 494 539 585 742 720 269 886 838 148 38 757 346 703 971 356 638 971 933 356 181 394 436 724 144 674 293 749 49 23 123 45
115 86 224 187 61 154 47 123 245 290 243 98 65 281 39 275 89 273 105 145 176
91 94 195 417 26 322 207 104 210 4 210 138 210 135 491 301 702 215 290 288 693 288 297 79
172 260 383 155 37 181 249 14 231 299 53 63 191 73 257 294 158 55 173 95 292 238 288
114 248 70 98 107 650 621 621 711 672 118 711 660 806 153 497 440 176 351 422 264 353 929 522 298 20 620 748 822 620 189 335 822 291 335 189 291 748 447 809 716 784 299 748 248 116
116 165 631 639 913 889 743 631 137 570 889 556 62 244 280 74 62 42 642 423 98 307
186 156 933 125 156 156 771 670 933 670 771 611 941 922 74 122 659 110 582 192 292
238 279 417 579 694 771 125 933 771 694 156 746 284 922 659 522 225 664 192 292 122 58 209 582
28 31 198 222 696 46 525 597 973 525 726 46 814 197 338 288 652 609 864 260 934 57 281 2
56 237 79 246 383 875 114 401 551 348 529 494 770 551 480 529 190 539 269 720 329 49 95 742 757
5 104 133 566 424 424 424 552 532 552 552 326 885 424 424 424 91 35 705 485 288 690 128 49 625 809 163 625 68 625 749 544 112 262 718 96 261 883 971 222 74 57 230 112
26 54 145 176 249 270 417 678 39 966 911 317 678 381 589 350 193 323 308 912 464 115 153 624 124 714 253
156 417 566 256 211 117 36 25 3 14 136 110 245 260 76 133 285 170 299 229 137 200 286
537 714 746 933 933 933 771 746 858 415 664 264 611 855 192 608 941 522 113 582 292 922
92 96 205 262 282 295 483 43 189 210 268 272 118 711 691 525 745 971 118 806 525 660 971 711 780 353 589 144 153 440 626 298 196 256 486 959 52 708 293 56 25 976 555 239 887 19 834 489 943 278 432 168
27 290 55 167 203 205 209 222 267 603 854 725 602 565 759 854 725 800 823 485 217 690 91 35 288 788 211 249 9 198 219 232 231 107 156 176 247 22 7 61 264 109 239 274 248 268 152 106 189
579 602 470 776 176 470 242 293 767 602 602 486 776 948 400 753 171 181 723 708 148
96 260 383 472 257 486 34 127 572 257 171 94 943 235 599 113 581 10 517 118 388 68 651 283
25 202 722 224 264 249 107 239 38 37 40 218 53 253 173 20 51 48 16 26 246 271 207
133 147 34 116 127 177 178 254 257 289 442 957 916 659 659 957 610 957 916 937 568 226 831 267 98 562 556 285 979 568 139 746 858 490 490 694 490 858 156 746 694 670 225 659 855 522 922 58 608 209 664
115 144 175 267 10 547 713 1 805 798 805 962 1 205 361 798 260 86 281 2 180 121 678 57
181 239 564 625 193 281 625 193 193 739 262 112 230 96 643 616 883 74 112 971 41 222
45 116 225 776 199 90 2 407 771 687 199 407 955 318 734 278 256 99 468 15 305 488 55 235
74 135 588 4 4 161 517 541 4 494 494 161 246 96 667 630 251 208 931 229 8 214 658
159 178 251 296 75 162 194 672 691 971 691 745 660 660 621 621 621 844 606 929 298 813 144 353 780 422 87 258 277 271 163 267 196 54 263 31 75 65 129 58 168 64 170 83 53 252 250
239 2 50 115 164 248 256 579 568 659 831 525 610 525 916 610 937 568 957 610 562 48 109 285 139 591 568 495 474 682 420 682 834 895 834 682 755 394 886 463 10 430 231 247 790 573 722 149
72 73 102 193 156 415 746 670 156 125 933 746 694 522 209 941 292 225 608 922 284 110 264 582
244 72 106 94 164 247 210 269 245 44 78 237 118 202 156 274 109 132 181 41 131
188 714 180 282 296 114 770 529 401 529 770 494 401 551 770 114 383 38 714 49 1 134 838 95 417 813 508 335 246 59 206 59 59 113 293 943 254 581 11 132 448 388 68 283 118
42 256 566 18 129 103 69 71 52 261 158 298 41 153 165 84 253 244 17 255 276 270 167
947 71 73 144 219 275 483 566 588 972 972 790 19 129 822 533 972 23 463 328 218 186 96 387 659 557 133 391 32 9 199 30 119 25 138 137 108 240 279 163 117 261 230 66 295 132 268 124
68 195 199 579 588 611 567 957 611 611 412 661 356 957 722 412 611 260 864 609 121 526 281 288 660
160 579 68 80 112 86 162 142 0 43 274 102 247 167 256 155 115 96 22 299 249 8
827 10 116 47 230 76 188 95 266 124 257 128 152 154 203 1 254 179 290 248 66 101 71 715 715 137 913 576 889 570 743 576 74 265 481 444 163 730 353 726 42 420 62
84 101 188 295 470 796 796 352 586 796 128 352 845 548 430 664 256 137 71 790 131 548 722 679
93 194 237 437 588 10 188 265 127 89 84 248 133 73 115 4 172 168 220 82 242 117 285 226 161
121 140 175 500 588 115 128 207 472 588 239 42 283 239 59 191 59 282 59 122 192 36 182 222 221 61 206 288 211 101 212 802 212 802 802 421 212 713 453 860 79 828 288 926 776 141 167 693 897 88
113 224 577 23 222 296 239 236 239 236 112 457 204 59 220 71 236 36 211 231 288 122 482 101 222 419 670 694 490 771 746 670 771 670 670 933 611 74 113 209 608 456 264 922 225 664
