156 191 38 59 275 358 244 906 201 269 339 518 387 55 463 905 237 988 94 140 332 722 847 437 290
724 860 241 267 298 8 152 160 193 537 77 347 454 402 589 927 121 750 814 312 331 824 365 459 541 981 798 708 907 67 178 22 47 18 38 162 225 216 264 10 297 265 207 13 220 24 283 292 142
639 65 108 158 302 476 302 968 968 476 656 476 898 692 674 692 34 479 890 209 359 290 658 611
112 188 262 116 135 378 990 926 895 895 990 926 378 883 18 814 926 85 225 141 175 110 58 225 855
761 26 33 157 169 217 912 358 674 351 531 304 731 731 731 770 92 226 365 335 185 806 755 754 687 76 238 167 34 258 118 51 278 261 90 114 152 55 108 233 232 134 99 62 206 202
105 181 250 282 288 141 269 273 211 227 88 133 55 184 81 293 155 170 173 143 290 208 252
726 761 275 32 45 72 109 144 180 291 206 990 926 926 81 766 757 110 417 968 53 13 141 814 66 225 58 123 18 280 209 258 113 55 177 266 293 31 62 174 22 158 279 214 194 223 291 277 88 216
948 19 69 132 173 207 249 255 87 106 248 205 25 150 255 218 49 254 82 155 192 263 70 94 153 64 164 24
62 74 81 99 151 194 196 226 215 25 41 92 202 235 190 102 57 183 240 267 38 136 120 77 295 128 56
129 152 898 396 968 898 38 38 898 898 968 38 476 957 821 298 658 275 826 861 74 826
10 148 163 523 74 148 190 194 203 235 206 69 137 137 91 209 120 100 80 215 120 233 272 969 119 58 215 296 137 283 424 905 481 669 481 481 97 481 669 424 905 527 825 494 311 250 74 180 903 215
19 69 90 241 609 71 96 115 32 122 118 18 175 229 90 23 91 47 123 94 289 242 40 262 217
32 132 160 172 71 256 12 175 221 221 175 291 12 861 12 328 260 141 967 296 257 267 346 170 146 272 272 72 128 143 167 237 139 230 238 169 24 232 17 291 257 105 193 265 197 55
889 6 100 134 175 245 260 269 73 142 250 103 144 47 16 27 194 251 145 265 187 148 223 262 197 99 200 60
117 144 215 11 149 184 198 688 78 140 97 232 396 261 353 198 31 144 94 502 375 914 318
6 85 91 38 656 299 479 38 302 476 479 898 476 968 476 146 692 821 96 452 108 163 611
38 245 1 7 113 213 215 358 770 770 770 304 731 66 66 51 825 24 76 92 182 145 335 754 380 339 128 116 45 93 280 201 240 244 112 224 97 90 228 11 124 255 292 267 263 156 233
761 948 973 175 202 224 456 292 131 101 299 3 155 82 232 142 47 32 213 276 88 163 89 255 285 224 210
102 151 609 145 145 132 132 255 90 255 50 62 118 254 23 25 566 227 211 9 100 906 739
23 103 176 291 656 656 656 302 898 692 38 898 656 302 692 15 675 146 957 49 821 96 298 275
93 132 135 222 262 486 656 656 656 302 898 692 38 898 656 302 692 15 675 146 957 49 821 96 298 275
948 74 94 231 271 125 190 20 161 113 173 159 203 35 112 164 4 257 193 7 66 44 185 211 206
761 27 198 289 184 250 169 169 58 58 114 23 62 212 23 914 215 539 825 138 197 7 94 44
200 456 149 90 47 249 105 103 50 123 49 217 253 93 183 71 53 175 83 80 265 163
948 30 55 239 253 313 190 38 103 286 144 218 49 231 172 289 101 112 80 235 81 24 175 230 54 66
150 154 160 269 278 246 53 78 40 117 255 135 260 193 221 139 162 258 267 104 269 183 126 170
761 860 948 239 238 27 6 146 95 239 223 223 238 183 739 272 240 211 254 280 363 23 20
116 168 285 89 39 246 238 99 245 293 9 211 25 240 739 272 100 363 227 906 254 240 995
54 159 948 5 49 88 88 69 199 252 69 149 149 215 105 60 141 135 296 89 170 84 84 58 969
110 155 228 245 255 69 122 60 28 105 122 28 280 967 98 283 465 89 58 251 141 119 84 233 13 8 262 266 78 90 6 134 72 61 255 74 66 126 140 97 278 100 297 33 10
18 136 150 264 283 286 295 62 27 197 19 286 6 262 182 267 23 96 222 204 128 159 187 200 22 248 64 674 304 66 912 531 912 358 912 351 304 358 335 24 806 335 217 13 339 128 380
7 105 145 170 234 271 64 149 257 739 12 814 50 166 19 506 650 162 309 100 215 259 173 671 418 56 267 189 116 278 145 244 250 32 202 162 289 163 279 57 282 157 111 261 190 173
47 179 30 272 187 175 41 282 254 222 285 143 72 3 100 269 20 192 119 110 172 219
11 218 270 266 187 234 94 204 169 150 6 209 263 179 267 295 122 2 273 196 95 185 245
98 248 171 164 446 122 122 122 264 122 906 995 739 20 272 240 129 566 363 280 227 281
61 151 143 154 225 176 110 204 33 290 201 163 266 77 155 250 100 64 284 52 207
31 94 162 212 227 656 968 396 898 302 968 302 299 299 299 396 476 179 479 298 96 675 68 175 15
19 75 267 84 290 112 275 144 50 153 61 209 291 35 138 22 43 250 114 201 10 1 60
20 189 201 223 810 543 23 683 477 543 543 717 717 810 192 256 506 60 162 56 27 671 100 19 151 272 257 255 228 26 60 189 35 24 129 66 68 203 4 214 288 146 38 3
172 237 486 172 95 201 188 227 272 146 295 117 21 156 24 143 163 290 230 62 200 53 132
889 948 125 158 231 298 135 120 239 172 155 77 17 543 74 17 8 19 27 173 256 100 278 192 671 60 418 164 261 3 293 198 25 262 193 157 295 21 162 226 194 40 271 15 161 272 4
247 268 132 4 263 252 212 13 106 108 253 276 198 96 289 235 223 233 15 0 144 115
75 111 249 46 90 198 288 60 140 133 79 229 180 54 267 75 0 216 231 108 211 255 111 284 23 19 30 33 60 82 225 266 49 171 22 182 165 45 290 230 59 235
73 609 243 269 261 36 253 269 36 253 170 84 283 465 296 141 58 84 3 229 135 969
765 10 11 926 338 990 757 757 271 990 271 757 24 66 113 814 5 876 674 5 894 42 38 96 286 14 50 107 241 127 82 216 25 222 95 113 271 263 80 260 278 115 234
765 130 192 203 256 127 76 298 286 1 161 190 57 283 257 96 175 59 234 284 121 262 258 75
21 229 253 10 263 20 4 66 49 262 50 67 194 29 6 69 153 172 79 89 109 268 31
78 104 142 171 288 105 191 179 77 39 213 64 266 201 177 196 45 109 113 94 49 264 65 108 89
761 56 75 206 229 253 609 276 276 857 276 103 62 138 188 138 68 170 13 58 89 283 141 84 84 98 296 898 302 396 898 968 656 968 968 675 72 179 298 733 49 479 74 96 821 15 692
51 79 690 822 934 31 897 222 99 66 690 284 114 9 254 240 23 566 945 281 20 211
634 27 147 152 219 257 278 290 181 69 235 13 219 188 198 113 31 89 51 43 203 200 176 247 26 204 270 173
221 990 766 926 338 895 926 766 81 175 674 5 968 66 113 42 38 876 5 149 866
66 93 211 249 88 2 106 88 55 55 231 146 106 465 233 84 58 969 135 251 229 84 13 170 23 145 237 294 44 83 282 119 77 120 287 30 188 138 48 121 206 228 54 71
44 290 339 186 100 192 127 183 147 286 2 142 39 96 112 274 251 124 118 177 73 210 55
55 85 176 55 142 262 269 294 194 52 253 234 29 171 59 98 84 140 210 143 154 83 216
860 17 79 101 144 11 87 231 281 731 770 351 770 674 731 304 674 674 72 339 754 13 24 217 193 368 69 136 128 279 152 85 1 252 257 118 165 71 114 270 117 196 104 204 63 210 90 157 175
61 170 210 523 111 86 165 99 151 27 55 78 252 81 244 249 181 65 92 39 219 295 40 163
71 194 270 523 192 209 193 39 193 44 54 240 42 54 156 39 193 168 3 141 58 89 84 84 465 135 692 476 396 38 476 396 968 968 38 15 108 216 553 479 275 957 179 452 146 298
23 114 210 249 205 204 175 287 177 69 188 184 297 146 140 281 155 87 116 210 178 26 156 212
761 13 140 236 267 284 232 351 287 633 422 246 287 117 232 240 211 280 25 945 739 281 20 227 9 566
31 55 105 133 720 561 720 401 790 159 180 159 180 180 180 375 7 209 31 825 94 582 751 974
22 99 183 193 196 23 219 274 187 20 244 166 137 200 207 78 7 214 148 168 28 184 32 245
114 142 213 240 139 177 209 895 338 206 271 990 926 271 378 81 66 252 814 175 149 42 866 894 237 218 968 87 299 268 203 170 151 253 289 139 285 125 136 204 98 32 240 56 275 92 108
104 239 249 138 1 1 164 249 112 164 138 112 138 164 296 84 170 89 283 465 135 3 396 302 692 479 302 656 692 479 299 957 179 275 452 74 175 146 821 838 216 298
860 157 191 235 339 269 77 339 255 47 255 47 77 255 256 187 229 2 302 142 93 130 233
948 163 243 48 174 4 192 189 24 99 87 20 250 196 204 165 132 289 233 195 193 273 131
72 109 113 134 7 88 121 55 116 5 75 287 217 106 61 117 60 186 251 87 59 229 0 4
948 25 113 119 257 288 81 16 7 195 289 191 30 226 23 162 168 261 155 3 75 98 19 254 186
21 113 261 275 609 140 9 28 239 78 106 39 141 6 236 176 195 165 17 76 72 109 171 266 154
152 164 209 276 279 302 656 898 38 476 476 396 968 692 49 821 838 957 692 275 175 216 733 452 179
51 190 257 609 154 163 197 339 304 358 531 358 351 770 674 358 912 789 789 380 825 13 335 754 69 245 72 806 32 198 232 74 99 167 276 266 159 245 116 145 195 53 80 186 19 109 239 23
223 296 0 34 221 241 215 249 279 137 217 208 215 298 137 217 279 89 465 251 58 98 283 84 84 192 181 9 177 257 254 76 154 1 32 134 75 139 291 156 226 270 161 52 7
106 143 162 203 253 289 27 82 60 128 255 110 247 287 123 21 5 2 134 281 180 117 98 20 55 28
981 88 523 844 154 138 138 154 115 299 276 326 130 302 229 165 256 85 2 220 468 238 22
143 476 181 274 210 121 277 15 30 231 242 183 24 133 148 68 163 196 93 207 260 168
634 294 214 152 2 148 233 259 14 3 45 27 224 161 12 240 172 282 24 106 167 260
91 230 366 58 116 415 116 221 58 206 221 124 137 188 689 494 273 66 260 57 51 147 168
110 162 236 339 349 88 90 155 220 255 266 281 283 609 290 290 210 191 14 161 161 895 163 169 259 671 650 256 716 27 19 56 418 162 53 140 205 229 51 108 220 213 189 78 141 280 171 71 137 68 86 84 246 54
948 135 179 245 280 258 143 200 54 265 197 71 63 9 247 280 136 115 26 80 82 150 48 196 23 223 167 158 76 232 40 276 25 170 203 150 198 130 285 65 93 145 52 274 56
19 31 42 168 222 277 95 282 66 140 44 144 220 88 55 108 269 291 268 112 226 17 283 204 142 149
56 95 134 138 227 609 526 409 258 935 625 238 632 260 625 945 254 20 280 566 211 526 926 272 240 9
894 133 186 199 396 476 479 299 476 692 302 898 479 299 38 452 733 96 146 479 298 957 74 49
634 26 47 167 182 194 249 761 204 776 682 771 971 751 360 682 13 168 84 135 229 251 98 84 170 283 296 141 465
16 119 146 217 278 278 175 131 278 175 144 131 980 509 24 235 199 145 237 153 52 82 122 33 214 48 127 252 50 115 10 69 26 65 136 109 165 272 130 68 39 53 282 72
5 213 682 957 626 937 445 682 659 202 343 906 280 945 926 829 739 281 129 23 995 254
173 28 29 158 202 239 509 871 871 871 871 644 502 871 969 98 967 84 296 233 135 84 168 283 465 732
3 143 268 315 275 556 51 763 808 808 275 315 355 902 146 754 899 105 692 663 480 76 135 49 217 6 91 96 276 180 265 298 297 26 87 233 238 59 209 28 218 173 15
50 218 15 144 112 172 127 52 36 142 75 226 100 279 187 30 237 207 131 31 14 256
104 224 274 735 139 291 275 808 51 908 275 556 51 908 582 315 763 899 474 663 902 76 988 644 146 766 502 93 88 163 88 84 251 502 88 502 165 819 229 276 238 302 22 130 220 233
63 67 86 104 224 251 250 47 101 264 120 180 198 232 71 132 216 104 98 0 199 105 263 236 138
73 74 143 152 167 234 289 76 110 114 179 293 609 731 66 731 789 674 351 674 304 912 731 912 825 380 24 217 368 335 193 72 136
31 263 145 145 616 51 278 145 206 110 165 145 169 163 56 418 573 19 173 650 100 45
969 35 189 191 366 789 531 351 66 351 531 912 674 754 24 145 13 339 72 825 193 368 136 245 335 80 152 174 84 204 223 76 173 161 203 177 297 210 228 146 144 111 104 245 56
914 15 21 73 213 226 226 79 209 213 167 191 546 508 169 113 539 176 7 825 375 94 209 974
820 12 152 290 349 63 142 189 195 143 52 271 284 250 80 122 228 107 193 116 234 113 44 45 105
761 72 249 207 82 150 42 275 141 9 189 250 278 127 229 117 3 54 61 279 53 56 296
80 186 299 233 137 112 13 47 86 189 252 158 90 96 129 299 222 205 139 223 67 121 62
117 174 184 456 160 241 292 145 55 238 91 136 41 107 82 21 222 277 39 276 282 13 231 272
48 52 111 115 139 173 523 761 24 44 261 206 158 206 280 11 94 158 206 11 94 169 259 100 56 573 256 162 27 418 173 95 99 168 133 158 110 258 272 271 189 148 112 97 12 201 73 293 90 58 62
948 22 123 255 380 124 105 124 859 412 919 42 959 270 481 322 922 77 520 196 339 63 1 972 268
10 30 42 172 184 218 63 244 139 134 125 459 134 459 251 141 84 969 84 84 229 283 967 233 98 170 299 396 968 38 396 968 476 396 38 302 275 15 957 838 146 692 479 675 597 175
5 8 103 194 898 968 656 302 38 299 476 479 396 898 299 38 96 179 821 74 597 146 553 49
139 147 456 101 265 242 246 26 137 81 114 147 100 55 36 210 159 58 282 72 250 168 274
9 69 85 171 188 237 287 26 169 213 169 835 213 835 169 169 26 904 51 147 66 45 380 260 588 563 494
761 34 81 93 133 255 245 116 176 92 296 243 53 172 11 177 59 221 20 278 210 149 16 224 216 692 898 692 898 38 968 968 299 38 479 302 656 821 216 298 146 452 957 15 74
170 246 296 349 476 898 968 692 396 968 968 692 476 656 656 396 216 479 49 692 821 275 838 452
948 106 119 233 280 247 243 19 294 218 192 85 290 114 205 6 177 292 147 249 217 295 196 280 96
246 261 284 146 64 25 267 227 276 40 275 6 33 139 136 257 23 88 60 149 39 187 204
981 35 62 123 170 882 471 455 825 16 882 689 16 735 689 254 272 9 739 129 211 829 240 526 20
158 176 209 299 911 33 157 119 100 225 284 571 45 51 188 147 260 273 494 168 9 45 57 689
120 210 523 121 134 173 232 279 20 125 284 160 4 210 9 283 223 245 212 167 269 264 150
8 67 282 85 93 176 291 232 121 260 188 158 118 134 279 61 23 208 257 120 1 299 73
95 139 232 251 282 297 254 210 192 65 158 89 232 164 80 171 30 122 118 106 176 38 286 129
18 28 143 251 264 463 486 162 964 791 29 237 790 237 140 503 964 22 174 790 84 170 732 390 969 283 84 98 183 236 89 293 108 299 153 246 265 71 188 169 251 175 227 229 56 32 27 298
179 245 278 144 239 116 14 164 101 108 68 30 216 131 209 59 250 52 102 160 94 213 121
62 216 229 118 246 205 39 153 184 26 49 57 189 61 75 51 209 65 58 50 40 16 88
22 26 168 190 252 137 230 883 230 674 240 199 230 926 945 211 318 566 23 272 254 9 240 20 906
67 178 227 260 200 28 218 33 121 160 227 273 281 40 138 286 71 34 176 74 240 299 278
12 54 93 38 70 63 94 18 116 57 139 228 169 207 238 254 13 266 215 156 201 20 190
251 267 898 898 299 968 396 396 476 38 396 479 302 692 108 821 96 179 692 553 49 298
981 215 125 196 68 159 48 290 215 82 58 28 128 106 276 21 181 260 277 180 168 254
15 190 231 129 218 10 224 104 247 109 171 238 78 105 294 0 54 74 280 52 226 185 15
170 315 46 132 213 168 24 12 150 41 52 66 162 77 294 39 60 151 142 193 61 243
634 148 161 298 56 99 142 190 273 299 512 105 105 75 251 75 127 75 476 27 848 573 19 650 644 215 418 671 194 973
212 124 974 265 979 32 97 837 864 191 462 516 124 16 319 973 99 49 299 243 557 285 170 198 280 111 183 111 111 170 122 285 20 98 697 159 342 580 293 22 247
2 26 206 211 296 675 233 120 527 107 675 462 262 17 17 527 462 181 197 33 784 797 250 296 232
13 832 971 971 262 120 853 282 853 17 262 232 33 98 48 797 784 181 197 0 181
53 183 126 199 102 146 278 12 30 229 110 46 122 164 267 200 190 106 257 58 24 182
150 152 173 237 274 761 942 173 256 763 556 51 582 315 582 344 51 808 644 332 754 105 560 480 902 273 692 135 128 221 103 31 74 84 78 73 199 38 280 119 197 89 97 251 14 205 15 186 143
4 96 185 278 52 268 170 221 97 27 14 65 163 146 112 152 124 178 101 141 45 77 104
634 14 122 206 260 291 325 132 10 49 252 187 148 228 62 216 249 23 112 233 199 53 27 181 95 109 108
761 8 297 205 215 281 273 176 81 203 61 291 54 225 212 168 10 40 133 194 240 174
53 288 484 215 358 351 358 770 674 731 358 582 245 368 825 754 66 420 24 13 72 339 69 217 123 264 174 279 29 269 216 268 57 258 1 209 68 287 184 236 172 34 30 4
115 167 364 950 364 398 950 717 567 875 826 950 874 317 159 131 697 333 40 247 98 166
207 20 39 272 508 424 789 789 424 844 673 716 27 973 644 259 671 19 418 45 650 163 56 848
18 29 47 263 243 657 907 657 130 414 657 907 777 291 256 331 974 1 732 836 539 95 62 622
937 127 211 235 657 777 907 69 657 907 700 275 657 103 836 62 539 1 685 622 389 91 286 95 265 53 297 62 151 40 173 251 93 112 113 25 142 240 179 97 218 232 14 268
44 93 148 106 243 268 266 217 236 178 58 286 282 252 14 281 86 66 283 15 18
142 231 295 212 150 276 107 72 223 20 81 273 215 292 246 282 17 239 59 39 134 55 51
681 806 860 48 193 195 716 980 435 435 848 848 825 716 528 0 104 232 163 771 33 197 247 214 797 250
90 115 349 930 696 115 718 215 0 796 171 323 723 181 275 111 3 486 148 229 582 106 400
133 145 268 293 38 224 230 244 254 262 271 789 351 66 674 66 770 66 304 351 731 674 912 193 482 825 368 566 883 339 13 252 234 134 177 262 145 18 186 248 250 217 84 255 21 290 150 244 5 259 233
981 80 145 153 211 127 44 90 256 224 18 111 53 266 102 156 247 20 107 60 242 69 193 237 26 256 226 237 18 166 259 150 43 155 161 4 199 127 271 41 232 172 79 241 250
6 56 64 102 189 988 582 496 245 902 189 332 245 56 988 582 398 20 281 318 280 211 9 129
71 84 167 4 14 177 97 174 204 171 218 90 119 173 203 271 105 232 285 182 172 241 3
10 51 56 115 269 456 779 217 944 944 779 514 538 595 317 595 474 595 33 242 250 163 784 181 214 502
948 6 62 204 349 26 582 81 566 987 81 809 81 221 164 809 221 754 281 398 684 906 566 516 9
10 93 81 81 81 470 128 73 73 758 81 302 511 322 756 641 339 873 198 520 481 196
922 123 190 194 921 878 731 384 384 952 524 214 24 426 209 375 474 176 44 539 582 825 334 344
55 211 344 456 511 640 187 187 511 317 317 289 511 187 511 481 90 873 186 922 77 322 171 198
230 254 484 696 712 734 821 518 734 976 314 241 734 241 169 162 56 259 848 418 19 775 27 671 106 249 290 205 72 176 282 196 266 31 24 289 215 122 136 276 262 144 267 198
26 237 189 155 204 51 153 107 166 248 134 250 62 95 246 138 144 199 180 182 10
5 172 174 217 4 93 217 672 225 217 142 225 932 4 522 16 175 298 96 692 216 838 74 108
26 110 159 456 634 654 99 251 581 581 440 363 554 27 494 445 363 596 180 440 16 973 99 229 14 299 319 410
160 198 349 456 27 537 440 494 596 596 822 356 1 27 594 440 962 73 16 16 319 243 958 80 66 9 188 18 94 195 71 198 14 236 276 275 191 34 250 277 247 82 88 55
44 82 134 188 456 267 291 202 267 335 709 291 704 354 664 293 330 824 285 496 345 159 0 726 514 141 60 121 11 90 10 119 8 269 99 252 113 136 205 50 2 156 213 134 236
806 56 128 460 45 50 192 210 338 766 378 990 766 81 338 42 218 252 5 113 141 968 24 149 657 38 237 679
