556 542 983 121 319 226 842 707 117 59 286 748 199 351 13 811 911 345 434 136 332
102 160 182 349 705 830 552 830 705 594 830 28 28 552 705 28 552 77 585 568 811 772 811 132
27 103 413 577 681 395 421 421 421 395 421 395 421 140 191 307 256 97 940 858 858 60 762 752 940
103 209 212 267 66 273 23 136 172 178 142 173 71 243 22 138 79 7 17 239 288 65 272 205
875 69 170 264 424 535 77 37 535 974 424 535 535 497 77 535 512 170 647 383 139 339 383 708
177 707 606 658 483 567 111 1 433 658 1 606 79 231 286 222 222 809 929 183 165 297
50 157 183 237 275 434 117 13 13 434 117 434 351 117 345 13 72 126 72 116 82 136 740 276 20
3 166 237 117 182 521 34 972 235 302 145 38 137 235 182 204 223 683 291 148 151 288 102
19 185 217 251 270 107 141 187 204 264 562 873 873 166 990 990 264 158 94 926 938 170 763 203 530 667 283 184 94 200 800 825 200 764 210 210 572 572 296 113 255 14 121 246 218 593 905 588 957
191 261 135 577 257 554 703 690 693 180 167 251 223 278 978 106 345 433 74 173 531 940
1 56 168 196 241 63 12 2 177 159 140 244 220 254 157 230 211 56 19 198 151 16 289 106 87
145 462 462 281 501 46 281 46 295 462 332 48 462 284 30 232 257 156 134 66 121
153 172 291 875 76 89 92 102 187 707 269 305 264 166 264 546 305 269 546 990 272 792 568 158 530 170 305 938 250 278 98 168 57 266 222 261 19 43 199 269 5 248 193 156 133 3 62 68 163 274
54 174 210 222 246 93 257 147 233 170 289 106 166 95 137 15 78 206 218 175 71 57 179 54 154
95 142 259 138 266 41 162 107 274 239 238 123 181 150 65 295 40 228 215 11 273
27 267 17 83 120 128 251 452 198 198 9 251 265 251 145 132 252 143 159 751 271 31 830 263 174 424 204 293
10 20 36 83 250 671 828 828 828 317 317 699 671 671 317 671 625 13 63 199 465 226 17 969 8
34 187 236 305 264 546 667 562 305 667 562 264 269 990 990 305 170 705 5 938 184 283 792 144 296 172 198 264 215 32 94 102 242 235 206 106 15 70 211 110 16 29 141
71 113 188 875 107 168 233 291 10 166 629 196 472 182 629 629 105 299 92 264 135 650 682 126 718 89 242 12 34 208 65 24 2 233 174 244 17 231 230 212 43 108 228 289 203 276 254 50
257 434 542 345 117 59 136 13 319 117 136 136 345 84 17 81 542 167 103 232 116
59 187 218 256 272 201 228 63 280 54 263 258 63 152 351 28 955 83 238 115 150 252 668 190 208
183 189 281 293 4 239 239 253 222 170 222 140 158 204 117 215 293 633 412 424 31 271 287 159 66 165 273 103 78 222 232 257 142 160 192 86 34 22 10 262 155 297 260 85
45 207 683 251 79 223 104 36 103 120 59 189 240 140 261 222 111 57 1 96 56 78 288
13 92 119 161 188 188 45 133 188 244 135 143 133 575 395 508 208 83 70 115 955 533 181 190
153 280 229 61 235 160 125 84 11 143 23 224 214 102 250 94 115 196 259 209 69 201
847 26 197 909 909 909 145 497 145 943 974 37 974 876 84 299 585 383 244 460 424 73 504
7 64 264 974 909 145 876 876 943 943 424 389 138 460 140 504 277 288 585 390 244 13 299
9 76 187 297 298 875 83 195 118 864 86 207 445 67 217 143 31 287 412 263 293 215 174 622 253 204 139 830 215 37 206 40 37 206 40 224 294 206 466 268 282 620 202 285 78 139 240 153
14 98 166 214 227 260 36 481 481 26 56 26 26 108 91 17 108 19 360 630 981 53 608 95 174 205
76 85 137 102 278 116 237 126 196 17 213 241 264 247 12 138 154 252 59 75 205
11 88 112 124 125 233 153 183 28 238 121 234 38 146 246 19 160 210 277 133 230 41 64 108 176
30 131 212 225 63 148 23 173 289 20 32 254 160 76 298 235 172 100 141 273 209 37 279 175
13 85 104 137 234 295 18 199 131 119 173 147 133 260 276 184 297 203 179 249 68 59 224 186 256 50
23 26 217 181 84 109 65 113 128 53 174 121 171 839 462 242 911 156 59 118 255 232 284
224 357 345 13 13 351 319 319 13 434 136 117 193 72 232 987 81 251 101 136 84 167
200 253 744 4 293 142 37 234 3 57 26 60 162 257 25 91 173 172 264 8 72 159 163
101 221 707 98 251 121 247 174 195 235 196 188 63 87 185 292 259 69 45 13 170 203 207
6 20 76 125 329 552 993 993 329 824 293 993 329 958 335 707 253 683 903 732 53 200 221 251
77 105 288 268 146 143 166 270 182 208 119 45 99 33 38 172 104 241 244 87 140 0 60
163 324 452 449 28 85 449 286 4 219 444 250 232 213 47 844 973 844 535 439 40 133 233
98 106 181 182 683 707 784 208 601 960 373 389 918 584 389 373 389 373 6 808 237 233 138 142 266 22 74 144 42 169 184 267 48 225 273 249 275 124 297 54 295 40 142 21 245 230
50 232 307 554 348 257 760 760 690 3 228 173 278 940 488 426 618 253 433 146 180 172
127 147 156 159 288 222 202 167 263 192 272 252 172 247 94 55 284 191 111 5 227 287 39 140
17 74 103 173 273 12 34 237 1 280 154 280 239 299 163 154 196 232 280 291 117 215 412 830 287 243 31 159 43 502 15 51 125 170 125 502 439 98 226 535 844 250 355 973 133 847 47 520
744 184 219 266 639 562 990 269 990 873 562 546 269 305 166 546 562 795 305 210 17 971 250 245 58
250 707 80 652 160 290 803 290 80 89 19 296 37 267 0 650 141 92 191 755 242 135 997 824 552 707 824 393 329 335 164 138 732 232 200 253 251 903 221 530 212 221
80 167 452 667 873 990 269 546 166 873 264 667 269 873 269 272 210 653 278 45 130 131 184 723 942 942 240 446 107 408 310 160 870 163 888 859 134 5 611 199 259 889 732
936 197 707 212 280 10 502 437 102 221 668 28 208 176 115 351 70 153 252 533 273 762 46
179 186 230 243 39 129 184 190 357 683 102 9 102 294 298 144 9 112 551 243 293 271 71 74 751 622 287 174 31 263 185 185 188 66 261 145 9 35 66 256 185 131 115 301 301 360 89 626 649 205
127 202 190 40 88 158 38 76 222 52 270 142 254 165 78 21 126 23 217 248 260
374 37 86 283 39 3 9 228 273 149 150 287 196 202 168 207 2 255 159 105 46
176 243 552 552 293 958 552 293 824 293 293 329 52 164 253 732 683 232 251 53 200 235
38 240 94 87 795 202 231 134 192 196 261 31 135 317 682 0 191 267 650 89 19 141 955 242 410 971 802 955 772 971 724 226 222 829 346 299 27 354 64 346 492 120
951 13 64 120 293 54 6 25 89 285 50 32 236 153 248 37 67 63 218 266 224 10 151 145 8
137 172 203 213 234 241 427 264 180 42 57 152 125 228 301 828 943 649 53 360 969 85 174 205 17 95 626
57 61 86 276 372 242 584 955 127 445 772 971 242 934 64 346 829 354 299 492 724 25 241 164 354
247 452 169 693 40 268 345 150 345 150 955 10 140 153 82 108 252 533 46 357 762 176
150 210 214 227 233 127 277 251 264 164 246 153 250 249 258 205 167 43 138 38 283 179 63 161 17
36 183 263 271 829 311 311 648 247 119 579 513 156 881 37 82 8 83 137 27 258 244 89 168
59 245 253 4 36 90 161 212 258 63 294 201 235 303 201 63 132 809 235 271 215 71 287 100 830 74 139 253 117 848 195 848 864 86 207 349 864 825 195 83 251 396 280 96 124 236 160 213 209
62 281 65 77 291 68 29 200 4 189 212 141 249 95 162 112 246 37 214 23 35 90
25 207 291 25 166 667 763 763 166 667 166 562 873 763 272 130 131 17 210 250 650 227 305 278 237 249 845 229 149 72 200 291 243 191 249 319 357 351 955 70 83 273 28 153
107 135 167 231 286 52 66 94 136 165 249 279 280 184 885 885 928 220 928 33 885 244 912 34 252 149 38 125 906 31 84 934 33
95 104 111 159 187 851 23 763 677 59 674 102 317 28 264 89 242 19 858 495 37 191 803 296 31 860 262 262 729 729 227 117 117 729 535 844 355 213 232 520 250 226 847 47 98
848 165 268 452 198 296 226 191 84 71 74 107 189 78 181 212 120 97 168 106 135 174 115 53
88 160 531 15 43 75 255 639 671 671 671 699 625 337 317 625 699 592 81 644 144 46 247 71 96 15 8 226 761 37 745 560 772 761 293 545 560 37 834 235 125 980 82 72 65 533 171 553
90 98 207 454 207 454 207 62 129 155 98 393 211 288 205 277 83 693 138 504 84
184 192 452 639 13 542 319 117 345 542 345 136 434 332 59 204 228 81 251 621 117 167 320 3
106 262 99 123 99 123 99 102 167 45 164 123 207 45 26 264 129 20 293 155 71 113
115 167 268 200 61 54 76 55 12 257 44 75 234 231 171 274 126 197 163 275 132 226 129
52 172 193 225 764 354 112 112 764 819 764 53 112 391 417 478 16 413 766 157 145 268 570 281
216 94 92 284 224 105 10 268 100 130 176 72 47 281 165 180 209 26 159 232 5
81 154 179 224 639 16 109 247 324 683 873 667 873 562 264 763 562 210 971 272 245 683 926 227 305 650 130 795 17 45
86 476 476 814 476 814 112 232 250 97 650 264 12 296 858 89 31 755 37 267 317
872 45 166 305 990 990 562 264 990 990 795 305 683 184 671 131 650 130 278 653 926 568 972 240 942 446 310 972 107 972 723 310 870 29 889 952 62 281 199 160 321 718
3 63 134 268 50 873 269 667 990 763 269 667 546 264 269 990 873 210 650 131 272 278 130 971 17 60 127 236 373 73 149 60 373 0 73 70 238 176 10 252 955 82 273 357 668
163 639 707 257 760 577 135 554 257 554 257 173 3 228 180 181 278 226 433 172 940 618 81
27 110 452 707 159 152 252 285 168 133 295 33 8 141 179 85 21 54 263 40 172 267 277 257
20 162 261 283 707 53 704 733 417 648 53 704 764 112 354 53 478 38 570 875 71 145 268 16 766
24 26 205 707 345 434 332 319 13 345 319 345 320 81 17 222 117 621 487 232 189 136 228 204
109 184 324 545 704 560 545 83 70 545 761 637 980 65 553 125 785 171 82 232 235 771 165
106 122 201 452 90 123 120 25 90 52 247 95 630 327 301 608 626 471 89 969 301 174 360 205
278 304 304 648 247 231 513 829 119 83 846 137 37 126 881 8 895 27 257 258 168
20 40 127 153 278 509 193 193 120 123 375 247 57 27 254 649 451 630 95 174 17 626 115
136 139 165 241 683 83 37 545 772 761 772 761 70 745 761 963 72 165 69 510 125 235 637 771 195
105 188 452 190 141 62 136 153 278 6 86 157 76 10 123 42 197 60 266 194 175 12 231
79 128 144 202 89 372 452 699 671 317 828 699 119 460 828 337 353 337 337 96 119 776 196 199 71 852 144 811 811 906 960 137 36 960 36 176 344 2 228 116 682 14 62 864 98 7 299
43 94 153 372 639 157 161 180 683 119 317 317 671 828 317 460 337 353 465 644 777 15 144 776 46 199 247 119 318 351 59 434 542 117 351 13 117 136 204 117 101 487 320 81 251 987 17 965 189
93 142 357 351 59 434 542 117 351 13 117 136 204 117 101 487 320 81 251 987 17 965 189
133 324 452 107 142 153 241 290 357 311 913 599 135 599 142 599 426 874 426 242 352 620 630 251 203 142 795 243 524 410 445 955 772 802 756 584 971 127 346 844 25 829 346 724 222 27 354 492 934
31 179 254 48 284 81 81 529 81 245 178 6 282 299 15 533 134 139 78 285 256 351 153
75 101 179 295 399 354 819 764 354 112 417 53 733 417 112 354 391 5 570 281 766 157 413 107 50
107 244 294 231 7 103 234 86 154 226 51 110 30 133 225 71 131 111 31 264 186 156 252
23 105 225 202 750 664 277 491 202 750 66 621 89 969 174 301 85 53 630 301 626 649 471
50 74 218 258 544 554 577 554 693 577 703 257 693 700 181 146 172 983 106 180 940 81 278 226 618
162 222 247 96 86 565 96 157 180 211 86 211 180 724 252 934 795 38 34 3 31 718 147
14 26 64 87 228 238 180 86 211 209 87 87 211 244 86 31 52 412 934 252 84 147 33 912 149 84 286 295 198 285 245 23 160 230 281 144 6 210 220 288 254 289 171 209 69 52
24 82 101 127 183 192 210 559 540 565 156 911 19 692 911 332 156 649 89 174 360 85 17 301 969 626 53
84 125 153 252 291 446 942 240 503 446 310 972 107 240 942 310 503 29 160 888 952 259 718 5 321
2 927 158 217 960 10 645 215 180 716 960 335 645 281 833 83 222 299 489 481 84
60 70 203 205 693 760 554 257 257 307 307 257 257 703 348 577 3 173 700 983 172 278 106 180
28 96 142 152 258 297 580 540 987 405 820 891 540 301 958 969 89 360 471 205 301 53 115 451 17 174
183 105 170 250 79 18 21 173 175 134 171 292 291 288 96 123 133 102 42 100 152
110 176 243 2 94 199 235 42 44 158 217 241 232 161 258 251 80 182 159 78 255 294 4
287 332 332 351 117 434 319 319 542 351 117 101 228 487 204 320 193 987 251 222 136
178 295 226 289 26 128 195 69 257 272 62 39 233 118 273 81 124 130 244 251 287
71 84 93 201 216 335 420 291 189 117 748 658 420 420 620 420 335 86 809 266 716 116 562 217 58
29 119 140 176 906 85 137 176 344 960 36 960 266 402 864 98 476 62 228 116 426 7 826 261
16 25 53 156 193 399 119 231 755 231 513 513 755 247 513 231 119 648 126 257 8 957 505 168 27 258
154 157 190 245 542 117 319 59 332 59 351 332 332 204 84 251 189 81 3 193 17 320 228 117
1 183 960 137 85 36 655 906 85 344 613 655 36 426 7 98 261 864 476 826 116 514
45 53 704 354 53 112 733 391 38 107 354 268 20 413 973 766 281 716 875 145 16
55 118 182 204 221 513 247 755 311 119 119 829 119 513 513 4 822 244 83 89 8 137 126 258 63
372 260 278 145 912 145 41 48 260 41 48 629 389 533 15 620 70 285 78 153 426
52 68 92 131 217 225 560 907 560 364 907 908 556 247 219 560 418 740 383 663 833 389 481 489 693 277
17 98 955 410 971 445 802 584 772 242 354 27 346 7 164 844 346 241 299 934 64 265
46 80 125 209 540 357 631 631 75 832 912 445 194 194 631 70 299 15 134 285 351 256 533 426 658
124 261 92 58 105 194 241 220 34 206 293 252 93 6 224 147 268 254 126 262 2
0 98 100 154 514 176 659 514 123 659 663 2 663 476 84 663 481 283 83 833 299 281 504 409 135 257 135 693 554 307 554 135 385 940 181 700 3 931 278 983 160 253 180 251
33 40 110 232 154 29 96 47 132 194 42 14 16 221 89 120 48 216 45 242 56 178 84
3 27 36 124 411 265 356 113 113 356 356 468 280 367 531 33 84 125 52 149 146 31 338 35 247 247 829 648 513 311 231 895 244 257 83 156 137 27 258 881 957 822 37 126
30 86 198 723 446 310 723 310 310 503 942 972 240 107 723 259 5 870 952 889 281 732 321
27 45 60 103 110 240 240 446 942 972 503 107 942 446 240 611 212 870 732 262 29 259 888 889 199
16 53 134 290 42 102 112 805 415 909 159 909 139 292 851 881 28 858 19 267 264 495 135 191 12 296 242
58 70 103 167 170 232 598 598 913 960 426 996 426 597 69 152 888 996 620 995 36 795 115 630 352 173 118 132 241 40 118 241 31 160 934 292 277 584 277 489 833 299 663 389 283 84
33 108 159 257 997 329 958 552 958 552 552 335 293 958 993 329 52 164 235 260 221 530 939 67
132 164 176 198 235 278 23 228 273 662 107 662 228 662 273 737 351 252 533 70 153 238 83 28 176 357
138 148 155 166 811 960 176 906 811 655 960 344 36 749 62 476 261 596 826 402 98 552 682 873
19 254 294 2 83 111 212 887 1 530 818 1 447 1 818 117 830 780 263 714 293 31 139 800 100 253 71 231 231 231 231 304 304 311 513 119 755 247 231 985 258 137 126 89 27 83 895
60 176 171 230 182 230 447 133 230 133 26 31 143 780 263 714 554 215 800 412 751 253 243
160 200 204 265 116 307 447 282 428 265 240 428 447 19 267 296 28 31 264 191 135 755 745 560 745 83 545 745 545 980 785 195 125 171 510 834 637 69 235 553 533 963
29 43 75 96 127 129 707 329 993 993 335 293 552 552 824 293 393 552 335 715 164 939 221 235 357 732 8
53 87 174 286 358 6 111 143 166 202 540 990 755 125 470 38 237 19 652 134 234 36 521 809 344 238 498 208 661 224 272 690 690 760 577 703 348 693 690 760 172 385 81 940 355 983 433 618 253 278 181
87 158 169 136 434 542 117 319 351 59 434 434 345 688 251 232 17 621 167 776 222 204 487
0 34 58 69 577 577 577 348 257 307 693 577 554 348 251 228 81 106 700 940 146 172 180 385
210 225 242 55 143 175 214 217 147 232 168 48 47 67 66 39 67 135 261 200 305 130 971 272 278 568 227 650 163 59 137 251 38 170 193 75 197 105 295 157 99 120 215 191 111 52 270 290
57 67 114 158 267 275 649 844 64 649 65 708 9 494 667 844 853 820 958 53 389 969 451 89 649 644
992 140 151 162 108 639 133 56 197 200 254 514 76 76 31 803 19 267 495 135 191 264 858 356 89 905 494 963 37 380 494 963 844 502 500 153 844 500 360 969 608 626 630 89 53 451
82 226 246 282 639 690 703 703 554 703 348 577 760 257 554 690 693 700 983 160 385 618 278 355 81
992 13 31 44 142 183 279 293 293 545 761 545 70 37 293 980 195 69 963 165 637 834 785 82 125 65 72
41 120 358 139 188 274 59 701 833 537 339 6 537 955 87 208 521 217 344 72 219 36 234 809 498 28 557 804 691 313 557 804 944 922 649 644 95 557 420 969 630 451 360 115 626 85
25 64 183 211 357 557 804 691 313 557 804 944 922 649 644 95 557 420 969 630 451 360 115 626 85
83 125 131 213 256 830 745 130 830 147 830 559 745 823 863 413 830 859 93 363 182 414 691 194 43
31 80 137 183 515 515 239 296 198 274 17 184 620 272 272 296 492 934 346 594 265 829 164 346
14 17 24 111 540 707 233 75 275 130 2 127 203 294 242 80 211 293 63 59 61 218 282 42 151 67
18 43 108 131 139 552 335 993 707 329 335 552 958 997 993 293 293 260 235 212 939 8 732 715 541 543 979 882 577 848 442 326 589 632 567 696 83 283 299 288 277 437 281 489 833
34 115 17 22 28 152 222 615 615 938 831 768 533 768 831 521 448 822 751 800 159 714 780 117 215 143 412 351 542 345 319 136 351 117 189 320 776 17 488 193 334 965 688 167 232 204 84
21 219 703 307 577 135 703 257 690 135 693 618 983 385 172 940 433 181 106 355 253 251
922 283 96 117 182 200 205 214 447 258 360 174 128 856 189 856 856 135 258 292 278 671 650 568 305 130 250 245 683 257 554 554 135 577 693 690 693 703 106 181 355 983 385 433 160 278 253 180 928
175 639 957 871 957 671 988 710 957 671 671 762 887 138 960 990 890 516 2 514 52 335
184 964 43 53 73 103 250 294 360 258 460 235 277 360 70 460 70 653 272 305 926 184 112 131 971 671 250 568 633 991 201 991 844 633 951 534 602 287 181 37 691 28 93 43 91 859 182 213
992 136 244 255 142 147 256 640 286 690 690 256 79 690 714 100 580 293 780 263 71 253 751 243 215
34 165 650 558 558 568 650 819 650 198 819 214 131 242 84 793 465 233 967 732 390 135 708 150 429 859 950 701 391 209 701 429 451 644 420 205 969 958 626 723 389 85
10 120 252 285 95 105 114 158 174 639 707 905 188 188 24 23 180 180 183 24 188 803 905 296 495 264 89 135 650 141 37 822 189 822 420 291 189 420 748 117 822 291 658 784 562 356 266 748 502 809 4
133 221 683 606 606 606 836 645 532 773 645 687 899 836 977 221 723 230 773 179 291 229 816
259 270 15 45 57 97 690 79 469 846 144 469 893 508 119 952 690 516 293 751 143 117 215 253 554 243
135 202 82 82 334 334 82 334 25 25 262 144 226 46 644 199 859 96 799 81 488 8 672 522 935 225 110 110 956 513 102 754 775 229 93 285 658 153 15 299 240 256
33 73 91 142 189 568 687 144 539 732 653 507 800 580 143 159 215 71 830 243 253 751 139 714 412 972 723 503 972 503 408 446 310 499 499 214 611 259 321 889 301 262 814 29 870
