72 90 96 205 292 813 848 2 138 191 850 275 537 357 979 428 221 572 129 959 79 576 963 556 46 838 528 503 908 795
139 283 294 137 236 830 277 193 820 276 52 210 712 330 888 811 829 600 581 866 722 893 748 263 110 256 139 58 246 92 116 65 145 157 113 15 96 114 295 12 153 173 188 70
836 27 113 136 207 252 271 287 182 267 296 303 736 931 805 931 145 374 83 407 442 91 443 81 292 124 50 50 292 38 124 169 153 230 29 202 104 18 154 47 40 281 192 133 16 284 7 271 179 24 14
282 804 62 186 202 265 708 265 836 100 100 993 265 993 11 12 130 997 214 155 309 152 149 9 798
503 93 213 789 234 58 339 573 337 13 234 58 13 58 746 182 355 161 69 197 134 672 129 296 99 158 215 17 253 192 200 139 198 227 20 4 27 39 268 134 179 201 274
32 85 97 135 283 107 269 224 89 273 216 158 36 114 270 6 225 229 206 171 176 29 294 252
813 98 804 6 16 82 115 638 686 265 650 638 339 884 650 31 681 290 79 577 135 23 226 123 886 350 693 118 216 20 236 194 201 83 178 279 196 122 34 275 104 40 82 202 100 160 106
135 284 503 111 218 418 174 631 631 631 89 454 418 598 454 403 1 67 173 75 806 198 800 3 235 173 121 293 158 190 86 137 201 43 111 34 87 271 20 136 266 235 61 117 184
813 18 42 170 266 160 251 78 258 272 218 37 91 112 287 120 221 286 121 183 4 62 236 113
60 115 275 455 118 224 270 797 59 142 582 797 48 48 497 346 142 584 45 853 644 35 105 99 55 121 80 257 0 167 176 21 96 43 297 200 175 104 103 189 243 215 174 219 68 27 252
464 118 175 243 29 16 116 9 141 249 51 120 118 114 170 121 200 45 177 214 246 57 194
31 45 123 180 185 199 99 101 202 108 134 22 203 170 52 94 229 127 139 75 122 186 9 50 177
418 503 66 92 171 176 181 0 42 53 137 598 837 516 454 89 174 837 454 454 89 1 800 67 887 198 621 32 61 235 183 69 130 289 16 39 89 103 296 100 28 159 151 179 178 25 81 30 82 4 115
55 253 299 22 139 16 78 154 1 192 63 237 38 145 288 184 58 27 250 76 220 238 228
149 285 92 16 213 272 7 182 111 0 255 271 11 73 288 203 158 168 242 120 42 159
418 117 167 161 89 229 140 114 85 62 1 190 173 66 189 2 269 195 47 45 147 111 283
925 14 87 137 187 200 285 287 186 90 191 8 295 11 86 265 24 80 47 122 94 254 204 181 83 236 27
149 186 29 134 158 164 257 220 45 45 245 59 143 59 147 45 266 45 45 398 119 149 189 53 635 90 189 92 194 90 108 97 138 79 43 118 135 249 36 58 128 252 62 164 57 18 50
464 69 246 288 230 206 57 18 22 59 47 71 293 68 286 70 38 290 26 2 176
41 6 11 83 186 114 58 277 198 148 105 182 264 192 271 211 196 173 202 88 32
57 219 277 119 229 182 156 166 272 233 20 103 35 258 110 239 138 161 191 224 288 32 134
118 144 204 215 81 268 88 123 275 90 258 186 46 43 89 42 236 15 105 178 291 146 162
12 44 64 156 257 258 7 181 75 206 53 10 149 287 252 290 276 229 66 17 86 59 210 29 193 233
105 234 281 229 275 283 243 143 249 14 200 152 191 239 172 184 74 286 178 112 83 217 90 230 17 136 181 171 184 16 200 297 166 139 135 6 278 52 154 222 34 165 246
172 265 162 33 29 58 268 80 186 254 116 73 98 167 213 256 285 85 212 292 119 1
501 788 5 65 94 95 142 201 253 279 454 800 867 800 598 403 631 231 21 231 106 32 148 211 29 887 514 3 249 239 258 193 290 11 79 187 65 261 210 21 38 297 122 185 298 288 172 144 248 64
278 111 39 228 260 88 66 55 21 16 67 63 106 6 175 86 121 169 78 211 105
925 260 130 8 225 284 164 58 120 171 147 53 46 167 182 1 24 178 206 128 134 144
455 271 176 147 181 290 298 105 139 234 128 68 252 18 120 241 136 272 19 259 29
61 226 279 289 14 112 38 38 180 180 146 80 47 180 149 53 120 83 17 36 398 119 102 15 256 299 271 226 133 222 270 174 219 221 68 21 263 113 94 155 87 82 121 176
464 2 10 98 106 286 326 111 33 19 22 19 19 134 69 297 87 209 32 621 3 800 29 236 34 239 514 148 145 121 207 190 79 76 38 148 50 239 0 229 113 175 283 176 163 214 276 294
52 86 159 280 209 142 96 124 28 171 10 288 38 260 137 157 47 92 132 111 255 290 116 70
145 40 137 225 154 11 218 132 13 279 71 54 15 41 257 213 106 129 116 243 210
199 204 239 179 71 197 180 229 214 277 158 142 26 187 290 273 170 176 99 129 266 156 263
196 255 270 165 219 194 107 71 161 65 17 119 164 101 105 290 240 127 273 162 257 262 171
1 61 88 202 238 215 267 109 197 41 66 29 58 165 189 170 232 43 262 103 226 140 205 168
5 38 165 203 247 265 285 144 248 205 186 244 8 52 286 204 259 206 113 126 122 242 138 2 130
926 119 134 203 205 124 263 202 137 176 82 224 109 28 42 227 131 237 102 19 266 164 217 144 83
258 292 269 148 32 74 210 161 156 121 149 14 189 39 219 245 71 289 183 99 273 217
6 11 96 180 295 205 68 252 210 17 126 296 227 204 87 168 67 48 176 23 20 288 129 10 124
16 190 55 29 167 122 210 188 150 42 228 160 124 120 59 154 183 105 245 92 246
115 122 135 271 214 157 142 247 126 108 244 74 187 249 294 246 211 133 97 106 168 79 194 288
234 207 198 88 160 36 6 35 218 40 126 17 149 65 162 251 99 199 37 180 13
212 221 235 256 252 147 207 94 262 35 73 272 126 66 95 180 295 91 131 69 105 50 10 189
81 91 227 289 117 258 141 7 47 136 240 248 269 87 79 179 252 127 91 111 216 139 281 293
8 33 160 201 199 196 144 201 259 155 238 57 22 271 263 10 161 142 166 74 234 106 172 270
95 105 85 43 172 151 111 245 254 161 295 285 179 261 128 37 122 202 255 138 12 146 83 16 175 170 257 284 98 299 54 67 58 233 153 185 229 288 271 125 36
98 183 54 116 56 20 97 250 170 257 275 115 67 183 244 144 142 72 231 158 80 273
455 45 68 95 136 281 26 57 103 167 278 277 176 28 101 123 290 87 162 46 59 203 54 102 164 76
115 242 255 170 42 146 140 80 19 98 38 173 91 149 287 262 264 242 205 280 128 23 48
43 136 181 277 282 34 297 113 102 284 135 271 79 0 151 38 177 281 168 178 207 72 289 30 23
4 43 57 123 139 215 106 3 13 291 36 119 80 74 238 240 215 264 209 114 263 161 279 203 253 189
418 57 194 213 265 107 147 79 97 44 16 176 102 127 71 200 175 131 195 292 59 190 133 211 254
6 156 258 217 228 214 107 56 275 18 240 245 236 95 291 246 81 3 26 140 221 156 48
464 14 51 73 109 120 267 95 130 219 79 163 7 260 97 17 293 38 256 109 100 204 21 157 22 108 295
26 106 113 209 117 189 280 169 34 143 57 251 271 205 148 141 214 193 142 19 289 138 180 162
464 36 249 15 9 250 173 90 20 132 118 199 202 140 284 120 127 254 8 54 165 225 84
268 983 140 167 193 263 148 155 220 78 148 186 155 126 217 148 398 53 233 224 83 149 211 73 41 102 126 15 240 55 136 121 28 25 280 294 285 113 261 88 155 159 268 75 149 69
418 92 241 39 41 267 291 797 797 48 497 797 37 215 59 37 48 217 853 55 665 266 133 121 100 290 84 212 126 87 144 167 197 5 9 147 265 257 238 224 33 294 89 105 182 250 99
65 105 192 274 155 74 60 173 29 97 248 254 205 223 243 288 106 93 160 64 120 142
415 925 96 194 237 274 138 29 85 248 247 24 170 2 71 31 74 281 98 203 40 270 142 108 165
40 72 264 290 288 138 239 161 211 153 74 260 68 262 194 259 170 248 79 127 109 285 242 62
368 935 173 112 184 144 233 65 230 86 79 247 154 216 271 288 202 3 141 146 53 231 259
464 983 38 61 143 197 109 223 136 151 190 33 149 231 166 234 14 93 24 226 137 12 27 246 52 13
9 100 232 211 244 250 220 12 79 294 115 256 41 51 171 224 64 157 259 110 178 155 203
161 238 263 502 683 39 69 144 182 198 211 223 274 40 308 898 276 898 898 621 621 245 621 245 323 889 502 701 71 307 161 100 930
418 0 105 141 170 197 174 44 174 44 44 193 177 216 44 491 135 290 926 301 88 141 226 577 288 138 270 25 269 109 94 296 255 33 131 52 140 78 60 58 113 124 20 121 276 182
240 285 203 85 283 205 162 235 263 167 42 268 135 160 166 69 195 25 57 273 118 144
684 7 188 223 232 294 71 104 93 124 80 177 40 207 237 116 69 267 159 299 265 130 235 141 226
48 60 288 282 95 73 237 67 237 210 73 282 237 959 139 828 575 59 298 65 753 223 956 175 45 230 245 39 131 76 66 282 110 142 179 295 88 44 132 99 116 257 280
455 192 196 287 286 223 150 296 52 172 224 163 277 96 283 25 299 111 152 3 184 76 167
125 156 207 241 252 273 192 121 261 46 31 216 90 298 110 98 45 194 282 116 78 94 82 178 92
925 39 31 215 15 276 141 65 7 280 108 180 216 232 30 136 2 243 35 127 140 227
104 290 212 239 173 293 123 49 22 175 24 256 82 201 23 288 52 261 114 207 209 258
282 30 90 293 251 259 281 107 84 104 272 292 17 231 157 11 154 264 153 177 205
684 925 50 276 289 217 267 251 222 266 180 201 210 224 5 213 120 132 193 28 114 102 117 89 281
26 132 136 141 194 294 99 124 293 207 269 254 286 29 159 61 71 85 206 24 113 76 108 13 261 239
116 170 275 18 178 127 52 227 183 177 118 245 48 173 104 80 26 7 5 158 68
342 104 141 28 185 16 244 151 174 209 20 99 64 172 217 259 4 286 219 96 142 3
899 28 29 49 68 264 180 269 225 123 45 81 110 139 26 111 2 127 226 59 11 168 98 27
377 62 164 251 259 205 240 141 258 143 225 191 288 201 292 169 284 91 95 204 14 150 230
3 56 18 33 119 72 92 133 237 211 232 49 14 115 289 252 245 7 111 146 221 139
462 464 502 58 169 254 113 112 228 202 235 290 38 12 166 104 299 149 32 92 103 14 144 62 207 129
106 131 218 251 37 287 103 88 35 176 269 185 247 246 239 145 190 115 265 224 231 78 255 81
983 168 95 188 192 10 108 51 208 282 290 74 201 55 134 65 186 264 7 67 206
33 89 103 109 146 250 97 241 142 797 37 497 346 48 215 290 55 853 665 99 137 266 100 246 121 217 133 18 93 204 231 107 263 117 141 151 142 212 65 226 176 133 152 75 120 63 177 9
113 165 204 252 144 289 191 190 164 226 30 203 115 180 239 22 238 181 236 267 113 174 219 42
342 181 3 81 263 75 39 201 136 119 0 150 48 102 79 221 194 135 240 288 243 182
90 167 220 225 260 298 181 193 115 106 246 263 98 206 78 211 136 244 169 167 7 285 10 264 110
145 211 253 267 5 47 113 37 346 142 797 48 584 37 582 290 121 26 251 853 266 18 217 99 246 211 55
118 122 161 164 263 51 41 95 121 42 51 45 51 95 34 83 906 41 102 833 73 120 398 53 119 204 22 265 253 283 222 215 149 29 76 138 90 172 59 65 181 275 279 298 198
149 252 280 258 232 21 221 88 203 69 238 294 217 181 202 167 244 93 64 193 86 183 191
215 299 684 15 40 60 68 109 261 20 129 784 80 286 784 129 286 140 15 20 140 221 886 288 79 167 681 776 135 133 283 176 173 219 277 158 114 11 40 210 92 1 281 208 184 289 257 89 132
95 106 200 221 269 207 162 186 74 250 224 245 77 20 270 48 157 83 288 211 146 235 41 59 38
359 6 79 212 221 168 300 168 28 64 64 670 123 181 300 181 37 326 405 192 621 239 29 249 196 84 262 195 148 86 49 167 261 238 263 98 189 207 63 69 197 210 255 143 32
33 64 150 215 69 264 205 272 130 153 222 143 219 86 281 147 28 39 78 6 144
58 114 156 182 184 232 83 166 176 297 192 192 289 166 454 358 241 166 156 101 529 271 268 276 141 235 533 34 295 317 151 171 106 287 114 289 168 275 232 226 7 184 13 32 158 41 179 72 273 135
286 214 237 168 146 161 268 194 76 277 231 157 241 290 217 186 142 129 187 103 145
502 55 276 346 215 582 797 797 142 497 346 107 853 341 217 246 84 499 149 266 55 133 99 213 204 272 287 258 148 66 71 34 295 80 123 208 239 194 192 78 176 51 107
78 99 113 132 359 14 45 47 37 48 584 59 346 346 142 37 215 346 215 215 133 665 853 290 499 251 18 107
177 188 277 797 584 497 215 582 37 346 48 100 499 18 107 84 121 290 217 251 211 266 341 299 165 218 146 292 290 120 211 215 200 273 89 46 93 75 118 88 279 189 91
232 257 282 296 110 86 227 102 265 266 161 272 40 218 123 74 47 87 247 52 11 269 214 138
899 925 51 80 164 2 143 299 155 53 125 149 248 39 32 110 223 189 85 44 75 96 221 215 158
9 84 121 142 285 64 221 279 20 182 137 42 85 43 94 169 282 12 281 34 132 68 103 259
889 166 19 150 227 139 281 41 273 203 250 255 50 264 67 151 88 245 44 162 252 103
148 210 162 96 279 129 34 67 205 92 238 180 16 54 202 109 108 24 246 152 188 5 132 40 122 287 298 17 210 125 129 199 285 21 294 276 117 112 131 106 31 179
925 227 262 271 264 2 67 270 243 158 128 238 74 162 271 192 174 143 171 82 90 295 289 106
167 291 147 48 7 263 110 152 235 290 268 297 69 37 94 287 148 198 8 144 276
40 51 241 246 57 137 54 119 7 62 65 61 30 264 231 202 172 217 226 4 116 240 219
29 43 84 243 326 118 199 221 218 172 47 60 47 60 172 261 299 432 229 171 400 323 273 275 948 753 43 148 246 131 34 248 225 79 98 32 263 280 213 127 7 20 125 241 197 199 46 294
37 41 128 181 164 162 127 205 277 249 213 151 255 194 196 235 238 85 24 22 274 21 193
368 925 279 185 283 125 253 244 151 2 56 252 81 166 204 18 58 98 148 84 8 277
59 141 166 235 182 67 81 154 271 226 41 272 112 295 26 254 99 260 149 159 188 79 207 297
58 94 115 194 29 163 127 241 238 246 24 95 121 179 165 0 97 274 219 176 186
464 19 42 88 119 272 164 180 194 178 261 154 268 160 243 161 41 206 119 192 273 90 249 12 114 72
70 151 241 214 21 292 169 78 45 188 182 149 35 293 198 185 256 165 238 8 234 23 179
359 684 983 44 179 204 151 90 196 43 234 46 78 34 74 129 32 132 260 57 299 186 27 121 183 239
24 271 78 153 30 125 265 87 204 109 222 183 84 285 237 293 128 64 272 221 256 231
37 268 94 187 415 746 858 156 694 694 156 490 694 922 941 522 209 74 664 855 582 608 284 225 158 44 241 289 39 129 127 81 291 74 176 114 262 29 187 259 90 249 198 66
157 272 178 185 24 136 121 246 20 66 26 137 84 298 184 162 109 6 127 249 191 190
92 168 287 66 105 216 154 172 192 87 164 240 58 29 236 144 143 42 55 218 127
26 206 134 164 280 272 67 296 198 87 238 151 8 65 217 197 284 153 212 155 46 215
51 79 232 157 189 181 135 172 101 73 105 59 103 86 1 37 74 263 76 191 26 205 212
83 103 136 266 277 136 156 858 933 156 933 858 670 490 670 746 490 933 209 113 292 74 659 664 192 611
26 43 66 218 938 227 391 227 580 60 93 938 938 938 580 80 36 159 250 250 275 113 259 530 266 47 1 189 206 299 44 271 248 147 51 288 46 268 214 190 56 245 244 285
6 26 186 198 205 242 5 105 11 31 233 85 42 201 80 99 283 9 280 46 218 277 114 7 142 267
80 124 218 296 359 10 21 50 107 120 129 279 127 127 830 359 359 582 781 781 124 359 116 184 250 205 564 248 312 84 210 169
81 211 931 552 504 905 450 671 931 280 540 196 873 578 800 196 796 379 812 910 825 528 112 6 215 82 233 146 100 259 141 179 47 78 36 109 7 195 115 70 132 217
61 157 184 203 237 270 195 125 48 26 240 83 783 675 195 160 83 251 21 459 653 90 137 107 234 155
145 171 223 316 100 693 905 316 316 322 322 100 446 452 446 196 326 192 379 910 859 322 29
34 140 192 223 265 278 289 626 539 614 603 539 176 626 539 603 818 428 267 71 98 294 463 59 73 162 963 137 87 54 198 176 179 42 231 256 51 282 228 67 293 248 266 62 29 214 283
190 239 246 63 150 187 251 258 335 997 293 707 393 997 293 707 958 530 221 67 514 715 52 253 164 235 221 939 122 49 74 76 8 41 211 120 190 100 77 135 136 184 15 140 197 293 245 94
457 51 131 147 170 239 326 68 306 147 792 496 257 140 976 257 968 268 534 928 521 678 175 68 212 278 208 134
40 231 587 166 853 166 587 587 531 166 430 853 430 853 87 293 907 854 239 120 74 158 173 163 250 222 170 146 251 198 140 149 43 279 78 249 295 299 26 109 212 47
66 180 200 241 129 87 75 186 276 177 182 233 284 272 104 57 30 52 132 200 40 290 10 231
27 28 147 44 64 217 228 24 268 477 699 268 419 44 526 906 63 864 73 841 146 172 932 823 222 219 153
284 440 700 659 707 700 430 257 516 338 260 2 313 288 57 864 281 609 180 526 660
210 249 107 97 250 29 107 137 290 168 29 250 97 41 34 119 83 36 90 398 833 224 179 202 288 64 232 78 71 282 33 49 37 6 85 80 3 155 167 294 137 273
155 243 208 209 168 210 96 216 46 248 54 252 97 30 76 221 192 153 65 239 230 120
55 94 263 81 893 978 893 990 821 990 560 229 871 990 978 893 778 285 286 292 381 237 710 102 222 51 15 281 292 32 159 6 183 29 171 203 223 176 93 173 241 144 180 264
41 221 173 198 81 172 49 5 280 96 110 27 155 139 248 114 76 91 182 124 162 60
925 5 22 40 148 178 208 245 21 28 36 114 136 174 227 980 932 287 355 157 980 312 355 157 312 928 932 34 747 644 145 215 940 143 564 28 15 65 203 19 54 35 16 268 53 145 191 299 262 297 167 291 44 187 186
865 237 258 834 788 85 788 214 85 452 640 463 384 497 890 939 139 610 39 137 270 110 813 97 114 251 132 60 66 42 69 207 150 182 107 67 212 183 16 203 46 294 179 200
925 20 176 184 299 174 176 125 31 296 279 39 161 40 191 183 28 56 189 280 111 151 5 225
469 666 81 132 225 242 285 290 432 814 432 432 15 432 164 813 125 718 102 573 78 163 807 716 253 391 624 682
80 143 233 37 584 215 37 142 497 582 37 59 246 853 217 499 18 121 290 55 149 99 251
1 15 98 712 220 699 421 943 600 245 744 943 660 773 198 985 286 739 37 451 254 175 552 16 288 221 56 207 175 52 61 230 27 208 48 153 235 146 282 147 21 219 189
232 259 41 179 200 282 414 414 376 164 334 376 814 309 15 414 102 230 866 152 28 125 718 807 716 78 106 9 83 297 249 78 206 194 4 39 172 30 107 53 71 235 75 117 74 188
152 157 245 292 37 202 242 258 514 140 946 775 514 775 79 775 79 928 565 565 290 79 702 926 141 897 769 693
160 166 247 15 414 479 309 309 309 164 414 531 813 391 279 253 807 682 624 163 718 152 866
856 140 542 957 189 182 871 871 458 871 632 931 639 123 834 188 34 193 44 63 734 580 37 275 242 136 138 160 25 105 28 269 174 70 152 33 225 270 181 243 254 15
925 18 64 80 92 245 266 677 171 171 91 14 677 171 668 91 677 579 236 536 250 494 942 490 865 256 311
264 448 890 317 61 317 987 698 317 793 448 922 809 159 614 611 498 57 19 0 752
282 797 142 215 582 59 142 48 48 290 499 211 26 149 266 121 99 341 853 55 100 16 146 250 246 263 229 164 34 205 218 201 32 79 281 84 105 117 78 60 184
355 359 149 85 106 108 356 457 533 927 767 990 275 388 70 908 976 166 130 229 718 787 724 30 579 214
419 14 29 127 195 226 289 972 999 999 113 972 603 510 619 875 955 322 229 4 874 57 173 307 708 965 831
