147 278 143 511 163 171 242 276 81 540 847 203 726 359 914 575 951 841 472 997 112 832 86 913 227 902 757 608 749 447 749 824 447 447 478 824 739 824 831 824 576 43 75 868 286 824 35 790
20 57 59 81 103 19 193 230 187 96 266 164 117 260 292 250 78 113 136 211 59 168 105
116 177 11 173 241 205 85 151 140 144 299 68 66 33 182 142 64 255 274 104 72 58
4 67 178 196 205 274 865 409 463 118 118 534 121 534 118 534 865 92 821 142 10 84 142 142 164 212
93 148 183 273 518 844 926 531 316 531 309 926 245 926 734 385 8 734 108 72 272 161 758 665
45 53 62 143 237 440 848 452 452 410 410 65 452 243 988 288 118 210 692 55 829 280 58 75 116
56 57 70 125 133 209 832 873 83 197 110 243 212 62 67 224 52 42 58 182 149 105 297 1 200 258 222 79
104 142 152 153 770 704 53 354 112 112 53 112 819 112 273 89 281 280 33 129 269 354 293 273 183
215 224 425 627 278 280 425 651 651 806 806 77 380 206 665 452 31 37 297 228 45 69
16 71 78 143 183 221 274 362 27 210 185 22 87 89 258 146 274 142 294 288 58 109 259 48 17 31 234 104
148 276 160 150 0 29 216 180 166 65 192 99 299 2 258 18 272 139 225 284 118 259
49 219 651 806 812 627 280 425 280 806 862 184 410 31 263 138 77 297 287 665 45 452
58 157 158 176 190 99 254 297 113 26 195 275 161 259 270 25 194 12 227 221 175 84 16 169 66
73 657 61 921 919 61 546 546 919 411 919 259 285 244 393 382 966 939 240 971 37 166
298 440 839 65 800 452 452 243 848 924 65 800 839 830 207 152 2 253 50 102 93
62 185 237 316 926 531 958 606 476 762 958 4 171 843 840 184 888 72 511 665 890 686 4
59 124 213 282 5 198 40 22 46 225 88 118 168 129 163 181 73 42 140 4 266 44 194 222
189 291 291 105 52 139 123 112 105 28 275 291 112 23 48 524 114 289 274 75 21
107 198 230 247 337 47 273 71 213 115 144 139 238 200 103 145 161 11 206 240 209 5 228 198 182
177 207 873 390 135 160 147 396 117 147 131 94 206 914 375 539 224 138 502 318 22 31 52
72 159 268 280 411 390 921 390 661 894 317 546 546 61 661 894 428 244 69 299 186 393 518 382
139 166 235 261 70 86 171 223 180 67 12 34 4 200 167 158 73 132 245 207 6 20 226 17
51 86 143 166 180 327 138 988 350 491 822 789 138 789 360 109 487 112 140 171 126 194 141 475 660 47
30 106 119 555 112 205 89 205 233 4 81 78 78 112 81 95 184 410 81 17 26 297 31 228
280 657 544 249 630 403 539 832 249 760 243 567 588 537 183 154 159 858 43 52 47 264
45 146 230 476 239 34 199 242 263 57 266 105 287 16 72 106 152 168 93 223 101 291 254 82
3 10 184 225 476 225 824 476 390 156 582 466 176 29 25 847 80 16 146 214 197 134 168
114 163 166 598 277 52 213 120 242 23 274 75 250 6 367 30 573 48 524 289 819
5 69 162 131 283 288 180 76 51 103 90 278 176 68 277 244 247 36 234 186 109 220 245
174 327 64 75 89 153 139 193 55 0 162 270 134 51 200 207 11 204 287 236 79 291
9 22 50 90 180 266 900 403 714 544 249 630 539 159 183 870 137 154 260 858 567 43 264 52 47 588
51 539 988 410 65 924 452 65 848 410 160 158 829 207 61 93 211 227 830 806 243 189
183 199 205 214 243 264 832 118 237 163 151 103 10 27 292 59 171 197 162 56 231 60 260 288 66 29 21
26 59 156 281 298 476 19 202 8 202 8 127 202 67 193 140 212 132 271 456 305 12 865 720 41 252
109 989 307 682 586 448 682 682 586 223 961 390 887 297 730 511 330 67 542 137 528
2 42 156 208 285 410 243 410 440 924 243 988 839 800 452 93 61 243 77 158 806 104 80 207 211
104 130 135 199 223 29 67 15 216 110 0 29 110 110 189 110 15 632 272 562 622 575 10 16 248
14 19 182 62 35 35 220 175 8 225 220 108 26 410 203 77 184 228 69 31 413 142
246 276 91 95 102 205 261 248 254 8 36 210 212 228 163 10 81 53 30 83 7
3 73 114 174 192 168 3 82 24 40 101 7 289 9 6 83 239 60 283 146 152 137 279 62 25
64 832 316 958 606 926 518 958 309 762 225 531 511 72 850 582 87 671 686 734 687 843
125 184 188 173 3 32 176 102 98 67 202 123 12 56 285 103 127 156 41 287 109 68
70 85 298 59 298 104 57 134 134 134 134 420 728 228 413 753 22 417 488 5 800 137
52 80 110 131 149 250 327 555 65 138 68 65 100 57 65 68 104 100 23 573 21 40 75 295 274 913 819 250
172 270 476 132 411 921 411 411 61 661 546 411 661 37 299 244 69 91 285 42 223 28 76
41 112 203 270 57 170 52 278 40 3 201 171 145 219 104 179 204 193 110 126 142 128 14 53
3 218 254 267 682 241 586 989 241 586 946 682 448 946 946 448 297 164 223 330 769 155 465 243
187 815 7 84 7 285 7 815 215 215 163 815 236 187 41 16 115 111 346 147 908
4 143 186 246 972 74 24 172 121 226 138 171 258 262 54 284 104 119 84 228 45 266 100 164 235
14 134 237 251 523 246 327 494 327 31 269 238 523 168 622 956 272 269 248 294 170 10 58 16
102 178 181 227 297 657 403 78 21 95 501 89 78 95 409 81 305 190 41 908 38 187 51 16 252 111
3 56 83 149 169 228 259 800 440 410 848 800 988 452 988 77 806 830 138 27 266 253 227 211 61 80 93
40 93 105 231 236 184 159 43 269 285 308 308 250 43 97 58 632 272 394 16 294 956 263 575 168
33 175 202 297 28 144 202 212 51 63 211 147 157 57 11 218 260 38 264 223 42 137 244 53
53 177 192 245 140 64 117 92 247 67 54 136 280 172 209 28 4 193 154 265 42 202 226 208
59 180 222 253 159 85 80 142 257 187 74 142 17 50 92 367 23 167 289 21 277 913 295
66 137 258 87 847 155 281 281 212 131 294 171 115 201 353 94 261 375 687 582 31 539 176
62 177 201 227 260 286 252 174 62 137 208 224 250 32 138 299 72 161 172 266 218 2 127 97 103
14 70 85 185 247 142 287 112 83 231 247 52 58 221 69 34 252 56 295 96 165 297 235 172 111
1 66 84 94 187 291 299 972 824 144 17 51 94 540 504 138 81 184 297 410 31 734 203 206 692 213 17 228
125 156 258 294 285 157 182 204 108 55 46 266 82 100 146 116 225 258 186 177 133 39 135
12 95 123 256 290 215 43 120 244 190 97 152 212 104 34 147 131 169 151 284 198 19 162 250 42
10 108 179 222 832 51 21 39 90 364 97 993 115 111 305 187 12 865 346 190 456 41 296 16 236
2 21 63 212 457 367 378 288 367 184 288 288 288 298 184 206 692 69 297 17 37 142 81 184 77
20 80 135 243 452 243 988 924 410 243 988 440 207 227 829 210 55 80 987 160 830 61 138
206 210 71 165 250 174 180 274 270 224 121 46 249 236 208 241 168 156 298 182 137 234
88 98 156 182 203 460 141 193 751 108 80 248 460 19 171 211 582 511 4 671 700 87 840 849 806
226 264 873 251 27 209 82 93 237 55 60 44 20 112 288 75 46 159 92 19 241 131 226
255 478 346 868 346 932 447 932 824 346 868 561 272 43 89 332 803 4 130 927 391
71 72 124 130 411 132 390 411 61 61 921 411 61 921 919 28 613 258 284 37 693 285 957 588
223 249 254 191 187 90 77 142 3 105 115 265 72 148 107 297 279 79 82 180 237 138 263
43 257 196 158 129 137 78 141 238 132 115 213 32 251 179 102 277 10 178 233 206 199
154 186 224 476 463 118 409 534 534 289 125 463 463 18 197 198 270 134 68 164 990 196 70 19
179 835 59 24 201 109 24 289 893 515 806 211 171 890 840 511 843 849 4 671 87
30 103 539 868 478 932 739 478 478 346 824 376 89 391 130 720 4 43 302 43 455 790 927
127 140 264 299 657 85 68 75 162 70 266 4 211 109 260 163 92 137 210 182 60 233 167 30 21
45 60 233 657 183 433 969 297 917 292 917 297 947 969 183 19 734 191 169 910 123 192 180 969
203 252 129 196 47 87 45 202 158 173 221 238 107 284 209 180 244 184 292 249 131 36
134 264 203 33 100 234 101 132 205 178 168 94 70 41 1 243 242 244 275 147 129
8 43 164 247 988 848 440 839 848 452 440 65 924 988 800 410 160 266 55 211 829 227 243 61
79 114 137 158 170 214 265 580 832 103 95 248 124 186 80 589 208 167 913 289 48 295 75 250 107 367 40 30 21
86 235 263 202 85 116 161 105 103 21 90 298 172 228 187 192 227 60 84 155 144 127 299
20 48 204 539 260 154 119 119 34 154 20 181 270 95 228 206 37 142 81 418 213 69 184 734
299 657 175 131 980 241 144 175 537 131 24 509 52 670 153 598 258 33 213 145 82 76
51 161 168 204 36 243 72 143 30 172 247 93 278 3 126 164 5 91 70 258 12 105 115 227
152 190 65 159 38 74 55 276 130 126 120 59 84 269 47 152 210 113 275 23 165 103
120 275 299 932 447 478 447 478 868 749 346 831 4 453 376 272 130 455 927 302 89 561 803
106 119 245 253 279 295 416 416 82 245 90 771 865 794 588 257 588 537 237 260 52 43 277 243 75 814
118 143 232 244 171 20 212 9 22 5 226 30 109 175 115 6 230 164 283 155 10 102 100
232 238 868 868 346 932 831 932 824 749 346 478 868 720 790 272 803 391 126 455 4 89
33 36 56 228 822 160 16 207 61 288 285 56 287 259 67 81 88 215 69 8 186 291 231 3 257
26 98 197 244 657 195 152 61 61 197 790 195 127 790 197 185 274 367 819 92 48 30 21 821 295
225 873 14 891 383 201 891 570 14 146 201 19 806 849 515 671 739 211 840 72 171 893
69 160 205 234 633 113 122 122 107 70 53 113 107 139 122 52 31 687 375 582 344 44 138 261
44 101 141 184 204 255 194 85 123 194 68 194 68 142 418 572 734 95 69 17 100 77 228 81 213 138
199 203 273 832 37 278 818 818 818 818 144 537 980 37 131 818 24 153 255 199 237 82 270 145
44 146 151 276 132 390 411 61 411 894 411 919 894 921 894 894 186 393 223 284 693 258 600 259
35 57 142 175 361 116 250 184 123 206 220 180 182 127 189 258 205 229 278 264 75 6 97 2 290
78 193 297 657 972 262 26 225 60 31 262 194 26 297 26 254 254 81 17 206 184 418 228 692 95
226 588 852 644 980 588 179 852 911 980 327 644 32 733 385 554 298 76 822 114 344
255 281 135 23 283 268 33 206 49 204 52 64 205 82 272 254 266 79 277 238 191 253
223 239 287 729 839 839 243 800 848 839 65 243 243 160 874 830 27 77 266 80 61 158 210 211
31 216 5 192 181 17 192 244 540 783 33 216 39 819 274 23 48 821 289 367 6
26 273 481 17 481 532 481 136 481 481 481 33 691 289 821 250 48 75 819 367 6 274
1 68 832 121 79 409 409 534 92 865 289 18 713 506 197 124 37 197 228 68 241 709 886
101 159 175 932 346 478 749 739 447 932 493 478 868 493 831 4 720 272 126 376 790 927 43
47 125 132 147 160 165 227 317 393 393 921 131 393 393 393 28 489 176 80 25 128 214 197 29 974 847 23
2 79 289 125 121 289 92 534 118 865 463 241 139 228 18 164 506 134 709 713 886
45 226 291 919 411 921 61 132 317 661 411 390 613 28 360 588 693 393 259 223 37 258 521
15 42 116 125 201 125 201 664 182 215 162 234 125 258 260 82 47 125 447 78 237 814
194 729 80 241 47 224 253 82 186 160 128 23 211 121 231 135 207 181 251 34 171 105
231 238 273 81 2 32 536 297 81 849 617 329 893 87 171 843 4 72 739 19 671 692 849
90 657 836 873 226 294 184 52 8 30 958 216 421 40 30 48 23 705 873 931 75 289 367 913
104 277 433 297 183 297 969 292 969 768 575 180 724 131 192 734 527 910 263 917 169 191
35 832 50 196 217 195 858 813 225 269 858 217 269 184 125 32 547 33 60 822 740 115
96 160 263 513 644 335 335 122 335 179 122 911 179 179 852 644 76 927 733 130 298 222 61 106
49 83 112 194 260 453 215 262 230 278 265 114 138 217 146 244 21 252 132 225 297 159 256 113 243 65
5 69 221 230 265 749 133 186 229 248 163 262 251 95 99 172 171 232 72 202 197 18 274 240 42 46
12 30 91 124 119 94 150 219 13 110 234 50 126 196 166 189 57 15 212 292 186 93
216 255 749 964 35 541 336 35 271 84 432 633 211 843 671 511 849 582 943 72 890 893 536 515 493 831 346 493 749 447 447 831 749 4 790 89 332 126 455 43 927 43 834 391
364 31 220 161 159 959 638 742 585 159 689 25 128 16 675 197 176 513 897 23 546
123 189 224 753 203 149 238 165 89 29 166 97 108 111 101 234 62 10 280 161 37 88 252 225
47 49 192 266 19 90 291 231 188 7 188 7 98 46 256 215 171 329 679 16 172 293 190 720
56 64 122 177 282 921 921 919 390 132 61 411 894 42 284 91 521 258 693 695 409 613 37 248 259
13 62 63 75 131 650 755 455 422 982 422 890 793 455 41 684 849 87 19 72 813 515 739 4 943
46 55 125 186 476 61 546 919 132 546 894 317 661 61 390 921 894 521 393 693 28 613 285 695 360
151 824 478 493 868 447 824 824 932 346 159 391 89 803 130 324 302 126 834 720 332
191 570 832 924 988 65 988 243 848 839 924 988 848 452 440 211 80 61 253 990 55 138 652
153 822 302 257 43 225 257 124 94 418 692 213 142 206 100 270 693 228 37 184 77 17
31 239 142 250 32 162 210 40 49 69 223 74 99 25 275 103 117 127 39 155 176 163
102 332 657 848 452 410 65 410 988 988 988 906 874 207 158 93 27 227 55 211 61 266 138
18 87 108 872 872 111 274 274 247 274 274 80 524 489 29 745 897 513 203 128 25 197 214
34 41 332 7 7 185 185 234 253 454 43 258 260 47 537 237 257 75 588 243 82 264 78
224 264 188 203 188 118 222 109 60 111 506 821 21 705 277 40 107 30 911 75 819 913
72 84 246 299 967 991 211 145 15 445 657 150 991 445 128 773 743 97 956 248 10 931 170 166
56 249 281 80 328 284 114 80 234 70 454 180 237 75 257 82 277 264 260 43 47 243 588
138 171 173 192 257 364 476 949 43 141 188 0 32 188 188 141 152 32 222 32 913 911 367 250 931 30 873 289
6 211 832 74 93 172 228 126 273 292 248 44 85 275 59 221 209 282 144 35 46 227 73
982 111 167 70 454 71 19 118 70 70 234 258 125 75 47 588 78 814 264 52 260 537 257
96 99 217 883 256 262 67 98 285 266 242 179 94 289 33 109 23 104 70 96 233 245 40 204
992 149 222 287 82 344 838 534 534 571 651 838 609 369 524 214 29 897 80 128 23 25 513 168
8 154 237 272 144 537 818 712 131 980 131 712 537 33 255 598 24 834 52 82 153 235 848 213
14 23 60 88 212 228 378 529 529 388 277 613 105 277 903 187 277 224 137 658 23 597 170 679 79 117
26 27 56 832 278 0 114 113 264 259 168 86 1 26 44 88 69 56 197 34 136 260 280 27
144 180 873 35 116 44 201 30 117 69 140 180 231 233 258 148 83 66 250 29 114 210 7
14 178 277 280 417 128 118 273 132 236 58 30 191 262 198 269 99 63 18 247 224 67 243 100 43
62 120 146 167 188 417 608 234 931 70 594 74 625 876 603 608 931 883 522 447 277 75 52 264 257 588
70 161 195 236 258 563 440 452 452 452 452 410 924 800 158 211 27 830 243 266 906 138 80 987 652 93
58 107 149 152 563 176 50 126 123 238 180 292 43 156 9 284 286 255 228 64 87 265 167 58 294
9 22 34 103 265 832 873 812 53 805 507 812 879 671 671 31 31 879 577 268 246 401 264 285 942 507 592
102 108 125 221 760 279 129 422 422 779 779 490 279 779 129 418 712 270 990 572 184 69 77 693 81
152 180 724 551 830 551 423 353 423 155 423 910 228 858 794 279 130 637 114 126 830 211
9 21 84 125 476 657 138 491 491 789 23 926 138 988 47 870 360 482 194 264 956 685 582 960 279 112
64 122 209 274 729 75 237 266 273 12 174 178 114 11 16 251 193 182 185 111 117 23 105 272 289
4 128 143 166 270 297 757 233 805 560 346 346 346 608 42 805 763 42 87 755 582 943 806 515 890 813 72 145 68 46 183 18 202 299 232 219 278 74 176 273 210 58 13 109 110 15 57
9 136 364 556 410 243 848 452 924 440 988 440 243 452 452 848 80 55 211 93 830 27 77 158
85 119 121 122 237 274 476 675 201 246 246 355 153 293 246 355 111 720 244 115 346 296 865 190 305 302 16
988 73 143 193 217 832 258 229 258 229 448 380 670 670 670 670 16 499 855 190 215 770 172 78 293 931 65 410 440 243 410 440 800 839 800 848 253 990 243 227 987 874 652 138 80 266
105 440 452 800 800 839 800 848 924 266 652 80 990 138 77 55 227 906 93 27 243
25 57 214 950 46 280 153 46 46 269 889 67 355 280 889 111 12 302 51 938 41 305 865 271
31 73 123 254 919 546 390 546 894 921 661 921 894 360 28 693 248 37 803 613 223 478 258 409
12 251 273 364 839 243 452 800 848 800 243 848 839 452 440 800 874 211 158 207 266 987 652 253
16 225 873 918 104 55 193 73 66 284 88 134 133 151 9 271 238 236 178 69 143 247 14 41
6 9 39 503 516 923 798 209 923 445 569 569 209 569 345 228 69 77 81 410 734 37 712 184
230 272 471 918 125 83 219 266 256 147 265 115 78 188 122 290 195 129 217 6 296 236 113 86
38 136 159 168 201 227 429 538 117 121 132 114 137 209 23 260 192 16 78 85 90 135 226 158 107 138 151 147
1 230 232 186 274 228 53 173 20 42 180 166 294 217 132 19 48 154 231 79 13 44 118
113 189 207 248 706 918 346 932 478 932 868 824 932 932 932 391 4 927 302 453 130 324 803 720 89 159
139 211 222 608 317 661 546 390 411 921 894 661 61 285 588 393 284 28 248 693 521 42 91 478
31 512 676 477 477 676 668 321 877 668 207 16 487 58 168 269 931 743 881 989 170 480
85 248 280 283 284 952 64 3 288 81 215 191 145 34 252 287 227 8 58 24 223 166 239 91 214 77
24 245 383 541 731 270 101 383 863 383 634 731 383 410 213 734 81 69 712 418 990 206
73 258 950 894 411 317 132 921 411 317 546 390 661 61 919 693 613 478 521 42 248 409 37
232 476 739 478 346 831 831 932 346 447 824 391 324 89 130 406 376 790 406 720 126 4
70 261 2 30 20 277 39 0 37 282 109 258 146 132 228 223 5 284 271 27 165 252
290 127 244 244 678 900 341 647 244 904 186 127 186 41 346 12 244 720 190 908 115
12 42 154 647 244 904 678 678 221 113 647 57 186 186 865 720 190 305 889 111 908 41 38
27 112 118 215 237 444 716 964 713 713 534 950 507 21 401 264 426 942 577 722 488 212 246 391 39
37 115 753 253 908 207 207 37 609 302 889 253 866 68 608 239 480 575 58 16 881 989 97
139 140 588 644 852 588 980 911 84 234 254 147 114 385 554 364 76 968 873 106 927 32
11 110 172 203 291 50 768 895 577 436 577 793 436 391 950 722 212 401 285 592 507 268 793 246 426
24 179 84 852 84 588 588 644 911 980 852 852 911 364 927 873 106 822 554 234 114
21 26 298 512 972 84 852 84 335 588 327 911 852 179 644 554 106 298 61 106 234 822 147 968 927
18 49 50 155 839 636 985 40 40 521 233 233 441 158 93 55 80 207 830 227 27 987 901 990
12 143 255 364 952 233 233 22 341 521 636 41 521 22 341 592 985 80 227 55 27 77 266 652 940
39 129 169 321 7 7 251 321 7 321 183 321 245 266 901 55 93 321 227 940 830 158 990
18 74 147 182 832 172 472 896 33 172 849 383 164 618 987 177 572 17 990 77 734 418 184 213 138
108 131 143 236 261 119 134 151 51 217 167 274 228 178 78 271 85 226 187 143 102 104 235 175 251
264 14 136 602 136 435 14 756 86 14 515 486 406 452 671 72 388 890 692 784 893
14 105 162 276 283 832 87 495 410 927 53 146 87 158 23 107 40 48 340 931 6 682 913 277 819 367
34 212 266 587 61 921 411 921 894 132 61 546 546 546 546 894 28 803 285 864 393 258 360 829
23 134 169 260 512 832 368 433 774 309 384 976 971 971 527 269 170 239 16 956 894 989 487 575 480 248
64 94 136 254 267 335 980 980 852 335 327 588 852 84 84 644 852 106 222 61 254 344 554 298 106
247 290 364 122 50 54 234 40 283 2 280 263 116 266 124 213 157 150 156 256 261 4 188
