2 129 202 284 52 252 387 578 603 105 505 770 623 327 226 508 6 523 955 299 530 494 490 315 832 113 699 840 147 154
59 296 298 244 581 531 962 468 100 412 633 821 740 141 202 687 497 471 80 533 440 61 935 82 62 54 238 196 102 132 246 222 20 140 299 145 49 103 214 0 280 277 177
722 22 87 202 279 174 521 296 296 184 174 296 728 880 78 192 460 688 91 63 192 494 174 142 70
59 176 229 172 255 137 100 220 60 294 79 212 244 286 179 208 32 17 188 281 78 165 171
80 386 779 622 184 622 521 622 688 688 184 142 22 149 24 460 54 521 91 224 296 186 112 53 196 154 15 216 142 241 139 269 201 163 193 295 12 254 79 60 33 184
13 41 120 832 900 714 630 21 21 900 249 760 900 714 249 43 858 6 255 159 154 78 567
150 309 714 832 249 832 249 714 403 760 403 714 714 403 255 43 537 588 6 567 119 172
741 58 85 96 147 245 271 30 43 246 38 203 154 11 138 290 189 207 23 61 261 33 105 175 197 172 191
29 32 110 228 250 88 69 6 136 153 295 228 33 29 214 220 26 240 111 289 18 280 197 237 101
88 146 198 880 688 521 102 688 521 521 296 134 390 262 749 296 186 972 67 190 289 965 22
46 116 127 196 261 269 139 153 232 119 205 45 295 251 290 276 41 70 64 49 67 62 242 200 3 289
160 281 283 202 72 192 43 204 263 5 151 296 245 165 206 46 212 102 173 182 163 103 34
101 226 386 667 737 32 667 514 32 318 667 32 639 229 737 7 231 71 351 981 901 789 94
154 178 247 50 55 127 33 220 234 165 85 233 200 178 151 175 251 281 227 119 87 84
20 34 74 94 98 121 165 171 203 283 180 209 44 168 119 210 197 148 124 185 6 24 157 236 220 105 73 136 275 54
1 48 61 69 120 237 9 186 237 233 270 233 353 535 289 200 101 215 82 71 353 45 136 242 175 252 142 213 253 157 216 70 231 37 159 112 128 249 233 279 79 34 121 73 154 175 188 48 260
186 238 286 284 244 44 229 25 212 254 285 252 238 99 0 127 155 264 130 98 94 170 138
741 46 153 285 244 13 279 179 148 51 280 205 262 273 136 68 131 35 67 220 78 127
688 127 189 220 28 297 164 4 92 292 201 59 85 13 277 91 17 298 182 181 202 75 195
143 285 214 78 12 68 236 121 227 231 56 130 48 23 248 30 238 85 285 18 31 180
175 194 262 293 131 65 37 3 42 247 160 118 182 2 209 57 84 171 143 40 67 204 62 195
36 138 195 243 197 246 117 269 33 109 79 10 45 119 249 227 111 148 215 115 152 14 265 266
32 116 177 203 535 909 145 145 909 535 974 943 497 876 145 299 585 13 140 504 277 424 66 389
52 217 309 261 82 198 202 274 61 102 148 121 162 222 48 26 103 37 183 16 257 45 155
621 741 36 198 255 209 23 169 42 171 140 32 19 220 43 108 141 185 118 253 117 211 81 257 232
121 227 17 17 91 336 828 597 921 921 68 204 796 389 142 93 110 336 66 44 199 541 247 197 77 123 213 294 207 155 6 204 278 25 229 71 167 3 187 170 280 51
109 123 174 195 192 232 168 200 292 163 25 224 210 280 23 94 276 75 109 272 263 16
8 270 277 282 202 67 51 72 247 174 9 140 268 259 233 2 79 166 81 252 248 261 39 185
41 78 95 182 240 173 168 14 184 34 244 172 124 246 67 170 298 291 235 277 68 7 84 122 42
741 18 24 74 114 117 240 126 94 298 146 17 201 131 224 139 240 267 51 262 57 169 151 173 176 29 9
210 251 263 386 151 288 56 216 270 97 274 134 116 194 155 60 49 146 204 215 157 249 207 137
60 180 259 14 293 155 258 6 187 73 279 207 23 225 127 89 286 235 104 70 113 115 175
37 163 174 248 103 262 29 125 140 225 5 165 76 24 276 101 131 86 185 275 115 172
13 36 52 191 271 258 190 105 217 122 33 77 196 95 52 15 111 13 84 271 270 200 128 199 72
79 286 714 760 832 21 900 714 544 403 544 21 760 714 870 588 858 567 243 75 47 78
43 123 186 18 187 209 94 141 269 239 43 229 12 277 78 202 291 288 207 176 275 21
14 32 161 3 39 41 95 200 299 127 47 57 247 289 133 52 53 129 75 17 251 139
54 92 172 185 292 299 917 18 99 145 154 215 260 281 73 187 371 348 421 348 836 836 175 444 30 463 855 287 209 277 64 222 264 243 37 217 252 294 4 76 227 67 34 278 214 208 22 142 181 188 166 141 51
688 117 163 138 291 290 32 192 285 27 128 92 125 162 228 135 159 184 118 234 253 28 259
19 53 239 386 238 45 237 138 245 159 224 96 26 187 166 288 44 196 118 260 113 6 266 293
741 917 13 184 270 176 240 143 124 99 110 250 200 114 179 257 184 191 248 70 74 142 271 207 223
2 48 63 87 267 220 127 34 285 251 137 225 105 158 55 104 283 54 94 101 262 149 192 229 30
917 71 83 214 87 26 35 182 94 164 73 158 0 147 112 3 227 133 80 162 202 81 188 235
646 42 182 156 227 244 148 92 2 24 162 118 48 295 246 174 219 205 12 217 89 189
838 148 183 33 10 46 106 128 87 43 124 154 288 108 4 21 41 202 251 118 15 167 96
838 58 186 262 193 170 83 18 31 205 44 265 116 238 236 244 82 50 62 159 264 242 108
57 58 291 232 14 264 276 68 95 135 6 67 240 20 259 38 197 36 273 199 8 16 180
148 238 296 187 272 309 102 64 122 247 147 262 262 64 205 391 264 255 212 29 21 401 61 246 871 155 78 162 65 264 11 254 53 196 230 79 33 138 170 260 142 60 257 228 126 42
235 260 298 250 3 181 254 89 13 120 120 16 176 248 159 212 84 134 215 190 161 282 7 482 244 195 153 53 44 240 282 180 173 85 90 161 206 133 15 57 283 130 93 86
621 3 146 237 37 876 497 497 974 974 974 876 37 943 497 281 283 585 383 19 481 389 504 83
126 264 236 90 193 62 201 267 295 96 203 175 111 222 56 141 146 6 143 17 47 26
741 1 125 270 35 102 178 209 187 96 84 57 135 294 217 46 298 214 70 92 124 266 53
103 935 183 207 255 453 267 10 267 209 267 43 43 15 120 87 482 215 159 190 176 482 161 7 993 944 100 798 660 944 798 708 265 836 784 208 108 305 157 8 187 189 222 206
22 183 171 13 69 239 202 93 197 167 219 34 75 182 200 90 33 24 298 230 54
48 89 94 267 157 81 271 165 95 62 77 280 277 32 149 245 191 257 178 281 142 233 30 209
142 168 169 172 386 557 211 219 25 37 251 101 164 137 280 84 246 6 126 168 51 116 148 112 261 107
21 111 131 254 267 275 887 120 57 117 170 465 988 79 102 355 73 355 552 270 976 483 270 981 279 789
661 209 240 42 47 157 233 281 272 213 77 29 287 156 125 57 224 223 17 53 175
25 88 104 190 230 256 269 100 110 267 958 949 80 178 949 135 603 178 48 190 135 109 978 103 309 239 845 964 626 197 189 200 88 109 267 240 259 297 17 131 280 132 184 219 153 221 23 262 199 44
25 211 132 169 107 284 283 266 259 119 189 150 288 18 185 120 7 140 78 278 193
55 103 51 270 52 171 172 29 194 230 240 176 61 83 39 2 284 184 16 7 11 3
1 29 33 133 151 240 8 40 152 157 626 9 457 457 857 9 457 494 739 761 771 125 4 16 787 117 142 125 836 247 299 158 250 123 16 96 286 136 174 292 298 22 146 10 33 20 199 160 249 82
621 83 143 182 23 14 235 47 43 123 108 277 63 71 247 95 80 203 141 233 216 74 18
116 148 165 154 88 189 248 83 90 53 174 86 227 260 287 129 171 224 252 17 253 65
3 17 89 271 199 117 5 132 102 53 234 138 146 52 163 167 67 37 280 134 21 295 143 9 118 211 287 228 146 146 9 211 389 244 489 222 281 389 138 481 84 83 504
60 96 201 235 278 251 287 211 289 179 279 89 151 214 10 68 233 1 79 15 171 165 252 67 19
58 154 232 266 269 296 29 177 275 253 148 193 12 18 25 150 75 225 58 13 262 234
119 195 280 94 148 221 286 54 126 4 74 140 169 123 182 196 211 119 163 210 164
47 49 126 135 221 257 10 92 176 251 292 76 182 186 184 104 106 175 210 197 265 180 179 116 286
60 107 121 126 0 94 165 159 24 273 110 29 44 69 257 22 274 139 119 292 201 101 289 62
202 210 90 93 44 184 213 211 129 254 131 29 162 57 220 267 140 46 149 66 147 274
236 297 187 123 53 207 55 47 214 99 197 216 115 264 161 273 252 0 136 271 248 245
249 262 70 91 194 72 89 82 245 37 172 236 95 217 96 197 61 165 33 247 164 76
646 123 240 120 47 137 184 140 47 121 26 355 127 270 764 355 162 981 552 976 71 355 270
11 125 136 91 282 50 86 256 181 199 179 240 202 271 270 72 255 48 291 189 244 1
767 26 235 74 42 68 149 94 132 276 179 255 298 27 201 184 56 44 165 22 112 197
741 767 285 866 163 16 874 599 285 163 197 270 67 836 743 122 77 892 280 186 226 17
129 228 264 67 294 233 247 12 257 28 170 39 223 286 120 87 97 201 196 282 125 109
42 90 90 245 273 240 240 416 90 771 858 260 588 78 388 75 125 43 52 814 82
25 51 137 163 278 333 386 271 81 81 116 892 69 355 71 764 981 789 73 92 552 270 127 279 483
792 163 280 214 256 20 156 146 57 293 108 182 244 168 101 133 3 26 55 184 113 229
14 111 176 291 178 50 264 98 272 193 66 214 67 232 46 147 12 13 107 168 65 229 17 276
69 105 214 309 11 2 179 23 141 184 271 123 174 205 65 88 42 298 289 125 66 210 71 132
917 107 201 222 45 234 93 56 116 292 77 264 118 181 18 30 85 49 39 206 26 287 246
158 261 299 453 557 297 275 162 109 41 64 8 166 161 192 252 106 257 294 59 117 246 185 281 209
935 45 54 120 226 752 746 418 413 822 807 407 746 270 969 250 126 968 184 48 733 149 716 151 883
58 167 174 255 817 817 486 817 181 796 38 38 667 298 185 22 116 143 442 793 35 68 442 170 201 87 108 21 257 151 184 299 214 62 276 191 150 271 260 210 148 8 114 116
29 254 116 259 215 19 28 245 63 138 257 81 9 92 102 218 38 163 223 36 207 70
2 192 225 249 251 62 38 139 138 226 241 125 126 54 173 24 1 65 135 228 239 143 36 297 276
188 1 154 171 132 64 79 244 172 281 228 80 126 263 36 192 294 226 276 184 207
646 150 197 215 110 80 82 113 272 238 68 243 175 135 143 148 157 160 285 125 237 203 254 260
696 26 207 387 99 179 30 65 70 192 166 95 274 267 224 87 201 237 176 230 226 144 184 53
148 155 430 8 260 152 102 229 152 86 152 281 878 389 481 299 283 205 222 833 277 489
621 110 281 207 8 91 287 133 160 216 16 295 7 153 257 254 18 113 268 99 241 128 192
696 19 79 229 259 257 75 187 234 237 11 155 34 228 185 71 286 177 54 165 41 131 201
266 74 273 23 46 139 228 264 143 41 47 109 262 171 191 183 173 82 147 31 185
106 202 298 309 152 86 387 86 621 51 299 504 383 281 205 222 83 389 833 277 878 489 288 693
46 115 127 144 167 242 160 123 47 118 117 87 244 106 261 51 189 66 90 137 237 292 235 1 76
31 45 66 230 195 123 276 12 165 219 250 248 89 19 229 240 64 18 61 48 127 23
267 193 88 287 89 126 76 262 271 232 246 244 298 4 140 113 203 178 281 70 136
18 22 37 228 94 418 275 149 519 275 149 166 235 8 287 393 211 1 167 216 477 26 50 41 276 59 513 52 3 52 513 52 212 52 592 212 663 902 11 137 837 75 621 355
77 155 646 767 105 125 135 181 277 155 62 133 809 939 791 258 54 809 176 27 7 482 139 282 190 203 233 482 84
22 111 269 288 130 682 119 130 947 758 613 119 133 298 940 610 211 4 37 240 759 531 261 932 5 178 288 226 236 225 197 71 247 263 148 40 279 88 252 2 184 259 188 194
102 183 274 54 51 241 284 270 0 269 1 232 137 47 118 257 155 162 183 293 157 218 163
142 146 150 241 279 120 299 176 181 248 46 51 158 232 18 29 48 135 20 64 200 52 190 157 119
29 269 35 69 297 224 182 120 274 115 192 226 294 259 234 60 124 116 257 163 47 225
838 6 125 138 211 247 124 218 34 240 95 215 175 75 215 276 175 276 196 75 296 158 113 127 729 1 490 85 180 73 155 245 72 282 114 250 146 89 178 217 68 193 157 196 225 295 244 124
244 252 253 294 45 135 187 158 286 163 164 298 26 180 66 166 136 197 84 270 266 55 99 162
43 127 364 335 716 99 99 960 335 716 364 180 99 716 299 504 481 383 84 281 138 409
31 50 140 211 137 241 262 280 82 196 137 955 182 955 955 789 668 128 668 400 314 112 171 106 974 288 863 666 1 184 228 34 41 97 214 65 211 164 154 233 151 107 26 139 116 270 108 8
106 229 230 268 309 291 209 83 37 153 128 215 272 236 247 254 22 84 299 9 42 172 38 204 271
158 189 193 309 217 124 7 125 95 8 246 167 152 51 9 103 140 1 25 295 6 67 286 182
28 299 53 62 85 121 208 220 44 220 5 898 662 296 299 57 215 203 122 482 139 976 212 190 159 248 27 285 184 129 7 503 45 97 537 388 814 237 243 125 82 277 264 47 447 75 588
271 292 248 267 64 116 130 293 102 273 186 134 11 190 207 59 167 180 90 78 249 129
121 133 277 296 276 48 236 58 864 864 864 608 202 907 907 236 874 46 108 759 806 767 115 23
120 270 166 249 148 251 162 41 215 129 56 77 185 70 171 233 131 8 127 101 244 47
132 149 179 276 126 126 907 276 58 37 48 126 58 140 46 108 283 767 740 77 418 185 23
162 838 305 305 302 498 219 132 278 187 219 222 187 281 222 84 489 299 409 504 693
646 3 44 80 103 119 67 227 126 106 233 111 187 94 230 190 80 261 295 38 78 42 114 247 45 84
826 33 197 224 60 9 197 163 284 6 293 220 286 11 148 207 146 23 129 73 31 66 257 259
47 92 137 169 251 264 93 92 133 107 91 72 251 166 289 32 170 3 134 132 208 171 98 288 168 297
741 10 80 254 29 46 82 118 235 269 292 830 211 213 184 211 211 830 211 236 182 201 297 66 711 641 131 741 288 215 297 181 57 41 133 43 298 283 190 55 91 85 89 159 4 58 65 230 235 185 245
646 29 234 239 148 121 31 101 242 179 295 256 176 38 142 90 210 278 44 160 175 138 135
13 75 85 203 214 94 29 1 117 12 188 50 265 185 56 260 282 294 38 204 244 190 140 296 133
13 26 130 223 169 476 749 663 663 907 878 289 123 235 476 235 205 83 281 288 833 481 663 138
16 123 122 275 180 98 85 128 199 241 144 25 276 77 188 149 257 224 216 287 2
163 178 5 8 104 138 199 280 322 892 458 458 458 883 883 892 114 64 157 208 836 712 278 95 263 32 152 219 73 7 30 16 202 144 149 60 126 8 15 99 112 107 100 204 83 258 118 170
100 147 245 533 287 30 74 73 170 139 166 91 147 95 99 181 10 121 284 125 83 29 190 260
917 7 16 41 47 267 93 231 8 116 81 280 220 45 138 50 20 75 133 117 247 4 152 248 17
25 81 959 229 818 818 229 264 229 229 9 229 83 468 101 898 124 712 454 171 131 34
836 45 76 299 275 19 287 62 169 11 156 265 162 3 244 136 47 97 208 110 141 137 18 160
249 31 282 116 214 35 107 239 180 49 177 215 199 66 103 123 93 111 78 7 89
31 33 178 194 274 58 188 234 105 226 150 168 174 159 27 32 200 19 21 296 48 292
1 27 92 118 155 186 230 255 198 158 35 114 234 138 70 284 81 14 188 155 3 290 215 182 177 147 273 11
741 20 268 38 107 119 227 250 210 54 285 221 31 115 282 66 84 186 100 141 5 149
13 16 208 110 297 296 128 216 132 169 219 58 254 173 54 187 28 184 62 241 234 91 252
935 12 53 83 84 150 237 287 288 283 296 255 143 36 172 99 209 176 12 218 26 14 194 16 211 179 142 229 252 161 287 225 135 196 82 73 218 193 64 242 288 79 276 227 253 112 206 208 210
78 128 252 276 28 80 258 892 883 93 322 93 818 883 792 792 458 93 259 95 278 127 836 741 64 152 114 44 25 267 253 199 81 200 110 247 172 203 26 31 290 205 235 52 36 21 287
220 5 298 137 96 267 21 220 189 27 197 110 16 281 233 104 131 221 85 293 107
838 97 126 174 216 1 106 299 169 34 297 174 31 120 274 53 157 268 99 228 68 178 125 187 209
1 93 172 557 106 197 71 204 282 216 3 159 6 69 35 269 146 148 153 198 213 133 81 273
342 169 144 77 53 191 290 251 196 155 226 276 18 143 30 281 3 98 90 198 292
741 1 112 178 162 252 291 145 178 66 42 152 151 5 89 258 228 183 117 88 83 49 67 91
22 56 218 295 0 68 94 226 62 182 287 184 291 25 274 279 134 277 132 26 298 79 73 220
903 17 47 152 157 104 171 246 201 87 258 183 48 127 49 75 185 231 269 204 68 177 285 175 256
46 66 72 91 137 261 275 858 559 258 45 31 277 582 258 385 52 45 560 389 288 437 489 281 299 138 281
28 45 121 145 168 62 64 37 247 287 66 165 290 151 220 179 87 27 236 288 38 51 255 92 81
903 16 209 93 14 297 219 173 122 56 162 99 25 143 62 65 39 202 44 277 30 144
127 148 188 214 260 281 955 658 156 855 87 955 955 845 171 855 532 910 96 488 35 119 15 930 226 644 161 247 141 111 218 193 242 244 103 94 108 96 53 287 129 68 56 279 230 255
56 236 287 254 38 93 142 131 252 129 5 55 16 99 96 67 173 293 63 119 8 91 103
18 62 71 126 235 790 8 966 145 106 790 398 8 910 757 572 581 482 306 275 150 881 288 225 328
119 248 263 325 112 444 567 37 17 350 20 100 37 415 350 118 616 358 784 749 232 251 135 98 127 287 673
705 34 143 167 268 673 673 673 466 70 466 32 830 98 93 90 454 275 68 48 122 109 174 34 211 203 118 96 280 155 266 164 89 289 54 214 152 197 68 150 38 257 131 123 217
741 16 326 830 488 728 438 554 830 728 9 166 904 57 45 66 428 380 689 147 563 571
741 0 51 165 53 11 15 184 8 18 267 120 215 35 152 270 154 130 167 91 241 122 183 105
838 47 122 169 283 174 166 186 237 263 145 74 256 25 18 67 148 235 155 198 172 194 128 87 90
49 120 189 761 783 920 235 905 920 248 248 218 783 428 235 264 793 784 493 905 726 823 447
35 38 282 204 48 355 204 407 48 204 685 91 232 507 583 80 695 197 973 292 38 287 518
720 10 127 255 595 667 595 595 814 595 638 766 237 174 43 846 96 154 678 272 95 885 285 39 165 58 0 134 15 128 124 51 88 226 152 90 147 111 109 279 150 263 192 76
214 281 438 15 40 778 931 905 970 748 931 207 931 640 898 768 344 19 768 155 85 239 347 564 343 12 246 286 22 162 124 75 232 225 197 191 223 282 172 38 58 269 120 34 138
56 103 729 794 811 748 407 748 407 796 796 796 379 472 618 732 254 811 986 896 170 478
41 124 130 78 80 128 209 693 209 75 8 8 25 287 287 83 15 17 41 233 89 119 906 102 211
223 291 334 232 50 232 907 696 696 907 50 708 696 215 641 603 233 176 976 16 161 190 7
55 91 186 377 211 435 830 131 478 833 478 131 211 94 592 94 255 34 98 68 275 48 189 122
98 155 215 233 542 683 586 873 385 954 586 527 664 957 453 106 891 657 227 117 256 35 178 783 592 668 149 374 374 173 52 149 374 52 290 8 518 374 929 695 80 114 399
121 144 246 2 64 94 219 995 565 995 219 565 389 969 56 995 583 80 601 251 449 753 828 91 233 267 260 880 282 876 788 870 545 437 504 409 551 281 283 771 489 833 205 389 281 299
7 90 156 257 372 149 668 87 149 908 668 239 149 597 152 374 38 929 518 867 287 328 290 8 642
106 155 297 372 220 442 370 19 571 484 220 372 442 465 634 954 859 650 895 947 774 525 290
35 145 279 291 882 359 256 919 359 173 97 9 277 264 588 600 47 824 78 243 258 588 814 260
251 280 284 56 102 18 230 111 211 220 58 259 236 248 54 161 16 124 7 45 72 205 92
