60 104 912 5 71 147 164 866 379 692 963 971 140 61 982 736 942 305 354 995 225 370 801 451 504 154 927
71 111 141 143 147 193 286 66 227 277 423 145 155 637 613 822 961 580 933 629 25 499 924 655 488 217 659 71 727 95
495 668 137 802 145 174 303 174 174 805 736 407 931 145 374 124 38 91 443 616 24 174 407
128 159 233 88 505 505 592 966 507 505 505 88 441 552 76 594 180 31 553 806 650 519 594 511 670 670 670 256 758 256 670 670 206 69 204 64 22 112 28 207 178 66 180
133 145 282 15 193 202 10 152 299 91 105 66 287 88 72 131 103 69 276 115 120 78 268
173 232 247 125 194 875 674 442 875 674 708 708 875 875 783 708 81 177 400 75 339 185 972 606 220
107 120 258 266 875 674 442 875 674 708 708 875 875 783 708 81 177 400 75 339 185 972 606 220 133 22 157 219 264 39 275 5 254 73 147 95 246 2 129 76 273 284 229 78
40 63 252 246 592 88 441 264 507 507 264 264 441 592 602 131 7 689 290 25 960 176 0 180 255 222 295 103 132 256 131 162 121 81 15 123 180 289 266 288 213 14 149 298
56 136 654 668 69 167 197 198 299 995 625 674 708 995 48 875 442 552 400 81 185 118 995 914 5 177 709 193 363
654 155 159 180 285 95 423 217 727 192 629 23 75 54 35 171 209 258 529 194 35 348 939 53 131 54 266 15 175 160 137 270 269 166 290 0 150 262 57 96 244 18 91 161 196
912 10 133 185 50 229 116 299 153 21 119 125 253 5 169 24 203 28 110 290 82 292 231 73
80 81 144 211 232 23 54 161 180 674 783 442 442 674 995 708 995 683 552 193 5 339 185 69 182 400 686 118 106
61 141 246 256 270 298 440 839 65 800 452 452 243 848 924 65 800 839 830 207 152 2 253 50 102 93 72 132 111 65 163 32 295 214 244 71 55 275 74 252 61 288 224 108 135 94
617 912 62 184 197 297 251 441 409 441 441 312 152 144 112 361 830 354 213 661 12 533 131 236 644 572 118
5 90 113 148 187 264 271 21 275 72 178 277 196 167 211 63 35 613 211 52 52 56 24 163 192 868 137
110 207 290 264 713 592 505 505 507 713 966 289 131 0 186 242 689 108 180 148 234 156 960 71 265 216 33 202 199 272 231 171 60 241 94 198 73 224 9 206 141 49 117
756 7 79 174 256 174 586 586 511 767 670 42 206 511 210 19 7 178 22 853 144 303 207 84 239 52 148 89 277 177 67 91 144 129 262 279 215 20 45 43 165 143 140
66 136 258 668 69 70 242 297 311 83 988 30 655 626 755 311 73 31 77 48 277 92 18 380 76 177 706 359
267 277 299 61 91 61 24 216 10 91 89 91 228 868 52 56 211 124 939 209 34 243 163 206 37 269 146 28 68 52 15 266 297 105 7 16 258 188 156 274 151 211 271
37 38 76 90 276 783 423 674 625 442 708 783 875 625 783 69 204 185 686 552 339 194 60 626 109
25 1 63 210 73 278 63 256 219 87 182 262 182 170 213 540 167 41 92 401 52
87 129 198 225 830 786 409 441 409 786 354 152 361 109 278 644 12 104 213 326 118 227 661 245 125 17 13 29 33 175 262 15 268 206 176 292 145 256 9 195 109 217 110 171
107 140 201 194 80 209 47 102 187 28 57 33 146 221 36 151 106 97 206 164 112 17 83
654 246 670 432 670 256 210 511 210 174 767 256 432 432 15 511 7 71 19 144 22 178
912 84 131 276 298 670 758 586 210 511 256 586 511 210 758 767 511 142 303 178 71 69 210 261 144
74 94 177 251 202 272 83 98 278 130 180 52 21 153 67 3 179 266 87 129 232 254 128 126
998 163 132 202 208 141 141 154 20 154 205 869 56 131 869 163 35 939 243 98 52 52 137
9 552 88 552 552 507 507 441 505 552 441 264 592 289 290 662 186 227 460 108 7
912 61 265 433 433 969 969 674 969 433 183 999 433 292 861 917 180 910 263 527 734 131 191
54 75 89 211 328 88 328 966 592 441 441 505 507 990 662 289 253 460 227 553 180 148 600 186 42 59 214 14 94 65 286 30 56 254 168 249 194 148 4 69 247 95 193 72
998 91 150 171 213 66 61 276 76 204 259 136 25 271 87 146 211 46 149 101 180 91 54
998 98 46 260 98 204 98 110 146 98 146 15 160 123 77 248 404 84 215 730 277
23 54 144 187 224 293 22 293 22 293 146 46 38 131 123 215 77 404 50 160 15 248 169 102 730 157 196 193 250 40 69 247 68 138 208 252 64 148 35 4 10 103 161 223 83
11 130 137 20 24 88 94 99 175 222 250 260 220 149 88 202 88 88 88 220 149 31 108 68 52 98 56 131 119 192 63 34 193 42 63 236 194 240 138 68 286 144 97 287 296 184 151 297 73 78 91 136
136 285 184 172 97 172 74 144 233 15 404 36 84 730 199 77 118 145 215 50 123 248
1 43 296 504 504 62 203 62 504 203 455 455 146 375 7 323 59 429 186 308 198 54 283
225 504 765 505 505 364 504 62 927 505 429 375 618 7 54 263 283 83 114 323 429 116 55 121 101 244 180 12 135 103 133 195 99 6 152 50 185 78 238 56 228
127 137 237 235 285 179 257 87 33 177 261 65 174 296 286 119 150 267 4 115 98 290 13
59 82 205 756 912 51 63 80 505 713 505 592 713 592 328 966 592 460 156 148 180 131 289 630 0 108 494 990 7 65 201 170 290 3 255 96 149 103 85 190 169 282 154 161 281 75 17 246
289 76 295 36 282 283 202 137 146 196 200 21 228 192 269 44 225 81 134 73 157
17 63 82 167 57 172 185 204 205 253 112 253 133 224 487 224 946 93 224 487 487 215 160 730 178 192 248 36 15
72 108 147 158 159 487 542 946 965 946 965 542 133 961 215 178 50 730 15 252 145 248 77 404 277
54 269 839 988 440 440 839 440 988 924 452 440 848 839 104 243 266 55 77 160 211 987 128 126 86 210 71 235 16 42 85 83 54 280 238 22 252 215 141 144 183 66
155 185 186 247 267 160 85 72 223 50 19 282 143 118 71 113 152 170 139 34 10 121 89 27 91
24 32 44 73 66 122 123 122 283 66 273 73 223 190 802 62 26 128 58 327 66 167 23 291 267 174 137 170 198 192 13 166 223 186 259 213 280 21 253 58 82 87 104
125 127 214 241 226 70 160 181 213 152 264 1 157 299 4 54 202 11 135 136 287 188 104 32
119 230 236 267 227 251 140 154 226 99 17 122 272 247 116 261 161 20 120 107 147 127 123 128
45 48 116 155 233 270 102 239 259 268 763 931 677 881 763 226 793 805 291 244 39 149 674 246 160 132 851 144 699 64
0 213 50 294 156 24 213 124 207 219 222 146 157 265 11 198 176 63 423 444 175 92 26 142 216 156 134 133 201 176 136 254 94 270 48 139 78 162 16 257 30
912 97 218 70 110 217 284 25 240 49 225 226 146 240 286 25 163 910 137 939 910 35 243 868 56 98 34 45 72 56 139 21 52 61 40 288 127 293 289 234 259 286 166 270 265 14 112
4 197 103 233 139 18 17 72 197 11 176 153 254 63 171 116 245 218 142 102 47 285
121 181 226 81 238 138 63 230 193 158 222 242 233 30 282 147 94 283 23 271 268 100 82
180 188 230 79 83 219 279 137 189 43 102 140 148 192 274 98 69 255 213 101 151 41 191
5 32 121 150 160 128 105 179 65 175 212 27 1 287 101 107 202 283 55 266 204 46 45 53 254
43 133 291 13 49 90 59 61 192 42 60 18 128 253 240 277 63 186 246 181 116 196 149
35 105 13 165 234 939 73 281 236 939 622 645 143 939 939 236 738 165 69 120 105 38 35 281 48 116 170 143 21 258 241 127 268 299 16 263 77 112 105 83 24 154 1 122 5
28 50 595 16 200 215 253 588 143 143 143 738 738 939 143 407 613 69 48 204 35 38 115 220 52 107 105
912 96 354 786 112 441 354 144 144 312 409 354 361 361 726 231 109 278 726 67 476 81
7 220 294 236 588 236 236 336 622 645 73 73 143 588 69 105 281 115 613 198 607 165 407 71 244 16 128 37 292 259 162 191 160 166 261 70 54 81 239 218 232 79 250
912 61 196 98 132 266 287 62 62 22 242 62 242 242 22 222 444 11 708 198 219 63 423 157 932 4 146
44 134 699 260 263 699 170 704 67 699 271 271 167 289 187 133 66 802 327 677 23 499
12 65 91 152 328 88 713 328 505 713 264 264 289 186 494 662 994 830 554 630 290 600 460 156
163 231 255 59 763 881 59 931 881 254 108 114 674 132 502 851 244 252 246 699 836 105 291 141 14 153 238 243 120 96 181 258 165 290 48 58 66 172 84 183 3 68 288
88 121 237 29 43 86 180 38 77 77 214 293 60 214 38 118 38 56 52 163 35 863 192 98 137 131 209
0 130 222 347 26 208 26 595 293 188 208 26 208 252 730 404 36 77 118 102 50 178 160 192 92 263 145 157 197 35 251 147 104 21 231 203 277 39 219 79 204 222 72 146
47 45 133 253 183 999 917 297 917 674 969 947 969 292 910 196 192 861 969 575 295 527 123 807 32 18 267 93 152 165 296 60 52 69 108 191 283 2 270 149 175 31 96 117
8 61 185 277 173 159 269 221 68 69 103 170 39 289 78 11 116 18 249 272 93 86 189
912 9 223 276 281 60 176 20 10 236 157 0 75 286 153 249 7 96 187 221 200 226 150
166 586 758 586 432 963 210 670 767 432 256 432 586 654 950 71 7 19 206 178 679 268 243 117 139 256 299 292 94 22 159 264 99 291 101 227 191 269 123 78 216
73 237 290 617 998 209 288 292 143 236 336 73 622 645 939 281 407 200 35 105 607 52 198 115 165 164 107 281 271 241 86 103 242 164 134 240 42 230 294 106 210 57 287 165 1 113 246 291
66 95 198 123 224 272 592 507 88 507 88 264 713 507 328 600 494 662 994 159 131 460 814 630 180 0 203 268 136 57 97 112 278 175 86 128 111 76 131 148 210 299 197 33 254 120
110 168 286 128 3 208 44 171 39 55 1 38 249 178 7 232 104 5 193 270 18 91
108 240 251 347 4 136 146 205 713 507 328 966 88 592 966 441 830 554 630 460 612 290 960 159 156 289 814 180
62 86 137 156 200 230 244 230 231 267 542 542 154 231 36 199 629 215 248 178 77 160 84 277 118
17 39 243 800 800 440 65 65 243 452 410 988 839 253 830 61 80 227 55 211 104 987 117 23 80 236 153 2 128 256 163 174 112 143 51 93 297 259 192 74 295 29
81 280 128 70 273 23 160 191 99 183 213 127 11 295 46 6 9 152 234 83 118
90 110 116 250 280 117 180 148 188 277 285 128 133 84 144 278 86 132 273 44 135 62 264 298 109
50 134 217 153 127 103 216 247 192 159 242 272 181 186 259 240 36 19 94 213 130 18 62
1 59 133 244 139 161 165 228 284 765 203 364 455 765 382 765 203 927 62 504 364 454 308 59 146 323 122 114 375
912 47 89 103 264 455 62 364 455 505 765 796 504 429 146 114 7 263 198 618 308 54 122 323 83 179 148 28 221 5 97 111 173 253 227 208 77 11 187 240 206 31 216 74 106
617 57 110 212 289 586 256 511 256 432 432 432 174 758 758 679 178 7 144 950 600 210 19 22 206
110 125 151 174 228 245 288 111 251 507 552 328 713 966 88 264 494 830 290 131 612 0 289 994 814 554 156 662 600
36 298 354 112 441 409 144 312 144 403 661 104 533 231 326 323 476 726 227 67 726 109
117 166 289 65 101 295 159 236 59 183 236 242 686 60 570 995 182 118 194 185 40 109 320
15 32 90 148 206 235 247 504 364 504 505 505 364 364 796 382 927 504 765 186 198 323 7 283 308 429 64 29 297 237 50 170 208 106 186 213 249 288 260 183 181 164 91 259 47 275 270
151 258 240 16 268 253 177 276 119 121 1 62 234 183 19 165 181 7 298 65 84 3
912 207 217 29 271 296 138 143 87 106 107 215 232 130 268 19 163 253 83 223 275 186
295 92 250 63 237 4 235 157 133 98 270 97 77 257 285 106 212 74 222 35 115
445 57 91 102 277 297 207 105 111 99 79 158 265 0 38 122 209 35 299 168 8 223 110 21 203
63 119 246 89 104 265 552 328 328 966 507 552 592 966 552 88 441 505 159 460 148 186 830 290 642 289
186 269 152 354 312 409 152 361 441 403 726 326 476 661 231 81 726 67 154 779 118 821 188 224 274 62 203 268 298 112 162 143 152 87 64 116 263 122 121 205 234 160
46 90 117 190 199 178 299 281 245 79 148 293 72 229 269 258 23 106 255 30 216 240 126 31 201
188 191 1 95 360 881 931 254 763 763 763 254 931 931 677 881 254 132 851 674 114 763 144 149 955
56 110 487 502 502 482 734 551 487 346 502 190 220 556 980 776 106 204 734 80 229 460
52 196 273 284 286 264 552 505 507 507 441 507 264 966 552 441 713 642 148 830 289 630 156 460 159
71 190 205 253 236 253 236 907 253 142 907 170 802 23 62 66 187 167 677 19 128 190 499 293 123 229 136 89 1 144 178 193 246 270 51 291 281 242 36 156 247 87 231
998 21 45 109 206 53 164 232 24 78 283 272 62 183 231 211 105 41 37 100 244 5 178 163 38
163 168 147 210 132 133 215 46 249 207 280 199 244 15 192 53 134 5 225 28 117 92
48 54 90 85 102 565 7 865 907 198 920 708 920 708 865 784 459 128 223 802 58 167 504 26 499
68 188 71 71 71 55 39 852 753 55 160 980 82 137 119 35 63 34 131 98 163 939 159 265 270 236 224 76 162 254 228 200 140 191 266 205 180 128 47 147 264 294
79 86 235 248 293 123 123 748 760 964 278 693 113 22 256 995 339 493 204 193 570 69 320 182 286 112 17 82 133 182 295 129 45 98 24 174 243 74 16 160 267 146 10 286 115
16 48 95 151 214 253 270 133 179 110 9 278 139 83 273 125 186 104 31 218 70 5 191 85 21 290 32
65 250 281 20 32 103 78 160 265 261 118 133 25 184 119 166 71 77 223 186 107 79 40
871 176 211 196 165 248 282 22 240 188 295 279 108 123 10 89 289 153 94 250 138 162 168
871 114 249 254 263 292 617 278 290 174 142 753 258 172 453 258 16 172 16 83 53 34 211 224 149 15 17 102 233
756 5 125 364 765 765 765 796 382 455 308 83 429 59 54 263 114 186 375 122 198 454 651
50 230 881 254 793 677 805 793 226 452 226 512 64 114 132 836 105 502 244 246 144 160 511 586 670 670 758 767 174 256 432 758 670 133 19 858 66 206 511 654 144 71
617 998 56 73 83 136 184 151 202 55 212 222 248 0 10 109 181 85 224 86 138 19 194 56 230 240
443 666 150 190 241 998 38 126 285 978 169 978 85 748 748 751 528 493 686 995 339 109 185 286 182 194 118 204 320
998 127 137 147 162 165 254 924 440 65 452 440 410 452 924 243 440 410 65 211 243 906 207 227 138 990 253
644 32 87 207 751 751 15 295 833 15 6 453 528 85 193 193 570 182 40 339 283 109 118 995
49 138 145 171 104 104 104 13 88 197 247 212 197 312 247 88 66 58 504 23 499 289 167 124 112 104 135 62 224 295 20 96 286 197 198 14 219 56 159 41 174 132 189 251
29 67 130 243 251 48 204 162 144 285 0 3 240 41 54 9 184 90 137 167 141 28 231 37
101 133 252 33 244 89 275 96 42 166 235 258 141 11 48 236 135 152 131 154 219 199
70 176 190 188 288 765 796 382 765 504 364 62 203 927 796 59 64 198 7 186 618 323 83 283 308 190 152 35 235 150 262 123 173 195 111 287 137 4 67 244 93 186 294 269 247
103 142 153 294 89 208 209 208 103 897 459 193 193 262 262 40 686 194 570 118 182 242 109 995 320 60 193 298 293 22 235 134 230 278 40 291 130 69 99 178 30 73 128 131 186 124 156
756 20 221 272 108 118 26 104 48 106 146 148 263 294 52 202 282 230 117 231 175 49 0 163
129 9 70 137 160 191 230 382 455 455 765 796 364 505 796 871 263 283 83 54 651 618 59 122 198 146 7
54 168 220 156 631 677 677 261 677 893 57 280 893 85 407 591 180 200 105 198 115 69 35
191 225 287 174 903 449 911 964 566 387 730 192 931 977 215 403 277 178 909 118 84 102 77
43 105 111 158 676 676 809 69 676 525 485 525 69 809 809 191 724 847 564 844 910 295 131 527
756 35 59 94 155 199 225 135 261 202 749 596 749 810 261 841 857 823 128 265 73 219 172 198 406 864 143 298 209 155 136 105 234 40 139 291 125 277 238 34 274 128 162 190 133 51
17 58 66 160 164 173 193 0 59 221 927 796 504 504 364 765 62 364 927 455 382 871 263 146 122 283 198 83 651 618 101 239 110 78 286 252 244 213 100 204 130 73 8 259 56 223 165 215 118 126
38 134 242 136 215 300 261 300 261 277 135 135 277 153 172 906 932 146 444 864 581 265 198 73 823 230 158 132 17 52 95 163 218 160 185 50 173 1 150 172 108 194 112 151 219
16 83 182 282 188 261 268 281 299 328 328 592 441 507 552 713 552 507 505 328 526 148 600 994 642 494 814 290 289
58 77 84 92 170 219 269 505 441 966 713 713 713 441 505 592 505 830 814 289 554 517 994 600 180 148 988
225 505 441 966 713 713 713 441 505 592 505 830 814 289 554 517 994 600 180 148 988 161 213 11 204 254 7 13 227 135 159 141 211 184 203 116 89 167 74 61 259
161 180 217 238 290 284 59 452 226 881 226 452 226 452 851 23 114 144 763 699 563 502 108 798 105 246 238 217 283 106 187 64 293 203 225 34 231 115 240 162 50 117 224 250 126 67
43 56 153 51 231 134 278 17 15 113 290 115 21 102 32 213 188 24 260 158 111
118 203 244 743 756 806 67 84 107 216 290 107 137 172 137 172 168 107 240 172 73 34 36 398 149 833 41 119 291 178 196 120 142 215 123 49 296 150 25 130 1 252 100 205 149 231 155 162
772 982 86 94 253 291 207 232 24 77 162 251 43 72 298 204 17 81 110 237 9 255 160 20 182 101
906 20 134 168 258 1 677 763 226 254 763 931 226 452 805 114 699 955 132 502 23 108 160 105 291 763 963 963 963 256 586 432 511 767 432 210 467 178 206 950 7 654 655 511 42 22
172 225 242 99 121 138 173 50 157 123 143 157 37 37 157 50 51 51 69 180 115 351 107 613 35 200
438 32 64 68 81 261 528 969 528 422 935 969 559 663 229 777 508 776 236 776 980 640 460 220 973 556
98 105 131 15 379 987 440 440 440 866 910 851 965 749 759 259 119 655 215 258 73 447 587
111 126 296 939 52 52 293 214 214 979 640 939 829 52 87 63 906 73 219 841 172 222 857 77 85 261 226 180 11 71 91 129 147 3 152 117 189 96 277 191 113 211 88
132 144 178 288 293 297 16 148 153 208 217 647 928 236 219 14 516 118 21 236 109 60 194 40 570 320 286 493 686 185 182 261 13 102 156 159 157 284 10 145 135 79 116 185 127 282 242 105 270 230 226
498 174 177 624 18 24 82 102 150 171 298 440 440 848 440 452 800 988 441 55 138 940 874 243 830 27 990 266 158 93 906 125 121 176 201 237 283 202 66 106 249 92 195 51 239 245 177 34 103 131 39
28 68 166 171 277 143 275 148 148 228 918 148 228 918 247 34 864 930 505 847 263 983 588 910 564 180 734 165 297 197 237 154 180 14 158 98 214 15 0 63 200 131 128 294 27 176 253
83 230 243 17 187 236 226 805 59 793 254 59 793 452 798 114 23 502 763 699 563 132 512 955 149 105 210 256 511 767 758 767 767 670 767 511 256 511 654 178 180 22 950 7 42 600
41 50 85 128 23 141 176 244 267 410 296 169 364 278 775 84 379 66 361 26 504 190 19 289 124 62 23 499 445
7 39 53 55 110 262 287 144 787 674 674 957 787 144 144 587 215 267 655 259 490 235 73 193 275 119 447
118 507 966 592 88 552 713 592 88 830 494 994 290 148 180 942 156 159 526 600 554
172 83 787 83 517 236 176 533 332 513 15 215 8 722 587 73 447 267 235 980 655
92 133 163 167 256 786 409 152 361 361 144 152 441 786 312 772 476 81 821 231 726 227 726 154 783 28 192 149 176 26 245 45 271 170 272 90 13 130 52 279 50 80 163 204 68
30 150 254 134 229 254 441 830 354 361 409 441 112 533 326 783 67 154 779 227 772 541 498 726 476 81
998 112 149 213 361 354 409 312 312 144 354 361 152 354 67 821 476 104 498 227 533 109 541 772
