2 3 243 43 122 183 209 211 240 61 261 237 294 136 229 283 111 150 12 281 148 117 97 34 238 235 228 200 179
13 49 72 617 256 746 706 706 702 702 213 746 702 746 180 706 180 960 516 52 288 163 213
191 190 6 139 27 24 173 121 247 100 291 225 272 94 22 217 23 76 129 113 297
20 50 124 230 251 268 284 930 353 309 245 353 353 972 721 434 309 930 632 117 114 711 631 691 216 251 919
10 103 613 551 840 180 617 180 840 706 746 840 554 288 180 52 911 213 61 142 163 125 859
84 117 170 234 266 299 265 129 223 269 169 165 209 16 50 176 250 132 37 179 239 54 197 43 164 67
542 213 256 551 746 551 551 706 746 180 180 746 288 142 291 638 163 213 281 418 180
31 39 274 286 746 256 180 706 617 702 702 746 180 256 859 180 746 911 638 142 163 281 116 166
56 77 99 475 298 4 216 49 104 97 288 200 146 193 68 14 260 130 293 18 233 126 157 93
6 9 21 83 221 283 199 167 82 88 98 105 47 11 107 229 29 136 1 121 119 46 63 181 97
24 64 72 79 110 151 239 246 283 285 706 746 617 213 702 746 617 256 180 213 180 180 213 130 116 911 166 288 410 954
69 102 68 42 256 83 248 146 286 289 67 277 120 247 121 61 118 140 175 167 228 119
180 229 76 145 258 217 80 166 273 141 151 152 268 209 156 38 271 168 73 42 204
139 192 292 42 10 191 64 209 25 170 55 48 294 39 273 59 248 111 76 142 181 118
988 40 58 66 2 223 261 49 52 100 62 185 96 84 155 216 58 153 57 252 291 9 255 282
119 226 257 278 298 625 99 48 271 82 134 112 292 89 299 106 177 97 129 40 61 283 39 284 288 183
99 113 206 257 116 150 146 142 240 231 247 20 206 44 252 1 136 264 17 249 80 127 253
625 234 84 87 282 177 204 188 93 203 127 266 81 178 242 217 155 147 199 184 210
196 245 276 297 69 151 33 70 168 201 44 284 40 77 190 129 71 34 221 258 239 177 149 98
78 113 155 86 71 44 224 117 93 58 180 19 160 202 259 29 11 59 257 192 13 200
134 254 250 194 71 224 95 36 28 65 255 21 244 180 76 242 13 290 127 121 179 130
66 210 268 299 606 139 269 124 14 225 241 298 69 4 260 64 17 182 226 123 39 122 53 227 282
251 414 130 188 230 115 159 171 138 180 179 204 114 39 105 250 119 8 84 38 208 40
15 30 76 189 55 7 59 162 71 99 4 225 288 17 214 262 75 224 260 234 251 2 290
30 31 77 87 414 65 12 66 91 234 129 48 191 85 279 17 6 227 289 160 58 296 138 63 203
8 167 101 208 49 156 148 58 62 151 166 192 41 186 249 198 271 154 161 17 176 250
5 49 107 230 55 26 267 287 203 223 7 136 93 63 75 108 69 282 11 48 27 254
18 43 44 197 274 164 216 219 248 280 19 40 178 258 183 135 210 285 211 4 96 102 108 200 212
145 216 261 39 25 94 48 47 139 205 288 7 71 181 296 295 268 228 182 233 114 156 141
29 35 37 312 118 5 287 84 135 139 104 150 289 294 133 190 137 182 111 162 151 193 22 228
256 291 50 249 149 217 181 17 214 188 172 150 194 244 191 140 229 101 15 148 100 235
113 154 175 299 189 235 216 162 95 284 111 257 29 277 209 92 191 11 54 104 123 248 93 179
58 163 137 222 60 256 42 76 134 56 237 5 125 199 181 278 235 296 94 57 258 102
162 254 267 268 288 289 212 132 214 185 35 280 252 287 250 156 113 38 163 53 126 168 221 178 243 238
22 81 204 267 60 110 264 270 8 240 69 138 122 156 239 244 39 131 260 76 115 101 40
240 278 809 279 128 298 78 196 32 5 207 107 36 131 126 72 274 180 12 297 134 27 235
297 212 269 98 234 129 3 54 62 149 152 21 65 239 42 146 153 64 5 15 231
102 226 271 49 151 176 231 226 270 220 174 69 38 234 265 208 117 135 11 188 113 34 263
55 105 54 20 30 45 250 222 198 213 74 153 6 184 13 191 276 7 10 162 285 36
59 200 252 262 28 297 196 299 253 184 119 293 118 25 112 134 43 89 286 226 254 291 54
12 53 81 289 57 269 211 284 277 160 134 14 164 181 185 103 80 77 168 114 128 104 125 283
966 71 237 246 283 606 119 202 30 232 187 299 146 24 87 200 241 213 98 167 278 94 148 272 162 248
15 68 98 216 242 606 189 162 265 185 170 81 21 293 190 131 246 214 217 192 72 142 113 169 176 159
40 217 414 174 197 289 61 97 28 95 120 292 294 184 54 89 57 149 168 60 77 224 282
18 54 129 190 184 114 131 264 183 75 1 199 240 49 220 279 235 66 34 187 62 157 156 44
94 148 183 225 225 7 226 280 244 187 41 10 141 165 76 4 292 260 13 166 85 208 47 242
149 150 165 22 71 299 236 230 4 279 80 240 145 198 1 8 59 278 108 249 30 280 270
113 198 276 82 123 146 249 262 130 251 113 143 259 133 55 42 106 216 286 12 190 279 30
78 95 146 150 280 428 260 137 99 114 252 67 120 82 23 87 70 230 218 108 83 285 95 1 97 229
40 42 215 159 22 166 127 162 120 1 15 138 186 23 140 45 297 28 242 275 247 167 44
243 46 47 91 288 100 181 206 94 235 67 6 73 116 110 187 93 99 146 153 41
100 92 41 195 279 228 90 52 80 102 181 142 153 94 244 284 202 266 241 93 35
59 67 94 414 67 127 258 204 157 285 194 193 261 8 1 259 294 6 233 78 64 282 115 137
123 213 247 24 142 279 283 104 274 238 54 13 11 157 84 143 296 260 134 222 178 107 95
45 110 118 165 173 236 170 240 291 32 288 58 56 197 61 279 296 115 132 177 34 108 195 71 126 22
18 43 71 287 106 295 1 107 0 162 13 158 124 46 6 92 185 161 23 253 189 284
992 65 232 60 103 134 102 260 118 167 68 239 117 126 11 269 76 293 212 27 255 186 211
186 196 118 23 242 137 116 13 155 232 218 154 98 161 176 138 210 145 262 66 113
181 178 105 277 103 100 144 151 238 290 23 61 122 189 42 271 287 231 26 174 215
203 7 76 48 167 74 248 2 292 145 197 275 50 86 245 85 236 173 179 211 261
254 222 64 57 126 259 119 166 144 139 194 211 18 48 193 104 44 175 188 231 219
71 186 163 162 14 233 236 165 18 57 170 138 268 34 297 160 137 63 88 254 78 96
112 213 264 110 148 162 98 299 285 246 185 130 236 90 19 85 210 225 224 88 232 36 271
259 245 115 126 69 130 242 110 220 255 197 191 15 282 17 149 269 37 81 83 87
966 10 70 107 157 282 285 298 312 113 235 63 216 54 276 234 275 102 150 273 191 94 23 212 0 196 180 1 27
30 56 116 236 247 298 146 217 257 2 45 290 256 226 204 57 39 201 199 159 233 281 107 180 4 68
39 105 165 255 45 94 268 122 225 107 103 125 57 232 156 173 49 135 299 170 74 209 200 101
28 133 242 83 170 164 120 236 73 4 64 77 129 204 212 253 50 102 298 154 274 119 215
32 35 186 218 297 74 65 140 78 246 276 266 260 213 49 114 207 176 167 168 262 294 137 193 146
27 253 281 62 229 153 217 244 179 43 78 291 37 193 64 222 117 111 34 17 174 135
102 202 216 257 30 183 264 299 164 196 206 249 151 285 276 48 280 181 174 192 149 209 265 226
0 170 184 234 297 51 195 151 11 196 268 190 95 108 245 240 117 177 14 54 119 149 7 135 243
65 149 475 555 265 263 256 286 292 290 1 279 163 14 10 25 117 17 142 269 12 170 160 38
107 202 92 268 279 214 299 276 85 43 205 156 64 291 257 76 93 3 62 169 275 133 85 181 263 208 282 217 82 45 269 170 167 95 190 280 271 159 114 66 289
46 98 64 187 131 99 229 80 150 114 161 55 236 122 190 154 262 76 25 88 242
17 805 143 203 275 149 236 48 181 92 69 270 276 105 211 56 73 172 61 17 234 87
966 991 251 102 62 98 30 214 39 245 199 284 85 228 140 295 121 103 156 189 49 117 299
0 172 246 542 729 867 6 158 334 867 43 146 836 154 85 123 333 830 802 142 70 200 158 282
48 75 47 55 143 95 60 78 171 127 88 184 120 216 180 236 259 50 255 291 103 94
128 606 138 180 242 105 252 45 114 158 169 238 200 275 42 108 88 289 14 54 99 107
116 230 255 877 414 960 311 599 298 517 414 877 960 417 311 272 261 547 104 951 391 291 868 231 237 224 114 99 293 286 138 143 206 193 104 79 212 260 158 250 125 32 222
43 57 77 175 215 475 77 18 203 148 246 268 287 144 97 197 259 93 270 189 218 57 130 255 99 94
57 80 283 475 215 34 216 159 203 70 284 231 195 126 2 65 0 44 91 259 207 213 63 98
136 923 560 560 209 614 950 923 614 85 855 877 950 158 107 418 222 855 560 72 121
35 39 83 85 164 117 264 167 156 144 56 68 280 233 85 182 253 129 174 260 145 250 12 76 290
35 125 137 138 155 162 290 299 205 75 130 169 233 296 202 38 210 1 113 120 271 257 269 108 248 106 197 34
15 40 197 200 212 68 110 176 219 760 578 760 417 179 748 179 760 188 241 573 459 247 12 287 573 487 66 222 247 23 148 211 162 20 60 103 130 105 206 158 41 45 260 171 31 51 110 75 119
121 160 161 169 234 114 198 652 0 487 652 95 578 254 247 573 241 573 666 862 66 868 796 106 12 110 485 281 939 588 645 588 645 622 738 236 645 143 336 35 165 613 198 407 407 200 107
50 145 170 293 263 150 275 94 170 179 42 74 153 101 273 110 246 287 107 292 257 176 205 211 61 61 296 287 244 463 240 296 131 244 73 398 149 17 53 233 224 41 15 86
79 94 100 147 606 104 27 67 251 203 191 273 15 18 63 291 283 225 244 71 102 68 84 222 250
185 211 246 261 146 80 119 263 238 71 33 47 287 214 120 286 198 203 109 259 92 174
245 268 297 242 111 154 264 71 153 17 98 241 61 30 25 94 225 64 176 10 294 240 135
55 79 86 84 191 89 155 179 39 69 20 224 294 133 95 28 110 161 122 109 220 123 86
137 281 296 366 19 9 91 2 185 89 115 154 128 161 30 129 172 67 14 170 260 279 175 24
29 79 106 118 228 261 291 39 283 221 225 229 79 23 108 294 117 241 251 112 86 114 284 44 30 66 50
235 277 152 25 71 273 295 268 181 175 1 8 141 33 81 227 94 179 174 120 173 85
72 118 265 809 608 262 564 608 11 222 807 643 242 911 980 880 669 290 821 966 119 199 259 931
53 91 200 92 52 182 86 285 174 125 144 114 266 15 127 271 138 51 46 118 264 263 36
5 68 82 107 268 269 287 257 207 167 25 90 147 281 240 67 182 49 36 32 34 205 244 140 276 29
20 226 101 53 97 142 172 17 73 148 129 111 56 13 292 205 276 287 177 298 249 121
64 72 149 153 231 286 152 216 270 344 51 908 582 808 763 344 763 808 908 899 644 273 988 110 146 474 128 754 766 940 826 858 940 813 589 940 589 813 152 494 610 225 667 726 67 188 131 649 814
75 226 223 12 191 90 125 203 91 137 49 263 41 205 181 241 225 18 111 284 214 174 159 6 260 22 184 271 173 221 258 196 146 243 193 91 262 298 280 154 190 199
107 312 606 613 276 175 252 207 221 65 297 242 15 43 113 148 69 28 147 265 285 143 3 264
112 167 206 277 3 140 80 117 262 64 203 291 240 255 112 208 178 69 121 282 133 7 184
116 217 162 240 182 195 758 162 82 182 240 125 447 52 125 78 264 537 258 47 588 388
135 161 243 286 297 192 176 254 93 40 71 186 29 76 99 150 111 291 185 274 294 219 73
83 119 148 288 542 177 34 295 239 90 242 36 99 89 290 157 152 174 82 105 188 207 298 235 252
33 128 131 871 182 276 243 222 59 111 48 241 183 223 298 131 202 7 75 154 38 128 47 9
32 173 250 253 132 204 82 66 286 42 48 224 197 192 274 191 254 175 277 221 29 130 231 299
43 156 210 217 244 268 407 807 287 752 287 407 746 752 700 807 413 184 250 968 883 69 151 270 635 969
261 366 211 25 86 55 149 204 209 59 123 176 294 79 24 279 260 156 18 296 256 255
94 104 136 194 251 123 165 133 15 64 40 252 171 184 56 185 195 26 12 284 243 279 173 253 267
28 166 183 235 133 261 6 14 62 80 171 152 39 230 5 170 137 9 165 205 65 216 212 156
162 241 809 29 298 157 51 217 101 218 108 111 237 112 113 11 74 248 214 48 290 168 299
35 96 239 985 91 769 769 886 886 260 260 963 899 703 808 808 194 674 69 4 279 103 910
34 123 219 236 277 312 135 550 951 61 550 277 277 15 471 381 198 938 831 160 318 844 176 946 619 342
241 243 254 785 195 226 281 263 122 124 110 178 69 57 92 159 272 181 49 10 193 81 201 264
109 150 172 176 243 25 268 33 36 105 291 43 236 225 947 33 66 70 236 65 87 248 124 339 57 308 65 257 252 1 130 112 170 46 199 58 23 276 235 195 30 73 167 185 113 76 226
187 218 23 304 681 681 275 343 984 233 343 233 40 331 222 176 135 431 24 94 131 171
93 282 13 32 83 83 169 32 224 75 230 13 943 227 130 88 113 267 132 150 227 47 211 76 71 144 89 118 292 189 169 232 113 238 243 97 152 28 10 58 168 282
8 38 132 137 148 278 155 88 247 179 273 194 238 253 161 139 89 217 95 281 248 181 37 272 30 200
4 43 48 81 160 238 255 271 606 809 674 331 622 859 730 819 893 331 893 90 246 139 645 918 562 74 622 95 187 503
46 128 227 667 22 800 639 947 293 800 798 798 800 198 831 734 619 471 342 176 279 946 18 844
28 81 552 424 905 905 759 527 669 481 481 97 759 377 377 180 701 693 529 213 368 17 28
93 150 166 241 194 269 194 0 4 4 720 720 269 67 71 73 98 463 254 401 963 428 105 59
121 185 235 293 972 353 632 309 245 631 353 353 434 972 191 63 671 695 342 81 66 251 255 282
14 39 118 126 193 281 366 538 947 552 529 93 947 17 463 720 17 529 125 617 7 282 667 947 720 9 610 270
63 83 121 299 145 66 275 65 65 145 145 73 59 401 254 463 129 98 492 267 162 294 259 71
164 168 178 464 342 464 459 225 185 464 185 464 342 342 797 44 753 227 604 285 92 170 112
64 291 797 459 6 176 225 464 74 92 34 9 176 141 227 112 546 285 44 38 753 208
139 171 184 207 235 236 289 590 179 134 179 289 563 219 134 731 436 137 844 619 15 831 18 971 471 307
98 145 180 292 312 50 850 50 134 137 871 871 92 850 92 622 318 471 279 15 619 938 176 18 198
175 229 245 284 414 555 278 91 222 159 208 59 197 241 206 8 26 152 39 272 118 217 284 288 75 238
128 214 613 224 60 45 204 281 254 211 234 11 87 166 263 94 197 230 110 298 43 26 149
146 565 183 823 823 823 201 524 942 307 526 253 561 60 193 280 705 357 98 170 568
54 202 259 272 158 162 253 76 275 24 135 58 83 112 215 229 270 243 87 191 122 174 161 176
158 187 240 281 238 285 565 705 60 307 971 7 23 617 194 760 883 270 130 282 947 125 165 667
22 414 280 819 439 539 553 539 819 832 539 847 714 948 90 413 513 294 513 156 166 850
11 159 233 462 809 947 137 287 94 160 51 19 75 264 129 139 145 118 278 126 133 159 284 73 38 99
17 32 43 160 216 230 120 278 159 281 82 51 243 248 274 258 270 242 68 139 216 101 298 212 123 287
59 163 135 82 203 252 277 214 80 165 35 4 219 79 37 27 170 162 122 174 289 201
40 113 123 214 144 150 93 178 60 190 270 248 80 96 243 214 205 84 181 5 254 167 242 164
86 216 264 983 883 191 149 259 277 734 883 277 734 237 8 947 197 645 134 89 89 241 105
8 74 200 283 290 542 198 69 55 243 20 112 63 38 291 134 29 9 51 130 102 223 148 211 26 234
42 279 289 667 850 667 526 149 38 850 553 51 947 883 130 23 617 194 270 760 720 7 125
124 173 45 237 75 146 182 223 103 264 241 190 189 140 186 205 143 238 147 277 217 141
110 632 353 353 245 930 930 309 721 191 143 342 121 577 257 758 695 66 585 282 583
106 190 572 172 137 989 88 227 137 136 137 886 221 192 177 222 419 36 80 482 133 675
8 65 140 171 81 272 37 291 271 91 193 127 70 16 120 76 246 188 44 97 181 95 211 233
285 278 537 818 980 980 712 175 131 144 537 241 37 122 255 82 33 52 174 801 834
26 86 163 288 99 488 371 866 866 787 99 99 787 343 307 20 221 122 885 511 731 331 823 545
36 217 281 414 155 108 114 73 243 263 57 147 130 80 51 2 151 60 187 173 46 227 64 200
295 542 265 267 179 143 70 1 235 45 236 89 135 182 31 171 190 164 263 295 104 30
554 613 544 531 721 531 531 908 105 105 544 105 213 116 299 590 726 200 181 674 481 716
50 220 116 72 238 260 278 73 95 120 292 69 1 34 20 82 133 166 14 56 159 101
95 103 245 251 27 126 6 184 150 191 129 190 3 220 110 273 80 87 186 7 157 160 102
44 107 137 65 91 98 101 208 60 14 162 131 205 246 251 224 298 299 29 111 249
170 186 203 241 242 247 299 253 123 135 244 753 106 123 829 753 123 893 679 650 57 19 142 626 236 514 31
205 375 147 47 149 79 272 117 31 182 288 232 198 130 88 189 154 230 115 246 156 255
138 227 139 42 137 38 91 235 188 264 142 14 104 162 240 201 163 48 120 10 238 77
131 189 312 475 849 793 730 730 723 456 123 708 456 596 404 723 416 236 42 301 129 6 249 779 626
31 111 133 147 86 24 228 239 10 23 51 118 183 281 60 213 49 135 137 117 156 7 205 103
12 94 211 286 243 151 239 47 6 62 208 129 4 157 238 199 81 186 102 44 0 52 11 218
53 80 141 151 180 462 613 689 510 708 689 459 990 711 938 172 510 459 664 241 7 127 27 844 142 288 835
147 0 76 23 11 228 8 225 109 138 196 45 59 192 35 207 268 247 281 74 211
145 233 298 213 157 138 225 34 2 63 57 121 108 245 289 272 67 242 223 181 211 155 18
43 103 111 179 193 199 206 462 229 193 121 187 0 235 39 134 238 88 282 86 201 32 252 292 275 289 77 233
19 257 909 447 387 893 488 581 581 893 178 883 754 284 384 66 294 17 574 384 108 639
46 208 581 488 581 801 957 957 957 957 66 318 696 294 178 639 178 279 362 17 215 883
120 279 721 930 353 245 632 632 721 353 631 813 577 282 182 251 63 191 583 257 758 454
55 273 522 506 699 226 889 149 522 177 755 206 759 9 563 374 447 389 47 68 43 767
954 101 638 268 116 581 22 91 30 228 268 228 276 488 131 288 361 227 159 25 845 16 770
114 126 411 546 534 534 374 383 411 308 768 614 710 939 926 946 827 610 709 68 838 587
137 180 190 228 288 475 554 203 19 102 215 120 140 192 28 88 2 27 94 25 60 177 272 199 64 53 275
77 208 279 508 335 56 112 843 73 843 73 283 73 254 491 463 414 623 826 71 756 20 610
2 86 166 243 284 312 327 375 669 541 201 10 639 375 776 190 738 680 239 18 26 822 149 46 150 362
68 214 514 118 607 787 912 446 327 957 118 596 787 446 333 502 408 144 173 151 184 13
73 133 211 667 50 192 819 796 910 796 192 375 52 796 796 572 281 283 84 693 288 138 489 409
992 16 286 455 402 257 580 402 402 402 415 267 14 579 521 209 41 442 603 930 283 150 974
91 138 195 206 414 85 260 24 257 113 25 127 64 254 255 274 87 273 183 92 68 54 73 32 176
129 227 236 414 462 59 214 196 57 62 150 101 99 257 227 2 40 269 199 11 206 107 280 298 250
10 37 44 94 279 288 822 189 822 420 291 189 420 748 117 822 291 658 784 562 356 266 748 502 809 4
74 87 108 117 260 480 770 348 348 348 176 494 875 176 757 269 714 148 383 886 742 150 329 95 539 2 78 251 85 120 88 208 228 291 143 185 63 267 134 197 173 207 65 212 280
121 132 179 283 845 15 136 136 980 136 136 835 22 22 204 835 136 288 16 476 980 131 770 488 845
13 58 88 216 252 264 296 606 195 352 336 146 606 335 380 475 479 886 320 236 841 301 893 679 129 31 907
204 220 269 25 223 126 178 282 124 230 129 20 155 148 64 149 172 159 234 267 109 120 16
30 166 299 167 33 146 265 80 117 148 35 177 30 237 5 38 257 242 246 215 49 125
138 165 201 475 726 664 136 986 294 294 775 343 251 343 805 664 550 264 603 726 784 783 36 845
