192 193 742 829 9 47 56 42 186 207 899 705 288 511 147 130 878 692 582 503 23 56 364 68 414 350 296 428 591 925 102 136 235 12 294 276 229 37 121 283 44 124 116 58 202 288 261 115 14 173
676 48 94 175 250 974 50 215 263 275 850 310 204 646 86 444 470 276 48 271 352 896 41 409 607 209 605 326 82 498 177 199 168 222 107 165 77 121 143 294 118 25 210 55 113 140 241 130 296 228
6 30 75 237 90 185 236 163 123 93 167 64 83 219 32 274 112 280 210 182 224 249 30 155
147 809 28 50 58 104 215 806 155 223 155 76 526 598 526 210 611 118 892 88 58 215 47 960 735 137 136 90 90 90 76 592 275 76 952 21 849 216 27 179 765 765 224 230 332 332 968
829 168 217 276 870 974 106 129 286 361 493 234 751 27 234 234 283 118 572 751 483 275 118 211 830 74 120 424 134 412 568 69 47 33 134 218 134 281 264 93 40 298 40 968 332 355 273 238 158 186 206
30 97 148 156 207 246 292 809 202 256 284 242 285 875 446 809 567 875 707 809 242 809 809 565 968 802 131 379 204 208 296 276 146 253 288 2 8 16 97 73 268 193 30 279 178 66 22 87 281 232 98
607 24 76 220 832 14 255 294 236 124 76 124 111 152 236 22 188 124 107 111 259 412 208 293 424 241 228 271
663 83 103 130 139 229 219 286 60 184 26 150 147 74 412 241 117 259 215 208 830 293 143 376 424 751 440 83 135 74 72 37 212 212 179 37 216 691 186 64 222 206 203 479 239 339 53 704 819 819 704 819 53 648 733 391 764 819 611 354 129 734 5 281 293 89
809 42 76 87 207 255 434 233 563 233 187 191 187 233 261 8 691 216 64 27 714 158 339 185 479 222 332
24 148 251 288 345 169 293 117 146 255 179 163 236 192 287 219 296 8 241 90 143 272 295 39 227
60 73 277 539 98 126 209 119 88 253 189 11 158 40 249 197 56 96 156 264 275 252 18 103
9 23 27 49 100 131 134 220 290 23 270 269 274 18 199 181 105 286 214 179 188 258 24 25 165 64 236 103 28
6 214 453 180 212 253 18 178 65 272 226 271 183 74 171 252 265 56 104 256 238 40 193
870 44 62 212 289 264 247 27 273 90 205 258 70 250 102 61 51 175 143 28 286 106
118 145 75 135 277 119 110 288 184 225 107 256 229 163 206 78 274 45 120 138 14 65
102 122 179 539 28 58 231 298 298 135 23 150 730 730 255 80 269 356 146 38 46 95 265 287 622 11 125
99 196 598 155 223 76 223 213 735 806 526 76 155 526 136 29 690 735 137 88 950 64 182 89 150 273 142 165 292 207 104 126 8 255 238 259 179 191 286 158 172 270
17 39 297 453 829 15 34 283 82 17 17 45 82 119 199 59 196 845 748 28 412 103 93 69 947 870 978 232 246 253 67 28 255 224 17 107 128 108 214 86 16 279 181 82 210 283 168 2
92 127 141 222 41 91 101 111 162 190 296 605 607 607 48 444 605 605 409 409 498 850 350 159 960 896 559 121 342 702 79
132 138 230 158 39 160 160 76 39 158 103 626 245 239 69 93 870 847 197 748 919 220 26 236 49 180 89 72 159 168 113 51 261 98 12 145 107 237 273 134 56
85 105 139 236 240 6 251 210 80 281 8 240 110 195 194 259 126 26 94 13 296 272 208 158 53
269 271 280 139 89 247 168 214 168 242 85 280 185 64 279 239 339 203 165 479 186 254
829 8 200 222 248 36 86 271 0 32 241 130 229 102 268 284 44 105 189 116 45 259 257 199
766 809 51 137 209 238 864 699 118 264 848 247 54 253 287 424 412 263 204 271 71 143 117 293 159 751
66 174 210 280 118 287 44 98 43 53 98 153 44 27 28 870 109 845 412 978 309 197 919 103 193 72 243 98 261 18 58 89 167 108 74 143 236 207 127 298 264 286 80 52
186 201 229 84 142 170 77 148 111 55 278 242 213 222 289 131 2 48 272 3 234 130 251
228 111 62 152 270 186 64 48 14 108 126 240 245 217 66 51 275 289 216 284 233
809 88 222 539 127 131 161 199 221 243 247 274 274 286 31 46 37 286 276 31 65 231 213 163 261 239 225 401 245 65 126
5 202 48 165 50 48 47 118 274 200 270 242 50 748 245 309 278 197 626 93 28 69 10 25 168 60 1 73 11 264 50 29 241 215 184 281 229 80 137 57 141 7
829 55 100 123 160 200 218 830 830 305 762 393 490 170 830 830 170 170 119 137 89 198 50 54 155 653 294
77 110 219 345 106 265 156 188 99 207 43 197 213 209 72 42 93 133 31 186 226 97 278 250
14 105 208 360 288 31 85 256 280 171 13 292 155 65 56 219 253 261 204 9 80 92 6 90
119 237 607 10 23 896 48 271 607 271 498 271 470 48 896 896 159 350 260 180 342 113 225 702 850 100 245 107 386 386 811 80 307 88 216 158 339 185 208 186 203 165 708 179 64
604 974 138 211 189 22 90 210 97 29 222 199 264 245 266 170 175 181 234 101 167 153 256 179
199 270 393 170 170 170 762 809 170 762 809 393 192 670 735 68 137 294 226 50 89 119
34 111 187 239 242 264 234 93 194 202 254 267 296 283 260 21 108 273 75 168 199 90 119 5 141 43
102 140 277 169 215 163 139 150 68 230 154 7 296 95 46 185 200 87 119 48 43 4 75
212 282 764 819 704 53 417 354 764 648 391 704 20 50 766 145 107 16 71 973 5 734
37 132 290 5 66 138 159 434 96 98 96 275 987 226 199 275 825 132 251 904 968 265 67 316 875 111 944 228 354 704 704 417 819 391 53 112 704 354 819 819 354 478 281 157 38 71 570 50
48 52 133 228 283 974 36 67 68 85 80 134 0 17 296 180 180 180 65 231 126 540 89 253 225 245 239 92 261 163
742 93 228 256 155 598 76 76 213 806 598 526 851 735 143 58 203 381 960 691 257 244 124 174
90 117 175 293 806 598 155 213 76 735 806 526 155 851 735 326 60 46 174 691 124 950 274 381
120 272 285 345 434 190 296 122 33 84 33 551 122 33 84 256 70 847 278 245 748 197 626 103 239 704 819 391 648 819 704 112 733 764 50 281 354 89 71 570 268 5 766 38 478
704 974 6 175 237 254 257 216 529 225 36 280 24 33 598 216 748 93 309 919 978 870 412 964 131 70 847 167 157 133 160 200 155 128 45 207 227 252 40 152 169 134 23 7 88 214 234
766 7 37 238 265 879 977 26 30 49 182 219 233 271 806 598 806 155 851 806 838 60 950 203 691 64 58 960 257 381 46 174 124 29
809 115 539 392 958 296 551 111 101 101 296 392 626 748 239 69 309 131 70 109 103 964 845 112 704 112 733 648 391 819 417 704 89 875 354 20 16 50 5 157 734 71 145
195 187 297 527 145 925 865 865 551 925 818 551 41 140 225 253 294 281 122 476 806 166 397
7 69 217 221 278 182 199 199 187 151 36 182 205 125 180 11 230 798 265 96 269 57 339 146 46 198 185 178 257 79 292 6 297 132 35 57 82 211 139 296 195 38 12 7 265
784 974 295 205 290 189 167 271 167 289 275 289 292 292 271 356 46 125 95 153 269 131 11 57 180
977 47 128 156 274 470 498 896 409 444 607 498 271 118 269 292 260 225 887 101 121 216 180 350 159 291 101 186 155 53 246 229 77 145 218 13 248 277 79 68 94 90 235 134 43
8 16 89 119 195 106 89 271 132 201 139 135 97 109 148 230 165 291 142 261 252 105 19
7 76 762 670 393 718 305 192 490 718 152 7 119 89 653 226 50 212 15 885 198 205
147 455 503 354 819 354 764 112 391 819 417 704 733 354 53 16 89 354 20 281 50 145 478 262 268 30 85 244 5 281 16 251 136 275 229 56 84 28 20 270 58 202 12
229 163 292 259 144 223 118 107 291 117 196 177 216 235 272 172 208 58 125 211 2
31 92 129 733 53 733 53 733 648 417 112 704 819 391 764 478 973 71 89 281 50 570 16
977 12 102 113 108 167 64 28 299 209 49 145 214 83 285 144 134 176 219 157 2 45 193
104 138 223 227 140 52 233 96 67 262 94 221 248 76 3 176 9 144 81 204 196 212 256 142
79 203 434 168 210 253 31 157 122 123 281 155 241 228 32 183 37 111 193 245 289 147 299
50 360 809 974 2 13 73 167 155 526 526 598 838 213 851 806 223 223 155 29 58 9 531 215 203 46 381 174
974 28 218 196 662 865 818 551 145 551 865 662 825 16 397 41 806 281 122 296 225 268 231 22 52 286 119 274 186 292 114 222 195 117 89 79 21 73 130 81 199 3 211
62 84 96 161 270 175 49 276 189 8 114 293 79 215 37 161 218 234 45 180 244 286 173 191
61 147 255 279 503 67 260 255 73 246 64 292 177 247 75 201 127 148 40 58 298 226 37 216 0
219 264 345 223 294 175 203 288 42 213 83 31 196 97 187 193 269 262 17 77 251 243 234
112 231 278 18 175 903 119 284 205 175 18 110 903 83 339 714 968 41 510 208 64 279 239
742 156 188 281 386 595 898 1 98 175 267 145 196 925 782 196 527 818 346 662 196 16 85 806 253 261 202 493 397 825 231
766 977 77 119 182 219 34 109 185 241 47 141 34 174 287 143 100 74 830 293 243 271 751 412 622 253 809 192 830 809 170 192 762 885 119 152 254 50 212 68 294 137 54 266 7 653
595 158 237 297 288 277 134 51 26 298 150 240 23 87 59 202 217 173 2 24 38 245 143 133
75 188 253 76 526 806 598 213 76 806 213 526 526 213 381 448 244 531 60 143 174 203 257
2 127 143 264 276 607 605 470 607 498 444 498 498 48 444 139 225 260 27 121 887 230 269 180 25
808 49 139 197 265 470 607 498 326 444 409 607 326 498 896 269 865 101 292 216 350 180 113 559 887 149 38 146 192 10 125 257 297 42 106 91 90 184 258 260 97 139 168 241 100
742 1 51 144 115 148 16 13 206 223 219 181 59 280 108 208 226 221 67 278 55 75 155 144
250 434 292 138 242 123 78 58 47 248 176 153 38 72 28 178 237 246 151 244 201 258
974 67 93 139 176 193 272 297 63 69 78 51 108 243 279 145 20 103 23 65 208 30 62 234 79 183 82 207
974 171 808 99 242 117 388 820 92 112 112 112 158 117 158 626 748 69 942 109 845 93 613 692 309 209 124 135 36 21 70 116 228 141 241 168 164 256 28 39 280 150 98 233 267
742 38 263 539 90 345 339 848 553 31 129 687 565 132 228 968 944 296 316 63 728 208 113 251 289 226 256 235 108 176 156 57 72 180 231 101 9 69 67 41 171 262 146 28
95 539 605 607 605 409 326 470 48 607 896 48 605 350 230 225 874 121 139 25 113 269
808 933 75 91 120 290 177 194 154 226 60 204 239 239 622 751 139 293 215 143 71 159 830 100 287 253 199 83 71 91 153 184 109 172 187 215 164 85 150 286 228 242 154 78 49 208
161 247 176 157 85 224 257 64 258 262 10 265 280 59 159 166 18 155 99 47 141 108
114 179 270 236 135 248 20 53 91 37 140 144 149 280 239 77 63 124 61 21 5
164 171 209 809 28 54 76 190 285 231 117 117 235 55 21 82 52 235 13 117 125 80 287 153 230 226 96 245 798 291 71 95 157 101 153 119 210 249 215 49 263 269 179 81 72 171 23 24 75
35 58 149 55 167 184 74 227 150 278 255 91 182 114 226 113 41 156 28 57 142 246 27
21 98 145 175 295 808 974 2 101 124 260 209 973 716 470 70 716 334 470 866 574 132 875 208 316 251 968 905 63 296 772 47 122 125 259 179 143 139 42 58 106 257 283 67 164 73 204 193 65 70 293
829 30 118 174 207 246 292 345 537 73 152 192 704 189 173 104 233 704 170 842 173 189 273 195 692 109 704 197 412 866 942 613 260 61 19 55 189 299 86 121 187 170 125 221 245 169 94 130 246 31 140 97
742 179 215 503 158 30 91 229 73 247 46 25 263 151 237 254 210 133 13 200 169 6 282 100
71 146 39 72 132 268 273 283 735 155 806 851 155 735 155 223 76 223 9 531 203 29 718 60 448 873 257 274 242 2 109 109 2 109 874 2 257 148 664 243 510 239 216 41 279 186 714 294
76 211 1 112 260 272 76 297 89 376 262 262 212 76 66 622 263 139 253 287 830 293 751 74 31 215
26 90 95 163 598 838 598 806 526 223 223 851 735 60 143 873 326 381 215 790 274 531 9 691 99 267 214 148 35 275 7 204 45 163 217 240 80 0 224 220 184 284 237 187
163 185 360 742 808 103 231 251 296 297 838 851 213 838 76 735 851 838 838 155 691 873 448 790 960 718 244 60 143 381 168 124 47 89 212 73 183 76 207 101 258 208 58 39 130 213 3 223 277 206
742 7 150 154 234 32 142 50 140 6 69 213 222 124 266 147 186 264 173 225 230 81 61 210 193
87 211 123 260 161 167 258 122 11 141 180 95 289 14 263 261 177 176 230 245 52 82
829 163 194 220 260 215 652 11 70 660 907 534 534 709 251 63 228 132 772 565 904 875 37 296 316 265 28 141 192 127 164 42 234 129 166 9 137 64 220 3 284 286 133 80 20 175
742 42 151 211 280 9 13 261 290 267 210 23 115 217 17 297 111 18 39 67 19 149 157 252
742 829 846 265 118 209 955 745 244 805 133 793 634 763 177 945 590 155 241 78 166 990 27 209 386 164
846 148 165 203 498 498 409 607 271 271 607 498 498 350 25 292 139 225 121 113 865 874 269 216
713 3 65 181 185 237 345 305 167 836 81 457 167 81 305 786 305 428 81 736 291 299 955 652 853 924 166 34 283 189 189 34 206 225 135 232 232 510 64 159 836 158 339 710 216 988 203
742 75 96 35 244 250 263 270 399 616 101 399 792 860 381 370 381 399 383 906 139 105 181 278 149 232 170 317
829 221 68 244 244 68 68 553 93 659 486 43 36 635 875 177 27 290 164 486 386 590
698 409 409 498 409 409 896 896 48 260 559 874 269 960 159 27 292 101 180 25 225 733 112 53 391 819 354 391 819 570 268 38 478 5 973 71 766 875 16 89 354
977 14 53 147 168 195 266 62 296 127 297 149 153 129 56 235 52 169 96 157 271 291 84 264
62 198 434 193 110 151 237 79 128 221 199 254 279 262 173 24 200 124 298 180 125 270 251
73 160 274 500 421 917 302 500 133 421 659 653 54 155 683 266 68 137 152 226 735 254 212
29 35 36 205 215 27 98 173 215 444 69 0 605 605 0 240 292 479 208 663 607 251 63 113 875 904 37 132 340 223 193 232 128 239 164 126 206 163 38 60 289 124 134 147 59 249 155 195 196
220 151 190 71 229 31 157 241 64 200 172 216 215 280 81 12 189 29 263 275 68
84 233 234 118 265 203 163 171 173 36 14 225 172 55 243 238 75 209 125 133 19 205 127
180 188 274 742 829 171 399 36 404 399 224 477 399 399 96 226 230 125 381 798 287 46 131 621 245 95 354 733 112 733 112 764 417 704 648 478 145 973 766 38 5 16 89 716 570 107
809 8 14 91 112 195 259 271 434 11 107 163 202 263 345 224 36 201 185 101 201 36 185 102 201 245 146 131 269 798 265 95 80 287 125 20 60 120 42 231 252 23 248 241 229 191 103 75 152 10 259 162 87 123 29
68 178 233 274 80 105 80 895 80 272 22 19 538 158 990 714 710 842 64 70 41 216 294 339
829 16 68 264 49 99 114 137 241 193 45 596 292 146 146 729 146 729 105 777 232 32 181 264 906 743 139 540 170 172 171 176 284 153 191 82 228 160 247 40 70 36 184 64 6 94 248 265 23
177 241 269 145 145 91 158 987 292 145 266 885 119 89 68 735 123 226 254 54 683 152 7
19 262 28 14 244 108 159 70 61 12 16 96 184 206 35 270 129 42 264 203 169 236
84 267 268 2 192 210 107 681 888 648 112 867 417 107 597 590 209 241 248 945 629 486 77 540 164 990 158 145 66 250 250 91 652 182 987 173 924 398 152 669 89 54 885 119 226 123
766 809 103 107 110 137 174 43 193 24 198 169 245 98 94 104 279 270 172 240 53 68 150 36 27 16
1 36 153 259 6 924 189 189 274 908 908 924 908 209 856 565 316 905 63 626 536 113 687 251
20 26 193 198 296 256 729 729 256 863 729 238 70 238 583 777 906 383 317 352 540 139 149 743 232
829 3 27 163 193 896 896 444 470 326 607 409 865 350 622 292 113 121 559 216 101 887 159 225 269
43 104 503 230 182 230 447 133 230 133 26 31 143 780 263 714 554 215 800 412 751 253 243
974 18 24 25 105 164 199 471 851 598 806 526 155 735 76 598 526 735 531 9 577 60 257 960 326 203 586 58
1 13 14 133 345 247 247 247 247 8 119 105 358 274 158 125 621 131 230 269 146 287 46 245 95 229 287 287 287 174 663 229 897 1 653 174 240 533 990 842 41 158 339 64 510 138 158 258 1 246 206 178 31 130 236 94 46 204 99 220 224 81 119 82 191
17 60 175 190 155 50 275 23 132 76 215 96 211 129 38 133 287 103 3 110 279 119 28 81
212 499 172 222 247 291 237 193 93 5 203 113 212 63 9 46 123 137 207 141 17 38
72 87 110 360 13 104 152 806 806 526 155 598 806 76 531 326 586 215 718 960 448 577 257 58 301 29 60
809 57 120 140 244 266 76 526 806 76 851 213 155 526 76 223 851 735 60 531 691 577 58 257 873 46 171 230 286 154 13 63 92 239 180 192 222 107 123 50 257 24 70 145 20 87
51 77 211 222 138 17 194 989 154 17 842 138 194 1 89 708 459 533 538 339 239 64 710 714
65 106 135 193 286 4 127 183 262 897 185 897 277 277 773 773 5 5 183 650 955 736 27 113 166 924 27 351 977 157 71 209 171 15 67 9 87 114 144 110 230 262 177 74 115 37 286 290 49
809 112 177 193 221 250 288 155 148 229 46 8 55 59 235 65 293 28 14 124 90 158 80 218 243 139 177
5 285 152 298 157 162 194 94 40 52 139 218 222 132 142 108 201 195 78 10 76 261
54 225 142 111 195 14 118 176 59 139 69 275 63 76 298 62 133 220 127 203 122 283
940 11 14 106 826 229 506 283 70 506 506 427 237 390 69 237 538 239 158 533 988 510 41 294
196 53 391 391 764 354 704 417 819 50 478 107 570 319 38 281 20 875 979 16 5
36 95 99 105 202 292 742 870 940 829 407 829 164 581 577 577 977 179 415 299 291 113 924 528 853 27 955 228 477 289 141 147 107 188 1 145 34 121 232 11 92 27 186 229 6 272 204 57 287
48 82 87 127 128 154 195 249 263 12 16 120 159 298 740 624 740 402 948 948 409 787 948 740 948 948 136 434 417 722 78 73 716 92
829 31 46 62 191 123 781 271 507 288 507 30 279 195 265 287 95 798 245 46 781 125 381 96 339
974 98 117 177 232 434 512 503 751 751 364 692 531 318 751 208 326 531 747 314 668 251 989 951 99 528 441
977 187 191 234 838 76 735 223 838 806 735 213 838 526 598 718 203 29 301 960 909 215 46 586
636 157 161 185 244 272 288 138 138 840 138 884 429 884 161 84 911 268 84 629 142 530 78 875 77 410 386 177 125 178 118 297 223 209 80 168 214 67 208 140 97 193 108 122 250 198 160
360 733 648 417 648 819 764 391 354 570 413 5 973 38 71 386 268 716 875 766 281
901 44 131 138 187 294 247 721 53 898 842 842 649 53 999 951 314 341 99 863 985 870 521 528 668 244 239 43 25 125 22 255 223 41 109 180 240 192 233 30 172 151 168 146 250
636 208 190 10 22 15 286 253 180 67 32 298 172 8 163 243 213 275 100 140 40 201
100 434 75 211 8 217 275 294 24 133 158 226 181 35 94 267 176 180 257 296 265 285
670 160 211 299 915 3 23 119 238 254 271 290 292 551 477 777 592 509 551 509 40 754 551 477 754 621 781 356 265 146 321 798 381 79 225 20 7 216 240 40 121 199 266 251 70 245 112 71 261 39 32 220 186
829 59 91 132 236 111 18 274 140 134 55 286 293 163 129 183 128 245 126 45 275 130 269 230
829 95 117 120 223 239 41 98 58 33 149 100 17 24 289 180 96 170 9 194 242 176
829 30 270 345 468 121 141 124 265 159 245 190 61 72 193 80 62 57 147 289 2 71 260 294 164
87 107 533 940 533 919 737 138 743 314 806 573 336 515 93 249 163 733 866 381 76 343 919 533 240 163 743 919 240 855 138 163 80 343 177 687 249 829 733 76 926 381
37 48 262 221 4 210 278 124 272 229 277 267 73 39 212 261 48 157 225 249 109 223 1
135 189 258 182 20 36 230 132 131 128 21 60 124 38 291 117 47 71 179 88 161 59 91
104 198 209 217 279 222 21 128 64 196 6 211 249 216 107 53 33 156 61 228 246 250 139 137 102
137 182 221 72 191 98 225 215 295 27 263 213 107 119 159 268 0 285 289 287 88 141 41
34 78 139 264 236 124 269 52 43 99 101 121 151 237 105 145 153 140 184 284 168 204 144
