185 242 762 64 361 629 935 51 277 671 304 799 635 952 515 865 594 894 810 998 296 980 831 177 158 266 175 985 968 263 152 9 253 189 165 92 248 91 255 164 119 284 8 7 290 25 188 204 120
5 178 197 258 266 179 860 182 769 969 860 275 860 179 182 239 219 297 560 925 922 205 292 14 910
832 34 74 177 205 259 300 839 832 259 510 572 356 652 800 652 135 572 54 278 246 165 238 145 17 839 93
639 114 259 272 434 980 0 980 873 434 142 228 638 820 661 577 848 929 935 938 541 973 302 77 200 111 68 36 175 149 252 135 59 79 17 87 44 12 49 170 107 65 40 51
176 56 76 80 19 180 75 27 235 230 277 122 1 57 168 128 290 66 81 294 199
639 54 71 83 90 143 100 123 10 187 273 228 101 241 291 293 15 18 240 135 108 155 133 255 126
403 429 955 133 146 147 244 274 168 196 239 190 178 245 17 23 290 258 224 70 46 141 134 24 238 32 154 280
117 878 878 552 885 878 41 995 878 559 167 448 258 249 181 81 13 559 589 74 666
65 161 206 11 271 246 271 271 46 291 252 125 851 226 185 272 907 149 907 297 455 68
676 30 33 43 241 600 5 251 206 674 54 992 674 789 619 619 54 640 992 949 168 44 420 577 860 321 118 860 189 68 283 192 35 297 246 186 187 299 89 191 50 198 143 129 237 73 148 268
22 38 70 95 218 361 998 727 330 816 816 134 207 727 134 43 998 501 65 719 194 143 286 187 489 187
934 114 136 168 224 4 18 38 58 168 459 459 735 459 38 914 579 735 602 987 70 351 299 282 251 15 533 620 78
51 171 263 300 195 83 349 283 195 975 349 83 195 963 283 211 18 181 232 181 178 679 167 24 265 14 57 91 162 268 258 252 150 177 270 88 56 203 143 286 4 112 133 35
45 180 275 29 234 143 230 95 230 775 194 5 75 206 159 57 232 182 273 11 682 86 838 148 202
748 49 201 246 175 865 266 175 968 865 985 594 865 231 262 609 278 175 185 831 158 872 79 151
832 227 985 865 266 968 158 985 594 175 175 968 968 985 992 272 158 748 262 99 151 185
832 955 114 274 285 300 162 108 294 162 194 247 294 502 818 191 179 720 86 643 110 243 140 335 726 75 171 168 201 298 133 112 80 57 76 165 244 87 144 117 189 243 225 19 126 276
600 955 106 178 189 10 1 119 102 178 58 118 116 205 156 213 151 84 168 158 234 207 182 152 132
955 216 259 55 250 298 298 48 716 55 476 167 26 286 82 781 223 204 11 26 20
84 150 227 251 13 205 235 118 230 271 42 118 235 42 235 45 232 682 159 203 785 161 182 57
20 71 179 250 361 417 508 809 233 54 774 33 17 268 106 770 276 211 760 76 835 4 63 14 258
639 187 161 888 150 888 222 727 513 727 476 595 855 239 55 30 790 250 195 53 894 10
600 12 52 289 54 132 253 253 42 163 54 42 163 163 820 204 218 167 223 247 798 476 26 82
748 44 117 129 148 189 43 155 147 155 281 42 203 280 295 42 147 47 476 218 286 167 82 26 43 126 11 14 132 113 109 41 146 177 199 165 174 63 51 68 153 118 60 155 220 16
600 713 287 102 142 5 112 137 5 112 15 47 15 196 10 55 266 32 412 790 135 513 239 246 237 214 115 238 1 223 282 275 51 198 206 48 35 276 101 295 10 132 161
87 152 153 209 255 73 138 3 7 10 81 65 270 243 117 173 174 238 136 55 208 155 66 94 161
85 124 220 699 529 207 998 501 727 134 443 208 754 433 94 194 390 127 286 187 93 227 241
2 8 123 132 248 699 529 207 998 501 727 134 443 208 754 433 94 194 390 127 286 187 93 227 241
999 22 110 203 20 72 292 300 133 850 503 290 290 574 503 400 133 251 316 158 57 729 277 164 33 222 296 348 35 129 48 33 238 124 185 172 85 73 193 248 31 98 165 202 250 265 79 115
74 600 18 134 139 149 164 831 810 865 968 266 968 985 968 810 799 968 266 262 831 107 278 748 88 872 185
57 299 865 968 158 594 831 968 985 158 238 992 278 908 853 231 831 293 185 602 88 107
15 89 93 147 992 619 992 166 539 640 789 291 75 61 209 284 148 420 141 64 421 716 179 291 97 171 227 222 215 78 89 33 31 252 100 176 182 191 207 244 254 213 83 295
639 5 131 234 232 256 170 199 115 59 183 20 206 285 202 76 189 185 205 213 191 275 85 198
403 719 264 266 286 175 968 865 810 594 985 831 266 107 591 748 185 992 609 831 293 79 602 151 238 108 59 105 79 15 53 142 214 254 284 7 34 94 152 122 10 256 128 38 204
3 95 270 221 146 95 216 239 169 63 201 163 40 96 141 155 229 54 114 129 1 266 296
639 100 142 151 207 234 242 271 190 33 212 133 230 235 34 41 120 225 186 258 284 2 278 202 9 113 180
25 298 72 144 195 82 314 314 82 14 881 285 240 68 351 282 620 93 256 78 15 299 153 139 271 259 275 54 224 65 5 208 126 157 288 245 82 6 105 63 283 170 262 12
278 292 74 278 296 223 37 232 816 754 330 54 816 153 68 15 299 620 533 240 658 70 15 282 292
955 9 25 216 236 873 102 455 142 102 669 142 782 434 0 873 228 157 938 284 2 49 241 973 745
600 118 155 963 83 195 975 521 975 963 884 77 174 181 147 965 18 24 23 775 24 110 193
639 51 55 101 187 189 194 175 266 810 831 594 175 968 865 748 908 79 831 591 272 231 262 107 609 293 151 180 129 147 84 163 105 165 149 0 157 271 205 52 106 124 156 169 207 83 145
97 222 27 299 33 58 138 128 64 6 130 219 210 94 66 277 187 61 159 153 43
35 72 168 234 995 673 673 552 995 210 878 673 270 258 57 559 74 249 137 150 427 856 79 49
52 223 278 639 21 809 508 54 54 389 417 389 809 809 728 255 44 63 379 122 106 189 166 211 105
99 212 217 125 29 113 282 84 29 240 282 282 86 57 56 48 228 682 182 806 838 232 115 32 174 37 292 255 18 135 109 179 136 153 282 41 242 112 260 68 117 42 94
719 38 156 242 265 934 9 17 26 113 283 975 83 83 521 884 975 340 521 67 195 147 971 23 24 80 167 861 181 83 77 878 210 552 559 448 210 995 559 448 210 167 878 589 258 150 239 249 57 79 298
70 133 157 174 176 20 26 116 72 160 277 11 142 263 204 225 153 171 251 249 283 3 297 39 270
955 218 237 246 126 218 127 156 249 239 191 35 257 156 253 241 127 585 93 390 38 94 208 65
28 141 204 37 105 216 270 84 291 153 264 113 264 138 84 88 806 89 86 203 255 182 48 45 232 838 115
600 748 5 82 98 152 276 297 640 206 674 949 539 206 619 640 291 860 284 973 533 420 168 184 9 716 75 114 10 263 143 207 70 148 223 109 206 132 281 242 237 172 221 277 232 30 295 289
600 98 92 276 218 115 125 201 218 18 63 33 86 682 228 159 115 45 89 162 255 806 785 182 52 267 218 52 267 267 267 754 136 585 94 38 286 443 433 194 187 390 93 241
98 218 222 289 211 223 175 158 175 175 865 985 594 985 985 799 865 799 831 88 293 79 272 107 908 311
255 281 142 169 115 115 43 201 115 653 94 43 120 169 45 48 232 255 56 33 203 148
62 100 282 574 850 574 850 850 446 574 133 400 963 710 2 36 192 751 913 183 240 220 729 885 167 552 167 673 210 559 41 673 878 552 885 137 757 49 298 239 589 258 574
93 149 96 103 85 24 195 152 68 124 43 219 123 56 90 25 271 6 125 40 156 246
955 103 188 154 239 85 51 198 143 31 127 81 295 159 106 48 109 276 110 224 192 209
62 176 224 278 300 31 119 288 78 248 250 80 17 231 263 88 206 291 51 93 26 77 262 69 72
999 111 142 170 220 41 210 885 210 878 885 167 995 673 210 298 258 87 74 49 239 574 292 757 137
24 165 163 19 172 278 185 154 200 82 199 74 169 51 292 175 39 65 223 281 33 79
748 934 955 129 98 131 162 208 66 208 453 148 249 209 148 203 249 130 80 237 756 243 191 502 606 68 726
4 192 327 447 260 582 551 476 247 793 266 846 325 250 30 595 10 513 135 443 252
18 84 87 233 102 573 19 246 238 12 61 762 762 102 70 240 68 153 658 6 533 256 139 299
12 222 985 799 175 266 799 810 158 311 992 231 591 659 108 79 88 609 278 908 853 238 277 244 185 250 75 27 219 30 173 159 35 168 122 245 161 177 26 284 224 107
5 57 162 210 235 448 885 885 885 167 167 210 995 878 41 552 559 445 49 79 298 559 74 258 856
600 149 194 286 208 193 15 19 176 206 78 287 41 136 281 231 53 82 73 165 132 35 248 187
600 35 156 245 7 126 266 799 175 799 594 985 266 79 659 602 853 311 908 238 108 293 831 151 609 992 65 166 69 51 145 260 159 82 116 117 66 5 8 154 47 296 75 155 161 197
96 232 273 231 158 145 49 283 103 62 296 217 264 79 69 297 106 177 126 71 199 279 209
46 81 148 251 298 275 254 135 254 54 289 239 254 208 117 243 756 726 75 680 50 502 167 324 27 140
55 67 101 156 272 184 68 268 66 244 18 261 268 233 33 203 115 162 57 255 232 148 838 56 86 153 107 105 260 118 195 239 23 292 46 217 49 65 218 82 113 9 72 213 174
98 246 266 121 252 285 298 299 25 25 240 147 1 232 186 92 25 1 855 887 266 4 135 250 443 609 252 846 46 14 118 141 243 21 165 111 213 262 45 6 100 214 60 68 101 32 44 192
34 174 955 140 146 176 266 286 917 286 216 59 917 952 59 81 168 563 59 243 981 86 756 237 50 726 324 146 56 249 249 130 203 121 146 609 113 111 165 149 41 136 528 297 83 555 198
64 272 189 204 290 2 263 117 38 78 256 169 72 100 165 193 257 246 28 44 220
50 65 147 151 186 237 249 719 144 206 216 282 231 231 49 137 88 113 88 49 113 127 241 249 243 622 31 174 412 139 830 71 134 154 39 164 64 294 283 237 290 87 165 108 26 112 192 116 12 229 296 169
140 98 199 240 276 283 340 340 67 283 67 975 884 83 67 340 195 174 167 570 109 80 110 18 181
1 69 188 290 349 67 884 283 67 195 340 67 349 83 283 963 193 18 557 964 23 83 109 146 69 210 54 284 259 215 91 58 147 205 67 137 237 282 19 122 42 208 92 6
111 233 50 63 276 189 967 417 177 199 417 386 678 430 26 11 930 116 415 873 781 189 26 126 20
206 232 189 967 417 177 199 417 386 678 430 26 11 930 116 415 873 781 189 26 126 20 109 202 49 243 164 254 142 96 235 185 221 143 85 186 130 139 159 31 61 258
531 13 226 167 885 878 995 673 885 210 210 270 858 150 292 57 258 574 79 239 757 49 249
151 290 151 93 144 72 226 277 221 232 218 262 118 9 23 224 207 185 153 134 73 5
3 44 82 229 55 109 119 128 194 5 254 5 250 154 5 254 71 202 78 263 412 174 117 31 143 293 159
167 949 949 135 235 135 135 211 257 111 282 93 68 134 533 15 70 139 299 15 351 3 673 177 177 852 209 156 156 177 536 177 554 10 299 194 83 113 198 528 609
105 210 673 210 41 878 995 210 995 448 885 878 49 298 239 150 858 270 79 249 57
543 6 31 154 174 231 237 156 187 141 37 238 252 295 262 9 38 85 60 162 150 119 144 92 175 240 121
885 287 90 234 265 211 241 49 269 38 156 133 241 193 38 211 197 191 167 981 720 50 756 324 502
789 205 810 175 158 831 594 985 810 799 968 992 609 831 278 602 262 108 656 238 659 591 74 217 116 100 211 127 174 79 281 91 110 260 16 10 58 256 180 70 234 135
31 50 239 289 170 69 62 92 69 111 399 524 139 626 930 99 286 433 390 585 136 93 94 38
4 140 142 171 183 201 262 297 836 351 450 848 297 836 848 297 775 555 68 83 331 297 258 324 165 113 10
955 10 22 25 543 94 208 827 786 786 827 827 827 113 644 113 968 178 873 476 26 479 836 223 955 126 218 878 210 995 448 41 673 167 552 885 856 87 150 241 270 298 74 757 292 49 57
92 127 153 276 288 678 11 73 212 298 638 434 434 980 782 782 455 0 50 883 66 808 228 2 873 745 445 241 674 157
107 204 220 283 300 580 349 983 526 768 983 77 580 9 606 243 720 410 818 86 50 43 191 68 75
403 543 87 239 166 640 166 539 539 54 992 619 186 64 716 184 168 973 114 533 635 118 284 120 212 287 30 231 27 264 53 67 247 254 285 97 121 64 116 74 182 7 203 77
403 955 82 112 131 155 161 72 51 288 244 172 217 61 247 185 49 30 48 43 37 68 31 26 150 16 254
101 159 178 236 719 144 148 204 300 650 650 202 789 202 414 334 202 14 789 202 836 873 189 479 26 731 906 126 26
46 76 103 219 243 298 994 284 0 994 994 349 349 395 469 419 469 324 720 68 726 756 50 243 75 410
13 199 282 810 865 158 968 175 865 968 266 865 293 656 278 88 108 908 231 311 748 79 238 885 448 448 673 448 559 673 41 885 210 885 210 239 79 137 249 87 150 49 856
955 145 196 265 268 8 215 158 175 158 266 266 266 865 231 831 853 992 293 908 262 79 591 151 238 748 609
600 92 139 267 294 218 106 236 93 93 93 124 18 93 653 475 228 115 48 45 203 682 159 57 785
264 806 132 621 345 621 806 238 806 981 75 86 502 50 191 818 43 237 243 140 324
687 62 57 788 57 131 788 114 57 114 114 279 250 790 4 135 266 595 887 957 513 10 13 70 159 165 266 204 288 136 199 240 144 188 296 152 245 233 42 227 181 104
719 14 100 129 577 447 831 447 447 577 293 127 453 239 194 136 241 208 886 754 187 443 227 93
11 177 203 174 75 288 162 157 60 215 29 273 170 67 248 54 114 39 136 212 41 240
282 230 298 601 88 125 601 247 253 253 838 33 785 806 203 255 48 45 89 232 162 682 57 101 66 80 68 176 78 81 1 205 270 220 286 197 96 165 83 92 267 114 51
64 73 97 19 67 127 187 83 29 211 220 250 125 231 104 136 244 3 53 195 172 115
91 170 235 269 403 12 78 134 235 83 195 67 521 283 67 884 884 195 975 195 195 798 182 643 18 167 23 319 193
164 231 64 284 104 275 284 185 275 64 284 255 48 115 203 86 682 232 159 57 33 785 878 167 552 559 559 41 885 559 552 167 137 589 856 49 574 74 57 249 258 150
48 101 184 230 277 284 50 126 717 30 524 331 28 524 28 717 331 268 223 189 218 11 906 798 26 836 26 356
28 65 143 217 338 338 946 219 230 413 286 312 371 413 858 10 135 713 595 790 30 266 443 250
149 171 290 446 963 251 251 850 503 290 133 400 220 57 394 710 368 158 913 192 183 164
96 193 270 158 968 158 799 865 175 865 985 968 594 158 748 591 262 311 151 602 992 278 231
403 73 213 594 357 452 452 235 631 153 912 631 426 15 6 658 93 78 153 299 256 15 351 995 191 1 18 132 362 293 293 191 190 935 132 949 324 68 555 299 936 149 59
23 202 161 264 97 124 27 245 15 196 225 129 232 98 88 153 106 30 200 171 206 180
600 999 54 220 299 15 24 992 176 642 989 268 399 642 551 992 11 223 836 218 949 26 116 955 792 710 873 178 115 235 203 242 36 146 127 79 106 222 292 173 104 216 28 264 50 22 18
87 110 144 198 300 611 703 895 569 818 49 818 895 455 243 143 74 31 287 554 139 71 714 215 830 995 771 297 294 995 233 771 27 38 38 107 93 874 886 136 65 390 227 194 241
600 84 87 124 134 52 55 263 823 123 220 95 44 123 687 95 123 818 191 680 720 606 75 140 68 167 43 324 995 995 654 194 995 294 344 439 38 294 771 139 886 354 433 65 54 208 754 727
13 177 248 543 884 340 195 349 975 963 83 975 195 67 283 349 971 174 110 23 18 167 662 193
955 58 64 200 223 257 158 810 968 831 594 865 831 266 985 748 108 238 88 831 656 151 79 602 853 311
955 68 69 163 266 985 865 810 810 865 985 594 810 992 602 853 293 108 278 88 977 659 609 831
2 19 50 92 152 164 182 209 60 140 108 253 108 253 140 646 15 108 403 60 577 232 159 785 89 228 838 148
543 164 205 272 963 195 884 83 67 67 349 349 975 18 109 690 798 23 146 193 557 570 885 662 49 262 231 250 60 277 51 134 22 243 298 61 39 178 276 78 234 258 295 155
452 93 115 136 139 213 265 29 841 222 634 329 29 41 374 8 634 666 329 241 390 433 286 754 874 136 208
748 37 183 925 27 70 128 248 565 172 565 709 825 876 662 176 866 38 68 191 140 410 606 981 43 86 75 726 270 289 62 153 144 153 62 180 252 72 258 113 800 149 324 555 751 936 949 331
719 161 220 403 41 107 155 211 156 156 91 377 377 293 377 156 377 456 282 15 426 292 658 256 351 299 153 93 139 31 224 196 201 64 209 260 115 212 236 231 79 282 33 134 276 188 105 18
91 147 600 24 55 56 136 179 232 272 275 326 262 754 326 644 870 2 262 681 524 768 46 75 726 50 606 324 86 237 538
607 121 269 315 83 195 884 975 283 195 975 975 521 521 521 340 570 557 964 146 174 549 690 530
69 250 263 278 195 521 884 884 283 521 975 195 340 964 688 798 193 690 109 110 971 530 570 18
34 692 722 606 606 237 367 90 90 39 722 367 722 282 533 139 153 299 351 15 256 315 228 315 750 130 837 228 248 315 198 555 113 10 751 528 111 949 800 299 165
156 167 275 12 154 105 274 92 14 26 94 19 99 182 248 205 156 237 108 78 24
128 254 259 9 261 21 110 157 291 156 89 117 182 273 86 131 246 187 24 17 193
839 7 17 34 130 261 283 521 340 283 521 975 195 884 283 963 146 688 110 557 971 18 690 885 549 662 315 926 826 681 981 987 763 567 663 908 692 331 751 194 10 949 528 198 299 149
955 0 37 234 240 521 67 521 884 963 521 195 884 340 349 963 521 23 798 549 971 530 688 18 174 181 273 231 144 201 269 71 81 58 139 120 30 122 135 138 91 17 173 101 33
748 5 98 93 131 249 225 102 133 276 188 275 15 280 106 292 86 207 240 196 208 253 234
151 3 101 287 89 192 90 7 17 130 55 186 257 269 235 133 146 258 61 210 22
71 192 719 15 34 127 837 46 387 567 228 903 311 228 311 115 620 148 577 255 596 806 45 48 785 86
5 116 143 153 186 189 233 175 799 799 985 810 266 799 266 985 799 831 799 591 385 231 656 659 108 151 278 75 46 94 149 252 23 35 48 289 191 38 132 47 270 118 55 36 160 1 69
171 261 17 18 55 123 195 197 276 297 567 387 903 567 46 46 46 676 580 30 845 567 232 514 115 806 682 203 620 48 448 210 559 878 210 552 885 559 448 41 878 167 574 856 239 858 589 292 57 79
237 239 119 41 270 175 39 262 106 114 264 79 23 38 212 120 185 107 286 112 170 51
719 114 246 259 274 100 173 264 273 295 992 54 992 539 206 992 206 54 640 640 452 973 916 75 61 9 798 291 184 64
789 63 94 107 120 152 187 441 731 731 28 441 331 331 916 746 731 231 608 140 818 981 75 606 86 68 726 75 25 238 93 90 182 203 263 172 8 2 246 67 254 273 193 29 186 251 140
600 789 237 247 885 673 167 878 559 167 41 41 757 241 239 559 74 856 270 87 589 858 79 292
122 220 228 290 931 730 239 239 230 305 186 814 60 931 239 165 949 149 41 198 68 59 555 10
934 175 177 248 38 231 102 73 172 226 127 188 264 169 187 43 176 111 80 159 100 189 195 61
719 160 91 257 58 265 165 260 42 78 243 255 14 86 38 232 122 150 85 36 137 245
600 796 23 49 119 626 748 910 925 53 125 992 674 54 206 619 674 166 992 54 539 61 716 120 291 916 64 420 186 184 798
574 2 117 693 809 325 608 809 693 319 334 380 26 955 476 356 606 352 724 223 836 218 479 15 84 164 152 66 234 192 1 285 52 202 271 93 160 267 14 161 178 177 259
16 143 149 535 930 999 80 240 256 274 963 283 283 195 975 975 67 963 283 975 884 340 530 193 174 971 805 167 23 805 613 711 884 528 148 233 233 734 528 611 884 711 885 538 94 227 443 519 93 433
31 198 222 227 252 700 112 155 194 233 586 308 334 949 179 586 469 949 949 402 771 720 324 818 410 726 140 680 43 842
403 136 139 247 256 291 300 195 963 67 195 283 83 67 963 195 193 805 557 174 971 110 23 885 688 549 570
700 247 321 632 371 632 907 176 907 907 949 356 26 836 189 11 798 574 976 710 792 476 218 99 207 45 229 56 6 73 209 69 43 196 249 246 3 202 98 269 253 199 34
597 37 96 135 149 57 257 87 191 211 158 103 143 17 135 41 181 25 51 117 200 240 82 84 34
