65 93 128 282 36 78 75 607 624 752 705 875 940 798 165 409 554 537 528 301 186 396 858 762 212
95 224 78 75 607 624 752 705 875 940 798 165 409 554 537 528 301 186 396 858 762 212
118 138 710 841 68 111 189 436 501 46 281 635 462 635 281 281 462 501 61 56 932 485 39 385 121 281 891 235 207 233 210 144 130 114 132 201 0 84 60 83 118 239 288 235 164 26 192 277
986 2 63 104 130 220 275 16 61 111 117 119 145 148 227 577 159 550 550 577 574 577 71 574 447 577 574 320 855 506 890 577 74 71 410
934 40 85 186 212 273 451 860 817 510 999 603 999 860 4 983 955 661 37 200 355 878 272 186 180 965 162 55 165 130 153 44 54 259 80 141 79 231 18 101 72 276 292 30 89 284 215
824 875 7 86 110 140 144 296 269 227 959 683 376 431 431 959 959 34 19 210 268 872 251 170 242 153 178 116 229 114 285 250 154 165 145 178 296 251 218 51 249 205 23 231 221 156 132 236 201
9 24 160 203 413 729 764 413 130 729 929 675 584 675 729 294 115 417 403 497 406 92 187 612
866 83 451 206 11 271 246 271 271 46 291 252 125 851 226 185 272 907 149 907 297 455 68
48 60 79 69 7 118 101 50 105 223 114 54 74 243 256 60 9 100 121 1 45 107 55
248 234 186 8 290 237 71 161 10 72 294 120 144 210 22 14 93 150 103 274 143
33 70 79 278 910 765 765 212 925 526 212 765 77 166 130 22 241 298 228 124 848 689 765 543
99 182 260 179 282 63 208 78 97 55 188 40 265 193 73 116 11 292 100 62 244 178 257
663 11 90 104 213 262 79 100 81 56 163 187 259 191 173 256 161 26 32 104 76 297 86 75 204 206
83 116 217 225 137 40 247 130 44 150 181 91 160 62 116 60 292 235 5 139 254 94 165
50 174 149 199 121 49 246 91 15 243 116 96 97 292 122 229 90 88 115 60 255 293
256 266 96 74 295 40 232 246 131 130 193 32 148 85 104 269 0 258 132 268 122
27 56 88 114 292 61 72 165 220 10 243 33 169 297 170 151 58 269 174 233 247 26 30 202 187
826 14 120 23 219 77 151 136 6 171 293 167 241 118 297 265 144 94 218 285 247
17 243 178 41 117 77 209 133 287 93 216 203 245 227 153 289 179 3 252 277 230 142
173 286 824 54 86 272 451 128 191 181 199 273 9 278 131 117 191 165 250 210 209 26 219 164 829 171 277 77 14 155 76 160 7 28 256 88 223 248 104 71 101 183 63 97 139 54 184
663 158 227 276 262 149 130 12 32 136 281 208 239 94 234 50 38 263 283 223 33 266 270
194 207 236 254 182 157 51 254 8 103 80 23 94 224 17 267 89 132 210 195 37 28 0 203
986 225 122 283 5 148 175 37 128 209 233 219 228 168 206 25 106 8 141 27 137 185
215 298 18 172 171 126 226 195 21 223 93 34 20 77 2 286 201 252 17 8 283 60
160 232 274 212 223 17 213 76 21 119 285 84 242 244 112 298 14 169 286 114 116 218
7 231 40 157 37 87 79 227 70 78 196 129 25 182 64 211 272 256 31 163 177
35 210 253 133 167 154 37 69 84 3 214 5 272 238 151 266 187 290 11 275 181 166
2 24 88 262 69 102 246 145 230 34 33 266 74 244 116 150 107 212 248 227 120 83 276 298
81 174 214 166 113 203 194 189 295 151 175 216 50 183 242 204 278 213 73 299 176 277 207
77 118 147 62 232 296 138 239 50 9 282 162 196 103 278 228 119 64 240 259 255 235 106
7 53 264 283 145 219 31 258 163 206 86 281 107 46 241 269 136 299 95 237 129 168 233
42 65 225 277 115 272 129 223 142 22 19 234 266 87 76 213 170 42 60 113 123 126
95 255 500 14 35 225 249 263 238 37 247 201 42 176 162 39 142 154 222 84 41 123 286
986 30 79 101 231 268 44 240 102 87 73 261 194 192 145 46 120 149 278 94 86 37 245 219 57
885 145 129 74 184 233 145 66 198 200 33 8 26 265 279 270 124 79 139 130 263 68
63 81 265 360 180 265 174 143 40 49 135 74 68 89 162 2 281 253 82 14 195 273 171 90
604 113 160 220 163 124 154 187 220 64 129 3 25 231 113 145 216 74 102 150 36 279 243 223
106 158 200 253 282 22 135 192 908 908 105 467 53 908 544 544 192 908 544 181 105 116 20 200 213 234 137 716
200 220 260 451 224 396 643 132 326 396 860 843 108 459 890 506 49 707 61 766 37 115 27 144 226 192 287 236 258 105 265 97 281 295 80 116 208 239 65 139 127 161 183 227
13 112 153 451 71 151 98 197 60 146 35 114 246 191 90 15 166 158 161 277 89 21 230 148
885 223 228 11 122 92 456 122 456 122 456 342 514 266 381 110 720 15 580 268 86 176 186
80 81 175 79 264 63 280 2 30 26 245 111 50 155 35 130 44 244 281 243 293 133
231 287 296 37 165 173 135 27 96 230 60 257 123 36 137 4 25 143 254 183 246 52
33 110 227 248 110 47 259 280 83 260 44 215 86 100 208 124 34 142 98 222 175 285 196 164
14 46 134 233 254 246 271 79 241 272 189 37 128 226 175 264 282 139 97 132 183 187 191 145 150
885 294 72 231 27 17 289 2 188 16 77 132 47 212 253 232 99 196 88 78 261 199
142 216 354 4 83 281 64 125 67 153 229 1 49 47 263 99 124 245 95 257 11 205 236
79 80 97 220 491 187 267 174 59 5 58 246 264 247 172 94 4 61 110 175 136 266 290 263 245
3 86 152 273 2 198 224 38 186 92 233 184 286 1 52 271 191 209 120 196 153 267 40 131
824 82 47 140 157 194 254 68 34 206 99 285 128 206 138 99 11 82 286 189 26 781 906 26 476 223 218
0 13 75 99 34 92 78 13 117 206 102 286 781 798 223 218 189 26 479 476 43 82 26 195 81 180 265 64 106 293 285 183 249 92 247 246 75 93 55 46 296 107 98
710 29 238 276 213 177 115 111 32 258 138 277 131 35 71 151 99 7 70 39 24 168 56
888 30 36 43 44 103 150 50 202 146 171 26 76 3 299 0 232 283 219 124 92 148 35 88 272 113 230
824 17 67 98 83 262 8 76 62 254 164 77 141 172 224 48 60 153 33 234 59 88 219 145
245 289 292 159 22 297 88 54 195 197 91 15 216 293 217 40 187 158 224 243 264 135 283
15 289 478 280 57 17 253 139 84 125 163 142 187 216 288 170 210 293 199 3 246 109 273
24 128 132 135 168 141 183 101 154 106 5 220 267 114 150 281 246 29 276 10 242 127 298 160 218
885 986 162 280 277 93 40 202 182 151 243 149 296 233 117 201 222 68 57 189 288 41 225 297
824 885 986 137 155 180 207 316 30 93 276 77 132 243 137 133 292 5 75 105 34 68 281 210 52 220 286 272
0 41 91 170 95 33 89 132 157 269 208 294 151 180 7 202 103 213 13 279 281 15 278
13 67 80 81 265 97 224 21 24 61 299 37 172 234 95 67 204 156 264 198 45 73 213 288
77 173 212 184 49 218 238 115 57 163 222 66 186 125 233 155 150 108 252 64 0 61 78
93 191 253 451 85 206 77 229 31 184 188 210 129 259 158 225 175 278 9 19 135 35 57 152
60 175 186 189 228 195 17 41 155 207 176 199 291 10 7 49 104 65 69 62 1 57 217 192 175
57 58 213 255 246 413 531 729 760 246 584 760 179 84 612 299 509 406 26 184 603 700 497 669
11 81 86 182 25 6 184 121 64 268 100 258 175 177 250 280 140 295 57 19 224 26 39
775 63 69 135 8 77 245 161 3 80 81 130 255 188 44 141 258 199 248 73 101 99 122 212
663 84 236 101 276 64 248 219 282 98 208 199 188 97 266 110 7 23 115 65 281 58 209
800 153 254 20 32 54 68 94 200 731 770 789 912 358 912 66 531 531 128 245 335 69 335 380 825 806 13 193 66 183 173 170 180 242 123 275 95 279 176 20 117 130 252 233 276 60 49 218 278
663 214 62 512 937 512 646 646 552 274 339 646 512 367 377 246 830 852 673 136 74 38 180 853 949 153 853 243 936 829 318 720 949 505 825 598 173 190 279 762 228 374 234
70 136 191 208 233 212 203 138 217 268 89 227 281 29 98 112 253 106 46 94 165 107 66 262 220
986 0 157 78 34 263 95 275 57 236 28 202 132 25 256 241 207 297 20 72 45 237 148
986 37 147 169 268 219 219 261 36 216 246 246 322 890 496 250 154 720 241 234 22 288 215 517 37
253 552 650 650 709 31 571 552 31 26 172 12 75 148 503 82 253 386 153 55 298
30 113 117 186 73 1 289 201 213 44 41 137 182 283 168 116 96 117 252 7 103 104 164 25
888 64 118 135 161 232 458 71 629 142 345 345 901 345 827 345 856 143 558 209 268 48 17 87 590 436 954 216 18 11 224 262 103 131 275 272 198 195 263 106 167 20 35 61 30 55 27 151
127 155 171 281 598 657 695 795 605 598 228 113 241 285 955 44 297 39 5 174 286 109 160
127 132 255 354 224 202 476 202 531 198 94 268 94 166 962 89 22 163 206 138 22 157 272 144
9 14 35 164 258 262 264 270 292 500 190 242 103 101 153 136 99 126 249 133 32 263 229 240 48 237 47 234 176 218
28 122 162 295 87 67 59 225 157 93 7 0 180 136 149 246 224 265 53 77 270 219 176 134
70 135 299 79 121 205 171 50 106 70 62 149 130 283 88 245 58 233 85 56 27 119 150
710 135 280 289 986 9 15 38 167 245 371 855 140 855 828 929 278 154 344 19 26 546 26 116 781 11 223 798 906 930 26
22 267 86 91 267 219 91 115 219 168 172 185 157 208 4 324 487 295 222 432 490 558 237 249 237 249 531 285 224 531 285 122 74 232 841 72 775 149 230 385 145
663 46 117 126 131 265 172 203 234 354 271 219 64 17 64 271 64 115 286 490 677 130 4 212 208 179 682 324 222 172 194 913 824 913 824 237 268 385 913 775 900 880 148 209 226 316 256 161 161 856
11 44 79 231 27 175 209 258 451 57 887 887 99 267 982 267 465 99 208 179 212 185 432 453 172 4 490 130 682 298 261 159 220 238 201 28 177 26 0 25 228 73 203 200 45 67 103 123 185
152 158 217 207 465 390 390 151 390 58 151 151 151 223 390 490 222 172 157 10 4 677 286 682
604 54 108 175 719 187 400 73 187 904 904 400 400 398 255 30 463 809 111 175 264 156 432 201
88 168 206 121 203 656 203 44 150 434 214 156 67 146 245 908 233 416 434 884 272 206 80 975 884 611 975 478 51 530 25 418 992 677 480 969 108 42 699 298 957 844 177
885 134 279 241 44 195 225 122 224 68 190 160 243 213 3 293 143 43 120 168 61 133 273
19 108 272 54 167 262 189 678 24 967 546 386 967 678 964 704 102 708 26 479 781 356 906 126 11 218 262 5 80 224 209 191 232 120 18 101 296 24 254 148 39 117 290 214 229 64
775 60 88 183 185 3 245 729 612 408 284 417 289 557 284 531 873 731 798 546 218 906 476 955 223 126 836 54 237 237 73 73 237 73 68 68 90 47 49 87 897 284 120 234 31 155 653
710 149 188 54 199 54 66 199 237 66 19 66 199 73 155 31 653 203 459 21 136 601
72 159 174 225 293 296 885 68 386 19 260 12 2 260 19 37 260 103 2 707 453 250 184 312 266 301 564 201 205 885 167 448 41 210 878 673 552 41 448 210 856 249 79 298 74 292 137 57 559
604 934 16 21 25 162 218 254 58 66 556 68 278 278 559 202 559 559 521 68 68 51 116 930 223 476 479 11 906 873
29 156 183 288 265 282 156 36 78 71 78 50 71 162 401 71 73 105 175 259 492 963 55 294
262 263 649 909 271 613 321 26 26 247 247 172 24 117 93 582 693 263 440 137 70 7 257 200 40 255 107 94 18 49 150 117 276 59 140 10 62 288 24 56 131 80
775 52 73 133 276 775 20 52 71 176 252 278 478 133 205 171 182 269 54 291 451 478 210 205 250 116 169 858 84 564 201 312 338
14 144 203 157 137 263 9 157 202 112 202 9 430 258 465 785 726 189 359 402 583 57 97 12 277 153 127 30 242 140 234 52 263 258 114 212 176 218 2 289 298 8 189
233 31 0 40 43 29 264 5 74 248 95 260 83 47 172 125 92 7 102 114 187
781 291 38 196 189 126 28 168 115 221 67 87 210 55 163 227 288 105 91 128 273 191
544 123 206 26 135 216 10 59 229 132 250 230 171 17 224 73 6 16 85 196 61 294 259
710 139 205 237 391 570 563 391 563 927 570 627 935 36 66 59 82 965 838 884 38 718 674 923 132 109 10 139 135 81 217 125 122 176 26 290 29 92 7 119 31 36 84 256
102 43 240 44 129 186 218 198 94 273 42 59 261 78 160 121 233 294 159 40 157
841 710 934 170 37 0 281 194 41 194 41 281 478 250 116 205 169 165 451 312 266 301 210 153 206 18 83 78 251 67 161 232 66 6 240 22 168 39 32 217 192 242 35 239
93 451 50 161 166 305 404 166 644 166 807 376 629 978 404 644 710 26 218 731 798 116 873 479
85 100 123 457 334 404 504 404 404 629 978 111 111 578 504 578 356 930 218 710 26 546 11 189
46 84 165 249 252 254 273 826 218 964 891 832 113 174 826 444 964 964 219 146 265 708 823 4 222 444 73 27 184 87 195 137 66 234 220 223 179 111 244 250 181 3 105 25 275 49 284
25 77 125 9 284 278 284 278 978 74 9 278 67 144 68 111 165 331 528 113 10 751 41
15 184 31 282 295 195 290 152 209 22 132 179 163 98 150 205 109 36 145 47 95 92
95 165 196 253 0 156 140 115 25 77 95 106 158 287 154 290 86 276 101 179 143 235 298
885 21 38 230 292 876 886 444 257 886 257 301 927 679 573 71 131 691 790 10 166 149 137 231 160
884 60 124 912 912 358 674 912 789 531 770 358 13 217 339 380 582 482 754 72 368 66 716 180 195 53 10 108 159 32 188 27 97 45 5 252 269 215 91 29 155 88 119
567 122 250 267 204 284 127 77 192 119 208 218 133 176 110 233 240 141 65 37 168 211
66 139 233 172 187 166 87 262 9 264 102 276 176 218 35 99 133 134 30 256 20 298 23
278 207 848 207 140 848 295 140 848 349 160 83 280 236 445 17 864 62 125 124 503 115 234 23 172 87 292 167 263 150 211 70 102 161 148 270 207 94 163 137 142
12 45 59 105 193 451 59 70 109 276 290 717 30 524 331 28 524 28 717 331 268 223 189 218 11 906 798 26 836 26 356 177 221 172 119 32 2 17 82 142 131 210 76 60 150 294 140 106 115 89 30
26 137 155 184 86 99 252 88 166 134 129 187 297 176 81 76 80 40 170 94 16 219 184 261
243 287 290 83 272 101 248 40 145 223 89 35 220 13 136 53 27 295 260 70 8 133 124
177 108 902 297 594 917 983 297 902 983 917 594 93 428 146 294 233 931 283 269 34
838 43 74 153 174 193 107 68 239 26 219 278 74 185 234 145 298 147 75 231 32 135 291 103 228
885 32 316 5 202 217 316 354 327 631 657 963 327 631 127 612 207 280 57 678 55 526 718 136 185 296 166 93 285 193 285 297 285 193 850 297 808 285 394 728 240 32 428 34 982 162 186
44 127 176 195 43 237 155 175 0 246 24 208 71 114 181 277 87 298 61 153 142 82 94 81
51 240 298 120 33 235 279 130 247 283 288 232 200 179 115 75 293 160 172 6 285 22 158 172 146 185 103 67 74 237 228 157 231 79 254 220 246 230 243 143 140 1 181
992 245 35 52 94 110 195 213 255 286 555 6 930 555 930 6 256 930 945 292 237 804 804 317 91 9 356 724 91 197
24 93 256 268 280 354 974 211 631 657 211 974 612 613 657 951 185 718 636 59 678 166 117 212 136
62 99 120 202 637 344 405 344 591 195 411 637 516 591 134 137 363 277 865 541 968 669 552 64 192 251 231 120 200 86 270 51 291 155 162 16 82 48 133 199 31 64 35 43
55 185 543 775 5 49 163 193 248 402 716 135 17 173 596 114 37 219 265 128 932 63 864 841 198 581 444 222 146 106 279 82 40 144 119 251 204 131 74 191 185 92 84 254 140 158 117 133 202
286 824 885 12 78 94 203 283 2 531 19 0 97 19 113 97 113 67 56 97 71 160 208 790 430 247 187 777
570 99 110 412 951 412 911 172 412 874 911 262 587 172 538 430 58 192 950 90 262 100 76 199 222 168 283 204 234 114 65 226 235 177 137 52 144 163 1 258 187 122 275
885 192 169 231 80 109 82 215 142 46 281 9 263 183 33 55 152 100 135 168 275 286
9 292 202 231 82 291 238 206 129 154 9 48 229 248 235 43 19 212 217 14 46 94
710 783 33 35 89 151 255 271 183 21 213 49 290 177 16 277 155 8 13 211 32 276 38 66 208 11 2 55
5 70 201 216 228 266 660 806 691 672 525 711 118 672 806 87 176 422 20 353 264 144 626 878 929 522 154 67 68 27 235 182 81 228 108 47 100 48 162 206 8 167 31 188 41 294
126 167 169 204 206 290 27 95 110 531 358 674 674 66 912 912 72 482 420 69 66 716 825 754 13 193 368 245 136
986 81 166 245 123 152 224 120 263 152 224 57 253 149 65 170 230 41 540 126 92 261 225 790 134 297 296 259 278 104 236 85 290 258 188 293 177 124 39 17 125 273 100 137
800 52 58 121 800 128 198 204 244 263 627 72 134 70 87 327 70 327 641 134 87 188 108 199 695 866 182 190 275 296
604 800 24 268 477 699 268 419 44 526 906 63 864 73 841 146 172 932 823 222 219 153 55 117 155 133 279 269 36 82 267 85 99 252 14 251 151 0 174 83 178 108
111 211 214 267 187 156 105 54 227 134 118 82 43 0 168 104 38 285 224 208 281 49 3 290
940 6 14 188 243 288 354 213 187 187 371 400 719 371 421 421 719 64 277 264 146 398 209 111 175 777 463 468
140 172 255 679 679 823 823 341 341 121 508 495 591 745 296 274 85 216 58 481 781 1 127 139 289 166 267 45 201 99 277 48 102 226 243 95 26 213 49 245 181 155 200
800 836 42 59 291 443 6 110 304 789 789 731 66 674 912 351 351 136 754 13 380 193 69 145 825 66 716 482
986 91 184 187 235 809 880 624 513 786 809 624 405 880 432 196 81 36 166 463 325 52 254 35 682
74 95 133 228 266 275 421 281 400 421 904 836 904 622 463 146 432 907 264 30 777 398 277 201 175 111 267 192 118 93 50 109 251 270 271 181 124 206 54 187 41 149 209 254 77 20
874 109 209 229 242 245 443 837 173 963 327 127 631 657 974 612 127 327 354 242 708 57 59 718 526 207 46 117 185
45 104 119 184 229 439 563 391 570 166 166 627 627 627 391 800 927 443 153 718 674 965 108 970 38 127 253 111 205 210 264 100 86 278 192 163 266 44 105 224 298 228 30 62 206
944 296 265 298 168 131 272 252 289 115 147 85 270 190 109 197 98 49 56 174 206 215
30 155 209 127 275 69 157 92 214 151 140 295 194 34 143 37 30 183 114 6 102 72 165
895 54 70 161 213 274 180 232 260 242 789 573 242 789 583 384 568 789 508 295 940 359 161 304 675 77 341 567 508
62 946 917 726 60 839 726 917 400 839 652 257 222 458 851 413 593 123 805 68 638
983 70 169 213 283 405 63 15 273 928 37 63 928 238 146 823 906 198 864 265 932 857 219 172 581 63 189 93 26 125 273 278 50 212 269 169 87 241 96 238 150 88 161 118 142 97
238 710 846 289 710 631 952 844 126 695 251 341 20 545 343 823 122 937 579 178 331
737 82 143 716 168 168 541 716 337 716 928 669 928 180 20 830 836 200 227 142 61 959 70 166 151 180 40 165 217 277 203 84 85 226 289 218 104 102 55 27 138 295 125
663 3 131 224 237 279 34 104 261 125 194 297 151 209 72 53 28 99 149 248 139 142 118 74 95 96
126 266 163 100 248 254 274 195 292 33 32 257 5 213 113 117 147 242 233 289 115 295
710 824 62 218 255 109 121 299 372 985 282 372 553 927 929 176 568 653 184 650 926 112 278 795 308 934 671 971
710 1 19 25 97 136 141 194 242 337 813 965 252 72 337 242 838 541 238 248 19 805 17 802 841 689 638 127 669 111 114 232 285 119 24 246 277 235 286 249 73 190 265 214 117 16 296 2 193 165 144 179 211 240 209 200 285 24 148 215 47 11 198 296 45 256 98 283 177
48 98 216 249 269 284 760 15 45 287 595 61 453 199 61 453 344 453 309 738 412 181 479 601 250 928 13 488 398 367 141 84 262 296 182 8 110 4 159 123 289 145 146 201 89 241 294 157 40 37
710 888 175 53 203 26 238 88 136 22 6 205 133 208 271 150 185 294 90 137 237 277
