98 244 75 99 126 984 18 116 160 210 218 169 614 179 468 718 36 238 403 777 284 405 423 499 724 71 608 896 682 704 329
83 187 210 288 858 80 93 51 603 588 843 152 311 719 129 940 115 49 380 813 245 826 987 589 43 595 906 906 43 595 743 643 516 606 892 595 218 448 158 661 892 516 688 809 451 917 487 154 154 734 446 446 779 917 917 734 431 552 409 649 139 446 633 137
944 84 132 58 253 255 125 95 206 134 262 135 224 296 106 241 110 53 94 142 250 215
576 114 49 103 267 450 860 817 510 999 603 999 860 4 983 955 661 37 200 355 878 272 186 180 965 162 166 13 260 248 268 188 54 84 240 222 265 3 79 88 231 165 224 132 181 297
56 125 189 448 643 448 595 643 906 643 43 643 743 892 892 158 505 68 222 565 286 538 19
158 172 182 225 190 111 199 38 188 155 47 170 286 260 95 252 71 8 45 83 77 207 213
576 23 165 606 516 448 516 892 892 43 516 906 743 906 43 505 28 56 68 258 121 565 158
605 123 194 277 710 273 166 57 165 929 92 184 478 91 185 237 451 117 275 166 451 761 169 122
15 55 164 194 240 487 487 154 482 779 451 734 917 154 409 482 487 992 726 337 37 729 252 132 137
131 151 477 132 4 273 161 48 268 175 125 141 286 126 17 144 254 96 40 296 121 158 20
275 577 705 110 577 745 41 500 745 456 110 577 544 675 609 899 261 158 12 355 24
69 288 677 24 74 131 175 198 591 414 364 925 511 68 364 591 925 296 428 70 210 100 207 281 318 711 190 70 270 73 139 126 138 77 218 57 188 214 163 130 225 202 223 107 91 109 266 27
98 117 191 107 165 158 174 125 54 12 224 168 55 180 29 278 192 191 114 48 282 85 26
718 1 93 197 215 292 112 199 137 87 46 19 120 257 144 111 261 84 110 40 222 224 49 155 177 265
115 164 183 197 23 89 184 242 247 107 11 108 48 69 53 229 1 56 245 145 183 204 277 5
175 284 54 91 103 152 295 863 93 295 973 980 93 275 980 138 455 807 113 28 165 41 248 912 10 105
70 225 280 199 102 121 31 3 173 131 12 226 187 180 632 503 136 43 478 903 378 143 187
70 295 973 732 973 973 93 93 146 216 61 248 912 156 807 128 10 113 134 138 105
0 188 198 267 914 386 386 914 38 757 735 459 78 18 256 620 393 139 285 282 299 533 68 70 74 70 144 160 255 165 174 220 246 202 125 232 286 166 274 189 263 51 29 247
26 770 64 181 188 204 412 69 349 60 49 349 73 261 21 43 453 258 632 43 804 180 503 188 903 2 149 214 149 231 214 214 9 25 454 280 229 228 275 96 12 255 478 179 792 267
125 120 207 297 732 146 295 93 973 93 440 732 165 156 134 128 28 912 61 906 150 807 278 41
105 164 19 275 44 44 90 90 19 90 44 99 378 517 55 169 286 85 232 46 208 248 173 280 226 57 155 56 54 145 222 230 194 11 59 142 131 81 182 259 299 258
17 120 81 81 829 81 841 120 251 688 128 144 387 820 208 218 621 226 161 247 214
677 164 241 135 280 17 220 229 134 91 23 283 66 144 196 276 125 201 137 174 176 76 158
718 19 84 593 68 74 217 215 31 274 996 210 5 947 478 265 180 136 378 188 226 537 258 43 2 110 9 25 230 120 299 69 207 192 86 74 142 297 173 248 98 154 56 19 140
718 0 677 29 50 394 394 775 581 420 273 374 615 581 43 277 249 125 765 154 104 275 379 157 904
835 88 414 503 925 925 511 503 428 414 428 68 56 364 210 70 207 0 11 614 140 643
41 290 503 428 364 503 591 925 56 414 503 503 210 0 334 643 70 509 190 70 854 167 168 268 225 77 64 0 243 199 232 159 180 182 131 68 103 177 7 117 115 40
57 58 83 87 153 173 74 80 110 250 105 74 233 145 127 179 289 378 286 99 245 116 517 530 248 232 112 77 67 67 77 77 72 72 51 184 684 244 167 256 988 65 159 179 271 81
951 43 111 29 109 122 55 198 97 116 273 247 155 276 213 50 175 64 230 170 279
593 201 236 30 720 76 445 773 720 281 6 720 104 59 245 61 863 208 232 248 378 85 99 266
2 77 251 973 440 93 732 973 863 935 278 807 943 156 41 150 61 10 128 138 906 455 943 261 234 291 59 48 55 101 147 75 31 153 93 47 176 226 221 155 173 171 22
34 36 65 130 291 295 125 162 166 210 233 278 813 589 589 380 813 826 245 813 858 380 858 940 258 188 267 38 579 273 174 610
116 212 414 364 56 925 591 414 68 428 296 503 414 225 70 509 140 167 210 643 0 614
48 113 240 589 858 858 858 380 589 940 245 589 826 940 858 174 22 169 579 258 106 38 509
107 118 123 295 146 440 863 935 146 973 295 278 455 278 138 61 134 113 150 943 268 906 156 128 65 230 119 97 92 295 261 126 96 64 204 160 158 285 84 200 80 5 176 184
22 53 96 101 137 242 288 775 775 374 394 273 823 775 615 394 449 154 157 379 594 632 43 283 926 74 104 134 135 267 296 1 254 99 284 69 117 278 293 176 272 201 28 88 191 131 98
224 273 290 42 107 122 138 863 732 295 146 440 935 146 275 807 906 268 128 990 41 61 438 105 943 278 28 115 266 275 277 219 131 262 31 289 291 144 210 223 124 72 242 100 166 79 290
27 34 195 278 143 75 30 122 271 185 270 294 112 41 47 247 69 159 125 91 116 2 97
20 45 140 193 265 150 206 136 213 242 139 169 140 37 186 162 40 281 167 53 173 44 52 149 159
135 163 173 195 222 278 70 105 33 25 62 79 97 226 24 219 0 19 90 156 231 176 37 165 148 92
613 874 103 269 86 148 185 925 56 414 428 68 296 414 428 56 414 414 591 70 190 712 854 509 167 0 146 44 228 77 294 44 36 294 36 228 36 42 288 179 478 267 237 729 297 166 451
636 2 120 264 293 298 267 15 267 77 294 228 294 243 42 169 103 12 237 297 267 792 204 122 275 729
20 36 37 232 450 191 36 77 294 42 243 49 49 204 12 267 451 166 91 453 103 31 729 792 297
81 190 222 256 450 56 204 199 47 77 277 26 92 45 158 250 172 195 209 50 101 232 1 157 89
202 274 420 581 581 615 374 775 615 374 162 963 759 379 125 926 104 178 249 74 904 632
45 50 58 68 184 813 858 589 858 858 813 589 826 987 245 858 380 814 127 273 67 22 112 206 174
6 119 160 172 297 150 177 911 132 272 10 165 272 272 177 47 530 754 289 208 245 917 179 248 151
1 273 414 56 591 591 56 364 56 925 68 503 503 167 854 712 509 190 146 967 334 70
138 193 231 233 198 255 136 798 33 255 81 45 281 45 151 286 61 289 245 179 917 47 55 266
112 155 158 168 115 813 115 826 152 380 826 115 38 67 169 174 579 127 225 188 726 258 273 112 209 195 133 57 58 168 157 24 217 88 238 138 68 143 126 201 53 298 181 23
19 80 115 278 321 202 112 29 265 255 235 124 105 204 223 67 293 268 89 246 274 71 281 39 172
151 292 26 268 168 79 222 100 47 132 182 156 64 204 256 230 255 27 88 251 133
636 242 17 126 237 54 54 957 90 126 213 446 706 80 5 81 256 465 167 271 200 14
22 99 279 183 265 222 95 137 20 106 278 198 293 141 4 149 38 86 145 102 219 50
718 17 26 74 162 184 227 275 487 779 451 154 446 154 779 137 57 114 13 154 991 77 52 240 393 231 931 726
2 31 206 278 17 38 131 107 110 231 230 123 28 101 253 222 117 291 102 111 299 6 286
636 49 80 211 41 791 552 10 803 98 79 98 803 10 101 729 792 478 169 255 103 453 31 179
926 209 263 288 470 171 243 221 243 243 2 103 505 19 203 19 124 334 710 281 271 733 206 250 41
140 251 273 37 147 615 374 581 775 775 235 374 449 775 449 615 420 379 926 283 154 125 74 104 157 231 156 65 114 265 138 109 211 165 270 93 235 134 73 27 202 222 69 103 277
157 951 65 190 229 253 272 287 136 28 241 239 205 239 295 246 12 573 102 573 134 620 240 93 299 15 351 285
951 16 178 88 178 299 13 108 299 160 178 19 256 278 45 259 169 56 215 418 100 573
7 231 813 940 245 940 813 987 940 813 814 509 258 579 174 476 38 131 225 127 610 169 593 68 748 164 38 748 151 151 268 68 275 729 31 96 91 179 237 103 12 792
181 274 321 450 829 687 81 120 977 185 977 81 841 601 120 829 144 925 102 251 123 258 603 387
68 96 175 188 258 228 11 265 231 124 289 151 165 263 14 6 56 234 181 121 169 57 12 223 156
32 88 194 249 231 705 116 167 191 81 173 565 124 271 56 129 19 271 334 203 250 13 733
926 105 217 236 740 64 106 180 194 93 980 440 732 980 93 973 980 863 943 28 278 150 278 105 455 477 438 990 113
295 321 374 273 374 823 420 581 775 394 273 806 759 74 283 43 125 125 154 594 926 178
78 152 732 935 146 732 295 863 732 935 980 440 863 980 61 128 150 906 477 990 807 943
26 89 925 925 364 511 364 503 591 591 925 643 207 854 190 292 614 146 0 334 551 167
25 34 137 195 146 93 93 440 93 980 93 477 438 128 150 41 943 134 455 28 113 268 105 156 444 790 790 157 790 379 749 203 553 379 444 578 76 624 176 486 262 227 766 159
139 213 138 160 43 259 69 215 111 90 83 27 41 297 75 127 276 123 241 96 113
835 34 94 108 132 299 52 264 16 151 177 174 120 103 92 245 255 88 21 94 95 5 68 65 293
593 113 137 287 16 116 167 225 230 450 813 245 858 152 245 858 813 245 115 152 245 188 131 273 610 494 509 127 760 225
118 127 131 160 280 236 205 298 224 260 236 61 205 236 93 256 139 299 15 6 153 658 292 285 118 109 171 33 81 244 80 293 181 103 0 193 198 242 186 166 2 284 104 217
61 740 70 196 235 259 295 68 26 257 26 95 260 66 26 256 15 134 620 68 139 351 153 282 658 292 15
593 247 166 28 18 166 194 229 130 28 378 754 47 248 46 266 169 232 286 61 151 530 26 817 26 117 95 95 101 573 101 117 105 105 453 96 729 12 478 275 91 103 74 573 78 573 95 209 95 105 12 103 166 31 255 478 122 237 792 179 204 91
50 227 2 289 94 17 46 193 50 276 69 196 65 141 33 28 210 90 189 249 207 142
835 250 250 128 128 99 128 247 250 173 92 167 51 773 271 684 65 818 159 578 200
50 161 718 693 206 206 466 437 345 272 963 55 437 537 136 43 43 903 226 2 459 277 5
19 77 96 157 194 227 591 364 364 925 428 503 56 296 511 296 509 0 967 712 207 334 210 146 140 981 60 444 790 749 203 157 444 379 157 790 602 203 682 776 176 964 159 76 257 162
109 155 25 63 78 91 133 202 466 274 76 274 95 95 274 233 151 227 790 790 136 947 187 903 277 180 459 43 22 50 96 125 274 101 267 219 160 118 150 241 12 13 109 23 19 167 199 88
18 42 106 142 220 321 20 277 40 254 280 262 282 138 0 179 104 298 84 33 205 191 212 271 59 157
3 107 161 272 274 72 130 275 295 440 440 146 980 732 980 295 134 128 278 156 906 477 455 41 113 943 61 258 258 109 847 216 260 764 258 203 847 203 3 845 219 154 115 514 187 162 215
205 262 266 288 897 15 29 52 76 245 277 68 364 56 591 925 511 591 414 591 146 967 207 292 643 854 551 26 167 509 614 601 687 841 81 841 120 841 829 81 977 687 688 258 92 581 925 15 387 339 955
147 191 551 208 19 551 350 491 988 750 276 210 301 95 649 89 205 969 85 301 53 451
897 14 82 174 182 277 146 450 863 93 440 440 980 973 93 295 128 113 41 278 268 134 689 61 807 689 105 156
64 65 85 239 273 295 58 81 81 125 81 198 141 216 216 478 43 903 258 265 226 537 136 180 5 459
205 104 198 198 269 758 4 104 125 79 99 478 258 804 226 5 299 537 187 459 378 248 41 183 276 155 17 42 33 28 255 169 80 116 269 46 64 104 211 259 13
22 179 120 120 601 601 120 829 977 81 687 92 339 128 925 581 603 387 208 688 258 247
113 166 171 63 204 53 193 106 203 97 298 95 214 186 229 122 212 127 49 13 151 276 286
593 254 11 140 3 169 143 40 129 42 41 89 185 158 63 64 0 197 8 213 167
114 152 168 175 139 140 75 594 630 80 254 75 75 30 261 188 277 537 226 136 180 804 2 800 478 459
27 71 180 205 232 237 139 24 197 294 41 24 139 294 41 694 535 117 232 530 55 286 289 248 179 61
166 237 110 260 563 110 24 563 486 883 24 573 215 716 173 671 27 162 194 650 45 418
114 208 228 232 251 437 197 669 871 963 963 437 170 179 638 232 917 289 47 248 754 116 530 55 378
126 195 237 285 342 283 192 558 230 558 202 667 342 143 165 976 459 800 180 258 378 5 265 277 120 77 150 68 246 111 66 181 154 33 149 292 161 269 100 279 7 94 30 189
14 66 90 96 72 95 6 102 172 68 130 71 66 29 147 238 58 97 36 137 247 61 21 264
6 167 188 73 158 211 237 253 51 35 437 51 184 942 461 888 184 408 426 533 658 153 240 70 15 256 134 351
24 158 732 275 973 732 863 973 93 93 863 732 138 105 807 268 689 689 113 150 41 156
138 380 115 115 152 245 858 589 115 826 667 814 127 760 38 726 509 206 476 174 188 132 35 144 0 208 97 259 270 149 44 122 25 30 278 88 187 158 2 76 243
334 897 0 99 111 163 165 902 235 31 62 91 18 18 91 732 478 43 537 2 459 947 136 903 378 43 226 270 98 133 298 266 269 186 162 169 187 220 223 182 189 37 228 188 146 161 291
173 96 139 182 980 980 93 440 295 863 863 295 980 732 278 438 689 41 150 138 134 105 61 455
88 185 298 380 245 858 245 245 589 245 826 152 115 813 987 494 67 448 206 814 131 22 476 181 93 119 298 23 232 71 229 63 117 159 9 14 87 81 278 35 254 15 124
897 121 221 53 232 236 83 14 87 218 41 129 12 181 71 200 159 258 293 51 32 134
12 78 112 147 269 13 20 21 205 247 281 92 92 714 714 714 305 369 760 580 162 671 418 45 215 259 256 173 163 194 169 246 5 290 180 278 280 282 119 62 197 155 38 267 146 35 192 261 34 167 7
68 74 78 107 124 160 205 254 5 36 164 28 256 179 128 264 64 7 197 249 240 41 102 272 129 260
126 181 299 847 17 321 149 233 56 290 194 290 675 56 149 194 802 61 169 179 47 248 754 151 116 232 519 168 815 661 400 690 519 478 297 237 255 96 451 91 169 303 103 275 453 879
623 543 362 362 815 589 661 362 52 559 711 729 169 255 879 179 96 103 204 451 91
72 103 174 236 237 116 414 925 68 428 68 925 364 591 591 925 0 551 146 210 292 70 614 968 140 967 174 251 11 175 285 168 241 202 5 111 44 100 131 17 273 134 200 158 59 185
22 98 104 169 191 246 289 792 443 792 87 216 889 237 792 514 252 244 845 574 3 327 232 86 219 197 187
12 131 235 264 8 109 122 90 54 65 57 251 253 250 161 143 234 146 203 208 33 273 279
72 116 487 482 154 337 917 451 451 734 249 931 13 240 252 57 77 154 992 973 337 224
2 75 121 291 696 599 216 599 222 409 222 274 696 409 52 806 169 478 12 179 297 729 166 303
616 22 84 168 847 89 143 152 213 987 813 380 115 115 380 589 826 152 589 131 448 127 509 667 610 225 206 494 188 252 167 39 122 26 58 256 160 42 264 290 173 262 100 202 185 4 260 245 142
951 54 206 255 31 43 61 69 113 131 150 172 150 641 641 172 641 483 252 172 534 534 43 537 136 277 947 800 188 2
68 420 235 449 394 449 273 235 581 420 759 806 963 74 162 926 379 275 178 737 43 918 18 275 275 640 829 120 640 120 692 988 14 51 184 271 606 5 818 65 854
847 18 33 43 76 190 233 280 951 19 120 179 187 263 863 440 973 440 440 980 275 735 689 268 807 113 41 477 28 278 105 438 150 134
78 175 294 935 732 980 93 295 935 295 732 440 440 440 28 105 278 150 138 689 156 943 134
282 292 447 490 747 490 490 448 38 520 188 804 265 277 136 43 226 180 258 478 2 43 903 155 903 903 186 186 407 452 311 122 71 53 969 649 451 749 626 53 205 327
49 150 167 269 27 46 56 239 931 104 373 104 373 104 373 444 444 153 139 93 240 282 70 6 426 292 351 346 105 125 166 123 148 183 246 63 274 226 120 150 48 229 2 16 90 55 207 7
158 337 482 451 451 917 779 409 154 446 137 240 991 77 931 726 52 231 57 252 154 297 7 8 48 216 242 192 126 28 226 294 176 67 118 131 146 50 66 103 41
835 174 263 451 154 917 154 917 779 154 482 482 57 992 726 240 252 114 931 77 393 991 204
593 19 100 337 154 779 779 451 482 154 446 409 204 973 252 240 154 991 726 992 77 137 337
645 875 33 226 254 321 76 258 95 39 216 27 56 207 263 108 297 172 29 127 204 14 48 65 13 291
30 298 9 649 844 191 151 191 649 844 844 151 327 958 649 89 115 969 17 95 301 174
645 897 11 32 51 199 154 451 451 446 482 409 446 249 137 726 224 77 114 992 231 931 154 240 991 52
847 26 120 266 55 112 55 363 22 55 588 55 781 710 55 112 591 200 854 167 65 256 318 51
710 182 513 9 43 84 254 255 476 420 775 273 394 374 581 374 273 792 178 104 275 43 926 157 806 755 154 963 737
23 190 247 255 895 499 895 835 359 206 210 749 262 835 800 335 136 43 378 277 226 43 912
942 81 511 364 68 503 925 503 428 68 296 364 414 643 167 712 740 210 981 140 70 614
28 55 72 179 221 266 56 670 295 958 676 146 676 944 944 798 670 663 150 477 278 134 41 268 689 689
710 69 89 387 344 367 692 256 407 527 910 724 256 407 606 620 139 153 134 93 70 240 282 487 917 917 482 409 734 451 451 734 734 482 917 57 52 204 337 973 393 726 114
180 248 265 917 487 779 917 446 446 446 451 917 13 991 204 114 52 252 973 240 77 992 931
1 237 242 248 250 5 143 244 218 67 81 52 106 68 267 217 197 123 114 6 10 281 287 138 172
13 85 94 105 937 687 81 937 841 81 197 829 197 185 937 977 258 247 15 603 339 208 128 123
593 897 176 275 407 439 729 669 439 657 879 879 267 592 490 644 389 174 301 327 969 95 89 958 115
897 39 135 124 159 238 87 287 138 123 142 111 263 59 267 5 230 157 115 43 64 137 184
109 111 152 155 897 33 62 115 223 241 615 241 23 234 234 241 34 615 234 459 478 903 226 136 804 800 335 43 947 337 154 451 154 409 337 446 393 52 931 114 240 726 337 13 57 252 973 77 991
61 446 409 482 779 446 446 734 154 154 451 409 154 992 57 204 973 393 337 13 77
718 171 244 294 358 677 847 208 419 508 203 207 419 203 207 852 943 61 689 689 41 105 134 663 455 268 735 156 917 451 154 409 451 409 451 917 779 734 337 337 52 931 337 114 252 973 154 992
57 297 483 69 69 906 90 887 251 887 173 290 973 287 197 292 281 489 381 328 38 583 659
27 89 208 847 10 139 194 614 614 21 21 376 432 968 376 41 28 138 943 150 455 268 278 807 61 134 477
100 291 296 428 591 591 364 428 591 428 503 414 925 364 854 292 0 968 11 146 210 551
95 254 326 27 94 192 139 326 326 691 5 277 800 903 537 378 136 478 335 43 804 43 296 21 235 86 21 93 21 235 505 733 271 19 41 56 206 124 271 121 629 554
213 289 408 917 138 149 823 581 374 449 581 449 374 420 273 823 615 449 926 43 157 379 958 283 943 737 101 136 257 255 174 147 232 205 152 91 137 61 110 108 168 156 169 229 37 40
79 208 244 223 58 453 223 751 453 238 716 929 238 929 19 45 973 27 215 716 650 259 173 829 120 120 197 120 829 120 687 144 529 128 820 387 102 15 688 208 407 218 339
897 7 39 163 176 176 795 672 406 682 238 453 879 729 297 204 166 478 255 103 303 179 525 237
49 96 281 847 2 858 858 987 987 380 115 987 940 152 667 814 67 174 448 225 476 610 131 188 206 107 50 223 169 238 77 2 160 1 222 197 108 119 149 179 192 80 280 285 24
20 79 127 156 195 85 138 149 115 826 380 380 152 858 115 380 813 826 174 127 649 188 448 814 667 494 760 919
53 152 202 9 189 781 454 565 781 747 188 43 226 187 136 749 2 903 906 537 800 459 947
