56 130 177 695 160 41 542 22 403 839 447 246 289 502 347 766 439 159 751 94 840 748 299 568 559 48 376
92 197 273 293 22 403 839 447 246 289 502 347 766 439 159 751 94 840 748 299 568 559 48 376 650 511 511 5 650 262 502 773 262 262 88 694 511 777 843 589 749 108 115 120 11 119 216 66 49 230 163 200 188 283 264 74 48 182 183 248 258 235 199 98
63 153 188 282 542 85 201 187 281 213 18 172 179 238 215 169 144 203 260 282 235 98 297 61 114
84 93 224 506 695 199 123 10 157 190 36 44 137 68 58 45 25 71 132 230 229 257 286 156 27
11 124 128 129 130 135 196 264 279 159 31 15 81 4 164 231 294 181 292 117 78 100 190 272 280 154
917 125 187 241 259 243 257 125 246 215 184 16 119 63 81 223 114 296 149 1 232 102 210 64 263
80 141 186 229 253 66 190 39 255 194 201 112 272 154 283 215 37 247 162 76 224 52 243 274 234
89 93 120 175 220 506 626 244 31 130 231 124 288 207 230 188 48 297 81 213 276 106 47 134 273 127 192
137 113 292 188 134 253 0 44 133 27 239 73 165 283 266 299 82 184 139 259 294
91 132 372 100 137 20 270 259 258 71 228 61 256 95 99 289 204 132 2 21 80 14 262
1 40 56 61 265 71 184 240 257 10 297 140 118 222 227 188 250 187 66 54 258 286 265 277 27
58 184 229 266 210 214 223 44 182 281 136 143 148 102 41 193 5 276 120 204 218 71
920 27 82 121 138 150 257 112 125 2 29 108 140 281 226 31 176 144 260 95 259 143 39 126 192 206 76
25 253 95 278 469 158 55 465 110 45 939 110 46 55 321 825 190 27 215 7 482 410 16 343 67 142 33 272 230 53 66 125 241 292 203 60 173 117 130 268 245 213 246 154 222
29 120 225 369 20 56 119 249 226 84 29 151 258 42 108 19 47 81 198 170 219 133 199 7
73 102 132 49 169 4 137 19 71 292 127 30 182 144 254 111 238 53 68 234 65
150 153 542 114 128 294 288 76 138 144 30 263 55 86 185 133 92 160 282 126 100 262 213
14 92 250 132 7 30 29 112 47 288 42 184 253 174 99 59 243 92 292 147 80 117 134
284 109 32 140 76 54 91 233 69 46 213 119 107 47 52 94 48 145 103 293 268
18 11 293 20 225 45 165 35 90 120 105 168 36 208 43 193 145 279 15 196 159
67 172 195 254 260 273 123 191 42 211 164 206 265 183 239 104 148 298 186 119 198 98 22 289 282 275
44 74 267 190 282 167 186 21 20 111 160 34 184 258 86 293 250 57 245 197 22 120 99
120 252 89 68 24 220 182 144 105 73 299 211 145 138 63 192 249 121 15 294 135 199
45 142 290 542 9 267 242 132 116 239 197 48 186 111 35 36 283 252 290 261 56 249 260 221
153 89 230 270 216 37 186 129 54 91 201 20 19 148 32 200 93 101 271 0 146
17 62 85 121 152 175 482 392 578 836 353 521 15 364 15 836 578 830 565 204 462 392 122 289 204 528 12
282 122 275 275 275 275 264 168 168 64 377 231 155 10 971 505 721 298 56 278 205
991 42 208 245 247 991 151 290 122 290 290 33 276 166 122 250 253 250 81 122 215 27 176 482 84 203 976
2 50 98 146 159 211 272 250 159 122 857 647 250 982 250 360 482 176 641 7 203 212 248 134 190 282 16
1 67 119 151 156 178 187 197 6 3 115 0 115 197 218 281 699 239 558 166 55 107 167 197 216 644 28 33 0 280 108 146 206 69 50 111 281 175 214 220 192 240 246 121 297 142
3 154 258 271 482 42 106 53 127 101 31 59 245 26 91 281 133 266 159 52 275 28 264 73 80
14 29 61 205 250 147 242 19 235 175 16 170 46 162 99 190 81 132 241 285 109 121 287 146 61
10 141 167 192 271 195 208 267 102 261 270 131 109 250 115 44 264 293 182 166 72 199 89 271 144
111 169 159 91 23 184 254 289 176 178 224 215 200 18 22 145 116 71 68 63 28 6 3 173 119 192 72 223 175 18 14 258 171 261 13 225 20 39 207 142 66 98
40 66 239 199 98 15 72 106 241 96 86 43 51 152 177 25 212 97 283 108 246 142 40
2 130 214 168 237 91 53 265 81 198 248 0 35 47 252 210 55 69 162 145 264 79 173
27 111 2 140 125 194 283 212 25 172 236 295 5 108 202 70 256 273 59 74 199
72 81 83 206 260 48 162 193 194 227 231 111 20 218 50 267 130 165 121 173 202 53 268 147 214
25 145 288 506 32 251 124 286 77 137 170 34 29 263 210 287 218 127 130 280 197 271 290 207
32 61 128 166 920 291 18 298 298 176 176 18 249 77 35 298 176 833 677 914 674 155 198 391 733 736 52 89 122 257 181 269 155 78 47 197 76 147 120 64 289 48 23 116 33 118
11 272 290 14 75 7 188 71 80 93 197 281 8 34 277 72 255 28 0 230 60 252 254
10 91 119 229 506 204 254 218 66 261 286 74 3 257 127 9 213 104 126 284 235 203 242 236 217
164 238 282 106 1 261 83 287 264 203 225 118 68 85 150 209 21 276 32 145 253 121 269
171 207 228 232 132 126 106 24 247 195 31 278 286 180 112 172 209 228 110 139 220 288 34 178
119 218 171 260 99 143 235 154 133 40 191 102 34 275 105 13 227 82 113 262 49 62
48 156 93 195 110 182 203 135 179 297 174 234 166 155 229 156 127 266 257 180 272 124
991 43 141 195 198 282 85 116 120 198 138 33 115 79 240 148 123 161 38 58 129 253 191 200 160 128
228 258 151 19 102 167 160 118 86 58 298 204 292 67 159 110 202 125 235 154 46 242
58 129 179 189 57 86 143 299 154 188 168 293 47 295 51 152 97 15 165 54 289 100 79 202
55 63 259 268 15 252 220 252 188 511 268 3 264 67 677 290 19 261 77 239 268 155 736 321 923 321 855 614 560 85 198 30 176 855 165 235 88 72 7 68 131 324 158
9 129 199 506 85 234 137 78 70 90 156 98 120 205 201 249 68 244 284 272 233 95 255 81
19 53 85 129 147 311 469 30 124 193 147 250 121 166 40 9 173 38 170 254 75 67 24 91 11 83 22
128 147 387 332 237 437 437 237 387 332 570 762 119 38 184 852 182 132 141 240 148 720
7 182 208 263 238 158 77 140 270 187 5 259 40 229 291 70 219 157 107 274 295 232 112 265
120 145 392 830 762 392 364 578 521 565 836 12 355 204 214 33 353 282 123 280 392 24
29 140 239 19 218 264 276 756 259 756 459 444 459 686 4 472 971 828 87 89 148 618 220 120 551 708 792 172 12 20 126 89 255 248 72 242 193 93 209 122 67 252 21 6 231 294 210
14 43 168 203 30 84 24 87 131 61 32 69 47 83 216 189 203 165 274 240 170 172 198 199
182 484 243 452 243 988 924 410 243 988 440 207 227 829 210 55 80 987 160 830 61 138
17 191 193 218 202 123 133 149 135 5 55 96 148 298 10 40 250 50 211 248 34 226 8 82
99 266 277 293 91 267 201 44 65 173 295 294 232 222 82 223 243 66 113 261 98 45 16 266
159 223 246 293 482 16 35 279 506 57 153 949 949 57 857 94 857 857 106 318 106 197 870 309 704 239 245 93 103
90 173 240 386 102 704 724 239 704 704 296 734 845 103 870 964 704 69 847 748 70 278 197 298 205 42 283 33 4 21 228 227 161 129 242 41 92 8 293 64 166 22 66
72 123 48 261 44 121 109 225 146 265 170 256 276 164 169 21 246 296 238 117 139
78 164 196 823 183 935 198 183 183 183 511 196 343 815 675 228 180 263 225 192 704 167
991 80 96 153 166 831 262 43 43 262 45 569 153 45 90 236 569 503 278 503 168 173 377 526 10
40 51 668 273 246 234 97 119 223 65 295 19 235 122 140 202 133 215 263 174 131 197 143
42 48 53 154 294 272 108 207 144 255 82 72 236 132 225 65 154 248 49 149 204 95 63 189 41
120 188 296 214 132 783 132 248 228 139 266 248 60 115 214 885 511 156 178 20 937 643 221
84 99 207 250 191 284 184 122 227 137 233 256 138 217 9 192 188 180 7 143 261 2 36 250
991 172 211 235 311 134 284 32 125 13 87 5 243 283 41 263 269 231 102 64 6 104 246 223 259
39 106 136 170 287 86 132 160 138 205 247 172 136 28 168 151 9 276 117 38 51 116 161 148
51 199 299 267 149 123 258 211 169 94 36 13 193 175 144 135 160 269 33 214 272 241 228
866 56 59 240 137 197 255 297 40 37 284 72 282 281 219 182 76 91 239 32 190 167 2 172
85 93 4 74 160 220 131 22 147 5 83 41 285 185 264 73 245 122 273 60 161
202 240 43 181 237 95 161 235 204 69 210 151 47 227 67 107 23 189 194 65 127 106
20 25 102 225 431 153 13 106 127 100 209 44 16 192 278 234 287 188 136 97 86 115 262 281 179
110 230 261 150 163 257 299 249 82 152 192 282 180 28 44 61 83 202 86 134 226 27 201
75 78 255 129 136 149 86 130 45 56 67 280 61 217 250 293 275 126 115 57 201 228 156
18 25 157 204 84 197 79 130 282 108 16 213 126 35 94 155 281 142 109 118 114 288 75 125 114 181 11 293 57 188 79 215 38 98 105 0 238 70 3 82 107 272 83 230
866 987 87 178 236 246 253 295 33 278 38 152 55 18 14 3 19 115 277 265 36 162 261 164 208 262 22 73
157 202 289 253 86 222 297 19 43 15 55 206 142 256 80 124 34 73 279 148 139 171 201
100 151 194 199 204 281 7 69 252 270 77 68 23 139 68 265 207 124 203 139 122 248 84 176 7 282 641 482 482 190
987 83 360 641 118 360 268 118 118 36 61 237 360 36 410 391 85 677 736 347 674 290 8 264 83 184 164 159 3 221 238 50 84 56 187 120 122 130 223 231 0 51
942 123 143 506 60 259 276 176 119 247 264 168 159 268 100 162 21 42 74 228 230 171 59 269
57 167 162 205 121 55 210 154 274 76 146 199 52 165 66 251 152 7 77 132 100 245
36 71 125 130 240 120 282 120 129 120 129 156 120 156 131 117 147 630 543 232 737 295 109 251 200 269 107 257 294 79 177 281 291 176 295 84 116 127 39 64 42 253 92 20 217
95 173 296 525 10 229 68 82 191 214 177 242 118 172 203 114 212 182 25 134 132 51 140 103
143 372 574 568 207 475 93 825 93 475 162 168 846 503 44 10 942 123 526 866 155 173 89
3 8 81 104 257 283 482 60 37 98 819 913 158 311 60 795 471 47 53 284 200 192 989 142 21 800 277
142 285 208 238 184 168 218 59 295 160 11 259 34 204 226 106 286 126 228 219 31 182
73 99 244 267 116 25 195 109 266 275 29 65 16 74 69 70 166 210 111 75 138 55 30 98
275 9 241 138 131 132 113 108 267 272 107 142 119 249 161 104 223 61 123 178 140
134 153 280 24 25 33 65 159 219 241 21 630 664 911 630 260 639 639 639 420 21 517 998 548 985 756 132 581 250 866 155 132 20 4 279 171 287 271 126 103 238 187 118 296 173 101 258 47 216 140
257 263 154 287 276 132 144 290 55 284 280 73 242 178 247 156 271 89 49 205 298 185
16 109 151 160 506 197 26 31 242 159 163 288 269 126 259 198 78 282 296 7 170 3 55 276 238
21 33 48 59 164 207 213 255 161 294 81 168 18 96 196 163 60 51 207 50 194 56 263 189 201 115 182 21
115 149 276 188 291 33 63 43 86 253 39 2 156 262 270 61 168 285 245 288 131 114 93
784 17 53 188 144 51 995 852 736 736 51 995 736 995 995 736 657 94 995 42 50 503 911 931
26 74 234 249 25 138 146 217 37 290 85 108 218 67 13 32 194 95 180 287 201 246 216 214
784 866 93 241 77 134 168 269 154 160 40 179 148 3 152 235 106 226 89 187 251 182 138 156
88 194 224 238 254 187 235 284 92 111 45 212 202 269 175 298 299 132 130 49 115 65 107 189 277
866 911 60 61 93 548 8 113 153 287 172 181 262 273 197 295 70 102 246 177 190 265 59 264 2 151
987 168 177 264 223 126 66 93 131 158 133 147 143 171 186 195 181 75 166 257 39 280 60 44
41 53 123 239 128 214 20 211 156 254 179 138 72 21 183 42 163 107 139 220 86 241 242 232
52 77 185 51 49 140 9 287 106 189 192 20 52 273 174 86 109 33 67 124 84 236
26 266 197 160 284 268 260 53 83 4 107 179 293 178 185 85 43 277 252 7 130 251
139 148 196 431 23 56 129 206 241 372 133 218 79 883 79 243 131 16 974 883 482 7 233 482 212 203 159 27 976 176
920 101 131 149 150 102 218 19 16 16 281 974 16 212 248 641 482 27 159 84 233 122 203 215 139 271 278 93 257 228 234 106 83 291 220 170 44 65 15 104 143 272 213 294 288 285 202 201 94 298 4 297 26 87 40 31 167 228 109 265 163 241 252 185 85
144 162 194 217 253 264 201 226 176 131 191 179 165 160 203 113 253 141 107 294 247 109 230 31 123 86
123 102 150 59 190 180 83 285 215 33 236 46 245 70 235 7 105 64 107 162 165
165 283 485 203 245 207 43 79 140 135 1 217 47 192 74 100 111 118 279 14 171 137 276
203 235 266 485 109 265 200 232 64 161 230 199 290 234 114 34 38 26 83 182 140 80 133 192
67 76 172 125 44 195 117 228 121 192 231 297 267 177 222 106 288 105 265 56 272 19
159 251 273 140 178 215 148 23 242 271 79 44 46 6 40 239 15 185 231 35 142 173 218 261 236 64 193 12 209 282 256 260 25 173 221 66 223 283 250 28 33 131 98
247 34 64 73 99 5 202 2 202 2 22 898 16 190 248 122 176 215 233 161 203 84 7 282 212 125 2 56 73 0 184 271 284 87 32 24 159 263 208 48 99 47 171 34 216
13 71 67 268 218 154 297 178 232 120 272 201 222 139 202 25 270 44 280 288 95 69
784 59 212 243 17 92 114 283 39 25 254 159 42 292 36 294 298 45 105 120 280 110 122 30
866 43 128 118 95 273 154 148 299 252 32 196 79 198 134 265 278 173 59 258 185 96 175
28 165 283 198 232 39 210 272 230 174 3 138 22 176 182 209 87 179 124 233 298 290
784 139 167 176 220 242 243 292 829 453 255 255 83 153 829 829 286 732 45 980 253 90 780 256 576 133 296 497
97 99 176 233 260 289 234 0 280 110 21 1 169 150 45 16 297 104 289 123 279 32 8 216 148 252
506 2 3 218 457 297 728 428 466 457 895 457 190 216 11 987 46 247 736 809 39 246 111 509 644 576 644 96 55 644 57 166 576 55 47 284 293 802 184 232 334 40 683
16 87 127 173 203 208 231 263 11 33 254 13 239 19 38 229 167 216 68 93 52 184 202 178 172
30 31 38 150 178 239 64 172 217 370 551 776 551 551 38 776 78 572 80 820 105 190 726 208 750 101 25 754 900 947 275 123 286 207 273 227 159 248 23 266 149 282 209 294 185 10 94 268 142 28
72 168 200 847 25 186 195 98 122 294 473 247 98 247 118 473 247 264 130 437 148 628 638 176 16 117 149 60 157 203 73 141 50 275 291 176 186 111 233 282 153 55 110 45 120 286
111 219 263 742 693 516 102 217 742 693 285 958 926 417 534 578 147 36 445 504 3 172 690
11 75 62 65 66 154 198 265 269 913 29 33 907 740 710 29 106 21 216 167 156 375 204 450 273 747 120 173 808
248 572 64 251 120 809 119 755 151 755 119 251 495 215 671 644 56 256 169 27 45 259 77 279 14 29 293 107 128 91 36 152 256 142 143 136 248 111 245 1 34 215
37 186 100 660 798 100 265 944 100 708 836 660 993 405 187 206 92 9 580 157 305 12
987 142 758 823 758 800 800 758 173 245 758 823 850 394 501 384 187 223 543 103 507 77
987 2 48 251 572 84 218 126 176 232 97 54 131 168 161 3 110 39 90 65 1 254 231 250 71
929 6 166 167 172 238 299 388 850 172 226 516 567 886 567 918 172 878 226 16 506 80 738 286 289 412 70 631
4 35 90 163 247 261 287 2 947 430 153 969 736 736 704 969 430 153 1 56 206 482 182 80 177 192 133 61 708 742 708 708 742 583 306 708 638 439 695 150 279 18 585 178 260 675 26 216
54 124 231 245 163 266 159 83 175 71 11 238 160 181 257 258 106 70 161 251 165 69 269 94
991 175 192 229 920 20 179 248 553 526 277 290 125 983 277 850 282 667 23 564 73 19 130 125 883 205 610 270 256 204 49 179 45 212 215 95 76 161 155 224 244 156 131 10 18 287 188 276
866 498 836 836 944 265 784 993 660 798 993 836 206 61 208 130 9 140 208 8 157
970 110 155 237 94 1 45 1 84 94 874 292 311 175 45 56 126 103 443 486 641 524 111 716
222 399 430 253 113 298 4 155 24 188 142 33 244 287 161 206 66 6 157 23 159 114 273
55 227 291 74 179 272 269 31 93 275 156 103 294 106 187 88 220 17 128 158 43 33 4
931 87 149 222 290 292 110 613 81 533 132 842 81 156 156 613 237 156 3 674 256 132 859 543 238 248
72 139 235 236 622 823 800 823 823 622 778 245 800 758 823 850 384 507 220 559 217 223 259 445
2 3 128 160 208 482 720 38 260 346 215 256 215 265 256 3 493 114 445 36 504 147 571 155 534 117
970 160 280 286 431 237 101 82 85 28 47 42 24 133 108 204 279 154 206 97 63 265 187 252 43
933 110 196 261 689 894 465 844 465 465 790 438 86 457 704 689 850 147 186 228 240 982 792 146
760 84 104 189 257 533 466 266 266 775 30 940 30 421 210 14 155 413 466 268 517 260 211 77 773 662
105 117 174 244 108 114 291 134 284 195 123 251 237 252 130 194 27 83 279 178 262 163 53 87
35 87 101 188 875 73 93 151 244 431 533 325 981 690 325 690 981 864 266 576 391 51 132 668 248 866 156 756 581 477 250 258 106 40 220 144 229 284 7 77 257 177 78 57 61 100 24 41 72 97 15
192 780 318 141 514 100 514 780 318 197 35 866 157 550 543 57 800 266 360 417 137
75 140 144 178 122 279 296 251 236 267 234 293 286 19 276 77 45 61 89 157 183 32 93 153
856 52 53 176 210 250 264 553 142 128 255 27 168 227 174 205 80 156 136 152 87 204 61 287 71 116 165 157
150 256 15 51 46 185 8 138 237 157 274 70 202 35 131 242 224 199 126 287 145
14 73 220 271 169 248 34 278 283 93 205 214 183 73 179 71 258 53 104 157 240 168 194 96
31 44 163 224 842 473 721 842 19 842 649 721 842 608 372 248 477 756 391 581 548 866 576 132 274 173 178 146 38 29 5 271 100 132 193 124 129 17 238 278 41 49 221 121
61 223 391 722 269 269 391 174 722 634 578 60 391 626 183 292 32 726 33 125 281 740
0 33 47 49 65 218 367 794 792 794 367 973 367 759 486 486 465 465 43 722 215 215 166 15 490 267
74 93 113 121 194 204 214 817 643 917 823 817 219 526 792 792 75 9 954 134 279 48 526 580 148 916 186
744 139 220 476 659 934 885 937 754 313 934 965 380 50 400 934 373 404 931 248 465 753 792
17 18 32 186 199 200 260 312 60 245 130 144 267 112 156 103 23 221 295 296 224 266 237 284 33 159 101 158
64 190 288 15 194 230 83 11 189 117 17 221 172 214 171 261 99 154 156 181 212 279 170
59 75 188 206 216 241 273 946 75 908 911 911 950 946 230 809 75 911 111 344 326 582 736 650 495 62 947
784 69 220 223 311 132 46 165 128 25 288 226 225 298 251 124 220 45 121 175 0 262 259 161 239
15 59 88 255 311 647 116 126 163 588 972 972 790 19 129 822 533 972 23 463 328 218 186 96 387 659 557 133 391
866 6 431 572 649 78 38 649 776 78 117 184 288 208 190 301 726 420 947 111 900 164 750
783 920 265 512 967 927 927 684 684 808 967 401 967 548 248 923 155 51 132 391 608 866 985 250
8 86 388 580 419 288 67 274 274 580 945 258 726 779 46 556 477 345 97 240 396 353 90 177 9 275 29 65 112 174 84 14 256 50 260 268 23 232 287 146 228 148 276
262 886 442 974 930 930 147 927 498 822 689 147 166 904 45 428 588 800 530 260 563
783 912 47 57 73 176 49 204 46 119 152 209 280 212 37 188 282 262 104 66 199 198 14 144 289 260
784 67 202 551 19 19 139 772 840 840 209 82 147 772 551 988 451 973 477 202 230 78 955
14 64 237 212 203 44 153 93 189 38 49 28 47 140 156 184 83 26 7 239 216 161 21
113 480 7 255 269 149 2 14 233 30 85 270 55 78 250 171 164 259 279 61 206 113
853 0 50 116 189 380 121 142 278 954 934 502 138 384 925 335 384 126 935 810 684 173 214 592 326 44 616 577 166
