136 142 165 207 289 292 86 220 517 43 51 55 76 99 135 187 12 129 727 804 3 645 815 65 424 480 90 403 810 584 18 169 200 295 26 271 211 171 152 26 83 235 128 296 39 119 191 70 229 183 181 253 226 14 201
876 12 31 72 79 206 702 1 101 147 192 199 241 271 564 287 117 592 564 344 838 959 564 439 439 344 65 909 225 60 225 688 179 78 131 116 90 74 105 264 200 11 293 91 55 78 298 294 47 29 75 119 87 283
19 90 137 250 232 125 33 240 35 72 97 211 83 137 120 29 265 124 236 131 163 103 48
517 865 67 71 217 260 78 55 121 278 266 101 123 222 168 210 204 247 80 237 160 13 108 196 25 42
876 59 117 158 213 264 774 184 765 202 138 625 184 574 774 202 70 560 575 765 365 107 365 576 77 967
802 25 189 196 287 29 166 232 403 65 65 3 18 584 403 584 26 3 815 65 257 530 271 205 749 70 228 205 50 122 233 66 131 61 7 112 175 258 232 104 199 159 83 3 245 197 21 206
3 10 106 173 189 296 64 160 227 2 197 241 257 296 288 232 260 12 120 76 252 243 165 60 287 225
220 221 283 341 844 904 192 371 904 906 192 341 346 235 251 740 408 939 408 277 72 844 318
211 273 91 172 266 134 202 234 88 95 26 290 182 121 230 93 29 33 19 245 198 210
876 137 66 79 66 206 66 115 66 43 66 142 206 757 258 339 267 283 21 31 226 175 293 54 184 60 251 237 264 282 294 61 172 3 114 84 244 278 7 211 208 198
220 79 91 181 195 224 489 10 377 10 862 998 731 477 222 136 206 378 463 906 92 131 171 38 292 412 277 246 138 130 99 70 132 209 22 46 274 47 288 271 64 133 294 186 178 65
18 58 104 169 9 90 751 713 713 10 489 731 731 998 222 194 906 292 920 131 220 463 195 171 206 378 153 245 120 211 174 92 198 231 288 110 296 60 115 163 246 242 188 207 117 186
876 65 93 120 38 222 229 161 247 270 214 205 261 204 272 180 293 154 113 18 260 157 64
183 191 227 256 67 132 181 10 8 287 184 236 270 36 17 16 237 195 66 161 105 255 269
876 24 63 150 260 181 998 751 862 862 751 862 181 10 731 412 463 36 171 207 906 378 228 378 292 63 269 185 53 233 96 56 16 92 178 267 264 298 113 222 125 124 101 252 288
802 7 67 131 148 296 228 224 37 9 263 42 111 79 180 46 281 217 44 136 7 137 194 141 251 128
62 96 128 164 293 177 209 276 15 288 109 30 235 175 228 280 284 135 79 90 204 27 269 9
52 69 116 207 259 679 828 679 841 509 518 635 509 509 806 236 429 79 3 95 7 855 105 49 7 117 122 52 188 57 164 191 99 270 174 197 66 50 85 202 252 277 128 28 208
517 17 245 276 266 121 76 68 178 209 200 221 155 182 257 198 227 233 202 133 82 192 197 152
53 292 144 231 132 217 278 226 73 149 69 183 71 106 261 277 72 254 146 19 197 0
921 8 103 186 269 146 21 112 216 259 44 228 92 150 198 19 51 260 245 210 43 8 188 180 105
33 138 139 180 190 268 269 4 107 73 173 129 210 181 276 152 190 64 208 296 44 116 97 187 176 132 291
9 32 42 112 119 128 180 68 125 146 167 39 52 73 122 59 267 121 65 229 119 278 281 164 21 171 225
2 192 9 10 58 91 155 247 259 289 53 276 283 81 480 276 480 168 168 276 254 95 267 226 31 339 278 27 251 21
20 42 105 109 262 290 10 775 775 265 147 251 10 172 236 10 259 242 48 749 333 238 71 127 556 227 148 14 46 231 52 156 99 151 196 163 207 243 94 95 153 50 146 170 208 29
32 99 198 284 839 48 156 191 283 10 481 12 259 239 142 8 481 481 481 238 275 104 754 48 333 749 957 227 268 169 58 196 91 67 105 135 204 178 82 84 280 98 41 175 193 168 130 9 203
231 702 14 71 78 148 679 210 210 210 930 828 89 635 79 49 3 855 290 105 95 57 141 236 242 806 87 189 294 175 158 92 53 172 97 267 231 248 35 115 20 208 277 140 78 43
107 280 64 125 161 188 267 3 106 106 267 619 301 972 112 972 106 255 181 848 23 22 180 373 254 942 192 146 129 15 160 258 30 58 6 248 90 242 260 20 237 83 266 247 191 298
81 87 110 169 282 26 148 191 10 270 232 127 260 230 285 296 166 76 205 30 142 103 98 63 236
124 141 170 222 252 270 108 130 257 205 44 183 111 46 83 6 9 96 97 299 269 132 203 206 27
30 90 92 117 911 932 709 683 911 270 616 911 270 285 995 808 111 176 930 171 202 700 181 808
29 175 4 41 71 289 182 22 319 216 173 689 216 577 577 689 182 870 556 333 754 26 227 48 71 275 140 68 89 110 60 221 81 158 126 78 71 44 152 138 31 42 149 19 59 208
702 255 298 152 77 163 149 82 20 59 56 119 168 83 42 156 22 177 224 126 100 268 151
17 113 216 283 702 48 145 212 275 577 577 159 71 574 905 577 447 577 189 250 73 179 49 25 855 182 870 8 319 235 92 103 291 198 63 127 19 138 7 240 282 245 24 258 268 116 83 199 269
160 109 135 280 677 222 38 38 639 696 38 72 696 38 677 142 202 192 360 973 109 53 67 5 291 170 261 28 181 242 299 219 162 92 160 150 214 297 77 183 222 118 52 208
96 160 215 145 73 64 262 85 57 290 274 9 41 186 141 209 140 222 128 166 175 14
28 56 101 168 203 211 99 91 85 259 68 77 232 173 84 165 280 35 3 90 79 65 184 102 18
137 158 133 14 213 282 187 128 126 123 28 116 160 29 279 64 277 118 295 252 120 206
24 81 137 167 169 283 99 291 49 205 170 36 164 109 248 276 237 111 216 160 53 130 255 279 154 149 287 200 18 129 258 216 195 30 242 35 232 245 170 132 113 41 38 135 262 283
44 189 226 147 145 222 242 161 172 114 160 241 233 122 157 292 38 254 130 255 108
26 74 130 225 249 63 80 173 252 254 101 144 128 205 13 130 42 248 45 273 75 165 57 44
16 170 210 275 275 92 162 257 78 184 78 257 997 28 448 205 187 231 198 844 371 161 82
702 65 70 84 257 107 131 73 129 285 35 193 139 226 24 59 28 106 116 197 165 207 255 291
115 122 185 223 282 24 149 132 79 135 180 237 141 183 127 114 246 16 57 193 200 195 84 235 11
84 157 256 270 271 101 236 97 98 39 78 26 276 144 183 29 38 32 219 27 234 128 46 49 55
839 5 64 81 178 209 294 24 38 256 271 98 14 52 238 219 68 236 213 287 208 122 244 109 277 229 232
62 120 121 172 225 254 262 2 109 176 148 264 3 195 263 64 75 173 32 211 10 236 157 139 297 187 65
839 839 7 84 207 286 489 489 17 218 158 240 240 285 285 144 113 886 270 256 163 243 670 16 799 285 246 273 148 164 76 106 252 229 190 177 92 288 150 142 138 12 96 149 191 122
131 194 229 295 153 150 103 78 222 263 61 261 188 42 92 164 264 12 74 275 247 139 288
64 88 202 174 244 110 106 187 234 96 187 244 96 127 812 945 698 333 207 104 556 749 26 567 298 200 207 151 161 160 117 246 247 119 78 89 215 77 42 116 0 141 208 133
41 114 177 249 148 234 90 3 58 190 238 220 103 255 205 209 198 159 135 191 172 183 280
84 191 194 198 4 152 183 630 307 506 733 0 145 145 765 307 307 91 933 297 257 658 73 151 224 99 117 36 2 121 298 185 274 87 256 108 197 260 292 163 239 40 3 156 102 111 9
8 17 143 506 42 68 119 155 216 232 236 229 236 236 146 74 118 163 236 108 256 573 160 777 573 10 166 149 430 161 36 110 21 9 10 151 15 108 121 60 158 184 133 155 32 195 264 100 166
64 4 60 97 211 122 295 127 95 420 576 420 122 238 277 420 127 143 21 277 886 800 200 471 142 218 28 165 120 103 150 135 207 185 168 181 155 227 282 36 184 91 147 108 100
36 115 171 269 839 119 125 191 103 74 509 22 212 257 22 125 22 257 832 257 573 231 10 208 160 166 247 131 200 142 169 165 210 170 24 171 123 92 244 254 236 130 228 125 101 258 44 237
40 47 117 89 264 186 293 26 14 90 109 97 112 187 251 4 159 247 62 64 53 197 52
162 206 262 45 56 133 64 175 271 292 273 275 189 193 295 124 31 32 203 72 174
6 97 206 229 284 230 252 189 121 24 134 73 201 268 203 146 168 116 204 44 231 20 128 37 82
127 174 247 280 91 246 28 139 20 92 151 270 90 71 193 183 165 253 69 191 128 200 9 116
506 161 193 251 299 241 140 78 26 132 116 257 261 134 212 46 199 96 234 45 198 287 224 150 11
6 141 299 112 165 86 217 191 188 120 50 5 209 177 34 134 111 22 1 186 118 109 102
214 86 183 169 223 116 171 184 50 262 236 199 253 150 194 198 78 290 37 25 229
109 121 270 78 52 170 217 25 299 208 281 10 90 192 56 65 39 73 5 134 262 118 117
85 231 235 252 34 293 283 215 296 5 101 242 206 43 142 197 37 181 137 26 114 2 14 198
82 124 142 279 197 221 234 221 172 234 34 25 237 234 609 556 812 104 207 26 698 481 749 48 273 21 211 108 126 149 11 142 25 53 94 223 209 30 290 63 173 207 107 292 273 59 45 154 287 76 93 189 247 128 213 188 267 31 148 198 109 130 106 134
98 101 207 298 203 274 283 105 257 166 45 136 284 8 64 229 102 65 51 6 81 58
23 147 232 91 96 208 216 25 110 182 30 182 250 59 30 182 0 26 825 238 48 71 957 749 749 812 220 123 217 204 100 143 118 74 223 296 90 229 225 264 65 173 257 110 98 97
75 267 696 70 53 155 960 53 142 227 43 708 138 744 207 142 421 991 395 987 215 650 6 96 241 256 255 60 251 112 12 22 164 214 247 115 258 7 267 224 240 249 174 74
6 10 91 203 250 278 120 39 51 63 182 137 72 126 144 295 215 94 237 270 275 227 152 191
21 195 190 156 175 215 11 233 257 49 40 245 234 53 146 297 8 179 125 86 213 114
0 103 236 288 252 209 85 193 214 241 86 198 152 78 280 277 291 137 238 75 185 266 71
112 279 134 280 124 13 29 211 19 224 198 266 46 5 209 243 274 132 24 114 214 128
123 226 230 270 296 297 299 7 246 113 115 46 18 66 209 294 214 248 267 256 91 259 161 104 157 238
0 62 102 148 176 38 64 261 184 284 299 209 291 81 78 170 255 256 17 76 82 266 25 237 212
940 14 131 64 260 210 291 151 179 11 265 208 249 248 284 195 141 56 220 259 129 100 102 26 292 5 102 192 105 222 65 240 61 66 199 158 63 175 259 285 14 139 162
917 112 176 191 32 151 147 56 84 15 263 88 78 62 64 282 30 245 81 219 38 109 58 63
944 85 109 944 66 135 180 31 281 18 663 325 758 815 270 140 140 556 71 26 481 825 749 957 227 127 207 280 147 6 31 55 223 218 13 227 80 257 286 226 297 114 12 212 110 266 184
944 242 276 285 51 122 145 123 152 173 4 40 80 127 3 140 293 240 280 25 49 138 284 114
110 133 207 239 239 58 202 89 265 159 198 750 725 255 654 295 325 229 949 236 178 292 679
629 5 8 87 132 189 190 17 81 4 129 34 210 275 50 276 7 24 153 16 290 254 97 223 267
90 110 183 229 268 19 187 195 214 687 91 140 290 161 161 290 91 54 260 103 279 26 945 481 227 698 127 238 609 16 268 34 49 81 286 291 82 229 246 162 212 71 90 19 14 83 145 99 151
21 43 287 161 180 238 109 200 154 148 259 213 232 43 73 83 210 117 215 151 90 169 94
73 629 228 292 145 337 733 769 440 145 506 52 224 73 274 297 524 168 118 23 999 170 137 99 130 48 127 118 131 249 159 181 90 88 147 145 203 17 164 108 129 78 93 297
13 296 147 191 227 41 148 175 114 136 150 138 29 240 105 218 56 177 15 141 111 217 14 66 16 103 199 104 240 291 79 125 279 289 105 248 230 132 197 98 190 266
89 275 733 337 307 765 630 337 337 307 145 145 769 0 297 52 999 91 118 73 933 79 43 206 244 298 247 42 93 254 196 94 207 220 60 128 203 83 215 116 113 57
81 102 191 213 151 203 157 35 164 26 226 110 241 87 69 243 128 224 214 223 160 105 54 95
155 237 10 219 204 107 30 157 170 44 188 252 67 156 62 183 213 236 133 186 267 138
126 232 265 296 214 232 262 0 630 733 765 0 145 0 765 765 337 170 297 117 274 658 933 224 52 73 137 161 278 230 98 105 152 90 299 3 97 127 10 131 258 6 37 111 8 252 19
1 81 10 159 282 196 821 955 500 562 821 955 221 605 60 257 658 831 97 251 286 275 920 398 209 145 217 198 45 94 92 288 280 235 281 162 64 221 116 102 283 219 58 146 28
2 23 70 158 205 218 232 102 203 83 140 296 88 174 46 115 230 222 45 132 291 44 165 262 137 68
23 275 550 550 466 662 969 662 969 424 208 532 662 550 55 1 565 263 211 198 278 299 92 61 102 186 18 9 297 295 10 59 136 68 245 256 287 229 272 201 31 37
226 284 412 26 20 7 85 6 110 48 154 273 61 52 135 235 56 219 256 293 145 287 176
87 145 180 285 702 131 151 272 240 286 274 21 274 334 59 284 76 948 612 119 699 710 138 417 225 166 913 53 53 932 847 847 847 53 725 342 52 899 332 325 735 843 109 92 630 271
3 18 47 299 75 125 136 491 625 739 491 809 163 739 564 625 68 809 491 732 883 41 544 96 867 616 261 156 226 144 95 193 115 4 189 117 232 270 139 209 54 13 230 56 23 299 255
72 79 168 77 59 114 94 289 128 8 288 184 273 204 187 203 244 7 126 251 1 159 67
702 703 157 703 144 276 275 12 272 76 104 275 76 234 68 234 275 299 187 132 287 835 100 20 10 176 153 201 128 150 146 111 60 254 88 51 279 171 33 195 86 266 299 207 112 139
120 236 72 147 225 239 31 188 255 149 169 135 228 28 265 134 277 62 210 38 67 78
31 163 200 231 261 289 58 166 45 205 294 71 120 122 38 286 20 36 176 77 84 282 274 66 55
10 103 166 175 224 280 31 202 251 218 210 672 165 672 643 643 165 498 672 254 283 927 40 251 89 267 152 810 31
493 4 32 292 76 3 41 41 36 326 3 292 292 166 36 799 270 243 256 16 144 285 670 40 195 169 19 266 40 118 69 211 247 26 92 261 238 27 107 57 65 37 76 214
83 112 126 133 236 249 839 24 196 221 227 252 854 550 532 550 466 424 951 552 55 1 278 131 299 565 198 528 977 263 622 235
702 839 82 166 234 188 600 188 926 279 491 369 184 793 684 279 672 976 714 956 134 250 10 222
4 213 276 234 188 600 188 926 279 491 369 184 793 684 279 672 976 714 956 134 250 10 222 81 142 121 262 82 74 10 14 42 6 169 8 64 248 243 162 153 168 47 22
47 72 938 269 866 224 224 34 34 928 41 7 79 848 224 6 395 326 623 26 882 3 848 855
629 4 25 140 215 752 53 179 179 19 268 19 179 707 85 256 247 187 777 430 10 166 231 108 679 126 164 90 65 15 259 124 91 117 4 73 145 297 224 9 48 115 71 68 257
599 19 51 249 234 928 943 634 634 634 634 70 42 971 389 218 946 288 116 291 106 82 597 390 385
12 44 60 284 943 415 98 21 958 123 958 551 549 417 596 68 624 100 47 224 858 957 209 135 2 44 27 146 76 70 90 288 163 280 255 210 62 43 97 37 0 84 186 172
97 116 129 154 343 185 796 470 859 255 67 29 406 796 116 579 351 370 691 442 428 499 4 793 143 68 972 992 33 393 195 72 972 234 72 852 972 708 772 440 173 109 39 450 259 40
4 104 138 233 234 710 234 400 990 393 391 722 538 194 283 259 677 1 450 109 238 215 594 5
604 20 173 249 46 26 92 274 16 210 24 60 47 202 212 93 253 244 155 62 284 207 221
101 293 839 944 24 38 230 958 958 98 98 850 873 98 583 415 100 596 224 260 881 194 596 209 207 957 549
7 142 863 256 863 256 668 729 986 296 905 105 170 181 278 352 149 886 32 906 383 540
20 92 213 279 623 273 123 682 123 855 143 270 256 676 16 799 163 777 111 86 670 40 144 243 66 130 283 169 179 241 263 253 126 29 248 10 276 65 264 120 11 112 123 246
88 100 192 272 275 335 35 124 152 255 257 326 498 605 607 470 444 607 326 607 350 113 139 180 269 225 101 230 865 260 292
79 256 942 942 579 668 490 162 490 162 942 668 490 668 92 248 35 991 140 31 215 208 694 664 694 286 41 69 664 670 281 106 148 582 127 242 229 400 273 106 723 111
35 290 694 664 694 286 41 69 664 670 281 106 148 582 127 242 229 400 273 106 723 111
56 82 124 208 76 41 286 465 69 513 281 197 430 171 148 127 400 948 106 582 753 242 723 111
20 172 240 282 53 223 247 113 113 458 28 445 113 280 422 320 28 280 303 490 294 360 767 104 970 795 198
100 104 187 267 274 159 651 159 774 198 943 164 632 616 558 211 832 728 579 143 4 351 770 470 428 813 686 71 730 700 547 686 161 371 448 997 198 187 28 40 231 82 79 408 289
38 39 106 109 289 34 246 96 59 263 255 207 100 77 208 230 221 30 46 124 161 265 2 129 73
14 242 578 749 578 157 578 553 578 203 749 157 262 176 470 558 104 363 257 159 486 354
61 99 120 228 36 42 128 188 205 289 895 679 332 332 332 944 268 895 268 270 127 999 111 243 670 912 86 163 799 113
669 123 174 353 670 236 91 69 670 974 413 91 236 28 410 977 565 528 1 80 741 251 235
183 243 622 913 938 214 6 231 6 834 938 315 938 237 151 163 224 234 522 305 162 528 261 24 243 251 137 170 57 248 139 125 186 205 176 160 278 132 228 80 237 148
70 271 82 180 186 734 3 171 171 486 77 572 723 77 486 581 333 94 448 599 68 113 517 235 651 557 870 222 396 396 147 104 396 140 944 222 46 338 712 900 241 611 602 528 86
8 151 205 210 216 256 938 371 580 60 391 60 227 93 371 214 108 113 13 194 259 6 36 683 407 250 963 963 795 129 79 129 795 129 503 838 503 232 428 277 31 806 122 120 846 291
839 8 29 84 224 388 944 219 125 106 158 111 125 219 63 111 63 675 221 419 222 36 182 211 122 222 288
8 72 147 211 508 135 575 448 508 575 733 716 448 549 508 843 335 275 277 11 410 716 468 24
13 39 233 270 239 152 239 294 759 415 415 152 152 759 117 658 168 999 597 151 23 257 274 224
702 19 212 217 373 790 602 578 794 75 75 486 577 950 212 246 391 871 528 649 592 39 401 722 860 274 860 559 459 281 281 151 281 552 860 757 218 410 407 588 244 311 470 46
84 91 94 125 169 222 16 209 234 253 639 286 468 180 154 186 554 882 484 286 936 80 622 299 741 565 263 563 211 1
21 111 246 259 474 682 420 682 834 895 834 682 755 394 886 463 10 430 231 247 790 573 722 149 142 73 259 81 751 533 495 128 878 281 198 196 1 553 922 268 171 873 77 339
669 468 59 552 966 328 713 441 88 505 507 600 159 554 642 131 842 526 148 814 942 289 517
79 123 920 920 920 920 973 720 595 407 885 583 571 7 93 327 537 280 127 907 494 141 210 148 57 3 70 20 184 222 154 9 112 25 81 102 52 275 145 216 132 137
58 65 154 276 47 60 90 212 259 206 238 259 247 50 259 735 960 749 216 716 640 800 233 123 195 878 751 533
479 702 801 41 207 53 622 224 317 53 18 622 830 170 830 11 2 392 193 22 203 843 132 659 74
32 80 177 242 570 950 803 27 863 590 963 720 803 676 109 670 86 999 127 40 768 270 16 2 138 433 774 202 576 574 138 836 771 351 365 887 388 388 446 605 298 372 55 594
200 259 156 228 262 958 958 123 370 958 583 943 873 21 68 503 224 100 289 596 353 690 260 777 417
718 105 219 844 611 353 37 353 564 611 611 254 707 644 230 134 326 6 240 664 154 4 848 614 4 906 589 589 4 578 578 589 578 858 727 62 458 402 98 124 186 797 295
493 506 748 102 178 209 213 222 493 895 14 89 199 240 250 254 275 119 787 379 761 615 759 537 217 379 379 836 217 381 619 989 208 36 127 122 639
506 507 599 979 45 70 150 153 226 600 92 600 479 439 152 479 171 439 994 982 113 270 127 163 40 109 799 86 144
153 223 239 695 885 836 31 695 836 426 866 201 836 199 481 5 701 924 871 709 118 96 126 53 276 293 234 98 90 87 134 195 281 170 205 282 185 86 177 64 294 68 264
