207 247 287 44 212 176 71 47 266 196 69 106 183 251 169 140 126 135 294 36 61 166 290 188 82
113 172 256 436 13 287 915 934 754 224 122 881 411 445 405 587 255 487 990 882 908 745 735 503 294 871
416 1 425 655 450 355 371 643 545 37 76 366 705 620 101 729 586 591 845 5 99 264 192 61 183 50 113 238 163 153 239 85 210 34 123 36 283 26 218 212 240
97 205 100 549 23 587 311 27 871 727 51 948 328 571 487 971 600 948 221 327 221 127 502 707 429 757 788 771 37 48 707 137 105 489 260 85 931 57 431 689 738 757
85 141 232 273 162 157 122 79 6 233 8 203 287 264 153 268 160 135 152 196 235 72 113 207
110 113 224 153 297 8 248 21 276 99 162 219 33 110 56 41 211 145 246 207 292 228 243 5 149 38 198 182 203 292 189 184 170 220 20 142 21 284 115 98 262 96 158
110 269 41 82 274 56 214 95 140 271 179 206 215 110 65 284 43 241 29 191 124 200
594 254 34 179 201 287 159 213 74 216 216 46 120 74 74 94 213 199 346 967 170 233 158 203 37 203
59 125 188 221 259 706 746 617 213 702 746 617 256 180 213 180 180 213 130 116 911 166 288 410 954 10 261 218 101 127 219 88 218 123 222 210 191 48 74 813 57 689 78 273 486
798 130 144 164 249 4 93 175 210 56 196 31 31 208 152 62 62 53 250 251 29 109 112 268 36 283
393 15 187 219 336 343 343 343 39 219 947 103 273 947 309 233 93 69 626 748 239 290 498
34 109 735 579 168 914 735 168 579 168 386 168 70 533 251 78 139 68 282 307 448 256 279 170 278 214 18 86 131 263 241 25 111 51 134 104 168 72 142 128 159 151
994 60 178 190 257 425 988 580 282 282 567 282 580 761 567 64 988 78 596 162 35 252 153 991 267
23 268 281 54 201 168 38 297 257 130 130 279 561 130 200 246 40 251 78 276 258 95 136 107 131 275 191 197 41 235 127 160 282 105 114 241 39 104 277 103 234 89 242
58 221 265 215 5 187 44 84 102 53 85 121 261 24 131 58 112 195 132 43 50 293 93
15 194 234 33 74 173 39 751 426 751 946 751 671 671 265 247 160 185 156 423 417 19 176 72 261 69 102 72 121 285 113 53 5 169 62 81 181 298 247 261 299 227 232 107 273 74
83 173 282 348 348 671 39 671 671 520 671 39 520 766 766 19 423 176 156 160 247 185 230 11 60 103 87 12 276 258 124 180 216 298 229 7 170 54 131 262 125 197 235
34 32 156 873 823 101 147 598 251 177 598 598 333 89 80 89 108 135 154 22 136 143 69
8 286 677 286 206 286 730 897 386 938 677 206 322 288 784 82 267 806 806 340 253
994 266 534 537 872 939 429 871 939 534 537 339 57 400 110 167 288 857 103 116 293 106
798 97 128 170 171 246 247 252 946 751 520 811 39 946 751 426 671 80 480 69 288 176 156 423 505 156 417 160
153 261 188 74 263 170 188 170 195 74 121 42 174 14 266 276 236 136 1 246 192 200
61 148 248 254 262 103 138 120 248 68 17 233 915 283 62 74 117 178 109 258 68 200 268 294 114
33 293 264 412 412 598 412 333 251 177 89 280 64 48 135 286 80 923 69 162 154 89 172 116 218 190 2 78 73 66 152 9 3 133 117 211 167 263 120 281 113 103
111 209 241 137 278 43 45 10 226 156 132 208 163 253 27 127 174 282 97 110 13 72 122
49 108 254 133 147 252 267 76 76 76 225 74 46 267 141 179 250 165 178 206 268 62 101 68 117 109
51 131 135 255 281 288 766 766 751 520 671 520 177 426 766 426 417 176 156 160 288 230 49 423 72 247 57 234 204 250 250 141 91 203 168 9 380 689 494 128 273 486 45 188 260 74
58 89 236 274 505 17 35 201 134 9 176 288 259 279 279 210 289 7 203 327 537 184 157 93 327 255 80
15 18 55 64 124 211 147 823 873 823 251 823 177 873 873 873 69 154 286 64 135 162 19 499 222 923
767 71 92 199 147 412 177 251 147 412 823 873 598 264 79 167 923 69 154 222 89 499 135 80
16 224 284 598 177 412 101 412 147 251 101 412 873 177 280 162 19 154 286 923 89 48 89
32 51 127 189 195 71 101 101 182 99 254 13 246 99 68 533 78 139 658 292 93 70 6 299
71 297 246 99 155 71 2 37 71 533 15 134 256 78 285 658 6 70 139 351 620 299
61 129 14 14 298 14 228 683 56 298 129 278 267 58 296 141 283 13 98 170 84
34 104 277 429 67 537 870 67 872 870 939 871 537 395 67 314 857 293 57 167 206 459 9
255 4 22 278 188 278 4 836 291 259 80 157 93 537 203 22 327 229 141 494 280 215 214 206 217 185 250 297 51 171 163 149 121 102 254 283 261 98 164 226 274
180 225 66 27 282 105 208 160 137 198 132 263 72 213 255 128 175 266 296 91 143 220
14 143 164 263 16 60 177 86 62 90 165 184 262 194 71 201 48 265 224 264 255 245 258 269
416 80 90 109 146 192 281 125 12 192 24 106 129 19 118 202 254 293 145 193 31 14 183 33 277 101 177
91 208 247 274 170 130 245 3 221 79 200 220 229 297 285 189 227 86 48 53 70 26 198 41
23 68 212 209 274 10 16 88 178 90 248 46 79 84 26 207 260 95 157 243 269 263 114
500 29 181 112 213 218 333 873 101 873 598 251 147 251 823 162 135 89 80 923 271 89 113 499 69 222 75 266 119 258 227 176 71 125 32 228 22 147 272 96 262 250 34 191 152 51
110 251 263 167 154 196 242 249 187 234 151 9 139 137 88 116 141 226 39 35 85 123 270 291 229 154 174 293 81 288 146 36 61 266 131 103 274 269 21 119 129 192 251
165 275 188 183 233 90 114 137 165 90 70 466 136 1 95 447 147 246 114 258 160 4 266 94 193 225 124 4 126 102 42 249 72 166 164 17 218 226 96 85 132 210 240
505 994 29 94 212 291 298 73 90 261 68 282 64 35 225 183 0 43 47 83 150 176 39 177 275 29 60
25 104 119 137 286 262 247 55 160 123 164 139 92 97 192 30 89 65 32 210 167 29 34 226 214
41 128 143 247 416 94 131 191 273 32 295 130 32 296 292 295 51 219 227 296 296 880 213 61 252 265 226 654 93 277 61 220 10 134 184 192 143 41 13 66 35 269 268 124 17 174 260 226 54
128 180 38 124 175 225 299 58 149 225 54 54 10 252 654 265 289 638 89 163 226 830 101 880 213 23 124 67 67 18 194 3 459 228 743 892 319 354 77 324 280 17 270 819 58
798 24 49 57 188 20 55 125 206 33 146 88 55 137 88 137 98 233 170 969 229 13 84 84 465 141 135 283 84
393 65 218 275 101 412 264 823 101 251 598 264 177 162 143 89 271 222 499 923 110 167 19 48 203 102 108 246 188 175 255 96 34 82 213 39 145 271 211 236 158 84 36 229
177 246 20 48 165 182 227 50 93 131 603 131 93 949 48 603 153 106 48 964 278 69 847 245 93 109 197
994 249 261 238 286 897 193 386 286 897 286 286 193 193 730 244 972 727 340 806 287 399 259 172 217 201 37 127 61 185 239 257 94 24 279 165 101 103 294 251 194 183 160
652 15 46 67 148 190 165 103 176 265 57 289 235 128 238 285 160 67 162 44 213 19 197 262 201 59
4 132 180 259 74 897 677 897 238 897 206 206 897 193 386 734 399 340 784 263 322 288 727 244 259 95 65 143 252 197 169 105 78 276 212 279 70 76 86 140 246 166 54 151 84
237 292 75 176 245 193 39 193 44 54 240 42 54 156 39 193 168 3 141 58 89 84 84 465 135 187 67 256 227 259 173 15 266 247 210 197 242 292 41 205 140 269 180 98 122
135 145 193 3 25 137 109 97 228 62 29 75 233 131 40 230 185 147 132 196 12 165 158
31 158 929 220 695 81 108 66 695 147 289 400 226 57 66 188 689 380 128 45 904 273
84 186 152 425 114 138 284 284 78 578 836 88 127 25 186 270 743 17 892 280 66 271
120 142 195 203 292 88 353 25 111 240 353 240 232 66 77 58 122 354 836 67 743 819 226 228 186
193 212 257 4 260 31 7 571 235 618 7 571 709 452 55 503 148 298 132 75 253 70 285 26 386 247 836 88 92 276 98 98 292 88 98 270 459 58 226 819 186 892 17 743 836
86 191 197 204 240 766 426 39 811 751 348 671 766 72 417 160 156 222 156 650 288 69 176 144 265
416 125 261 290 538 159 538 262 133 455 159 361 657 349 305 246 284 551 188 313 64 201 276 454
4 35 760 142 246 185 185 293 606 606 330 101 654 252 638 265 89 278 93 18 226 89
500 767 798 286 333 823 147 264 333 598 333 823 264 333 614 89 89 110 222 48 167 135 280 923 79 537 838 963 838 503 275 528 79 88 232 428 119 155 357 286 764 276 122 73
416 917 274 8 231 113 97 43 146 25 290 18 137 51 76 9 70 58 112 134 40 203 223
27 197 280 84 173 2 274 293 140 63 99 13 149 76 154 263 88 86 174 93 97 139 177
76 98 271 219 231 234 148 279 31 140 144 252 292 34 186 254 280 67 272 103 12 293 264
945 23 125 158 159 89 272 2 274 160 16 171 219 288 97 175 133 213 183 83 197 264 245 85 216
17 133 154 191 193 275 171 54 58 275 43 110 208 185 148 191 288 74 108 296 88 236 44 237 36 126
219 213 146 112 16 139 194 234 107 181 35 191 100 203 117 269 188 52 82 251 282
505 767 12 67 105 139 180 176 216 119 112 87 129 161 67 186 27 103 199 70 197 56 246 39 84 16 139
87 148 247 8 58 239 56 10 127 272 174 298 270 145 39 291 129 104 140 35 183 194 52
994 31 58 199 71 209 58 108 172 156 131 240 46 227 267 118 238 76 49 261 257 148 139 56
66 160 230 5 251 187 64 248 271 6 82 229 245 219 49 126 0 168 280 127 93 135 18
393 987 46 140 267 6 144 159 202 185 73 281 3 138 241 45 252 240 290 68 238 48 120 121
39 57 71 283 100 94 293 240 115 241 106 86 253 51 255 220 216 78 38 270 215 217 117 8
416 37 72 91 140 288 275 66 39 156 290 194 4 232 208 112 273 237 174 289 151 116 154 173 21 32 114 104 4 212 55 230 35 46 203 41 237 287 126 150 69 215 75 170 223
505 74 127 139 148 2 154 246 299 110 268 116 127 254 84 168 112 21 181 86 4 220 259 103
663 22 419 561 134 270 89 561 539 134 89 89 228 122 354 743 77 186 271 459 819 269
635 15 53 182 162 245 198 242 38 258 139 14 110 256 266 192 101 150 32 64 57 215 128 204
538 28 53 105 162 249 78 7 243 123 200 206 269 229 31 70 113 275 145 278 122 34 201 266 92 9 0 212 143 150 179 30 215 161 257 185 31 77 160 208 154 186 163 18 246 168
29 51 99 184 210 228 48 208 263 178 36 170 87 172 97 121 33 30 187 14 151 271 26 220 207 282
135 136 228 229 505 66 257 493 771 212 370 846 212 505 148 798 500 503 4 503 162 531 240 110 281 261 759 244 91 23 205 131 257 81 86 22 36 188 95 21 142 288 88 60 19 80 109
15 75 99 291 181 171 58 115 282 229 174 148 222 55 200 275 258 98 192 238 230 110 24 108
276 121 58 52 196 36 66 276 214 297 255 294 124 96 177 289 24 39 28 79 265
13 183 243 263 241 239 229 262 5 295 167 188 191 186 122 250 272 173 22 145 93 132 251
56 152 168 238 287 167 86 216 12 221 239 262 238 276 61 96 286 76 125 268 212 269 69 164 130
63 297 119 178 93 148 80 29 27 268 280 243 149 101 258 22 225 67 235 24 158
21 177 190 298 660 276 41 598 660 598 682 84 600 664 492 30 50 279 241 506 264 672 736 585
204 58 225 202 160 275 211 55 180 181 197 143 138 257 276 26 44 297 277 102 7
85 157 185 55 126 66 292 270 104 266 112 122 207 219 175 86 151 285 286 111 220 259 106 288 198 126 164 186 210 278 156 96 216 88 24 10 116 244 136 78 59 145 262
416 141 184 230 129 97 218 62 192 50 240 202 18 212 260 136 76 59 32 167 49 92 195 217
44 73 250 652 210 281 349 182 221 221 789 939 813 789 335 789 813 182 57 459 106 666 288 116 863 112 35 208 10 102 267 827 102 76 35 10 908 226 67 271 459 186 836 77 17 228
1 136 142 158 265 296 98 99 297 80 438 17 789 349 17 9 939 243 57 863 857 666 110 106 400 974 683 288 206 3 44 176 202 242 193 118 97 17 121 138 231 38 272 45 248 166 164 128 190
2 93 188 272 152 276 30 112 43 259 107 162 164 260 91 92 24 114 106 16 74 113 188 21
141 288 77 222 106 233 116 298 90 43 129 12 225 174 282 273 152 51 258 209 219 110 18 51 188 50 12 26 266 98 194 280 28 5 120 9 59 256 180 179 13 214
13 153 213 155 168 270 201 258 135 61 234 83 290 197 4 183 235 184 181 205 93 85
58 74 110 290 117 178 61 232 141 113 213 171 250 118 147 70 31 88 27 34 84 5 75
129 59 175 294 222 83 233 180 113 266 8 174 82 198 284 282 79 261 38 211 99
945 134 196 836 293 494 462 494 494 494 172 355 312 462 263 17 435 527 165 203 23 49 411 283 38 173 249 119 195 244 176 276 16 79 261 150 104 39 65 253 85 286 17
31 209 250 32 253 19 172 82 62 289 193 15 13 174 52 130 33 212 36 54 90 264
8 77 91 103 245 21 88 187 286 223 41 108 114 198 129 51 248 240 244 84 121 134 124 45 25
4 195 291 47 72 197 207 618 31 110 709 31 709 709 503 55 386 96 253 82 31 75 172 234 245 132 12
61 939 928 355 541 541 939 59 928 283 148 203 49 244 338 333 23 813 165 93 411 138 293 177 215 196 70 90 287 96 146 114 268 48 104 76 65 113 213 250 112
505 798 114 164 253 34 245 213 250 232 7 228 261 121 20 144 252 15 274 120 77 2 83 101
65 216 283 143 215 181 28 238 168 187 260 120 268 37 273 115 292 67 55 71 259 286 248
124 182 221 225 43 122 113 137 47 119 127 211 232 22 271 155 173 126 0 21 239 221 26 42
61 161 171 282 122 99 47 101 209 0 211 277 255 16 144 1 67 291 278 97 238 5
416 10 11 45 80 104 203 220 40 41 271 78 195 54 199 144 161 104 192 92 269 45 38 1 206 183 73
135 154 136 176 206 144 189 242 175 186 111 150 21 157 233 274 296 38 133 173 238 35
635 140 266 243 138 279 235 100 26 176 32 173 168 103 257 198 114 285 73 177 193 187 130
16 160 274 261 241 185 81 145 44 258 229 239 148 99 34 70 195 41 149 175 280
87 91 201 1 170 223 252 190 101 297 47 237 115 201 158 139 296 10 103 2 236 86 224
105 226 240 270 138 219 187 211 274 76 91 133 52 75 212 196 107 226 224 148 57 245 164 223
87 166 855 195 664 622 664 191 340 189 94 340 459 66 228 892 122 77 354 280 743 269
203 280 235 79 64 70 215 287 265 156 41 157 284 123 112 111 288 11 91 267 171 86
500 992 49 57 91 116 35 35 781 35 35 603 11 976 172 273 976 201 248 210 184 165 266 250 219 451 174 52 49 76 153 68 72 48 103 39 128 155 96 234 196 97 229 64 105 25
416 41 71 206 224 153 109 57 10 265 224 249 96 131 0 181 221 230 244 196 48 174 152 25 19
89 288 273 40 155 78 182 125 243 298 22 0 67 145 213 179 13 150 230 141 227
500 88 253 266 75 198 262 257 122 1 284 293 226 30 94 160 279 240 263 57 32 165
8 234 928 312 355 532 287 153 312 761 539 747 644 145 683 34 215 940 131 692 494 564
90 202 108 5 151 274 173 206 260 163 188 275 11 210 257 44 252 16 256 229 218 162
393 7 275 249 116 77 194 285 67 223 149 201 26 58 98 99 18 17 89 179 176 78 81
212 226 163 164 102 288 189 210 44 142 287 28 295 103 244 31 229 105 93 19 73 198
627 61 83 189 11 236 169 144 25 197 10 154 78 218 52 199 104 280 158 162 159 185 167 5
627 90 248 279 224 283 26 172 49 77 299 46 205 239 262 148 245 158 83 21 48 244 74 58
180 288 245 30 266 232 175 223 188 148 127 244 56 101 218 202 273 181 229 163 196 141
70 101 175 275 14 175 29 123 58 70 234 38 85 90 261 187 192 276 275 189 130 126 61 65
198 295 197 45 162 152 27 13 266 60 173 290 47 267 198 96 181 168 222 136 218
652 69 78 133 173 232 260 226 60 50 64 140 248 133 63 113 52 4 28 294 34 77 258 144 274 235 198
29 47 209 221 259 188 220 121 110 183 221 290 126 96 247 258 113 92 138 225 184 231 259 2 54 204 87 275 281 48 220 93 199 175 166 20 104 160 165 239 5 280 115 225 120
81 191 250 294 297 244 246 253 156 254 274 31 271 21 232 143 110 186 80 11 20 189 291 174 161
945 31 139 175 201 136 58 11 87 292 9 83 248 0 224 185 51 260 238 178 62 20 73 63 133
7 9 254 277 242 238 290 170 134 42 240 165 33 197 297 65 285 204 262 70 108 222 99 9
168 195 205 260 205 43 131 13 226 280 221 194 198 148 44 154 113 202 200 170 152 245 52 227
798 19 79 166 220 205 122 120 186 44 215 78 280 106 189 46 7 26 219 81 173 211 246 225 266
994 8 11 296 17 15 71 44 217 175 139 195 96 251 226 145 26 147 149 106 4 285 1 268
122 166 292 180 126 161 26 221 110 253 234 231 264 62 181 211 13 245 218 272 94 107 190
171 191 298 120 156 243 273 270 279 139 144 287 12 24 253 44 188 76 291 4 294 238 170
2 30 73 152 281 24 121 193 65 191 165 103 30 245 289 223 277 146 20 93 35 105 9
176 209 216 19 228 101 155 98 103 257 7 267 39 110 235 158 47 178 139 81 254 180 6
4 73 166 259 288 292 278 2 230 41 275 137 188 55 81 51 163 114 123 155 184 132 154 269 237 94
12 23 112 141 265 218 162 229 205 294 124 171 253 164 263 225 166 107 178 260 233 268 30 62
14 83 100 222 292 213 22 293 147 228 163 260 46 168 225 247 204 69 244 16 124 157 258 82 38
416 21 275 262 289 39 140 229 78 185 160 272 236 253 127 163 104 121 60 124 125
766 892 2 123 151 210 255 43 32 174 21 171 94 194 202 113 146 136 2 286 249 192 271 168 56 96 41
416 892 167 14 218 279 22 90 24 154 167 96 274 98 12 255 134 254 99 26 228 38 288
133 235 252 294 42 84 12 287 182 223 121 107 185 286 178 128 74 277 85 285 130 8 201 296
798 32 167 170 85 160 272 14 95 205 1 168 249 213 15 153 162 32 258 146 87 107 226 231
137 184 284 185 142 115 7 277 44 12 274 212 14 252 294 87 5 217 219 137 184 57 90
117 207 217 313 216 108 269 159 110 145 141 290 222 56 80 153 206 27 47 195 285 138 93 52
410 16 190 282 188 35 178 19 158 169 252 37 36 110 277 222 295 27 197 84 41 1 78 3
138 193 224 270 234 57 251 85 161 212 197 22 226 201 180 122 24 253 10 131 288 16 29 73
500 74 193 100 127 103 119 271 76 240 40 156 104 71 132 145 290 111 185 257 239 45 62
178 224 60 139 51 76 170 208 147 279 190 152 6 23 165 28 5 26 47 33 4 91
667 30 166 120 520 39 177 520 751 348 946 811 811 811 177 128 176 156 417 423 222 650 865 829 222 253 30 142 251 278 147 250 230 217 235 28 25 122 237 283 299 295 193 195
992 1 42 95 188 193 298 140 238 234 198 206 162 255 93 124 185 16 114 288 98 121 64 243 262 293
113 242 269 134 174 57 250 279 42 9 167 122 114 153 143 256 272 70 60 31 150 168
413 42 187 196 244 23 120 158 498 73 949 723 101 406 788 342 836 859 106 314 288 339 857 869 459 439 611 508 350 859 909 951 350 323 661 743 122 226 952 271 58 280 77 228 676 269 270 481
453 98 215 246 252 282 21 264 259 202 250 22 160 256 59 89 247 216 152 244 30 2 70 37 126 286
798 138 197 258 114 104 104 834 143 94 282 293 57 834 94 660 653 361 771 623 279 928 924 166
53 131 99 793 752 498 317 498 99 99 317 356 356 976 572 192 259 254 744 34 710 56
892 36 89 190 19 192 203 271 21 183 7 32 108 273 293 133 78 268 253 135 295 25 116 68
