78 171 905 19 43 67 283 14 51 99 211 260 487 250 33 927 724 13 698 519 128 680 351 579 982 503 161 832 892 979 146 256 570 265 94 176 222 235 240 55 234 106 83 248 56 275 64 111 115 31 273 98 48
10 45 57 116 225 661 62 179 204 532 312 826 239 239 699 826 38 38 811 811 97 934 504 253 215 504 93 24 122 93 212 27 31 7 65 194 190 24 128 53 267 89 2 179 94 142 68 198 15 280
593 923 50 90 385 647 786 161 914 794 794 916 663 336 663 294 336 3 876 753 735 932 158 311 466 311 248 663 152 168 53 129 191 243 189 265 281 145 164 30 89 96 173 188 74 167 217 146
923 40 64 77 274 102 158 140 289 177 72 53 290 70 221 284 39 92 88 157 206 162 165 195
8 93 111 136 188 150 161 248 151 245 123 296 257 278 100 225 73 125 222 180 251 263 282 120 213
95 149 230 298 385 222 222 929 114 114 131 244 244 27 796 174 136 522 618 809 190 191 41 240 253 190 15 141 246 173 154 192 103 115 117 251 20 7 95 184 187 244 221 9 114
2 23 57 168 200 214 425 135 151 246 92 59 165 102 53 138 207 82 144 272 189 219 81 44 97 99 284
593 7 28 191 240 293 12 55 279 282 186 99 163 258 140 259 188 179 81 185 285 275 181 166 164
82 165 296 30 48 86 235 79 298 124 226 49 214 42 65 83 283 76 144 51 132 167 106
131 385 561 513 466 466 3 916 663 336 3 3 663 294 466 256 466 905 150 995 59 999 677 211 53 79 244 277 124 224 291 189 57 284 187 178 99 183 47 8 113 210 60 116
612 19 110 294 163 285 170 207 76 172 173 202 291 7 218 211 246 281 180 99 217 277 248
142 288 291 299 116 175 927 13 832 570 927 570 146 115 256 272 267 778 192 295 438 466 42 94 982 258
561 786 211 982 146 146 832 570 570 146 892 982 13 982 256 115 982 143 466 192 122 778 438
14 66 157 257 300 899 207 207 899 559 427 37 770 395 672 302 127 292 476 270 111 260 94 521 725 8 34 158 78 280 252 75 37 125 171 110 141 269 51 186 56 15 283 189 31
79 164 832 13 146 146 979 256 256 982 832 13 146 927 42 143 332 141 342 164 267 122 292 101 180 255 61 128 296 118 47 42 48 6 160 198 167 133 256 74 162 111
142 225 236 118 248 92 34 188 197 116 68 117 185 220 150 37 47 223 245 7 190 154 115
32 77 102 188 190 250 299 143 142 274 167 230 298 271 129 29 18 266 69 287 94 246 117 146 185
115 270 87 159 286 21 121 1 91 80 198 185 210 38 248 289 278 147 295 125 237
52 104 513 150 212 255 663 294 256 914 294 466 3 914 738 336 466 738 291 677 732 477 150 466 490 905 197 54 119 93 143 8 73 21 35 98 213 156 220 27 174 37 262 179 95 186
135 264 55 224 184 149 0 134 296 164 105 232 198 288 265 29 41 203 60 249 280 145
17 133 140 178 513 75 83 110 262 513 169 523 812 478 169 507 296 56 478 296 507 238 875 21 600 570 6 219 64 194
570 61 147 229 364 79 200 128 154 90 202 158 832 128 272 778 164 342 122 51 267 438 982 657 6 204 273 295 244 47 19 1 170 121 181 223 191 17 81 165 189 80 239 104 146
731 43 80 153 224 34 466 466 336 914 794 916 294 3 256 168 490 905 311 732 59 677 637 211 217 150
425 972 631 930 631 309 353 245 245 6 721 245 185 223 671 776 454 342 182 121 76 290 213 185 99 265 5 105 189 221 266 297 276 206 193 259 197 285 44 55 175
11 63 166 249 114 160 204 198 245 53 213 148 289 227 41 153 94 126 258 50 54 210 70
20 38 189 205 269 293 298 93 147 532 180 252 252 252 149 239 33 164 180 159 100 180 6 122 466 51 342 488 258 332 194 80 206 246 43 146 144 119 27 90 270 139 61 41 117 217 284 108 249 177
118 532 182 190 209 296 648 56 228 523 507 805 109 600 284 872 279 875 511 116 6 29 64 21 238 65 287 193 153 277 84 15 39 185 233 183 283 50 221 30 224 244 248 110 18
41 73 239 37 158 283 232 188 173 281 229 133 103 111 180 162 209 184 156 94 52 138
24 144 155 162 147 176 174 73 290 57 115 239 62 267 83 36 184 50 103 160 138 127 162 260
612 226 131 27 243 244 238 189 263 215 19 93 203 248 220 38 235 83 120 191 222 169
839 130 233 612 87 150 219 228 805 507 169 169 296 56 812 523 233 511 29 109 194 6 600 875 238 872 570 232 124 252 76 112 85 98 214 129 109 268 249 19 27 125 108 242 246 88 68
151 254 385 552 662 634 552 56 634 633 872 662 634 511 662 25 225 58 477 79 247 7 590
8 31 113 532 286 79 147 175 22 145 108 101 28 24 277 251 159 199 66 1 5 43 254 163
196 245 274 300 172 166 292 186 138 101 59 180 10 260 269 234 81 13 268 190 286 131 23 102
262 284 212 60 178 6 266 161 67 236 100 244 46 195 173 76 94 200 72 224 99 11
731 186 207 267 186 266 31 244 222 172 250 273 290 71 256 175 113 107 11 74 54 100 80
31 94 229 279 154 131 35 202 126 184 61 182 25 163 76 12 26 298 221 282 2 29 247 155
16 64 83 86 187 207 275 27 297 250 162 23 234 50 35 266 209 49 121 276 133 299 210 180 18 231 286
75 108 18 52 12 291 3 194 142 257 225 283 94 40 7 199 269 115 204 157 34 171
70 85 43 212 197 44 201 245 74 232 159 199 110 26 260 253 142 144 96 81 75 51
22 102 180 212 275 385 88 253 91 4 296 35 256 21 49 130 83 200 39 74 173 79 238 71 82 219
25 97 253 100 107 68 248 210 217 268 271 2 230 142 108 97 12 240 76 243 14 275 274
612 15 133 150 162 252 264 295 130 132 241 109 109 68 337 40 337 337 337 117 292 117 117 311 150 637 168 217 111 417 687 207 69 137 146 32 127 164 227 135 203 19 229 181 125 103 158 68 147 257 73
570 19 115 119 109 134 134 108 132 21 946 95 219 272 81 224 83 66 92 10 611 88 39 292
244 385 765 160 14 217 7 293 14 361 293 342 361 173 258 438 778 466 999 332 272 242 233 206 112 39 121 7 246 178 103 263 68 254 236 261 289 102 285 148 213 192
731 5 165 228 245 249 90 173 405 430 200 255 260 570 250 260 258 260 255 200 200 436 339 96 118 79 137 125 97 552 123 11 202 144 175 44 201 76 102 50 47 134 36 27 250 51 113 5 139 45
612 87 183 292 29 242 84 90 265 248 102 170 245 296 183 51 26 180 141 207 44 272 257 41
14 64 84 130 293 146 273 270 56 280 117 95 78 257 170 88 4 285 232 165 250 28 26 46 99
14 17 257 295 478 507 478 648 296 478 228 507 56 478 648 478 64 151 233 221 29 875 21 238
19 66 275 74 275 74 43 260 196 163 12 217 111 311 69 490 59 677 417 922 687 905 153 224 285 281 91 148 263 4 29 154 223 252 264 274 198 134 152 186 92 105
83 425 23 209 263 631 434 245 6 930 721 631 257 255 671 282 758 454 63 81 171 251 342 182 223 160 10 196 81 55 279 85 70 120 165 103 41 50 130 202 95 111 35 198 249
15 106 125 272 166 34 54 51 281 277 110 280 112 252 212 144 65 250 74 100 130 90 2
19 119 291 248 20 47 292 293 144 130 23 7 46 236 150 66 271 188 31 27 184 90 79
7 95 118 262 32 57 61 82 180 222 238 291 930 721 930 631 6 353 245 930 721 930 434 721 171 182 121 342 255 695 282 76
70 90 159 213 353 309 6 721 930 6 309 245 632 342 121 671 695 63 282 81 758 191 251 255 124 38 100 227 185 122 85 83 159 11 48 90 138 134 128 102 289 44 284 68
0 2 158 266 57 202 164 118 293 171 48 116 122 194 294 188 16 75 201 253 298
570 209 252 295 296 39 235 137 56 176 15 168 220 295 114 266 131 100 191 51 229 288 129 126 254
158 207 233 241 173 134 118 153 72 149 151 284 22 50 240 282 194 298 279 70 129
222 9 121 766 739 766 510 926 926 337 795 111 69 687 490 311 211 732 177 150 922 168 466 268 227 192 17 146 16 22 284 56 1 97 50 293 249 79 243 195 28 44 96
31 116 136 72 102 134 863 172 896 137 327 172 606 227 23 111 288 41 106 252 52 989 37 73 36 240
85 136 158 211 641 641 944 223 747 448 279 919 747 202 919 337 687 69 534 211 905 466 168 637
786 67 190 430 532 944 223 202 448 919 159 159 342 448 448 876 178 732 677 59 1 905 922 168 687
21 162 209 630 273 192 835 630 630 677 310 192 86 826 524 447 238 51 232 33 267 27 7
32 39 87 239 385 730 107 45 15 45 913 730 189 875 189 191 191 201 922 121 63 0 285 678 235 174 34 0 116 192 102 154 13 184 45 21 6 98 245 40 201 239 159 105 190
612 27 84 223 233 32 52 68 97 192 930 632 631 353 434 632 6 930 972 353 251 454 758 76 76 671 223 342 171 121 221 154 159 157 258 39 32 3 184 254 224 28 273 2 111 213 299 86 164 119
42 207 430 262 199 109 294 192 58 213 272 281 29 176 100 283 261 103 280 195 208 108 285
9 48 54 270 228 184 70 7 236 101 104 173 158 160 10 84 4 233 207 8 285 256 180 0
50 78 212 286 385 106 643 643 283 280 220 643 159 36 36 190 253 39 11 181 987 162 11 246 809 41 153 23 161 167 287 276 257 145 105 182 31 96 265 33 289 163 233 282 82 218
80 186 229 235 425 532 59 237 222 36 193 3 1 60 194 268 221 111 146 251 162 181 253 247 972 809 46 39 106 291 31 79 12 278 194 266 146 49 192 161 285 24 184 62 21 242 164 187
221 296 427 133 254 121 32 29 226 158 159 225 120 127 244 31 26 148 234 150 119 156 235
10 51 155 210 68 220 28 179 94 235 252 188 37 113 299 249 241 82 268 283 42 121 96 109
612 116 192 207 221 43 150 139 200 290 289 132 206 192 26 205 253 258 58 19 163 85 223 109 28
9 29 105 266 78 183 61 82 154 16 167 241 69 253 66 288 116 204 260 169 39 192
839 14 22 106 157 163 237 218 44 131 139 129 181 163 35 269 115 17 107 243 277 244 135 285 288 95 151
11 41 119 241 103 231 219 279 172 258 98 220 67 113 188 27 0 59 89 236 114 147 105
6 11 40 180 279 104 124 126 153 220 233 241 297 721 434 6 245 721 6 972 632 434 353 758 171 121 282 671 251 454 685 255 342 57 173 212 282 239 32 160 234 67 5 222 156 283 186 38 171 287 84 19 297
112 125 427 41 4 164 116 298 287 61 125 49 39 282 244 114 106 165 198 216 46 296 219
57 64 121 153 262 291 430 532 805 478 169 812 812 805 228 109 26 151 64 12 284 600 247 511 233 116 238 31
173 190 217 264 302 494 494 634 494 80 819 236 129 236 687 417 1 340 922 177 111 677 905 534
35 44 84 111 189 267 282 284 425 5 148 71 67 43 232 67 67 41 279 494 27 106 989 52 36 503 219 73 37
166 21 644 150 217 281 261 183 987 251 246 11 216 41 146 111 46 39 907 162 253
28 161 203 430 819 359 524 261 2 287 261 340 417 217 354 211 311 168 466 1 677 732 687 905 88 30 67 68 176 97 195 282 49 26 8 286 145 166 3 223 279 251 77 277
31 130 148 196 117 54 150 26 134 36 170 72 23 141 259 110 55 165 276 62 19 112 58 285
156 188 196 236 228 117 54 148 44 172 230 59 65 45 75 269 23 266 14 48 104 11 251 278
155 250 253 284 296 27 252 260 138 113 32 138 113 428 260 138 138 867 428 342 42 778 466 908 760 242 164 290 234 184 101 153 33 65 57 27 1 52 165 113 67 178 0 279 230 90 40
53 168 283 291 385 276 200 126 226 84 162 81 102 229 75 27 78 262 141 132 259 2 172 73 90
198 247 590 839 118 121 283 632 632 631 6 632 721 434 721 353 81 257 186 251 454 282 577 121 171 76 255
654 39 228 249 427 532 113 153 157 480 224 581 203 153 165 211 235 924 824 285 712 121 293 63 678 201
26 46 223 385 108 577 3 182 435 924 530 435 340 905 677 354 69 168 150 311 340 650 111 177 172 83 216 85 220 298 125 169 143 108 122 225 154 102 22 211 167 286 127 76
933 99 200 226 272 75 115 189 219 238 270 53 183 257 183 919 355 248 183 521 553 995 127 88 59 264 95 257 722 199 55
245 253 892 354 695 892 466 113 892 113 354 218 285 261 664 121 42 235 0 345 216 159
612 168 201 294 310 677 310 196 835 630 196 232 33 258 861 826 86 7 146 743 26 267 447 903 118 30 160 149 155 289 273 54 138 234 114 117 260 75 223 193 177 299 36 127
5 92 280 100 202 193 185 168 269 220 2 271 25 35 138 209 128 27 290 108 12 296
197 605 7 105 249 295 907 202 505 119 119 164 505 70 202 340 150 111 534 168 211 417 217 650 69 687 232 16 297 174 125 274 255 90 238 38 282 67 117 63 175 239 233 39 55 33
6 145 430 118 134 478 523 56 228 296 478 169 812 228 478 523 296 221 600 63 872 151 875 247 109
26 148 206 269 425 476 919 259 650 772 11 660 708 565 196 63 42 922 824 345 285 293 216 330 712
261 296 478 523 228 523 812 507 648 523 169 478 116 233 238 872 284 221 247 151 875 183 167 35 150 5 284 13 115 267 18 231 279 178 19 12 122 36 57 214 68
65 283 49 149 150 122 275 98 64 155 40 103 143 248 23 130 209 21 237 16 0 52
95 206 274 251 41 27 99 63 104 46 202 12 260 265 57 228 56 269 8 33 223 259 17
933 28 142 241 130 97 285 237 185 276 127 44 12 129 52 240 181 256 252 138 144 177 68 89
9 42 62 71 94 150 174 229 235 15 437 15 120 120 251 942 277 437 104 15 437 211 150 340 466 677 111 168 417 136 82 142 84 94 287 251 140 88 248 111 65 6 55 150 211 180 196 194 18
984 13 212 296 511 872 511 634 634 552 634 921 662 633 274 264 273 225 150 209 477 772 265 837
99 246 427 158 259 220 287 44 92 210 140 265 67 123 68 277 72 48 217 126 145 160 269
47 159 235 198 209 214 972 353 632 309 245 631 353 353 434 972 191 63 671 695 342 81 66 251 255 282
169 229 257 385 523 478 507 296 228 812 478 805 233 238 755 64 872 109 116 21 31 12 29 284 205 133 93 240 143 197 291 112 179 193 82 0 79 249 137 95 294 242 239 189
73 136 290 296 523 648 478 296 805 228 169 872 29 109 116 221 247 26 511 755 284 238 151
56 90 159 202 213 222 243 812 812 648 648 228 169 507 648 507 812 29 151 26 284 872 875 63 64 12 233
76 108 155 212 296 812 507 56 507 169 478 523 478 600 284 238 12 755 233 247 21 26 875 872 4 47 151 273 174 294 65 75 17 213 285 240 270 206 155 88 189 283 73 251
102 162 49 60 220 425 296 169 648 648 228 228 648 523 228 296 296 648 21 31 247 64 284 151 872 875
1 131 298 462 415 905 228 420 899 716 725 415 932 41 216 46 809 39 11 190 20 987 246 302
115 148 178 462 850 275 182 308 308 189 189 949 427 634 667 457 125 381 137 381 455 701 79 86 293 82 255 116 27 141 249 53 207 2 244 238 176 5 166 269 223 208 124 258
1 274 291 285 229 185 65 152 122 196 137 188 191 88 210 176 183 52 55 277 226 50 290
612 53 90 173 261 270 272 274 425 65 124 346 493 846 161 428 428 225 225 428 161 736 736 211 754 340 677 150 650 534 687 139 292 125 103 44 91 62 17 230 126 14 287 29 131 47 159 267 214 174 145
612 758 43 32 987 945 43 987 945 921 43 124 115 454 294 464 350 153 445 211 912 298 281 175 71 166 220 268 148 58 142 287 35 115 84 238 137 129 209 243 255
55 67 139 160 291 303 202 138 28 172 52 198 239 83 185 215 210 283 3 291 151 98 107 124 55 218
97 135 385 25 134 50 296 109 202 264 142 265 16 270 230 96 245 241 63 122 226 97 223
896 60 88 89 112 127 193 205 186 54 87 227 51 152 79 252 77 213 151 142 134 183 125 187 19 205 16 169
133 160 132 61 222 149 51 174 271 106 107 156 108 219 191 233 57 55 12 221 166 111
179 183 287 369 208 10 119 298 230 171 56 267 200 7 182 255 69 232 166 295 257 279 282 88
871 53 77 161 187 871 128 175 48 940 48 344 515 712 188 69 69 226 37 494 27 279 818 240 503 430 787 36 167 20 132 114 237 225 112 218 195 204 224 207 39 24 104 199 171 244 90 78
871 15 27 74 143 191 205 230 247 110 122 113 189 276 98 231 270 220 16 203 93 58 66 264 191 168 209 195
84 252 271 896 50 670 767 630 202 670 583 18 896 512 505 591 244 493 533 389 503 559 190 927 208
52 374 131 68 120 74 68 74 53 4 279 120 274 674 138 459 88 59 10 92 83 211 39 173 3 220 71 109 205 84 209 162 94 216 147 47 187 72 36 210 108 11
81 192 219 259 260 45 113 18 31 33 2 52 155 284 240 129 255 23 228 99 286 12 53 51 173
921 21 30 244 285 294 29 189 108 161 75 191 42 147 97 66 164 279 137 119 155 254 210 249 61 296
9 22 90 36 214 6 113 53 127 157 87 2 26 290 72 199 161 96 143 165 100 28
17 70 51 28 178 159 187 227 234 181 7 100 131 87 70 69 296 261 286 101 3 127
33 199 264 213 133 120 278 132 277 190 152 281 280 44 2 235 172 291 229 98 237 82 640 339 640 830 830 980 509 640 175 132 322 40 720 22 485 517 288 241 890 24
622 691 151 217 244 261 40 239 64 64 948 59 948 77 317 445 272 608 92 272 814 401 276 55 439 155 720 8 99 136 224 44 251 243 6 24 118 268 54 197 170 81 263 180 280 5 274 296
622 1 101 130 195 209 228 280 271 219 230 281 261 12 72 272 277 129 256 103 135 169 99 246 134 48 81 29
21 90 183 261 674 151 389 389 118 118 899 674 726 820 188 330 58 562 582 536 109 199 173 305
779 23 247 273 294 243 27 891 709 891 27 409 709 243 407 713 452 233 186 969 269 428 850 32 146
106 131 143 115 168 96 131 248 104 166 242 278 288 31 5 46 230 237 292 205 62 231 24
570 102 132 277 49 242 190 177 299 109 185 217 35 103 50 258 71 269 180 174 256 18 43 104
113 201 232 499 123 104 217 135 159 175 78 188 130 13 121 51 20 259 6 291 100 288 118 289
720 62 161 96 74 274 127 43 246 236 225 68 222 256 134 234 182 284 29 30 207 105
713 297 532 424 483 782 197 197 149 197 985 424 439 754 670 248 738 735 816 537 496 485 180 244 145 55 236 132 0 31 233 152 178 81 194 70 271 50 267 203 299 16 275
77 37 299 203 282 88 60 148 216 160 220 41 250 161 156 145 263 279 45 237 247
131 236 297 532 239 499 139 194 255 239 255 255 283 172 607 430 279 240 36 494 818 37 787 150 27 985 81 137 231 134 85 162 198 258 129 34 41 246 43 163 209 254 51 3 60 150
744 12 128 212 224 245 285 151 280 245 293 188 159 256 76 0 30 233 54 80 298 193 33 107 185 246 161
896 80 164 183 227 262 605 338 695 795 453 795 338 127 338 250 44 286 113 87 38 118 568 39 491 523
896 44 189 235 280 710 882 793 882 597 638 893 321 264 524 850 63 549 905 360 445 10 966 168 454
34 172 190 951 170 246 980 413 526 987 315 848 644 474 291 338 82 80 814 569 170 517 23 209 303 197 153 156 263 54 219 179 32 92 171 283 30 69 18 206 226 242 284 256 39 20
577 89 153 298 427 612 233 983 824 147 938 168 147 704 202 150 494 252 219 52 288 989 37 607 226 787 27 32 191 257 144 238 12 199 290 262 89 30 261 50 213 47 43 7 187 196 21
90 142 207 277 16 24 99 17 267 22 259 132 113 264 49 104 74 234 179 165 191 172 160 87
691 267 94 183 300 760 430 877 389 149 800 102 450 420 495 297 57 676 543 866 140 705
205 243 364 147 214 232 176 252 274 115 264 248 129 249 241 143 230 35 68 278 149 130 127
690 84 115 147 474 105 174 279 102 103 177 5 95 230 89 276 68 163 52 166 146 199 167 282 49
818 37 186 216 261 263 385 912 912 971 338 860 860 971 59 480 275 199 257 995 399 264 407 355 26 8 131
839 303 374 793 701 307 999 135 701 793 793 793 840 701 219 279 41 226 288 252 503 787 76 83 28 110 266 133 203 232 166 92 139 225 80 120 215 283 145 246 208 240
53 104 425 125 99 143 199 148 22 38 56 291 18 78 137 270 43 71 147 276 265 170 96
221 159 22 225 231 132 18 124 291 204 146 184 217 209 185 258 111 188 240 156 206
