182 135 171 252 2 92 108 169 290 96 720 988 663 26 53 501 396 715 445 23 779 316 441 354 4 500 890 687 979 513 173 167 707 864 196 342 942 101 563 330 179 352 632 762 521 880 955 437 645
843 3 131 245 258 1 298 873 990 763 667 763 264 667 873 990 166 562 562 247 283 264 13 667 230 305 61 66 116 168 199 22 261 133 160 48 73 121 272 52 3 297 197 14 291 273 265
156 235 262 282 204 293 203 126 259 85 118 37 242 286 241 156 102 281 141 148 205 123
110 243 248 251 293 217 51 84 292 16 13 81 197 35 262 211 143 213 82 110 167 74 249 265
848 30 80 81 88 121 228 655 34 45 82 242 383 788 452 640 735 463 383 137 38 795 499 85 90 236 208 72 187 384 892 404 8 278 106 202 137 283 230 217 81 285 38 280 246 146 11 265 158 223 130 213
225 279 231 259 212 246 164 144 15 62 148 89 216 17 267 75 76 173 123 159 265 270
223 269 278 281 179 645 352 955 955 352 101 342 342 204 54 18 284 503 448 383 271 204 75 84
66 250 931 533 254 683 533 250 110 414 148 70 28 981 437 93 158 981 860 150 781
18 35 125 161 179 342 342 330 645 880 880 437 67 503 284 354 204 75 588 54 723 84 98 173
91 96 133 269 696 412 321 696 574 295 696 266 323 295 321 465 500 0 163 173 76 79 312 657
50 108 119 132 276 68 183 271 191 222 207 145 197 0 265 267 134 181 190 250 228 40 241 91 143
20 52 76 113 115 172 238 645 352 352 342 645 880 342 352 955 437 955 342 271 18 219 67 511 106 173 354
763 169 244 465 295 574 321 266 266 321 295 266 574 465 696 813 574 246 151 160 0 500 188 79 50 286 166 67 217 179 78 164 262 73 16 14 136 220 146 39 21 76 4
101 120 58 207 267 87 97 66 153 95 79 142 18 229 285 255 61 65 293 227 242 138
70 173 208 220 137 260 176 39 159 276 3 55 297 25 203 90 126 143 162 37 271 18 280 275
127 132 236 553 153 290 112 218 64 106 287 97 81 295 217 243 173 236 201 273 83 196 240 13
115 265 193 267 216 60 146 1 158 139 266 101 62 248 39 79 164 74 262 257 286 166
149 254 533 775 533 533 250 533 775 6 250 254 254 290 93 237 168 150 939 83 860
34 203 2 237 133 207 197 232 271 287 221 112 248 169 187 80 162 74 280 14 33 193
87 182 235 58 23 103 87 215 7 38 0 66 81 250 53 208 129 55 115 174 246 73 220
111 138 167 210 227 262 204 80 128 216 185 33 205 43 240 207 183 105 236 239 95 91 233 297 101 208
86 118 277 164 295 262 119 285 291 292 25 264 65 17 168 219 29 202 181 12 50 250
655 123 215 153 152 109 176 208 26 194 80 77 210 44 76 249 88 35 217 248 23
95 185 239 14 75 62 117 240 254 67 6 120 71 191 251 96 90 219 56 45 200 202 153
64 127 272 553 154 124 160 37 62 58 95 239 93 99 225 186 76 241 164 179 136 97 98 16
37 78 102 106 137 292 250 414 683 414 775 110 110 148 93 206 860 939 168 423 789 290 83 198 805 699
83 106 176 763 19 44 72 269 296 655 404 214 735 788 85 463 452 870 452 404 870 110 73 270 414 93 771 262 134 253 101 101 955 352 330 330 645 955 179 271 309 502 230 98 176 284 190 503 106 84
152 193 196 207 267 290 173 179 437 330 955 342 179 955 503 190 502 173 92 131 511 284 271 106 84 98
3 67 135 160 194 274 302 553 655 101 955 352 330 173 352 330 101 880 173 84 503 248 219 92 98 176 190 54 502
278 280 30 186 278 19 152 141 183 44 122 106 2 188 135 201 116 43 217 163 169 83
110 209 213 190 168 168 126 212 298 168 1 290 202 853 765 33 285 225 102 20 212 931 68
8 15 44 135 199 145 39 185 180 280 187 152 190 298 201 216 40 89 217 163 250 207 283 141 13
44 101 170 251 64 228 7 206 220 232 68 91 101 123 242 196 188 2 276 284 72 50 36 201
60 153 227 232 655 279 235 22 79 165 237 183 137 146 215 225 222 202 6 256 55 34 4 169 236
23 41 103 121 188 252 82 231 48 289 143 111 276 276 5 846 657 493 246 89 139 813 21 284 140
288 91 45 165 277 232 197 214 5 136 103 36 49 169 74 27 278 217 151 238 30
140 114 270 24 283 72 145 254 244 272 289 247 202 198 1 154 182 141 263 229 20
763 23 27 258 110 6 110 254 254 6 250 110 110 414 533 206 860 198 148 699 237 168 74 423
762 14 553 263 228 166 160 123 0 202 251 73 44 22 232 277 165 43 69 230 187 295 191
206 234 176 252 29 103 118 138 63 91 120 184 32 26 205 113 67 100 234 233 95 75
762 0 54 106 165 196 273 560 545 37 772 745 772 545 560 70 37 560 761 65 69 125 171 771 72 980 82
63 94 129 174 203 246 249 297 55 290 82 79 97 134 87 502 513 127 151 97 224 657 453 284 246 500 813 276
801 26 207 16 20 206 256 593 593 458 528 458 458 717 129 717 493 271 81 768 44 165 967 156 197 863 609 880 179 352 173 342 330 955 330 352 98 190 84 176 54 355 511 248 24 503 92
70 158 265 46 192 100 77 154 196 267 170 290 261 85 151 258 198 150 98 79 1 96
4 32 66 250 290 342 101 342 437 437 437 342 101 645 645 342 503 92 511 309 355 230 98 176 173
51 134 223 230 203 14 91 203 66 5 66 66 293 272 173 710 138 981 286 46 283 659 3
145 191 244 82 72 107 58 244 112 94 83 97 164 114 90 157 120 33 162 2 151 188 239
116 156 172 222 210 254 296 298 75 284 151 77 250 268 49 110 85 36 225 235 295 134 123 205
763 6 70 243 248 238 41 75 196 85 163 133 294 154 226 239 266 99 34 60 244 185 119 138 69
179 190 414 533 110 254 683 683 6 237 168 150 699 148 860 158 343 437 137 93 805 133
24 51 74 775 254 6 683 683 414 533 6 250 931 6 110 789 860 74 699 939 343 150 93
762 52 86 220 88 242 46 121 144 252 187 130 104 160 115 291 17 194 131 34 190 152 90
40 182 57 58 148 383 640 788 85 404 735 452 463 383 788 134 253 771 547 139 880 509 93 97 892 259 9 258 220 112 210 216 66 133 171 221 204 116 31 43 299 240 115 288 99
154 157 217 236 655 219 27 55 180 6 280 78 29 16 13 111 62 209 195 150 164 22 28 51 205
102 145 149 169 222 655 64 249 177 140 135 54 3 172 18 96 70 163 132 112 285 298 206 258 219 65
13 112 129 228 139 26 48 152 95 43 102 168 176 116 248 19 267 63 297 37 178 138 189 261
62 106 185 190 553 252 15 132 147 298 259 154 256 100 71 125 200 93 65 141 111 62 177 249 202
763 62 70 202 110 144 278 296 68 29 84 10 259 298 32 238 67 62 172 64 276 18 94 224
117 162 209 79 34 34 427 166 155 905 788 226 34 189 651 659 3 161 268 173 710 287 281
90 139 141 655 263 593 540 458 467 493 593 493 717 39 156 14 271 165 46 609 967 863 91 217 271 271 153 156 222 37 173 83 218 167 100 170 264 226 11 125 50 221 225 169 187
170 213 68 166 32 151 132 286 45 142 104 144 59 78 231 265 246 255 157 293 126 268
46 104 257 244 153 114 246 175 177 2 226 287 223 258 282 279 99 267 298 203 209 150 47
4 185 211 223 298 14 206 255 104 187 115 29 179 83 120 93 53 194 101 95 65 284 273 122 48
108 207 236 284 342 955 437 955 880 330 352 352 437 645 645 437 271 309 106 176 230 248 503 502
178 209 266 128 259 53 161 158 94 76 201 236 247 137 90 151 56 156 216 215 217 227 180
49 67 121 353 150 207 262 238 96 0 189 106 164 188 165 254 8 4 269 83 225 285 251 48 89 154 68 143 287 220 41 131 270 39 271 16 58 134 199 23 67 19 97 245
92 176 224 265 248 27 16 287 13 272 91 182 64 290 294 14 21 285 126 76 172 298 9 66
6 39 62 120 164 274 187 230 202 261 178 282 75 37 205 201 26 150 287 78 121 63 22 124 107
24 26 158 262 655 119 190 41 267 298 192 84 120 229 29 135 13 22 4 113 243 157 276 138 193
5 69 143 65 106 201 20 109 221 146 299 212 92 237 6 203 239 3 238 126 34 61 97
14 37 161 247 429 262 145 84 212 149 220 284 10 287 251 272 27 130 99 126 16 290 218 90 61
74 261 91 76 7 11 68 115 257 119 117 231 168 256 133 165 232 162 27 71 286 209
20 110 6 694 6 694 931 775 110 533 254 150 805 789 343 237 290 423 437 206 939
22 121 129 211 105 152 155 191 195 788 85 85 788 383 214 870 735 788 85 139 253 384 880 892 670 939 97 270 113
763 96 24 762 43 196 118 34 14 339 34 241 215 243 174 74 31 117 139 253 751 100 242 249 77 187 244 52 125 268 170 181 123 136 195 183 60 255 184 61 179 76
2 67 151 170 201 210 277 178 91 98 193 176 291 235 123 166 257 10 83 61 161 44 250 14 116 88 146
56 228 170 255 193 24 295 78 201 107 114 101 155 189 116 206 291 203 208 191 278 179
763 41 123 149 155 52 145 299 23 14 213 297 200 105 199 21 63 66 73 296 221 6 161 203 121
762 175 201 3 91 37 127 266 76 66 192 42 90 6 49 67 25 118 261 101 143 231 165
69 111 193 281 147 8 66 96 198 232 6 54 3 103 224 155 181 199 137 29 271 90 263 240
23 83 262 20 153 187 383 788 383 404 870 383 383 463 383 788 137 113 547 384 57 509 139 110 771 892 2 298 81 225 210 270 198 134 50 120 102 187 111 267 297 218 146 281 65 171
159 78 121 114 178 138 48 72 55 133 250 17 173 169 275 73 2 190 117 90 248
67 65 383 214 870 85 788 85 383 214 384 813 139 113 771 224 253 110 262 137 547 39 286 274 150 163 231 144 5 49 153 25 24 212 52 118 1 198 199 270 112 185
242 277 201 285 43 143 77 277 29 185 93 133 265 210 175 36 228 290 226 244 132 269
229 299 644 185 96 16 207 261 175 97 250 4 25 254 168 130 58 15 213 273 166 72 221
191 931 110 533 775 694 931 414 250 250 77 74 150 93 939 290 860 133 237 789 423
8 82 102 134 241 270 593 141 72 221 75 123 122 262 247 14 226 299 97 194 271 260 34 59 115 153 172
237 264 284 207 182 75 42 119 116 174 63 142 122 205 156 179 21 247 148 255 84 214
157 264 655 91 241 251 528 528 458 458 458 467 129 467 593 717 239 217 768 105 91 364 197 44 271 156 160 48 277 13 243 165 296 9 116 39 171 222 87 123 221 248 238 55 98 61
45 124 270 655 18 125 240 429 655 85 870 870 870 214 735 214 939 253 224 57 137 771 262 270 113 384 892 813 890 182 284 219 122 134 141 224 107 136 181 252 119 24 257 83 178 100 251 203 295
163 278 50 196 32 15 118 215 280 180 267 290 155 253 56 151 65 45 274 9 251 210
135 167 762 41 57 87 207 222 154 194 187 71 272 71 154 272 154 202 89 226 143 117 830 31 263 215 74 293 195 85 8 70 63 273 131 225 227 79 159 247 188 170 292 233 143 288 95 265
102 217 285 212 120 23 208 208 125 136 0 257 231 0 188 139 454 493 349 313 224 657 846
138 230 270 52 128 198 13 38 64 220 69 194 121 8 23 287 285 231 281 27 222 20 12
5 61 189 238 280 289 204 201 74 139 0 105 101 128 182 70 252 194 107 152 120 255 123 18 219 297
66 141 201 264 272 294 955 179 342 352 645 342 330 179 173 219 248 230 309 511 502 98 24 106 271 92
32 74 97 137 162 181 49 27 100 146 282 261 260 231 293 73 222 144 9 133 169 71 274 126 177
139 218 131 70 229 77 210 105 73 230 43 133 155 141 47 158 140 196 166 284 94 241
169 931 694 683 254 533 931 775 414 775 533 683 805 150 552 343 699 137 237 290 148
2 69 78 73 227 204 50 117 298 215 107 232 164 158 209 176 88 119 221 100 280 134
763 20 34 81 280 164 279 231 89 243 256 179 7 14 205 78 58 227 275 188 295 216 241 202 11
281 291 158 254 165 253 32 3 101 241 15 257 202 30 4 116 227 58 279 282 63 192 299 229 1 3 104 136 82 51 245 117 258 262 134 133 210 249 25 178 116 285
184 306 216 37 258 130 31 139 19 111 14 243 171 205 249 15 165 193 94 289 113 170 155 225 110 169 279 151 95 43 188 261 62 122 207 44 8 183 40 210 236 16
58 174 25 134 68 225 242 143 272 72 45 281 101 138 168 200 188 278 58 235 227 255
183 282 38 264 224 150 248 256 25 92 253 162 16 131 219 243 193 152 11 118 138 268
18 235 593 704 83 745 37 545 70 560 772 560 545 772 545 771 179 533 785 510 963 980 232
108 190 289 202 256 200 163 192 76 250 98 181 132 147 51 232 175 15 14 283 177 43
156 267 837 89 193 208 276 280 493 476 540 528 528 792 458 493 467 467 467 717 81 313 768 271 156 14 967 44 545 70 70 83 37 37 37 37 745 560 37 545 771 553 179 125 235 195 963 637
843 114 196 24 62 146 61 267 42 93 265 98 53 58 127 120 173 171 175 219 139 167 35
105 111 252 763 8 118 91 120 85 86 85 86 86 160 91 293 143 271 31 159 74 412 71 253 751 830 250 775 414 6 254 414 775 775 683 683 694 805 343 148 206 150 74 437 237 290
10 105 203 205 205 99 148 68 287 18 191 246 244 95 298 104 131 211 121 286 63 105 60 40
153 216 250 256 531 160 131 47 232 106 229 104 239 150 118 174 205 64 223 74 182 263 151 13 258
104 109 184 231 296 127 98 123 241 71 78 68 209 290 162 277 269 33 100 119 298 225 111 193 266
17 45 60 107 135 250 150 129 62 13 246 125 190 83 137 53 240 23 222 186 273 169 133 288 61 234
152 247 39 56 198 192 283 7 10 133 64 110 65 131 156 265 46 107 173 154 269 293
38 49 223 270 107 159 71 219 94 291 164 281 142 102 133 286 16 23 251 74 11 6 106
6 24 91 155 593 284 97 176 134 191 0 13 83 145 207 161 143 288 193 5 119 237 172 164 293
848 218 131 113 194 3 67 250 172 72 204 261 98 126 144 164 212 8 201 92 28 147
131 170 233 180 75 283 173 153 152 134 49 192 200 65 113 78 151 297 4 46 31 273 53
206 239 242 290 30 226 244 257 10 269 39 220 234 20 272 15 255 149 125 296 120 129 156
31 79 196 104 870 640 85 214 463 735 452 404 735 870 383 788 224 813 497 262 509 270 892 57 272 272 556 275 721 280 272 275 556 556 89 493 159 201 551 64 813 246 140 224
215 217 274 299 593 455 48 2 695 2 113 695 695 182 871 455 17 714 412 74 117 100 215 31 830 72 162 21 125 287 33 236 178 238 102 163 288 5 105 220 206 167 95 216 154
295 535 189 105 70 240 33 91 247 149 206 102 31 72 228 150 182 156 123 283 93 84
763 4 18 28 58 124 133 183 235 655 170 29 296 154 185 94 230 236 180 212 66 95 160 114 50 298 245 254 141 222
12 239 252 231 234 296 239 127 277 119 227 158 255 76 216 238 285 269 228 299 270 266 30
31 58 60 220 286 233 225 144 43 294 7 232 210 219 138 161 33 292 12 185 18 47 72 263 4
51 96 85 463 735 788 214 870 214 640 452 890 384 547 39 771 57 139 813 270 137 224 286 142 264 46 186 141 217 149 143 180 24 160 192 260 37 69 232 275 68 22
21 23 103 850 430 107 808 1 1 357 62 736 728 240 269 792 146 261 982 850 186 969 428
16 18 50 127 68 100 226 282 81 257 88 280 79 293 42 98 210 115 142 206 73 204 270 16
242 299 5 5 770 5 545 220 679 732 426 838 68 675 946 765 512 796 710 701 926 709 414 250 254 414 414 694 110 775 683 533 726 608 463 206 74 860 290 150 437 237
59 99 240 21 29 144 133 197 52 158 14 96 115 237 182 85 26 282 100 177 8
116 182 224 293 239 141 234 109 25 122 191 180 110 16 156 51 129 76 82 155 159 135
286 130 180 29 189 161 656 616 938 130 50 538 454 551 657 349 493 813 188 246 846
109 144 207 212 539 789 992 166 992 789 166 54 992 166 0 905 184 420 284 61 635 64 973 186
63 171 294 109 200 228 213 10 9 275 272 48 127 24 182 298 61 214 163 62 247 97
76 156 33 38 178 194 818 567 784 26 567 25 843 117 139 830 143 293 800 243 714 263 253 554 287 145 88 254 266 141 227 5 130 262 290 185 7 240 32 138 94 22 259 294 121
222 265 682 153 32 601 327 830 957 957 629 335 153 830 313 159 846 201 140 89 139 188
37 71 117 220 273 553 210 125 327 682 864 957 864 974 669 335 89 246 284 551 201 349 8 813 454 188
0 31 32 251 52 240 71 281 196 141 138 151 9 182 31 288 56 103 283 43 111 218 76
45 168 178 843 97 169 198 735 383 640 788 735 214 463 214 463 137 110 890 253 384 262 113 547 97 139 939 330 352 101 352 880 179 342 880 101 352 179 173 131 525 24 219 176 230 54 503
55 105 113 170 251 278 292 211 268 92 244 133 262 126 234 187 98 8 60 42 97 45 16 204 139 147
83 144 286 170 3 139 45 103 197 188 112 200 299 251 165 153 6 100 242 58 37 27
149 161 20 25 155 189 655 458 593 717 467 493 528 792 458 593 129 792 717 524 156 313 105 46 609 779 239 98 124 54 192 106 97 239 202 4 177 43 173 21 212 139 10 38 104 147 84
159 201 790 339 86 177 894 339 605 457 438 339 86 25 982 931 728 283 240 428 147 850
176 270 277 287 281 89 295 253 64 277 99 252 142 62 265 38 267 41 224 223 125 230 116 12
4 30 158 169 293 212 189 235 13 17 98 105 108 202 167 192 223 289 82 243 299 11 205 265 37
286 197 205 48 90 297 115 110 229 92 127 170 180 224 168 293 258 113 279 39 186
49 190 243 263 107 163 130 239 232 112 195 160 178 1 57 206 148 43 9 235 2 204 255 244
39 79 955 645 437 437 173 173 173 179 645 101 352 342 576 181 633 271 92 98 503 106
11 183 138 223 260 253 119 135 85 144 215 192 99 169 19 54 268 142 232 290 201 283
763 26 60 110 775 110 533 6 533 250 694 237 805 148 133 74 198 860 541 566 137 93 726 119 212 179 52 280 61 234 292 265 16 251 110 64 113 291 185 66 211 85 296
874 123 166 277 46 239 174 29 284 235 80 159 49 273 77 169 129 190 57 242 93 149 7
210 237 177 134 243 267 54 19 114 152 159 280 79 241 247 286 98 253 135 107 2 97
228 53 109 122 159 299 476 540 540 717 593 476 792 593 779 863 46 105 967 364 271 239 28 595 768 524 690 189 189 683 354 690 982 354 189 476 65 77 188 813 846 493 349 246 454 89
4 17 147 205 256 269 248 230 76 284 129 235 18 179 94 138 100 119 294 256 259 269 231 11 237 295
26 148 111 155 4 149 173 193 19 221 232 65 5 118 169 206 100 256 197 109 174
139 196 376 24 262 99 85 281 32 98 96 151 142 37 105 270 136 53 155 110 180 198 83
39 98 174 176 288 101 880 437 955 880 437 437 645 437 54 525 284 98 309 271 106 503 248 230 181 40 83 180 132 11 282 267 9 169 147 193 127 175 188 242 226 88 227 202 2
100 209 231 257 204 102 38 290 157 258 47 229 83 291 191 188 6 12 177 90 293 0 221 285
926 19 37 91 272 54 254 22 280 121 48 56 72 221 268 85 73 173 108 75 290 31 127 262 155
114 212 376 848 993 235 241 493 458 540 593 476 129 540 81 595 967 239 768 863 316 779 524 28 271 105 14 227 75 247 123 0 200 86 180 65 70 53 11 229 112 258 16 29 199 6 252
843 3 6 146 191 294 99 281 109 249 208 62 85 234 265 4 192 1 50 145 299 270 92 90 98 5
52 125 195 7 213 233 289 463 85 85 788 640 383 214 349 509 890 612 110 224 97 813 497 137 270 113 771 115 132 79 195 104 90 215 40 235 191 21 146 186 266 97 87 229 271 131 268
175 8 228 516 690 704 704 144 435 568 704 414 907 144 499 780 412 143 71 830 100 293 243
97 133 568 687 144 539 732 653 507 800 580 143 159 215 71 830 243 253 751 139 714 412 54 674 166 539 674 789 206 54 539 54 64 284 75 118 120 973 860 61 114 420
