32 76 250 466 569 868 569 141 177 271 51 29 309 132 552 660 718 812 865 402 983 417 211 730 409 256 11 648 226 475 133 61 170 77 217 5 39 138 166 194 204 190 270 106 172 278 156 254 100 93
204 243 249 13 145 79 214 233 268 221 244 251 184 204 61 65 83 45 46 220 284 177 108
3 267 275 876 114 186 186 536 269 786 536 277 252 876 23 27 104 464 238 238 174 212
81 170 177 840 286 257 152 87 58 131 118 249 192 251 72 290 135 247 228 12 297 167 213 27 492 253 746 492 109 812 253 559 449 109 394 791 828 250 606 540 184 332 249 499
0 66 151 231 242 187 236 73 142 78 109 36 153 159 83 281 200 257 168 162 67 15 188 92 171
168 247 283 284 287 251 165 296 246 241 259 220 298 81 215 141 278 93 106 217 158 120 154 79 161
166 208 14 19 238 54 262 128 7 296 185 10 141 70 3 21 118 86 1 182 206 207
58 99 174 179 234 258 272 69 211 37 275 51 167 34 238 206 56 76 23 156 20 79 47 124 109 222 163
213 466 298 38 97 171 221 195 2 107 128 42 109 259 192 201 238 218 229 35 52 189
201 279 161 279 263 40 97 2 155 51 126 28 199 20 129 192 187 24 289 36 296 134
88 89 211 466 178 128 251 263 10 153 90 148 125 267 228 147 13 168 81 15 218 185 222 126
84 156 165 219 284 285 26 132 218 40 99 157 124 111 46 110 281 271 170 250 230 34 15 213 137 295
48 120 128 138 282 124 249 200 254 131 43 193 207 262 225 150 274 9 165 42 236 140 294 243 227
101 268 109 791 791 559 253 492 492 253 109 492 253 812 225 581 243 234 284 108 824 77
22 90 119 270 286 170 122 113 273 132 97 278 218 153 101 235 102 128 149 167 208 291 115 6 171
13 274 276 220 73 153 188 243 136 287 166 6 267 27 263 184 21 152 76 179 256 246 282
941 44 65 146 176 238 299 21 202 6 6 201 231 142 152 522 16 176 204 203 643 109 138 2 260 11 890
35 91 113 124 135 261 152 127 127 94 220 246 220 0 275 643 260 176 2 263 16 204 349 165 522 3 15 288 191 79 202 55 246 78 56 199 248 71 148 292 19 211 10 198 177 89
15 72 81 99 287 263 28 299 26 243 173 209 101 210 33 183 189 29 137 37 73 21 212 233
30 72 99 203 640 955 173 880 101 645 101 179 955 342 342 179 176 54 204 24 284 84 98 271 131
143 148 262 201 280 144 252 184 233 29 39 12 235 284 190 123 169 270 207 70 118 48
2 82 123 223 254 240 233 234 293 119 108 74 73 142 90 120 145 203 50 298 272 7 251 253 126
63 206 234 361 262 863 262 913 465 716 663 932 193 591 254 63 208 147 15 239 66 235 72
28 92 232 173 299 114 130 100 88 292 102 289 221 270 238 120 28 189 41 225 213 103
150 232 233 239 281 373 840 467 134 453 126 786 877 453 572 877 134 447 154 110 17 274 77 236 489 800 145
37 130 191 267 248 142 255 87 176 155 27 58 145 104 152 194 278 185 243 120 171 111 103 204 110 203 165 201 72 280 63 79 44 23 119 256 290 233 16 82 213 147 8
118 149 214 272 141 204 258 21 190 206 10 48 53 298 183 182 195 71 133 281 126 77 207 255
49 88 95 291 92 44 261 80 195 45 252 9 247 166 187 262 145 4 215 197 246 57 104 203
1 24 106 401 663 257 120 222 277 29 220 49 178 44 262 68 210 182 233 36 37 168 126 218 292
103 122 181 225 284 298 202 53 54 95 219 267 132 27 86 269 129 245 48 237 261 67 145 78
120 149 156 373 26 286 153 186 29 80 236 6 192 84 154 98 193 273 265 182 71 21 142 52
1 55 73 466 25 226 41 40 259 181 42 238 292 104 95 208 215 250 59 165 55 12 201 212
21 54 272 170 181 263 166 141 63 112 276 34 124 214 221 218 60 101 290 23 88 72 243
31 35 82 239 258 292 186 39 145 23 111 125 147 42 259 232 110 171 298 22 208 196 2 41 161 152
110 179 242 248 47 219 294 133 159 216 284 287 233 124 9 31 160 278 79 249 66 244 222
7 118 261 114 78 74 52 86 14 9 132 71 123 60 72 290 110 243 141 85 111 39
71 108 146 166 246 21 173 138 110 132 279 128 50 201 248 187 153 261 294 55 62 271 200 46 47
87 213 296 181 151 20 105 254 287 43 0 279 146 195 165 45 6 248 54 132 108 162
143 264 299 294 174 105 56 278 18 194 30 6 118 77 253 72 102 192 204 277 62 224 210 226 7 125 219 13 195 250 1 122 112 161 252 2 73 279 124 51 258 176 215
93 96 177 135 73 18 280 292 69 168 84 256 111 90 221 105 64 145 144 75 34 271 32
55 204 123 18 243 134 126 233 145 146 290 144 299 109 53 91 113 40 52 244 247 294
68 71 264 295 338 115 156 207 126 278 165 31 111 53 110 210 283 99 122 162 230 1 28 224 50
118 281 338 362 373 77 186 159 9 233 223 193 269 124 140 33 147 57 157 134 250 91 8 67 262
84 187 288 294 13 36 202 240 255 90 181 270 128 106 131 55 184 45 296 195 200 79 33 107
86 139 182 131 153 273 99 129 195 101 135 156 106 68 161 16 165 270 167 251 36 234
31 184 196 200 201 466 294 195 223 143 35 8 276 297 292 150 296 40 169 152 76 132 92 44 111 269
111 140 250 296 66 66 299 76 66 482 746 66 234 452 570 145 155 144 237 43 307 243 241 77
53 71 93 231 266 122 273 136 277 14 262 38 72 107 124 293 178 120 29 13 10 76 213
251 277 248 67 162 221 21 213 260 176 13 27 237 211 51 255 191 106 182 131 149
116 154 248 248 8 138 7 21 92 60 111 183 249 228 105 278 42 247 268 46 68 218 167
62 96 158 209 296 17 111 78 9 119 157 48 226 257 218 2 182 215 123 291 293 196 209 272
1 30 42 119 189 401 42 54 48 82 176 263 132 281 273 12 30 23 250 150 103 22 8 83 259 58
45 97 120 215 210 158 110 254 42 286 226 147 139 273 127 142 112 264 50 288 107 184 267
68 213 259 280 288 840 718 490 830 393 670 809 809 192 762 393 830 670 155 137 119 54 68 735 755 212
217 257 258 338 45 69 217 291 212 142 180 256 289 70 194 139 25 106 51 41 118 246 226 138
60 184 271 840 233 110 43 282 110 84 43 282 111 20 682 136 132 172 29 340 225 788 723 223
28 45 289 59 23 222 231 266 83 78 206 66 75 151 188 227 1 126 225 293 43 232 162
136 466 273 69 116 190 134 241 120 288 226 145 54 230 60 255 272 155 78 25 130 223
10 77 119 422 512 509 509 542 542 732 21 151 542 512 162 502 1 212 165 942 48 80 302
152 259 259 174 214 223 209 133 277 7 165 218 232 31 287 173 291 89 273 269 188 283
82 124 188 199 245 249 252 142 253 87 209 18 118 188 224 72 64 197 186 149 54 144 258 226 104 274 211
51 149 258 216 129 130 116 108 84 91 48 30 297 19 224 146 161 0 115 251 295 10 235
78 202 262 291 230 97 568 302 230 97 97 931 705 568 230 892 158 445 79 297 310 91 151 131
66 143 190 249 171 78 298 245 82 79 288 168 223 280 176 76 193 210 28 10 155 150 164 200
0 42 180 227 168 658 111 483 567 61 483 1 231 61 222 145 114 297 705 280 222 445 929 175
14 135 186 221 260 840 213 242 290 270 296 246 42 69 229 197 240 135 198 265 252 253 136 223 247 85
284 285 24 254 180 54 236 257 69 12 70 212 244 102 77 196 265 255 184 9 178 40
3 8 29 115 170 279 149 251 240 251 147 234 106 234 184 847 90 91 641 564 788 723 111 225 682 83
158 48 200 85 17 116 256 115 216 160 67 18 63 136 101 99 243 249 271 212 294
112 165 179 205 214 373 538 677 273 630 196 677 273 146 86 238 51 232 26 620 33 361 355 861 258 591
6 7 74 137 144 204 253 5 227 33 158 218 195 269 116 125 210 151 197 265 180 147 18 59
57 161 171 294 10 7 288 298 134 246 260 84 8 97 42 19 228 96 216 153 292 275 286 124
62 76 119 338 75 30 211 97 79 130 296 205 223 79 581 482 570 241 307 43 243 29 452 237
299 96 199 228 194 51 234 172 245 76 270 78 261 177 6 72 53 116 129 106 93
59 202 61 217 222 181 156 167 264 161 148 48 31 20 99 235 233 265 22 200 281 127
45 92 206 226 298 170 195 128 271 158 191 222 101 203 11 280 206 289 265 10 126 115 153 234 179
56 61 93 151 170 262 284 46 148 49 151 197 109 297 146 281 48 211 51 93 92 237 91 149 264 67 250
49 62 69 143 146 155 177 191 292 7 144 47 146 182 62 276 10 159 147 184 71 206 286 24 116 250 167 177
92 640 148 124 60 106 51 28 136 159 134 64 243 16 141 125 21 227 111 173 144 82 174 171 144 85 66 295 278 213 296 6 56 2 22 8 14 189 289 69 152 86
4 165 278 225 289 110 47 244 17 170 104 220 193 8 112 140 88 27 156 274 68 34 23
287 291 840 96 163 73 99 122 265 200 1 239 50 134 64 101 182 294 167 116 177 29 206
5 35 176 251 278 142 69 140 20 14 265 21 88 68 226 58 156 183 94 213 151 31 146 224 279
88 259 285 286 73 263 19 186 103 43 56 229 203 81 82 211 180 264 248 80 3 128 256 208
6 139 176 182 245 57 39 297 62 284 201 87 116 192 153 118 63 23 243 18 218 68 8 242 93
60 118 242 268 110 55 283 0 289 86 203 70 159 105 223 39 75 52 295 165 266 273
118 130 159 257 338 401 19 145 236 294 214 199 16 128 117 45 2 227 298 69 171 40 80 297 274 185
41 58 87 110 206 293 8 182 223 249 135 279 225 287 4 82 221 171 14 151 175 227 38 84 103 159
100 277 286 23 221 92 111 153 195 61 57 205 85 211 113 139 93 191 22 257 140 71 101
26 229 128 193 189 226 60 55 67 34 17 198 174 246 51 103 11 85 257 224 212 267
14 73 205 264 93 500 337 337 446 968 500 734 500 734 38 180 33 95 108 280 114 119 835 16
0 195 54 285 71 168 210 152 26 186 219 132 253 247 173 116 201 153 287 241 211 258
80 199 212 281 239 324 346 324 729 599 744 65 169 796 279 339 860 36 906 65 57 12 124 36 125 105 174 12 230 55 70 264 113 146 43 187 42 212 117 173 9 225 276
76 126 165 204 256 494 220 95 277 846 846 333 349 759 386 616 562 500 162 110 570 261 211 145 759
22 195 92 140 105 64 269 162 224 11 232 12 292 163 263 223 297 22 47 182 264
282 159 298 119 287 234 5 142 147 224 184 156 134 167 230 33 45 10 115 175 251
245 287 195 61 64 221 114 113 169 243 35 223 290 278 240 268 60 46 256 131 123 182
179 200 259 243 178 269 233 100 247 70 122 84 195 196 83 58 268 95 162 181 71 79 136
61 124 277 282 53 250 100 67 51 92 92 53 94 339 103 110 106 116 314 863 459 288 171 683
157 179 174 276 142 212 197 166 141 77 152 73 112 245 267 206 101 4 208 220 84
161 195 209 419 675 228 890 419 228 2 637 15 658 133 733 355 37 187 493 179 936 196 511
15 24 25 92 228 14 637 14 675 81 14 14 2 554 493 179 936 5 733 37 355 658 113 79 187
37 122 761 253 53 208 339 761 163 26 119 280 301 318 108 123 180 156 31 63 33 137
48 977 370 212 947 947 133 237 370 111 664 664 133 162 148 531 145 570 37 240 110
12 133 261 373 790 741 82 82 827 45 550 167 941 634 78 692 16 76 660 93 271 155 109 202
58 613 82 674 724 82 613 445 82 284 430 86 68 167 394 885 119 257 290 386 45
75 112 406 406 270 947 241 856 298 130 34 110 503 570 798 240 500 162 261 281 14 503
75 124 117 20 176 34 117 20 388 742 388 74 191 71 264 214 126 86 293 179 79 103
17 97 199 141 228 104 142 110 15 19 121 97 9 285 77 39 183 268 276 191 287 115
30 115 201 175 185 238 125 146 50 216 25 299 253 164 67 62 10 174 199 77 107 96
941 27 30 102 196 263 373 120 151 65 136 61 278 215 79 281 26 27 146 237 265 266 16 88 260 161 7
35 193 279 30 66 209 244 233 153 8 232 115 101 152 12 227 95 133 20 63 211 170 5
106 129 154 207 266 284 292 288 196 58 19 157 271 79 267 76 200 86 235 260 217 210 12 36 286 205
13 31 102 106 132 178 189 214 338 235 235 135 135 104 170 104 299 135 170 235 676 16 285 180 301 95 194 108 123
83 84 120 231 295 208 283 53 140 86 278 253 287 201 63 279 171 76 104 177 118 242 211 83
50 225 254 30 188 7 214 20 244 43 261 210 17 218 155 134 47 252 14 297 136 186 253
8 39 221 466 170 218 69 293 182 216 154 202 200 266 159 103 27 47 294 36 65 108 109 288
95 167 204 239 248 224 92 106 280 204 137 212 89 88 186 42 258 142 112 270 79 219 90 33 74
183 183 46 3 171 220 137 283 272 255 127 222 156 201 147 298 54 34 121 30 192
12 100 151 401 100 41 294 118 24 5 150 102 176 85 135 274 35 215 220 252 190 248 245 124
10 89 226 243 249 373 663 291 169 51 291 0 177 211 111 65 51 207 307 43 234 243 202 954 482 570 237
1 114 124 195 83 220 64 0 7 65 228 59 147 77 171 287 82 119 297 263 268 232 299 2
34 246 120 69 34 169 77 125 170 231 130 201 249 234 296 95 221 261 198 110 64 148
86 152 198 202 298 58 218 87 99 217 131 235 236 242 117 124 281 207 221 25 114 252 189 216 293
52 57 75 145 214 252 261 640 2 106 235 117 844 673 235 105 814 225 111 564 20 29 864 223 723 27 788 132
60 61 142 227 254 267 298 338 401 63 146 156 228 292 299 130 180 16 101 25 117 297 126 147 12 133 72 113 81
4 137 142 649 148 38 203 20 102 294 17 151 142 208 58 2 171 61 150 120 235 273 115 66
7 146 677 677 47 668 14 47 668 47 925 781 677 391 236 16 250 579 276 388 256 60
95 282 273 224 6 36 212 208 276 235 64 265 77 172 70 180 269 171 254 175 117 223
113 141 296 257 237 153 123 299 203 105 32 190 201 186 247 265 254 12 277 100 281 193 161
25 34 49 174 663 227 689 31 31 31 28 79 28 419 67 120 225 44 973 439 488 638 252 172 524
100 104 122 216 251 295 26 235 219 231 83 35 114 282 171 265 206 238 25 217 142 136 262 34 128 184
0 76 229 298 86 126 127 160 208 64 63 185 49 102 236 38 168 67 144 56 235 92 112
100 173 239 244 47 41 269 4 161 155 295 149 21 260 71 0 190 141 158 186 24 50 64 232
164 225 294 105 180 34 219 76 298 95 248 245 41 110 205 136 163 182 258 66 20 48
123 132 163 294 56 271 147 48 131 126 52 84 227 98 106 94 50 281 123 224 122 152 178 13
207 228 401 678 194 190 836 358 194 374 190 634 481 481 190 905 264 603 498 793 36 845 726 138
941 66 83 223 275 193 249 148 95 87 18 7 285 160 51 83 139 31 64 23 288 10 11 58 296
19 210 222 260 82 16 11 256 287 298 32 143 250 5 53 293 6 247 41 183 0
941 986 22 378 184 500 114 378 184 184 115 296 57 135 844 683 115 823 830 286 187 524
59 135 224 282 663 759 746 479 428 479 746 746 444 151 746 699 678 847 687 107 307 251 229 26 97
986 34 70 195 212 260 293 15 14 419 419 890 15 2 675 15 890 637 554 355 179 5 455 37 133 733 514
176 401 15 546 961 546 432 432 449 244 15 277 252 268 239 192 801 495 104 766 70 246
75 121 128 258 147 247 157 294 263 191 4 184 186 243 48 163 201 295 218 2 284 187 82 170
19 38 54 122 43 69 140 229 59 45 8 249 211 182 92 212 122 87 126 284 163 170 46 55
30 120 173 209 215 162 34 43 129 244 77 298 69 289 270 196 6 260 1 121 132 189 218 175
98 253 256 401 678 334 586 41 972 525 600 511 133 600 251 927 943 66 279 307 847 582 220 905 229
180 248 47 157 147 223 226 74 219 198 195 209 28 261 154 279 277 210 67 215 92 280
10 59 118 193 261 209 297 151 94 34 210 33 105 230 67 213 86 212 289 217 260 143
29 243 284 7 153 251 128 265 232 130 225 149 224 203 223 210 34 193 226 198 242 235 141
107 225 265 294 189 28 64 125 85 39 266 46 174 58 252 212 95 36 103 240 228 238 265 155
991 27 67 135 223 268 178 111 120 294 244 92 107 191 71 130 40 13 218 24 274 237 271 259 12 223 204 129 580 932 204 204 580 580 129 580 968 334 847 582 307 678 279 229 927 935
144 213 255 258 621 287 210 34 94 94 276 210 47 885 3 227 394 284 419 697 584 594 86 45
29 286 298 284 268 52 83 135 242 224 127 182 123 210 157 283 94 232 198 35 191 164 124
150 267 138 324 324 851 490 240 328 298 620 240 352 199 410 495 681 669 204 766 801 94
38 86 140 159 210 287 94 159 65 65 94 745 483 113 651 885 290 227 64 584 257 437 284
74 104 180 267 29 653 965 239 965 118 965 487 233 487 476 24 9 314 400 666 103 508 857 106
7 89 244 298 163 272 178 181 1 174 31 260 13 167 68 293 245 168 23 279 47 33
97 118 265 486 944 684 944 723 141 298 684 221 669 894 526 238 204 175 681 801 321 766 410
33 73 130 679 745 53 34 745 53 140 674 173 86 885 430 386 394 64 167 437 45 35
139 245 257 983 844 818 292 818 983 590 925 925 455 728 590 196 304 514 844 733 355 113 495
17 26 28 908 674 688 823 18 199 823 688 688 984 304 84 341 31 277 77 39 121 229 508
8 86 191 208 16 121 33 195 56 72 271 140 44 78 32 174 37 12 177 145 132 239 63
17 35 211 232 254 841 235 40 265 238 158 142 95 193 211 271 168 283 232 257 209 237 108 21 240 135
31 76 132 183 204 255 263 264 352 290 277 123 267 124 44 114 219 97 68 262 134 272 197 168 100 183 118 102 175
2 89 133 227 231 288 531 586 880 180 186 220 178 49 816 186 845 186 724 546 792 11 574 218 479 356 352 836
2 159 867 865 180 867 867 865 618 865 225 180 180 225 139 84 656 5 51 67 932 82
138 237 390 680 680 923 390 569 390 705 680 293 41 283 572 401 85 511 787 543 241 929
81 120 121 225 244 768 105 768 105 904 748 575 904 768 989 741 773 77 31 285 318 835 63 669 949 227 482 491 819 482 819 41 176 663 524 819 242 131 253 83 888 122 297 49 687
51 71 148 162 168 183 196 550 119 129 293 186 220 59 195 259 93 279 183 135 18 84 33 121 50 239 255 13
179 222 235 262 53 272 296 61 7 4 19 74 107 291 237 95 153 298 230 148 48 87
52 143 569 938 841 50 268 175 268 268 805 754 175 374 374 64 419 430 227 748 902 386 697
118 155 181 254 227 24 24 978 239 431 24 573 308 687 946 227 683 135 866 296 91 536 133 115
6 30 188 286 66 66 169 278 265 286 278 286 878 291 754 50 823 929 147 186 18 688 491
65 197 83 97 175 154 148 90 199 125 176 256 28 258 99 201 186 206 237 102 265 163
18 102 187 193 264 288 663 42 10 145 144 232 58 221 134 218 212 40 4 200 38 230 239 43 108 81 167
234 275 253 250 25 218 47 194 296 17 162 81 271 48 122 4 26 1 187 9 217
177 183 908 293 141 37 292 103 259 96 55 142 193 36 65 171 217 72 161 84 238 183 52
19 103 142 153 285 114 163 72 136 127 295 2 251 283 293 145 46 178 246 116 247 239 214 289 231
29 116 240 250 338 148 103 267 29 7 201 257 286 191 218 58 195 38 200 71 240 66 170 42 173
41 55 840 155 74 123 79 250 2 214 232 50 43 273 133 157 230 285 111 225 216 197 69
50 133 213 233 269 401 609 774 553 136 480 571 136 609 774 806 331 296 163 288 174 281 250 651 396 277
34 107 165 282 226 126 170 208 76 161 147 134 17 175 89 37 88 277 36 204 276 250 22 60
86 109 190 204 663 919 67 22 68 49 271 44 287 32 257 124 79 201 82 125 157 113 127 220 279 123
198 201 279 287 157 932 312 153 932 928 355 355 312 157 287 683 143 274 644 564 965 219 4
24 163 189 244 380 647 994 963 165 2 0 464 994 820 170 540 793 820 230 253 225 149 335 499 790 84
68 238 731 919 822 919 767 348 463 401 463 838 64 748 284 594 697 430 86 426 394 814 3
2 176 353 163 959 887 887 82 353 887 959 887 163 308 278 184 671 131 272 971 245
160 197 215 55 220 244 100 27 89 261 0 109 178 283 74 59 71 130 163 117 228 278 83
145 208 217 267 840 1 158 98 151 175 161 24 11 114 89 40 163 263 295 26 285 136 16 176 22
