38 307 169 360 440 996 781 936 20 636 605 955 575 932 98 203 850 779 343 264 229 712
56 116 204 223 149 186 188 200 239 210 607 66 183 889 527 805 646 11 551 833 257 180 905 116 465 158 377 1 107
72 113 499 551 182 805 163 163 210 345 278 652 210 345 607 830 721 345 183 771 180 183 527
73 152 220 124 406 395 338 969 395 124 338 338 430 969 509 984 239 163 984 493 646 732 120
4 159 195 282 140 261 261 448 7 140 826 450 450 635 450 259 79 140 49 84 92 464 44 549 646 395 428 124 124 969 338 395 646 338 646 124 138 295 732 509 984 54 646 160 499 32 748 32 683 459 459 499 139 99 384 250 253 544 181 139 157 573 277 221
42 65 91 130 197 240 348 772 551 551 348 348 139 551 82 82 840 432 141 84 709 478 898 11 533 141
732 53 72 142 190 247 892 338 124 969 338 395 124 406 892 428 277 148 295 984 732 914 72 805 62 54 13 60 84 90 247 67 299 232 156 160 77 253 56 34 86 268 99 166 250 85
62 201 534 624 573 675 59 299 164 890 59 78 5 136 917 143 235 110 365 206 203 255 120
54 176 30 108 126 189 595 595 83 595 21 36 975 975 309 60 430 78 188 232 69 21 114 207 302 242 244 725 36 130 707 130 203 193 130 160 194 34 562 194 141 536 123 188 127 199
41 99 104 262 117 75 288 159 3 199 295 83 205 79 213 182 88 194 185 192 243 123 34
104 169 185 192 234 17 160 153 256 121 50 208 131 284 75 217 214 161 126 5 51 0 2 294 162
16 88 187 275 54 15 222 49 65 164 201 152 77 80 245 291 256 114 17 237 211 89 258 3
68 106 208 547 428 969 124 892 395 428 646 892 646 892 277 163 240 227 124 87 66 72 509 244 249 34 75 189 138 68 114 105 84 220 168 231 183 50 78 284 218 155 106 166
5 61 95 120 282 293 295 19 109 121 131 606 606 309 83 595 328 355 309 328 975 83 21 430 509 207 114 242 89 712 12 118 171 284 50 117 294 232 235 185 112 225 197 227 176 57 286 78 198 285 257
154 732 104 190 243 432 479 414 334 164 334 814 15 309 376 479 432 279 772 273 28 195 866 283 125 178 35 223 220 16 10 233 197 168 155 211 206 230 176 275 199 9 137 94 207
35 42 101 113 241 20 6 55 148 277 48 160 185 202 258 107 122 244 1 123 73 212 249 22 170
116 201 296 88 54 152 239 280 241 86 59 132 281 97 118 272 155 205 138 89 257 21 99
234 240 254 290 534 928 153 532 153 532 157 532 267 355 267 980 78 4 761 152 496 530 145 245 758
67 166 269 267 157 355 267 157 312 928 532 153 153 928 143 761 43 78 201 152 145 530 245
119 152 33 272 328 309 21 63 606 309 83 975 207 288 509 795 209 430 712 12 242 183 298 89 18 242 194 2 260 34 75 93 246 279 114 210 228 98 176 39 162 95 277 290
732 10 179 225 161 2 155 16 86 15 217 54 188 44 80 214 265 213 234 91 254 87
993 117 162 171 231 25 127 262 32 17 19 124 171 154 276 230 260 268 104 275 298 35 77 132 296
14 256 298 24 9 227 9 227 213 32 227 32 41 289 920 355 288 164 226 920 256 26 82
102 167 270 120 179 200 64 53 92 272 88 25 159 216 67 255 154 230 128 254 193 248 24
23 67 99 187 220 319 114 274 192 20 236 101 124 75 132 116 19 259 206 78 138 205 213 221 160 30
7 15 18 103 111 171 173 200 286 47 191 814 164 432 814 164 814 15 531 432 334 164 614 391 866 624 28 526 163 854 883 266 8 8 137 289 914 286 0 21 848 289 24 183 26 111 109 0 82 173 960
30 44 88 106 134 194 1 151 246 193 170 185 87 18 230 257 162 214 165 138 260 135 231 145 104
39 116 231 0 286 41 8 36 946 101 0 21 359 103 355 674 53 288 256 226 82 111 26
23 33 534 547 85 286 63 309 606 40 47 47 83 9 328 88 818 242 60 227 298 207 156 114 209 509
114 547 334 309 309 334 432 432 414 334 432 414 814 479 163 526 152 279 705 125 78 391 176 152 228 159 186 88 132 107 250 126 273 182 21 295 135 25 12 8 153 181
62 103 154 173 277 445 575 345 341 341 345 814 345 543 705 388 36 235 103 141 606 890 262 605 405
6 44 87 225 278 20 153 157 227 293 91 47 925 91 677 91 47 47 14 250 57 388 149 494 60 536 105 16 194 266
21 72 171 198 479 531 414 309 479 479 414 432 479 231 152 614 279 682 125 28 705 807 526 253 623 292 28 28 28 103 156 92 141 160 536 738 496 188 470 109 137 655 282 173
48 157 277 285 341 543 575 848 814 345 814 886 575 353 543 248 606 445 134 187 36 605 388 399
46 134 186 190 223 341 543 575 848 814 345 814 886 575 353 543 248 606 445 134 187 36 605 388 399
620 149 160 554 202 214 319 479 479 414 376 164 414 376 814 682 614 883 195 391 526 624 231 152 866 78 807 193 56 120 17 237 208 67 243 185 113 290 72 53 141 223 58 68 293 270 0
732 114 171 212 924 839 440 410 839 924 243 988 243 211 160 138 158 253 829 266 93 27 80 61
839 23 196 259 289 534 8 15 37 177 198 309 414 479 414 814 334 814 15 814 164 253 682 624 866 614 813 705 807 102 279 78 149 33 209 192 211 82 151 248 66 42 287 236 51 136 240 195 80 37 34
732 50 294 113 216 37 217 74 105 229 48 90 230 6 242 151 224 139 41 93 30
121 164 270 288 86 569 281 276 569 569 708 34 947 704 319 281 288 26 77 248 960 109 226 82
14 113 195 243 808 284 81 81 167 107 190 216 107 257 167 190 137 536 282 470 130 160 562 141
61 107 188 198 2 22 166 193 225 941 90 287 46 780 92 187 19 780 780 209 183 284 430 509 288 232 786 639 156
671 24 41 60 179 212 284 668 668 677 14 781 668 925 47 925 925 677 91 490 868 276 536 388 266 494 17 79 161 251 10 24 287 12 137 283 242 100 122 265 260 299 154 37 185 49 276
39 83 242 0 52 269 282 292 808 808 289 216 269 172 126 562 131 562 946 941 19 582 932 992 235 14 286 185 143 159 199 298 221 268 12 103 71 173 144 88 213 137 48 98 45 283 58 171
76 100 135 205 25 183 23 40 181 274 93 126 280 207 163 227 281 279 205 140 247 253 50 26
839 51 251 18 12 39 281 288 159 158 279 282 148 130 111 276 127 252 45 97 22 75
135 267 87 290 228 65 221 240 37 258 149 154 171 237 117 148 129 214 70 295 110 143
123 176 255 30 55 202 19 289 225 171 235 146 259 99 198 76 24 185 194 53 269 206 190
6 36 49 85 95 97 100 232 247 37 292 166 162 86 178 234 6 235 189 54 58 260 208 254 23 229 136 191 80
8 56 101 148 196 198 207 241 160 80 154 111 37 52 61 17 98 236 219 149 289 105 180 285 192 134 282 278
31 71 113 120 152 234 547 261 178 16 125 149 122 183 116 81 223 240 43 202 203 175 243 186 90 233 129
671 37 65 107 165 210 90 229 158 288 45 230 242 84 195 20 240 167 255 224 114 48 163 7 53 33
671 183 189 39 212 151 56 231 157 51 62 66 159 100 250 86 130 299 234 59 198 213 68 284 0 177 258 216 12 274 236 179 175 193 150 79 28 6 298 299 206 100
29 152 217 223 260 285 189 185 258 15 192 44 24 4 285 293 157 227 299 256 63 129 232 48 35 205
96 215 244 109 161 83 170 165 232 97 254 217 102 88 22 212 175 216 128 100 285 208 127
20 46 247 198 279 85 258 25 64 195 158 284 66 100 231 121 128 157 37 104 241 213
225 236 193 38 12 83 129 148 100 292 270 70 223 286 108 109 211 150 203 138 9
49 228 237 162 288 135 249 118 167 51 14 101 25 11 74 2 60 178 82 53 219 190 129
107 115 209 282 289 246 31 143 119 83 99 219 242 52 173 297 2 230 191 283 69 20 61 0
86 274 547 53 225 92 145 78 220 95 211 22 33 281 160 12 189 122 243 96 135 161 88
270 127 105 143 274 78 27 64 174 51 86 136 171 266 57 155 124 289 75 49 277
732 112 130 249 266 218 277 57 125 132 206 78 274 267 13 232 146 255 75 205 56 174 292 25 34
46 157 178 181 79 79 133 217 72 77 79 650 72 811 671 556 130 188 141 154 188 282 523 536
65 155 227 262 66 217 260 279 60 245 242 24 259 138 122 3 194 134 64 213 139 57
30 141 175 27 259 11 230 23 225 202 38 154 191 51 279 262 160 7 135 258 276
211 242 100 133 232 182 104 240 211 191 291 169 287 0 16 267 86 258 245 210 85 163
30 38 68 138 115 191 126 190 296 21 298 98 7 164 146 217 162 36 235 60 215 39 95 45
671 55 214 268 295 89 101 151 191 209 219 391 925 668 91 14 925 14 391 47 781 536 490 579 60 105 311 537 256 86 276 143 122 56 90 295 59 139 265 20 148 119 190 86 106 141 213 180 242 123 230
34 85 148 150 160 241 272 270 277 286 246 199 259 218 87 75 109 173 60 130 78 190 34 275 228 90 215
65 89 128 239 260 134 293 153 179 119 194 4 12 263 225 106 114 40 19 285 8 90 82 54 183
184 105 252 285 272 204 38 13 211 155 142 279 160 188 278 131 212 257 165 119 42
92 214 534 168 149 39 85 152 291 294 163 92 196 124 93 151 18 115 66 241 141 45 27
204 218 111 11 122 8 278 114 55 15 18 198 203 95 176 34 298 255 37 1 196 163
67 116 182 211 248 932 928 980 157 312 928 287 153 532 421 78 169 145 494 60 143 274 219 758 926
86 94 291 12 225 35 99 215 146 259 208 103 61 287 190 120 219 158 109 285 154 277 32
46 79 183 202 121 294 160 59 31 3 99 237 58 279 154 184 55 166 285 45 180 82 170 231
217 220 206 138 102 20 190 254 287 112 299 162 34 239 294 188 104 200 203 41 28 90
37 42 131 138 188 299 167 55 162 134 294 88 271 143 156 183 196 69 110 258 135 114 228 60 129 54
60 62 164 204 41 8 72 87 3 171 151 205 141 282 131 202 299 145 289 111 119 121 38 46
56 83 97 115 161 188 41 112 99 68 74 1 221 71 193 93 107 43 229 85 78 64 231 200 180 37
193 259 252 166 278 102 153 73 25 136 224 176 197 133 119 251 114 149 38 205 72
3 63 227 51 18 93 21 104 49 55 287 180 273 215 171 221 169 70 212 261 13 271 230
839 79 238 297 279 704 309 285 309 253 253 527 228 209 675 225 104 253 355 56 192 815 180 41 298 238 235 200 246 50 114 42 208 271 77 129 179 123 17 37 275 288 63 299
137 186 253 91 125 18 242 26 6 289 77 177 288 206 47 124 97 82 40 163 93 209 63
732 1 82 188 246 283 215 172 0 110 6 139 258 110 172 25 223 182 591 492 591 730 213 808 22 36
205 226 287 297 146 230 73 41 47 157 272 87 204 16 35 63 77 152 33 162 288 154 49 188
187 243 294 141 262 153 266 191 240 279 32 47 250 254 43 291 238 129 22 5 186 72 219
3 70 169 38 205 137 136 150 165 230 70 77 195 168 275 139 133 174 44 0 93 181 201
117 204 231 248 123 66 217 116 222 95 96 10 244 23 227 22 20 136 198 298 171 180 70 38
12 101 157 211 222 223 250 98 256 174 158 269 284 283 127 200 290 64 170 94 260 169 226 152 3 19 263
94 258 281 287 33 175 185 209 151 170 71 282 28 210 204 158 297 227 26 183 260 236 120
222 230 289 39 256 160 188 43 123 124 103 33 97 183 254 4 66 2 239 195 271 37
102 131 147 192 60 285 218 34 128 234 2 194 268 219 167 20 49 259 3 120 67 141 286
101 104 289 412 103 1 55 132 56 154 116 289 286 70 39 110 63 40 149 128 144 197 50 14
64 97 99 190 126 204 146 290 18 215 128 216 167 202 34 225 49 99 221 129 242 257 7
55 276 172 110 199 54 188 96 137 89 278 214 212 291 53 269 75 204 35 15 265
24 25 223 240 243 18 226 293 179 263 150 204 120 92 26 235 272 139 215 123 202 135 219 183
246 263 276 6 876 6 276 43 43 276 839 43 127 209 253 815 56 183 242 766 192 527 296 91 248 66 153 210 232 266 220 63 118 198 277 88 81 158 138 109 57 147
41 161 183 208 255 292 137 93 167 270 71 172 239 266 79 292 80 124 221 144 75 226 22 222 98 103
22 59 71 131 139 278 280 79 6 92 280 191 59 264 2 135 189 67 263 238 8 97 277 54 252 195 213
56 142 240 61 44 199 109 28 145 4 81 106 238 89 82 8 128 87 175 170 91 291 151
197 249 293 72 44 202 9 265 275 170 164 262 128 282 65 56 214 74 30 114 103 79 196
106 226 153 157 312 287 267 532 355 157 355 153 267 312 836 494 758 78 34 274 143 761
971 92 164 185 76 273 267 29 20 104 203 163 32 271 162 292 58 287 66 15 0 61
57 88 100 109 144 193 298 273 96 52 37 259 92 211 136 36 228 281 186 114 116 119 64 20 47 130 294
6 84 238 100 110 288 215 164 15 67 196 150 105 188 72 119 240 248 104 243 126 281 96
732 758 8 15 277 503 51 138 211 254 284 12 977 284 49 292 607 607 49 977 37 226 607 252 36 52 279 503 260 41 89 49 217 106 154 60 49 202 49 25 23 64 85 53 528 1 199 116 130 573
59 75 114 117 245 693 823 493 409 693 693 745 485 346 493 72 823 980 655 552 58 130 173 562 536
225 534 25 139 169 173 82 184 244 88 187 204 85 20 294 271 191 146 7 213 243 41
639 141 251 165 168 268 212 257 175 3 112 52 217 239 249 156 240 151 200 270 195
188 6 119 129 217 19 289 109 299 149 158 126 109 299 169 56 716 644 671 173 256 27 650 215 219 160 302 882 735 495 160 735 302 735 340 550 834 68 514 223 70 693 136 562 905
80 122 136 268 210 270 20 47 213 291 85 160 68 219 201 13 97 61 105 221 222 269 89
183 239 291 7 128 241 185 235 116 186 29 65 227 174 137 170 151 33 100 55 260 15 217
758 839 38 100 111 730 77 591 90 468 208 265 90 90 249 291 15 48 553 926 859 117 404 643 246
63 152 262 427 251 250 176 290 31 137 46 235 227 8 110 171 43 239 154 230 237 170 13 16
244 125 214 102 4 271 228 65 102 228 229 4 279 195 864 651 735 716 749 800 533
74 196 246 269 131 129 235 282 285 2 298 268 299 85 88 116 139 193 24 143 53 83 260 54
104 258 232 167 72 138 118 119 183 228 181 120 173 292 42 56 121 86 89 246 195
117 158 180 278 296 224 77 273 71 293 37 151 114 196 108 133 230 272 253 175 36 295 142 197 94
122 213 29 194 18 104 246 240 146 295 68 285 33 145 263 72 212 117 6 48 205 234
732 147 400 400 613 290 7 341 341 147 171 39 322 1 331 339 90 481 873 756 198
53 149 191 275 164 164 303 181 206 139 275 122 27 139 176 976 203 190 482 482 16 84 215 12 136 2 96 55 286 154 155 268 47 226 31 201 244 59 70 223 102 68 40
2 106 127 116 189 290 113 127 91 259 86 166 162 17 102 195 2 251 71 274 246 231 284
203 246 263 286 50 133 188 112 4 127 6 7 111 159 69 47 17 204 136 298 163 170
106 293 117 130 289 70 247 61 103 132 290 237 1 133 48 209 143 177 258 100 187 292
76 96 193 158 217 57 260 90 79 165 108 278 109 29 111 194 244 110 242 135 81 102
146 157 73 37 185 136 106 117 104 109 217 2 218 35 92 0 278 189 111 295 10
671 104 234 114 41 142 33 83 227 130 221 267 196 278 119 217 296 264 87 28 63 16
89 114 120 297 90 201 163 233 34 31 181 228 100 224 154 265 68 203 36 61 262 104 145 298
51 149 168 191 973 746 746 78 350 298 78 109 404 242 330 298 481 641 520 63 756 198 922 77
35 123 127 262 246 213 197 89 162 176 27 48 159 264 6 192 236 292 201 7 163 110 64
62 76 100 298 718 79 250 703 250 79 703 718 160 718 105 193 206 252 12 216 124 900 84 230
96 192 122 141 261 19 90 109 242 250 77 191 39 54 1 210 269 285 275 84 92 186
125 166 198 214 140 279 62 39 207 203 228 94 148 30 180 144 108 280 145 173 97 69 202 72
34 279 110 174 230 294 512 251 353 211 251 512 466 211 512 905 353 398 848 650 644 45 163 418 716 27 58 246 39 209 23 229 217 218 44 76 167 163 143 45 90 287 91 57 261 227
869 64 62 57 20 237 93 86 83 66 146 115 76 253 227 45 73 139 194 65 243 14
0 11 120 157 39 182 63 40 155 171 30 132 74 289 208 95 256 135 174 283 127 57 201 276
83 256 279 787 217 259 716 259 20 93 699 297 652 165 76 355 21 141 218 763 240 502 652
41 101 160 412 430 197 290 222 118 5 110 151 241 45 169 31 231 111 189 207 243 153 285 30 82
40 160 251 257 213 97 58 56 151 136 268 194 236 113 92 140 243 176 147 46 196 109 20 247
278 218 2 266 195 154 40 270 285 210 114 164 209 262 58 90 64 282 24 206 214
123 12 176 80 118 230 259 16 224 92 283 33 127 152 99 154 58 60 107 136 11
1 9 66 90 266 277 290 45 294 109 156 65 91 293 186 238 39 50 175 43 225 114 215 235 110 179 149
1 42 47 118 280 62 204 59 134 246 253 239 298 199 248 44 43 296 122 60 45 14 222 289 255
110 430 53 251 156 99 158 281 89 202 74 0 242 61 17 116 282 241 193 237 205 254
164 167 235 239 259 37 51 235 12 216 164 54 212 132 106 292 18 129 176 42 236 21 192 271
110 245 248 258 266 278 296 2 242 149 10 203 196 32 281 78 217 223 245 146 224 64 24 259 66 182 40
36 223 272 97 209 99 189 48 84 170 82 110 206 274 115 102 13 100 68 212 262 12
116 166 181 193 207 249 282 84 257 111 67 96 24 72 188 205 40 112 178 100 80 29 271 156 219 161 28 101 87 204 104 35 239 206 175 272 68 279 95 148 130 100 97 221 292 280 111
27 76 232 74 15 161 161 284 284 91 310 724 284 63 15 664 140 162 211 210 593 268 61 115 238 76 127 122 22 125 297 146 29 234 42 183 149 37 117 67 165 261 133 134
41 177 200 211 250 262 282 56 159 224 150 139 0 161 209 124 181 294 168 282 178 136 278 32 13 48 256
3 7 56 272 269 54 263 177 146 120 277 245 175 119 234 294 136 223 25 183 229 34
122 17 616 616 773 34 413 924 79 438 713 886 413 109 980 876 582 562 470 199 305
27 34 262 430 204 180 268 46 76 36 3 85 19 83 247 233 208 296 255 161 15 230 240 283
100 74 154 236 280 84 247 104 79 281 119 139 126 213 184 38 121 80 233 120 116
758 17 102 158 191 293 547 29 146 241 295 250 111 767 19 19 817 932 775 250 526 526 932 644 19 56 848 27 215 162 169
199 283 315 315 582 808 315 556 344 275 663 987 146 123 474 128 560 273 135 76 644 899 78 190 8 36 12 244 49 13 136 23 139 164 147 138 269 162 254 224 39 22
65 206 266 808 763 871 763 51 808 556 763 582 908 560 754 355 644 692 663 105 76 332 135 735 118 848 739 695 848 739 978 739 618 721 695 133 927 899 668 448 275 559 39
27 91 140 150 239 516 660 660 94 65 36 530 108 94 88 530 668 374 218 42 793 518 905 204 78 162
91 120 197 247 50 14 47 14 668 391 925 47 391 668 14 14 868 388 309 16 537 311 272 942 536
74 79 125 238 63 63 63 765 765 63 910 310 63 664 161 579 607 140 159 268 61 281 211 174 21 34 166 8 137 11 5 38 15 173 168 278 282 296 261 239 3 94 156 155
129 243 378 206 766 338 206 895 338 990 206 271 926 766 42 218 814 66 38 795 149 866
758 60 107 234 551 26 970 158 810 460 26 26 460 464 464 810 294 172 339 973 610 787 570 229
74 117 216 563 432 830 632 346 632 644 10 463 10 10 432 935 105 800 112 523 250 268 3 117 115 18 142 79 100 157 66 194 99 200 19 51 241 175 36 55 73 296 169
21 44 200 208 27 270 283 64 76 206 298 223 71 187 189 297 165 230 123 228 118 109 262 8
37 240 430 95 60 131 167 206 40 240 135 144 123 43 268 188 71 114 256 136 120 99 118
57 110 193 534 232 271 102 287 252 29 46 190 107 158 254 156 110 262 157 79 11 269 87 152
40 69 194 126 119 237 84 152 188 230 273 138 94 105 6 290 114 124 228 64 251 127 128
632 34 118 170 182 195 210 23 297 99 15 76 140 49 208 132 81 244 161 63 21 47 144 84 34 134 213
