208 287 101 127 159 164 237 269 475 226 59 136 4 241 253 81 165 295 250 88 78 24 218 209 32 19 102 283 118
792 987 136 137 220 239 259 347 274 122 98 251 231 93 245 215 249 117 256 31 36 154 222 83 97 8 195 99
24 69 140 272 278 311 17 286 162 230 152 167 246 114 30 157 74 123 295 103 214 211 231 115 13 135
120 161 240 361 120 126 158 140 48 193 76 227 217 536 313 71 145 47 108 105 129 71 412 620
101 115 95 44 28 257 200 135 54 26 247 269 231 271 268 254 113 55 259 167 58
13 114 163 223 311 47 117 154 273 49 10 81 30 165 169 24 66 96 53 255 97 238 28 225 116
138 174 32 183 211 279 136 128 202 265 264 240 93 150 234 76 101 231 240 136 261 170
36 82 110 144 263 210 218 255 169 127 145 692 152 217 417 730 736 691 417 15 218 148 889 691 571
812 229 586 22 281 274 41 221 90 199 60 123 298 68 241 27 262 278 247 80 189 151 212
21 248 87 98 299 262 105 135 247 183 26 117 101 14 89 84 290 52 71 73 116
84 95 122 148 174 311 213 153 99 261 181 271 278 216 163 21 177 128 218 151 188 233 231 38 139 291
195 255 191 290 283 193 129 279 170 166 162 264 16 180 242 271 215 299 9 192 142
3 90 119 143 105 224 107 242 40 164 156 58 240 194 191 250 149 36 255 241 20 243 172 253
181 197 54 141 60 243 98 187 48 286 92 53 242 202 77 185 227 240 83 161 88 233
0 180 203 258 174 283 289 105 73 222 251 237 9 218 272 177 69 68 106 232 252 92
45 48 199 274 19 223 236 150 134 214 74 276 149 59 9 110 254 225 163 229 274 50 91 238
92 136 239 280 2 244 272 221 61 229 128 80 236 106 269 48 193 253 43 158 194 180 167 161
137 151 288 287 47 40 18 45 49 290 98 270 39 271 58 204 142 104 220 66 215 298 28
22 43 277 196 263 81 192 114 172 264 13 204 203 287 128 255 44 174 73 14 153 288 94 293 231 220 0 14 132 53 120 173 245 20 129 169 234 249 89 32 74 112 148
249 271 238 110 159 251 198 267 236 18 185 211 182 151 25 62 119 122 275 297 163 224
15 137 173 256 172 92 57 132 235 139 135 75 131 290 175 73 190 251 174 219 67 268 120
293 245 113 28 252 155 77 13 61 11 153 246 171 182 259 73 277 115 40 140 180
163 195 1 246 191 19 270 176 189 210 11 111 85 228 103 8 106 2 79 292 22 281
79 151 6 38 239 240 181 131 215 200 247 207 17 155 175 150 295 224 23 263 25 85
94 178 296 268 127 41 106 1 34 184 128 254 87 7 267 211 131 286 13 151 280 242 58
241 187 105 43 75 55 117 33 218 247 38 94 286 41 262 201 106 263 249 199 4
100 193 265 43 18 106 45 207 186 101 297 14 57 243 245 15 211 219 125 222 2 176 257
27 34 44 57 102 270 266 133 106 142 248 116 1 93 30 220 298 241 57 67 175 260 83 99 250
15 48 112 229 123 181 267 245 44 176 225 82 178 279 57 164 208 222 50 297 0 26 183 109
108 185 130 85 94 293 191 198 34 232 91 176 264 204 280 143 155 134 160 46 101
27 73 213 224 270 286 96 217 137 39 141 74 146 208 191 18 19 261 17 142 135 101 21 257 9
175 279 672 2 168 30 243 241 133 90 263 62 278 157 82 190 183 51 180 155 48 47 139
64 80 126 179 235 102 24 128 92 227 26 205 140 137 263 41 228 222 131 261 95 123 148 97 197
60 167 133 189 91 213 158 221 114 30 3 247 18 13 38 40 264 43 68 132 150 211
54 181 296 14 197 276 84 157 239 217 99 83 198 57 36 70 163 224 50 180 284 145 38
812 103 157 170 204 192 231 203 287 133 206 101 218 42 23 154 21 84 16 289 273 195 210
11 22 33 74 147 196 256 257 269 282 76 260 192 13 177 48 10 146 233 51 212 149 156 91 216 230 28 58 40 168
19 26 50 80 96 134 155 195 288 238 188 212 294 9 256 32 112 296 100 292 125 235 96 66 199 67 24 99 297
176 188 249 289 39 296 12 117 182 222 178 263 208 232 82 95 0 106 89 276 189 8 10 221
11 28 42 107 111 201 255 166 141 49 121 132 291 188 243 272 236 125 167 281 290 48 31 88 10 294
49 159 275 296 280 230 35 271 205 83 40 257 231 279 125 69 36 85 175 186 33 1 137 119
92 115 225 77 220 47 143 26 227 51 256 217 254 177 101 275 166 96 294 50 78 129 83
32 70 197 266 213 167 38 264 293 138 15 171 292 90 141 55 29 98 161 119 23 24 31 122
46 129 182 163 222 94 138 152 126 278 151 101 229 131 266 23 216 174 290 124 24 105 270
10 36 97 244 287 274 57 38 97 0 35 286 165 55 278 80 176 160 29 8 207 170 220 158
88 99 292 256 71 240 174 119 279 265 222 285 12 203 194 163 47 43 60 6 146 152 232
158 245 171 80 11 205 36 58 189 222 186 123 88 62 19 275 116 37 31 172 107 296 291 21 203 154 140 215 95 30 277 228 115 29 18 4 16 189 196 144 23
4 60 123 154 205 241 256 14 187 124 73 91 122 262 86 182 147 220 162 56 242 213 148 20 67 160 105
144 155 251 279 170 6 17 273 4 37 9 285 264 150 38 63 62 240 268 176 112 153
247 89 260 124 265 282 136 37 96 72 117 161 242 174 290 23 178 190 113 187 275
114 239 165 155 131 130 52 226 259 275 123 198 9 163 20 156 242 132 230 290 247 37
245 267 192 14 17 118 20 200 138 114 29 50 33 4 0 76 43 151 170 219 273 298
73 83 122 223 230 290 293 95 155 208 216 146 77 276 118 206 286 152 107 28 88 167 188 142 185 222 5
0 38 156 207 268 38 14 70 123 145 22 172 8 95 26 124 62 217 228 249 134 293 277 184
62 103 150 92 58 111 107 269 130 20 201 159 195 99 187 220 138 177 118 47 250 105 191
0 51 157 295 26 253 258 167 220 65 289 41 147 33 134 94 265 139 90 61 230 221
53 192 84 221 88 105 242 251 2 284 246 133 299 144 289 200 170 8 148 232 124
26 59 166 79 266 3 18 163 153 254 226 139 0 223 100 235 276 145 203 94 121 75
812 140 267 167 8 216 75 3 187 282 99 131 171 138 251 135 24 217 123 197 234 196 88
43 187 117 92 275 170 91 193 10 202 30 83 256 51 66 225 99 35 208 174 249 60 294 282 0 142 260 48 80 228 207 245 74 137 234 277 944 215 261 186 140 170
16 56 500 193 222 151 44 34 0 292 206 130 25 285 98 38 255 237 267 165 259 183 182
244 180 80 119 230 255 296 267 231 107 126 258 40 226 269 129 60 43 102 276 125
8 17 79 108 224 230 284 30 279 33 290 139 170 148 174 242 192 32 86 240 38 248 99 277 100 155 206
0 198 246 21 16 130 36 64 176 156 207 166 120 182 106 187 14 80 61 286 66 105 125
12 131 70 269 115 58 83 203 286 142 104 94 246 245 169 134 21 24 163 299 214
57 83 182 275 211 263 111 214 152 44 192 284 139 253 39 19 110 118 83 123 0 151 109 130
12 29 261 277 201 65 211 228 100 265 129 237 153 70 25 138 167 144 287 229 199 43 156 216
102 239 79 242 41 2 195 19 57 51 188 80 15 103 151 1 176 58 297 223 162
21 186 22 31 258 270 101 184 46 19 142 124 243 210 29 25 0 106 206 4 84 155
9 298 36 101 110 192 262 248 129 123 136 124 132 215 69 96 88 165 7 11 201
145 183 185 5 23 148 135 0 32 82 87 233 189 166 66 147 9 291 155 226 129 60 169
86 100 117 211 230 264 92 294 69 83 67 31 208 109 91 193 173 49 222 161 36 266 99 96 149
7 84 110 40 131 185 269 32 149 194 203 254 258 227 167 297 28 176 260 123 111 173
68 77 87 237 287 158 16 85 183 167 139 12 219 64 57 60 116 81 249 246 160 47 194 55 7
19 104 106 166 203 210 268 271 264 226 100 247 176 120 40 167 144 219 222 14 5 7 251 4 37 195 280 278
211 225 227 130 90 162 7 245 279 267 74 241 21 104 166 188 0 111 145 295 186 158 108
99 140 135 89 92 248 61 206 79 74 87 119 268 25 73 53 297 70 31 201 58 216
0 2 126 199 225 208 243 107 50 197 47 214 250 91 187 179 162 253 86 293 22 169 93 127
30 204 34 260 204 249 7 8 241 56 106 111 188 83 30 152 89 78 121 225 270 173
197 224 132 276 8 204 63 220 243 2 179 213 89 156 287 285 264 299 168 1 144 130
68 76 41 262 9 134 2 283 71 113 122 150 160 278 52 163 194 94 15 238 120 112
80 85 127 250 54 79 162 87 164 208 18 192 236 273 65 102 124 64 183 115 210 132 184 53
68 175 204 92 188 289 165 137 255 295 150 9 205 222 176 138 114 127 41 139 101 36
192 213 235 72 85 98 243 93 241 248 119 237 38 206 1 111 36 230 264 102 96 166 138
81 196 230 292 162 21 268 55 97 270 139 275 67 44 120 105 223 282 269 65 239 10 193 86
25 72 213 104 53 271 234 190 119 26 240 93 221 147 139 151 46 94 122 17 31 227 63
159 86 7 35 91 28 243 100 222 241 34 58 136 235 160 239 65 238 61 194 275
185 222 259 35 131 184 87 279 177 285 187 79 192 227 20 135 185 276 11 172 55 144 118
13 204 208 230 91 125 34 87 220 160 232 190 88 61 297 171 275 233 3 282 90 10 249 192
93 119 262 274 298 109 136 223 208 21 201 260 134 81 135 10 78 205 189 75 283 172 284 256 219
92 131 229 247 33 13 290 98 3 227 64 43 202 111 107 153 284 5 110 295 21 299 28
4 87 243 265 81 263 122 217 34 272 67 112 185 161 113 175 11 262 191 126 227 149
168 18 133 97 249 125 165 64 199 101 86 178 191 111 259 264 280 5 93 63 107
289 127 121 198 178 71 272 241 202 125 103 56 212 259 176 239 139 80 253 254 84
16 197 14 280 26 246 88 269 213 255 197 115 282 277 53 154 173 195 125 212 223 55
116 192 74 197 289 220 90 259 194 185 163 299 251 111 268 278 112 75 211 230 30 169
0 22 23 50 95 152 153 251 297 98 32 87 154 189 164 190 217 179 237 293 115 62 173 180 209 182 102 90 14
176 181 214 255 111 121 244 114 89 118 195 265 39 30 59 127 137 40 203 116 9 167 241
45 273 100 179 105 87 180 1 271 120 195 226 285 274 157 225 146 201 190 111 115 99
169 213 94 239 64 141 279 194 254 270 108 193 98 41 73 116 84 186 225 100 8
135 250 262 96 69 251 253 252 64 58 102 134 196 271 156 211 136 154 269 48 258 246 202
30 109 192 295 297 5 42 146 72 39 280 214 83 231 294 164 37 224 292 260 23 183 175 225 261
70 152 241 219 44 201 2 276 275 67 76 138 68 108 112 273 255 212 292 175 157 146 252
258 63 235 179 40 236 60 148 46 126 249 294 171 184 253 78 168 291 100 16 245
19 65 262 14 24 278 3 216 119 76 222 80 17 263 73 112 41 154 96 108 27 59 26
91 144 143 35 242 74 107 127 221 103 67 213 136 299 159 132 94 125 164 211 148 72
77 159 281 133 232 236 106 221 219 14 38 237 76 146 242 298 10 120 183 70 5 42 285
271 259 150 6 175 80 171 61 85 17 111 4 292 51 102 129 62 10 22 91 90
5 119 122 166 193 227 7 107 279 278 153 215 56 59 195 259 158 47 128 176 28 39 220 272 112 30
36 101 134 256 112 29 91 53 191 295 173 219 206 270 27 199 59 172 163 259 41 96
110 194 234 198 33 1 97 46 47 185 242 8 186 138 101 129 203 65 250 179 31 44
17 45 74 143 225 285 145 215 30 39 45 210 146 283 24 91 43 102 64 57 9 256 191 173 186 134
7 105 176 160 216 219 285 80 87 251 278 51 0 159 34 70 205 254 145 64 270 136
38 136 258 223 298 63 164 84 91 115 165 114 288 226 209 274 248 54 11 282 250 243
50 86 9 173 287 47 118 63 277 126 102 170 224 151 268 229 66 205 94 139 25 294
16 189 208 256 260 56 231 251 58 35 160 204 57 105 944 170 240 215 140 186 68 136 240 13 199
126 175 238 2 106 27 205 54 94 277 134 81 107 295 58 183 46 13 26 243 126 279 88
116 124 176 205 286 12 232 239 276 195 94 34 65 211 177 174 38 131 74 222 92 289 37 85 84
49 127 259 261 88 249 255 46 132 272 264 205 174 101 111 85 284 273 237 5 75 58 270 147
28 43 48 96 153 259 111 33 263 155 59 267 170 48 175 87 233 61 77 47 28 253 109 74
194 207 227 8 116 207 50 292 138 114 269 158 88 70 283 39 30 60 94 127 134 193 146
4 186 257 262 233 101 197 80 28 46 64 203 261 38 160 83 33 105 54 91 202 176 31 221
132 164 190 244 9 10 46 220 179 115 287 105 16 75 3 173 204 170 247 48 88 86
189 188 60 206 171 24 268 228 288 47 4 17 208 38 287 137 100 222 167 10 95
31 82 211 242 112 259 139 151 218 111 80 128 132 197 67 290 208 21 68 100 158 267 276 223
42 86 103 155 203 151 278 75 32 128 159 47 192 231 234 915 68 247 215 140 240 186 136 240 261
21 94 117 255 268 279 268 177 253 93 72 56 106 208 184 135 123 285 294 287 167 175 47 194 37 222
72 154 171 218 233 228 86 59 38 254 206 8 117 11 66 111 129 298 23 150 65 54 222 52 203
23 84 126 268 274 18 111 178 171 63 115 223 5 100 9 55 150 54 286 137 139 224 101 57 105
24 167 205 51 33 142 247 127 100 35 55 165 294 73 54 56 289 238 111 206 251 222 30
1 77 147 218 237 252 47 6 126 81 11 132 224 88 272 297 266 268 85 275 273 141 143 20 51
51 91 143 243 225 38 167 91 208 247 34 134 66 126 102 11 41 231 25 236 151 137 175
812 4 36 224 269 278 281 111 101 153 84 237 160 139 156 285 103 70 297 228 210 221 73 124 207 244 3
67 190 296 265 109 152 118 180 56 158 280 283 295 190 84 220 130 48 144 106 15 217 33
74 267 280 158 188 66 243 287 75 67 143 809 266 187 196 691 14 145 129 35 163 15 121 99 208 214 48 217 186 153 28 177 147 166 95 59 203 295 189 143 228 92 62 85
136 202 44 70 180 280 57 190 264 130 147 194 171 105 66 133 242 163 193 148 299 212
109 152 180 175 14 228 149 282 97 66 159 61 113 169 236 104 299 6 31 290 52 170 107
0 220 245 264 21 273 77 89 31 148 79 213 191 236 219 112 183 239 155 67 37 272 232 171
118 258 132 156 209 43 62 164 192 175 247 214 263 168 293 102 106 22 51 96 181
25 64 82 107 136 182 299 220 277 9 286 114 255 53 239 294 126 48 56 169 211 148 14 184 69 100 119
247 140 298 20 246 269 281 27 62 251 97 40 297 266 168 223 59 103 177 141 6
35 260 290 107 6 178 64 43 194 49 18 60 22 209 184 149 238 180 33 4 13 62 121
33 127 152 253 102 181 225 44 288 141 258 226 81 224 25 177 295 249 34 52 239 53 65 182
230 29 273 85 290 71 152 289 247 52 228 84 279 296 10 105 238 261 193 35 9
58 259 116 244 281 110 217 163 180 31 13 317 240 170 277 240 247 277 136 186 140 199
44 79 88 152 181 218 154 59 93 135 85 279 148 285 146 74 39 127 261 186 252 42 173 176 33 103 136 146 75 257 220 122 147 282 65 37 176 44 284 241 264 246 26 240 212 68
29 172 149 255 252 159 36 23 177 155 220 38 256 34 62 40 132 230 122 188 204 15
21 76 111 132 155 238 163 61 79 105 87 72 39 281 18 206 90 190 68 20 55 114 234 240 284 21
272 289 11 81 192 222 26 70 126 136 272 104 274 206 165 296 186 144 63 487 207 179 32 268 941 291 290 282 294 56 81 33 210 259 122 281 246 171 238 91 10 173 264 155 78 227
105 225 81 76 266 118 184 96 165 140 206 198 227 67 57 239 63 58 123 231 215
178 30 251 44 176 237 38 257 75 174 20 213 218 129 127 180 199 238 0 35 78
143 172 252 136 34 286 156 249 292 77 51 11 137 101 55 157 41 257 54 163 185 216 251
50 122 280 149 108 14 258 290 173 192 23 147 76 113 253 31 21 139 220 214 30 168 93
61 164 214 224 286 219 54 230 181 211 144 20 172 31 152 28 166 16 236 299 92 140 21 56 70
84 285 227 60 261 83 186 174 164 211 17 18 179 163 248 272 171 123 127 34 52 11
84 91 217 262 120 150 219 292 191 161 247 8 173 48 6 288 204 146 106 96 167 55 32
96 261 249 266 23 88 289 226 76 101 18 122 31 133 130 232 160 274 72 146 80 202
0 8 28 134 277 201 215 164 61 266 38 150 5 295 230 184 133 20 123 131 281 239 178 298 54
89 206 188 209 248 93 57 148 159 130 58 123 204 134 49 96 216 119 79 273 272 238
68 84 96 123 125 209 223 272 133 117 135 31 33 82 199 15 206 248 181 101 114 17 106 190 172 73 167 187
234 84 19 234 255 161 233 264 220 114 160 250 190 30 2 0 242 295 139 239 41
158 199 191 100 233 217 130 82 148 294 238 35 10 200 120 31 126 8 296 215 34 90
85 31 73 297 236 118 5 76 36 268 63 257 234 283 58 99 113 64 195 50 259
156 240 260 142 219 29 226 200 100 42 281 34 90 262 280 299 57 286 269 250 2
59 110 118 145 205 113 282 182 8 4 178 251 241 154 69 233 15 152 66 73 252 157 195 114 231
96 256 157 284 106 275 163 59 128 215 243 230 225 105 201 150 266 179 253 186 5 244
15 98 251 226 253 46 128 8 158 133 87 114 39 174 274 271 229 162 228 282 62 255 278
10 32 114 144 182 145 170 271 13 280 237 180 76 285 60 91 61 39 139 262 200 267 265 178
0 11 42 43 45 121 289 92 25 184 175 217 90 267 7 295 43 19 261 234 117 146 42 121 188 257 215
53 58 104 202 267 223 229 84 46 221 293 266 281 59 134 137 41 96 222 98 202 86 196 66 5
166 230 258 243 79 268 85 34 59 317 186 915 140 187 277 277 261 68 231 944 240
82 83 88 219 199 206 103 128 254 270 134 246 251 26 272 136 259 266 71 59 115 198 244 85
215 235 288 54 35 203 153 50 73 81 164 162 270 94 18 68 66 224 165 107 125 240 99
20 122 135 57 112 8 115 145 192 75 1 219 299 25 58 212 129 133 202 82 242 218 291 74 8 37 132 194 61 244 7 297 123 180 55 39 171 0 151 167 116 175 130
16 142 196 242 251 46 297 276 9 61 296 72 163 45 264 244 184 121 258 178 250 269 211 202 27
88 140 222 293 163 157 188 84 173 290 76 281 192 219 187 164 42 248 205 242 286 254 177
144 240 271 293 142 86 262 149 230 201 265 171 64 126 200 231 17 259 209 176 167 248 238 181
107 222 248 37 250 296 32 78 123 218 298 97 224 29 12 47 178 165 57 184 54 204 284
124 227 268 255 227 114 12 203 86 237 166 4 214 91 272 143 52 261 282 239 130 66 195
4 50 127 261 263 213 108 172 21 41 219 227 282 148 87 97 226 174 212 192 59 151 30 46 14
21 259 215 205 266 78 178 104 229 123 44 87 92 7 39 20 176 196 180 115 165 129
142 185 288 297 36 221 272 30 21 293 46 269 128 24 204 13 136 40 56 173 115 14 187 83
112 246 249 280 261 255 217 283 113 143 91 72 0 149 207 195 54 90 175 246 40 151 218 65
195 204 141 228 14 42 0 76 6 254 230 30 101 19 283 265 137 83 118 100 251 154
188 237 200 132 123 161 175 271 240 256 48 52 213 50 153 129 181 125 112 122 77 268
59 62 93 113 110 70 179 241 285 80 172 129 225 165 128 187 270 131 184 8 141 227 124
160 200 119 179 161 41 17 203 217 260 133 91 149 22 122 195 4 198 298 277 248 268
57 166 374 106 253 46 41 73 262 217 193 268 186 282 174 211 92 58 278 226 68 17 173
20 162 260 278 130 55 278 184 26 74 295 178 232 73 101 27 202 54 107 133 104 216 201 244
0 205 225 282 80 280 190 9 101 61 171 145 138 124 0 132 72 222 70 45 252 98 39 36
