33 119 144 160 497 72 298 505 72 98 253 276 46 69 259 27 138 278 157 103 215 55 212 222 255 153 11 210
47 52 64 274 749 412 805 23 474 302 736 30 249 445 893 138 648 575 875 530 264 189 678
158 134 218 87 198 263 274 104 152 334 405 182 875 879 729 875 255 879 930 853 332
79 141 238 272 439 124 133 129 208 139 50 294 11 294 170 105 698 422 603 658 182 18 182 10 514 695 646 286 129 231 71 30 74 281 287 80 270 273 49 103 154 274 69 248 23 262 178
56 116 211 242 290 245 73 136 291 263 237 278 134 297 242 138 235 59 226 295 204 152 287 162
117 284 228 248 226 286 98 38 236 36 35 256 60 56 295 102 40 239 9 191 34 227
134 154 231 109 127 72 223 40 283 50 62 242 43 78 75 116 33 41 238 111 24
183 198 284 152 109 201 183 79 23 171 202 13 139 289 111 250 96 244 191 177 259 184
269 61 152 232 142 99 195 295 166 50 62 12 290 196 165 51 158 191 91 45 172
146 234 288 160 187 163 149 293 178 173 298 272 129 91 60 280 38 257 140 171 104 206 50
110 270 272 186 199 18 12 240 232 13 148 39 122 157 27 0 31 295 62 58 153 17 171
76 142 209 105 232 233 203 217 61 102 190 70 245 66 225 69 213 200 208 62 134 224 166
139 250 168 180 200 225 245 736 214 143 24 272 3 134 226 291 10 250 285 129 283 183 169 129 198 79 210 184 120 30 135 126 222 284 192 244 39 252 251 133 2 121
161 197 73 123 109 40 75 195 200 71 255 36 122 231 214 230 272 223 150 101 145
105 128 153 154 280 24 295 133 169 148 255 242 280 16 120 108 18 55 142 106 46 196 207 82 168
25 126 264 32 218 149 92 87 238 104 259 175 243 71 29 108 197 136 221 49 93 274 247
160 231 210 241 208 28 182 54 196 127 186 288 16 167 17 226 296 271 80 139 1
190 192 232 296 157 94 201 167 197 208 101 160 85 188 199 104 105 277 238 270 282 18 181 131
961 24 114 257 89 51 116 285 154 21 244 119 270 196 188 132 106 296 223 167 139 182 254
23 67 77 272 233 19 120 80 49 6 192 211 122 180 92 187 172 44 143 277 108 263 207 109
34 165 215 292 295 60 279 256 88 72 296 230 62 6 12 7 136 194 110 264 246 71 240 27
44 138 149 206 267 71 276 292 129 230 49 261 200 37 112 46 190 64 175 65 290 24 183 63
275 77 114 206 229 176 113 290 204 163 72 270 75 272 49 14 79 106 17 194 170
59 100 146 229 285 47 117 44 79 37 64 121 67 254 210 143 206 179 132 184 271 197 116 139 73
0 43 109 155 175 229 257 127 164 199 172 25 213 209 9 58 208 65 234 42 153 24 132 126 128 44 111
213 264 143 57 139 183 292 39 217 193 177 149 250 291 266 201 173 59 72 200 271 29
37 161 283 125 219 193 102 149 295 268 269 10 83 297 186 245 187 70 183 244 9 2 108
40 181 159 284 224 105 43 165 170 240 33 241 184 260 69 270 64 107 226 53 68
113 701 125 139 45 43 165 174 240 105 232 25 284 48 172 76 159 235 67 120 104 201
14 194 142 88 152 166 20 282 208 147 130 284 249 272 67 54 189 227 193 73 97 253
159 203 70 185 259 282 286 298 90 223 151 131 134 143 70 37 908 140 883 728 11 163
49 58 88 137 138 208 282 108 292 134 146 179 175 49 11 122 233 216 191 220 202 68 196 295 119 87 124
31 118 125 236 148 49 162 160 222 18 125 77 142 241 15 11 255 95 13 284 51 64 269
23 79 100 188 167 276 198 6 147 96 67 83 125 291 17 138 130 95 32 237 34 199 4
21 25 142 169 14 5 100 209 126 44 234 175 70 222 37 22 167 59 65 174 157 179 250 255
225 23 79 100 83 96 34 199 125 147 234 755 736 43 237 97 172 9 252 15 232
17 211 283 109 82 262 105 84 102 107 38 141 99 168 279 213 103 259 152 202 215 264 164
138 148 213 19 66 182 142 201 160 78 104 194 264 226 192 190 72 257 63 103 281 254 278
20 51 157 203 217 246 58 218 78 129 91 266 2 232 212 151 118 101 184 152 245 21 297 194 147 7
13 230 275 26 6 134 82 42 73 127 49 192 18 169 3 260 25 76 91 27 68 52 175
29 201 97 132 250 268 233 197 241 143 182 4 6 161 55 125 48 96 66 251 18 255
140 238 4 163 126 101 5 288 134 162 13 75 36 196 241 183 256 103 44 94 200 199
32 80 199 222 155 94 154 172 1 3 151 60 19 241 0 193 248 43 276 9 12 52 249 56
755 111 187 260 282 169 60 129 75 233 81 58 201 147 55 100 178 259 141 264 41 74 121 22 257
91 92 201 296 133 279 34 135 220 233 11 46 207 64 298 209 105 73 1 145 26 8 182 307 6 276 161 199 174 19 28 77 85 147 135 232 137 209 125 63 50 291 275 37 5 279
116 133 173 180 221 291 736 80 206 102 290 99 156 55 246 21 291 265 155 69 260 299 120 197 23 275 154
8 50 182 198 258 286 27 185 220 248 0 275 267 186 132 112 230 45 192 145 78 77 68 55 108 200
52 132 216 262 293 181 184 229 270 145 22 254 31 289 263 17 222 265 171 81 235 167 212 165 15
204 296 8 50 182 198 258 286 275 132 27 267 77 0 736 698 952 97 237 235 43 15
52 264 269 284 62 105 237 47 161 200 273 183 252 2 290 34 76 272 21 59 67 36 80 158
58 91 164 184 269 284 109 46 61 268 298 187 78 60 74 104 3 199 39 146 7 257 106 21 218 62 208 175 91 141 167 193 224 173 276 278 166 154 249 42 178 31 2 253 64 101
118 233 237 283 218 13 35 100 112 736 86 144 120 112 151 111 73 8 145 129 276 250 276 182 307 159 40 223 100 256 47 284 222 98 236 4 224 55 59 1 54 8 212 140 190
68 119 130 736 69 135 197 74 202 50 8 285 6 145 106 148 38 291 250 276 1 73 182 8 137 252 254 33 43 227 98 153 126 6 113 152 45 264 250 135 144 76 205 236
38 47 221 255 118 233 237 283 218 40 129 276 223 35 47 273 172 9 97 53 146 232 736 43
116 169 293 61 98 186 217 146 52 30 154 156 123 160 290 265 261 210 273 238 105 8
181 254 87 42 129 108 61 40 237 14 34 44 79 51 136 187 199 234 124 6 32 104
31 40 89 264 265 263 99 27 124 64 31 274 275 201 105 147 120 178 262 102 164 123 192 62 255
33 36 38 96 291 181 254 42 6 124 87 234 51 15 237 698 235 952 239 43 232 172 234 755 736
53 210 268 282 107 132 286 262 270 115 255 44 264 137 75 170 158 208 102 7 48 148 154 223
51 138 220 115 150 268 103 24 99 153 117 97 240 263 230 213 81 40 222 221 154 19
13 105 122 159 283 268 109 0 142 152 47 118 207 122 191 254 108 110 90 269 172 186 153 228
73 100 120 15 8 177 254 138 44 83 146 122 31 51 223 85 94 38 233 273 190 119 232
112 736 293 98 232 252 124 225 208 143 194 30 48 71 23 292 127 4 130 118 17 104
180 162 103 269 3 221 164 123 208 241 254 238 227 12 100 67 216 80 74 180 157
942 42 155 175 204 75 41 15 166 285 66 194 0 109 272 59 93 209 71 258 208 123 219 40 85
124 183 221 50 142 215 242 160 292 82 159 136 152 0 258 176 18 13 156 106 78 162
13 28 54 148 149 124 133 258 31 155 178 187 48 193 54 281 152 255 279 117 57 127 247 206
53 37 137 176 38 248 201 197 229 207 193 16 55 210 167 91 24 227 186 168 169
123 137 207 248 211 32 284 59 39 261 116 94 118 90 235 135 238 60 7 52 187 225 24 274
935 214 60 133 162 190 120 48 99 261 68 19 253 256 222 241 134 216 246 238 37
0 30 92 94 99 166 22 78 203 261 23 236 225 8 101 238 34 83 44 127 168 54 13 214 278 48 138 204 51 158 170 108 119 209 79 226 148 177 151 172 110 62 268 105 47 77
198 52 108 96 266 228 229 1 105 67 138 216 298 232 173 57 246 288 161 17 207
14 58 78 174 282 289 194 296 232 35 37 56 228 38 28 282 279 243 47 197 103 69 43 138 254 26
117 160 179 165 88 198 16 219 166 110 268 176 40 133 267 287 91 6 80 86 236 289
35 81 91 134 290 144 66 249 254 37 75 264 224 227 276 246 150 183 216 46 38 266 92 296 221
3 67 137 215 117 160 179 86 133 110 289 91 235 952 237 102 273 234 9 755 53 232 239 736
71 76 115 140 262 264 47 173 126 297 127 161 148 55 59 140 157 42 41 192 1 132 214 38 229 167
23 44 117 130 185 286 132 167 93 164 148 7 40 294 11 255 2 162 77 37 258 145 146 79 22 111
33 77 144 260 209 54 245 223 262 133 92 273 17 183 206 255 53 241 89 138 235 186 37 121
151 168 204 220 9 112 16 270 261 100 282 70 38 179 150 198 241 164 195 33 87 158 56 225 18 296 164 32 79 162 2 12 212 115 108 90 266 239 251 10 125 201 257 4
74 210 218 181 225 143 48 197 0 84 138 275 50 165 199 3 222 282 78 219 221 16 45
3 178 226 283 90 246 140 69 112 248 201 162 117 217 87 26 106 44 251 82 131 262 15 282
8 179 74 210 218 199 197 181 78 3 138 15 43 102 232 237 15 252 234 273 736 235
61 269 55 51 227 173 17 16 123 84 234 73 31 253 257 23 38 149 19 299 183 82
211 230 240 247 259 267 296 138 152 0 186 54 91 285 74 278 266 48 85 128 49 79 206 6 274 146 37
19 84 180 145 118 199 3 210 93 253 148 0 102 247 129 268 6 179 5 249 27 64 109
71 282 296 267 259 247 230 240 0 285 266 6 152 186 698 736 102 53 43 172 232 234
0 62 185 736 43 143 205 198 140 138 262 189 224 278 119 290 226 286 13 265 256 100 60 108
66 82 129 131 148 242 56 190 0 234 77 9 175 109 108 219 84 262 233 14 90 282 58 106 27 250
7 45 206 286 274 152 83 9 188 157 45 258 298 32 78 139 246 71 60 185 130 174 287 92
58 159 278 230 233 80 25 235 273 22 62 130 54 157 107 87 284 120 9 164 96 165 8
942 961 65 182 48 124 61 220 248 157 270 296 164 226 119 244 272 25 260 19 191 93 285 75
145 182 166 244 49 12 56 105 38 43 243 8 283 169 162 84 192 108 258 238 3 77
22 61 288 261 173 123 110 203 205 72 287 8 151 172 48 103 95 1 195 200 259 136 83
100 147 168 261 667 105 85 66 167 84 2 143 151 113 208 197 217 269 281 14 86 30 253 131 173
121 191 201 239 276 279 154 248 21 3 106 95 177 150 19 295 207 55 181 238 198 96 93 136 201 294
935 2 82 128 284 54 256 87 144 31 233 194 247 287 148 251 212 248 30 40 282 58 262 229 8
18 28 104 108 121 188 3 235 56 98 275 260 173 207 70 178 115 186 48 44 267 38 26 229 219 63
3 79 258 113 189 158 232 293 231 289 159 163 104 34 216 263 241 130 108 48 32 249 71
46 105 123 234 21 113 123 170 220 73 260 94 22 76 163 272 5 8 255 276 106 6 307 182 105 148 250 291 26 0 182 136 149 295 200 98 179 223 234 51 276 266 281 72 211 297 210 291 148
54 279 243 259 154 167 239 196 200 228 91 115 282 279 47 143 291 46 271 189 59 19
119 179 192 232 290 70 126 90 80 248 189 205 50 179 78 124 134 172 282 280 266 9
31 205 296 138 8 113 92 265 49 123 121 28 122 127 291 167 186 46 290 287 64 249 108 278 175 14 220 289 222 196 5 72 43 193 47 6 296 254 217 287 244 122 226
17 56 212 259 228 14 294 211 9 148 54 133 25 137 207 239 158 199 65 92 39 180 293
935 2 128 223 287 94 294 244 173 287 64 185 163 75 93 102 252 158 170 74 283 80 182 203 60
38 120 148 134 34 199 95 194 91 146 55 236 212 256 23 58 244 166 57 171 113
150 205 277 238 234 118 117 13 87 50 149 177 26 57 59 143 95 10 96 256 47 201 64
213 216 241 255 264 216 199 270 148 2 143 165 203 113 232 100 141 34 214 297 13 4 0 150 285
942 179 189 229 667 59 19 91 106 250 30 251 56 281 26 213 221 51 291 5 297 135 236 201 194
61 93 207 91 207 53 180 61 121 258 273 218 4 23 162 196 253 201 21 95 219 68 51
66 155 192 48 203 275 93 134 9 119 292 32 249 8 52 172 268 299 276 68 70 91 143
7 31 88 96 146 229 273 184 41 115 172 196 24 180 70 259 9 212 214 130 215 15 144 192 75 213 69
9 89 205 226 249 271 193 53 165 43 124 130 55 16 110 109 203 273 182 286 118 1 152 275 66
69 116 152 158 227 2 14 52 32 231 229 113 122 35 12 268 156 90 20 177 159 234 102 53 241
124 187 9 89 205 226 249 193 53 118 130 182 43 952 235 9 698 755 172 252 736 239
22 80 218 115 97 213 137 159 37 274 234 247 119 186 209 294 163 267 136 25 11 18 125
140 189 22 47 279 63 264 97 210 104 294 146 75 213 155 254 194 292 4 256 123
145 147 226 280 153 48 246 126 114 89 255 122 53 45 81 5 226 101 220 274 12 145 181 196
12 152 279 171 115 53 277 198 216 1 14 31 48 148 276 3 264 162 143 29 257 72 74
144 161 185 43 119 252 210 106 60 226 298 25 199 233 30 295 114 78 159 0 243 247 177
21 146 194 259 291 115 253 187 98 116 49 171 243 130 4 118 290 295 122 178 32 34 241 167 149
72 208 296 298 33 231 289 292 203 169 109 64 98 63 145 170 129 160 214 59 147 210 166 205
16 44 130 293 182 134 229 111 7 280 39 296 279 83 31 45 5 126 62 236 78 203 154 189
17 92 279 133 99 178 197 171 50 19 136 27 196 256 7 4 55 284 28 181 137 12 188
14 48 128 258 68 239 136 133 89 216 64 33 66 156 146 251 183 257 32 79 294 194 289 195
279 282 6 147 55 253 18 247 165 149 163 234 292 41 85 67 42 116 281 68 72 243 12 65 188 185 279 26 199 257 212 151 157 93 50 86 102 251 252 201 70 228
264 667 89 284 298 210 88 104 140 111 202 27 2 58 242 14 228 174 124 218 263 81
156 172 215 271 223 260 41 288 118 196 75 61 26 267 68 299 297 25 7 136 63 233 48 250
93 104 149 177 182 235 30 258 195 3 243 114 196 180 282 129 27 172 154 15 228 66 74 102
163 179 204 38 57 144 65 247 244 29 140 44 288 142 231 215 205 164 188 147 113 266
67 76 152 216 160 124 229 180 182 299 288 215 152 271 146 67 48 216 162 268 139 141 33 291
44 71 86 122 265 289 125 120 50 21 98 298 156 57 181 87 165 105 241 26 130 210 126 175 83 15 191 71 83 125 288 195 39 89 121 175 120 27 263 242 32 113 23 26 159 198
33 42 74 171 287 212 220 20 170 161 206 103 56 185 229 201 275 269 282 128 44 278 291 89 187
935 942 156 164 107 91 110 209 128 277 281 73 125 4 235 170 207 167 216 225 155 41 177 280
148 275 286 49 203 4 86 95 29 220 257 6 280 230 244 134 178 181 79 117 158 147 277
28 66 241 92 67 29 214 178 219 218 286 58 94 139 95 215 171 273 291 203 20 47 191
27 274 204 239 158 215 155 102 42 161 93 46 229 255 277 284 220 144 56 86 183 162
7 46 168 202 276 136 28 242 295 153 76 43 26 293 236 19 115 30 120 288 283 61 6 245 170
14 26 49 66 174 112 174 25 130 76 178 128 201 41 65 277 67 246 152 228 220 96 19 214 28
99 267 275 36 251 15 143 56 116 192 256 217 252 280 174 20 123 254 59 54 88 136 162
49 123 192 201 1 95 294 87 141 239 2 217 149 287 20 72 70 286 162 7 180 267 299 140
0 111 288 14 225 20 87 148 179 201 227 161 6 258 184 220 105 73 6 276 145 276 148 215 38 132 258 34 171 241 40 91 96 265 193 78 261 288 246 224 238 45 229 141 125
171 273 183 141 114 95 133 241 198 239 73 102 77 265 115 154 168 24 268 47 234 109
143 206 268 22 248 23 120 107 132 91 234 46 183 135 232 90 284 184 239 186 28 202 270
139 207 211 221 230 260 45 170 165 180 194 188 71 105 283 258 35 47 126 244 212 18 229 136 167 65
75 169 242 169 74 188 67 194 209 214 245 270 8 116 259 204 91 271 176 241 140 96 225
98 3 17 75 80 23 84 83 99 69 431 63 257 2 23 116 60 17 154 214 822
113 277 21 125 138 70 280 7 181 222 248 114 16 112 174 160 94 12 115 213 22 162
85 240 244 286 184 172 118 280 287 64 122 157 229 178 128 192 281 164 248 24 56 276 189 153
66 84 200 201 259 269 292 84 153 266 291 257 232 289 164 94 28 113 117 105 143 210 262 61 216 135 260
55 93 177 274 123 205 232 60 127 189 181 1 207 234 128 160 78 69 185 172 278 101 7 131
129 191 229 236 239 160 96 100 288 134 260 226 220 276 90 186 183 84 244 55 230 171 53 7 3
236 295 153 272 192 190 294 145 170 162 168 74 271 18 8 200 9 43 185 209 163 221
132 199 65 132 129 95 54 292 169 14 235 231 206 225 29 298 40 265 288 124 2
55 80 127 59 72 122 147 788 19 77 124 171 266 36 251 122 281 170 287 304 28 154 48 167 255 580 197 143 56 65 221 141 170 263 268 126 57 102 270 132 99 258 231 199 25 269 91
136 132 298 29 199 40 132 206 102 97 736 234 698 146 822 15 9 252 53 172 273
142 226 3 229 130 232 158 125 221 200 43 169 121 33 218 59 299 48 269 97 79 167
961 11 56 63 279 204 139 214 296 219 62 207 274 74 289 14 16 81 125 198 270 245 141 227 192
119 126 144 148 296 203 198 97 96 190 276 11 277 182 41 155 51 146 181 112 252 284 170 216
109 200 224 226 247 284 293 174 214 241 289 131 173 106 135 129 115 101 249 94 167 935 294 543 230 148 86 367 222 736 173 284 82 257 53 221 198 213 71 88 277 262 178 242 179 32 33 100 164 57 240
935 3 52 193 287 179 293 146 66 6 282 162 204 206 58 118 236 17 213 274 210 164 48 65 203
736 942 106 150 200 264 285 231 91 683 118 269 10 822 154 150 5 257 431 214 2 11 126 91 151 87 167 43 67 287 166 234 280 111 288 109 173 182 95 6 104
183 142 116 59 54 278 21 174 69 242 226 154 220 144 221 100 84 7 209 48 4
33 167 216 222 293 77 278 298 104 139 241 82 239 154 2 53 231 142 268 87 183 383 114 159 352 265 131 131 141 276 89 103 127 192 29 232 23 99 63 165 125 158 48 237 175 71 146 81
935 7 71 113 136 205 278 97 127 180 198 200 279 121 90 213 215 164 14 150 53 257 116 63 822 214 214
961 11 33 63 139 167 167 278 33 293 77 298 231 265 131 139 183 127 146 736 53 97 237 239 9 15
19 28 45 64 115 208 241 260 32 213 257 248 199 189 183 259 38 207 205 241 88 249 216 79 107 31 236 67
103 135 164 166 185 100 132 226 21 256 209 29 210 97 192 229 218 263 258 255 68 215
60 62 66 114 196 243 175 200 39 177 138 43 233 68 128 60 223 271 8 298 124 248 205 287 86
12 23 120 171 112 161 265 205 235 290 100 38 221 182 61 128 64 207 230 172 48 220 145
80 176 165 29 188 197 81 191 265 263 33 253 101 148 42 233 231 106 8 280 60 207
114 141 171 225 238 40 142 284 87 38 233 120 274 251 26 41 195 85 98 177 25 227 96 230
59 179 222 33 211 252 132 154 110 20 54 30 143 249 288 134 99 219 22 293 183 156 86
16 268 0 274 256 141 207 149 179 42 7 99 45 39 290 48 156 86 157 284 36 57
22 75 4 21 247 253 219 176 93 59 7 37 124 11 208 160 261 190 99 29 229 255
15 222 265 132 180 155 62 152 196 167 277 140 75 171 170 192 280 252 79 61 223 93 102
73 91 150 292 55 63 270 141 235 254 131 124 283 262 54 76 170 116 12 18 67 189 177 163 248 48 240 56 262 40 115 161 10 216 286 153 188 280 51 283 137 93 131
49 291 278 173 27 25 251 75 246 58 104 30 171 107 49 255 196 46 131 1 232 142
69 174 184 197 236 271 245 258 229 295 12 85 86 196 277 299 256 156 95 39 82 89 210 148 253
199 180 163 142 235 23 160 154 96 161 288 241 179 156 68 215 54 290 147 87 41
