42 134 168 181 202 213 507 13 21 27 29 53 476 631 282 283 571 754 922 784 977 742 902 311 420 748 129 659 69 176 45 18
45 65 231 253 297 966 356 543 374 156 488 282 963 902 503 185 238 368 621 49 637 381 409 332 61
82 187 299 107 97 111 218 10 135 209 146 27 84 183 240 244 284 138 205 85 178
39 264 204 159 155 224 182 202 158 52 242 90 241 299 272 109 81 161 267 147 162
93 178 184 276 115 190 49 288 25 211 86 3 101 267 165 157 141 24 30 253 236 82 18
19 73 135 194 270 32 285 116 187 273 251 234 22 242 8 138 15 121 52 173 91 211 58
66 186 193 255 268 232 67 234 239 97 27 191 1 2 190 84 70 48 36 138 279 189 17 81 24 97 75 20 267 11 255 293 261 169 224 280 62 164 220 26 70 42 154 175
259 750 68 66 182 148 137 14 275 269 291 32 161 177 46 93 48 155 268 257 250 50
4 86 135 186 742 132 222 253 62 140 293 53 208 19 245 281 21 180 68 84 211 173 1 51 91
184 240 248 154 4 203 237 98 298 93 74 297 294 193 86 107 247 236 71 16 299 145 22
156 273 234 279 52 108 229 276 187 256 202 265 291 193 140 4 136 214 32 245 182
37 44 124 142 146 274 286 81 47 57 142 179 291 290 70 140 148 45 41 68 156 160 6 55 240 50 64
58 118 116 188 126 4 179 252 151 94 74 79 96 119 135 113 297 186 258 105 86 219
22 43 205 228 284 261 210 285 4 61 188 219 134 55 161 23 21 56 243 9 212 94
38 50 268 188 263 11 253 212 112 186 261 36 147 275 162 184 281 34 78 179 254 195
120 267 653 170 0 88 192 118 75 197 115 64 129 182 166 119 50 162 181 282 73 114 60
5 114 197 81 291 54 105 151 44 55 227 290 124 141 270 285 31 201 1 223 18 295 3
80 111 203 207 282 16 93 90 49 104 42 224 89 77 66 65 94 156 6 177 242 227 110 266
34 94 271 200 30 190 32 197 70 280 100 3 224 256 278 147 50 178 15 93 126 139
222 262 127 271 52 181 275 212 65 214 222 79 211 133 14 237 58 185 83 246 179 61
88 188 294 56 217 4 87 207 6 111 100 93 17 208 15 162 161 40 196 39 202 11 133
106 181 220 232 249 120 166 110 200 149 269 155 128 109 262 122 169 261 244 180 226 87 130 264
24 118 188 246 290 70 268 193 278 82 247 97 231 229 162 51 119 171 292 256 2 30 73 252 11
69 225 16 68 229 286 135 254 220 282 147 24 50 3 74 232 138 102 82 296 40 95
45 184 296 90 250 157 155 6 133 121 170 273 69 112 148 65 99 158 123 238 67 275 162
12 74 166 151 26 14 7 195 31 82 275 246 200 270 142 299 86 273 51 119 39 60 4
219 190 118 65 230 7 66 43 220 192 148 297 103 109 247 255 177 169 159 84 278
36 71 102 170 184 215 48 155 2 276 100 157 275 294 56 265 154 232 71 76 19 159 36 193 59
149 242 261 23 13 151 229 188 230 183 62 269 210 1 134 51 107 191 157 260 245 50 92
100 220 264 298 215 43 248 179 67 295 105 252 219 236 85 245 278 9 214 55 80 82 149 87
249 269 128 161 280 32 243 66 214 121 209 92 68 205 30 42 11 63 109 254 148 95
79 182 195 16 1 43 107 216 286 79 200 268 181 177 190 41 68 137 146 130 176 22 206
33 227 1 8 20 12 37 246 61 165 272 258 42 217 252 141 40 251 119 53 184
205 147 165 72 109 166 120 82 11 215 281 198 35 237 122 161 210 66 246 75 183
88 140 56 61 162 265 34 20 247 280 103 242 71 147 11 190 239 87 273 74 252 182
177 279 147 38 52 35 276 202 54 251 166 121 22 27 80 223 26 61 119 111 48 277
81 158 90 273 299 146 227 209 1 241 6 251 202 275 218 286 13 281 265 8 259 152
279 283 171 116 260 250 74 286 236 90 39 222 225 80 261 7 181 9 196 183 98 43
6 10 36 169 84 251 11 268 260 47 224 212 120 109 18 37 1 183 173 181 246
0 35 185 274 45 242 58 127 36 297 107 232 73 109 27 299 10 280 270 288 137 158 255 69
7 39 144 151 36 98 254 260 274 210 238 43 18 77 111 107 230 807 47 162 347 214 218 114
135 142 165 179 196 34 161 80 271 207 58 6 125 172 289 74 83 118 154 59 294 277 70 108 155
124 235 144 200 115 117 173 25 243 31 58 114 276 220 235 4 206 57 270 134 188 62
87 296 116 211 207 45 28 180 13 81 59 173 158 181 202 227 7 153 250 159 170 52
46 92 295 653 94 235 197 4 141 68 224 171 202 151 149 25 205 156 208 203 265 175 74 268
26 97 139 226 126 217 277 261 254 73 219 279 53 258 267 173 74 206 212 239 56 203 43 39 170 22 67 12 241 171 233 123 212 261 230 209 58 34 141 208 199 200
75 279 295 82 129 240 101 127 198 47 119 147 64 205 229 72 296 267 187 26 38
113 244 280 110 197 4 196 173 211 208 256 85 223 83 284 159 290 203 40 202 189 106 282
30 121 147 229 235 47 226 135 189 117 255 257 41 256 12 211 184 109 279 282 25 197 247 221
127 16 138 167 103 150 157 262 182 200 104 19 910 214 47 11 157 162 46 192 230
48 162 169 90 131 160 14 128 85 37 126 182 167 250 170 147 3 54 60 227 188 110 282
178 207 211 207 133 296 219 205 46 140 127 254 294 35 38 42 61 24 217 225 223 112 63
27 187 113 185 11 234 135 248 282 119 40 1 230 69 6 161 7 78 30 271 157 104
19 255 105 136 51 242 140 141 285 30 297 106 40 258 203 138 74 100 27 23 244 228
22 76 285 23 223 140 189 92 20 226 244 264 222 190 275 181 4 15 153 25 75 265 17
59 252 187 249 174 166 183 186 224 154 231 217 54 202 32 299 139 276 178 144 28 149
215 238 102 133 171 251 33 84 184 93 57 252 51 35 166 1 81 127 105 292 270 28
26 49 140 293 150 33 51 285 247 187 60 260 70 212 191 12 149 39 250 163 262 118 268 259 196 10 22 78 161 89 131 41 13 177 221 122 15 242 219 261 143 216 267
17 85 126 160 268 269 214 106 111 198 34 181 93 173 234 21 213 131 57 99 231 167 177 84 30
84 107 120 340 61 36 41 264 39 268 158 31 149 128 48 221 22 293 30 233 285 296 236 286
66 82 149 157 172 241 264 159 225 250 295 79 106 121 127 74 60 235 211 149 41 35 28 8 32
7 129 174 239 43 162 48 126 70 196 95 219 100 97 190 29 183 119 81 200 49 102 296
75 109 273 235 287 192 210 225 48 222 27 273 282 283 12 62 137 296 244 59 206 240 196
26 95 224 340 233 171 116 251 69 285 37 244 65 228 269 30 58 241 21 297 296 110 33 283
31 160 206 242 110 173 153 109 244 171 14 136 226 189 92 95 54 239 288 168 151 122 150 185
100 114 118 180 193 230 175 55 169 202 49 225 117 286 57 119 166 191 87 297 135 101 89 18 50 239
22 45 100 199 294 3 280 268 66 47 284 165 7 220 235 25 197 250 259 148 142 166 211 8 35
71 204 215 222 231 294 165 266 294 154 285 129 211 225 103 118 70 222 21 26 24 40 150 272 276 71
23 31 138 143 160 162 191 253 276 269 111 13 155 259 30 28 64 164 285 139 14 184 88 70 136 93 159 94
158 169 193 281 168 155 51 77 138 128 108 74 121 203 114 232 283 21 225 287 266 191 240 268
152 211 212 118 116 280 281 139 179 21 33 4 0 196 93 238 158 98 125 53 249 225 128
96 140 241 163 1 256 233 99 18 113 96 197 106 90 3 223 208 89 176 57 86 266 247
24 135 224 269 121 216 21 55 42 162 198 254 115 197 139 79 231 191 30 240 114 122 186 291
43 282 228 299 108 33 106 90 29 23 209 261 255 91 287 205 72 293 4 46 159 97
49 56 133 156 245 245 127 238 165 74 151 200 163 213 154 250 243 272 230 273 149 119 24 123 139
85 205 270 290 2 181 164 298 139 201 165 4 178 36 186 212 257 46 143 215 126 106 88 112
64 160 180 206 218 170 71 275 25 35 174 245 207 84 162 92 226 173 101 148 5 178 202 185 267
4 69 201 29 84 195 251 91 247 264 130 79 102 152 20 139 159 136 94 33 107 43
48 92 135 189 214 231 239 17 25 199 272 184 94 30 185 216 235 148 45 71 257 160 99 195 150
4 58 135 212 283 17 81 117 34 206 11 88 106 0 122 9 14 210 140 239 183 111 100
149 177 136 269 112 1 33 57 37 74 151 80 276 62 267 240 290 278 191 129 127 49
122 74 108 18 259 95 79 149 113 242 260 221 279 147 271 42 129 48 39 207 137
33 41 81 113 258 25 295 253 23 257 183 239 228 34 91 93 144 146 181 112 109 162 117 51 264
270 10 270 218 215 162 176 204 94 181 138 55 167 76 99 145 201 121 11 222 129
121 111 7 94 213 113 298 39 238 21 202 62 190 76 149 69 217 156 84 242 125
40 236 254 234 14 236 298 163 102 206 18 289 160 41 282 86 2 247 165 159 49 202 34
131 295 24 205 120 215 264 163 31 288 110 20 74 116 6 211 260 198 229 268 12
53 96 107 229 83 73 201 214 97 296 35 36 43 24 101 234 98 164 44 247 123 84 209
69 182 192 272 87 184 286 164 200 141 273 80 5 171 284 29 55 79 18 83 95 256 102 147
82 202 227 226 174 16 249 63 18 111 236 269 219 43 21 33 201 68 229 223 143 23 80
50 81 228 222 239 72 1 47 167 162 46 9 276 138 254 123 249 54 17 73 119 133 48
141 213 250 168 41 237 224 283 253 144 11 83 89 88 32 150 31 152 81 157 34 181 167
213 226 269 82 148 296 89 256 105 228 113 123 281 267 207 48 77 87 202 245 209 268 269
128 198 206 220 293 203 165 97 41 213 59 118 8 151 184 117 28 287 242 38 273 253 228 231 58
43 85 107 141 213 230 250 155 171 286 285 1 186 239 218 283 202 123 17 63 52 74 255 248 116 253 173
0 37 205 236 288 83 251 198 154 108 209 21 291 102 87 295 60 7 278 23 285 157 47 259 127
40 81 106 197 204 207 243 269 50 148 282 71 235 285 286 66 111 14 82 150 164 118 51 106 218 193 11 72
69 155 188 5 115 14 256 214 157 85 206 57 169 50 252 65 194 134 34 144 283 240 282
134 187 211 283 169 32 214 244 122 268 271 163 118 234 7 99 140 161 292 291 110 248 83 21
27 40 104 51 183 109 78 249 166 150 41 10 228 248 159 148 11 32 273 35 271 178 26
9 11 81 130 255 184 73 38 114 81 211 162 275 118 219 278 205 3 228 43 16 147 34 47
160 117 5 175 143 34 252 220 238 289 37 98 84 176 273 96 281 124 93 32 222
5 47 221 83 68 249 258 46 0 56 93 276 244 184 48 188 110 192 199 50 166 168
23 35 113 178 55 263 283 36 264 158 152 2 166 63 18 113 101 238 34 159 126 297 274 4
39 147 44 101 125 67 58 204 189 198 242 1 225 213 201 255 218 178 274 228 0 161
47 219 236 7 5 137 161 259 266 101 193 4 146 244 140 110 3 79 33 104 127 35 226
161 238 156 45 271 288 53 272 168 273 3 131 170 94 188 201 36 125 165 31 64 200
46 66 172 140 237 163 66 28 234 251 41 175 150 137 133 7 27 168 138 63 78 32
30 43 122 266 113 14 86 105 67 204 191 298 289 11 115 284 290 74 212 53 42 217 214 256
10 246 237 127 155 123 87 277 29 244 122 134 110 274 177 142 65 209 153 201 7 250
157 204 218 103 158 52 188 193 275 206 87 245 7 151 231 40 101 242 11 98 113 298 161
47 96 145 78 25 97 215 46 256 139 167 286 32 98 269 49 163 280 6 72 39 253
103 253 795 93 163 26 124 75 7 158 138 47 86 23 104 20 179 61 68 51 149 112 144
82 95 250 140 142 254 242 62 136 175 177 296 147 193 201 225 263 96 24 80 4 63 202
13 65 162 195 237 228 0 56 165 142 293 15 103 227 61 292 75 285 111 73 141 193 299 226
18 280 156 271 199 70 226 87 190 227 47 283 112 103 146 287 235 171 263 71 251 247
80 141 162 283 279 67 261 60 216 231 18 158 347 527 104 367 807 910 107 47 270 162 51 214
30 226 195 297 278 110 100 103 130 255 14 84 74 156 209 114 242 272 281 79 187
62 116 123 128 150 235 287 122 213 104 91 110 185 226 124 143 73 200 150 33 43 293 53 117 25 297
49 60 75 215 250 199 25 117 141 170 293 224 2 269 280 98 66 283 248 203 249 40 125 101 198
42 102 180 185 296 142 285 110 173 165 253 225 198 21 108 45 115 35 190 31 127 257 16
40 266 141 173 95 101 132 292 100 174 187 154 175 125 259 104 218 163 283 135 165 85
54 90 96 151 277 653 239 11 55 212 184 136 150 214 281 272 48 245 254 3 107 70 62 269 109 252
107 281 290 231 68 116 130 299 268 253 127 58 56 55 94 179 83 140 147 9 142 113 242
210 226 70 186 122 200 264 182 20 170 101 115 226 178 45 239 269 247 69 190 244 92
16 127 151 121 230 70 7 60 110 143 147 226 33 17 28 231 190 71 177 46 252 279 89
57 101 160 161 20 89 284 130 205 102 67 46 165 250 45 236 95 240 14 9 3 137 44 203
110 75 245 100 220 199 130 192 228 260 80 81 209 85 214 281 116 264 252 127 34
35 117 171 295 252 195 63 0 241 154 185 90 70 127 102 142 47 49 188 66 3 208 220
57 108 87 38 146 161 79 245 206 103 86 102 59 84 157 63 134 74 242 209 27 235
35 62 143 653 64 80 146 86 298 22 292 150 215 88 21 274 112 40 70 114 120 276 291 134
130 172 273 18 14 148 161 98 86 67 82 75 57 95 42 221 90 166 97 198 64 111
83 158 185 35 182 283 72 54 85 120 113 47 190 169 270 236 291 20 68 224 124 26
22 49 90 224 260 184 126 72 160 78 45 21 227 88 168 225 177 202 97 243 107 81 192 67 85
22 242 155 117 87 224 286 79 127 69 84 247 139 206 107 233 122 176 184 274 109
105 156 206 263 189 78 190 178 92 253 7 66 115 179 176 123 100 242 162 258 46 214 247 143
63 164 12 192 289 111 124 177 7 76 256 9 90 292 245 285 24 136 75 11 168 188
32 39 105 146 57 138 206 104 221 287 35 297 149 269 81 154 12 230 248 237 277 50 217 150
9 47 96 115 162 144 95 42 216 160 88 171 190 106 286 299 137 124 239 259 80 217 158 256 146
124 139 207 236 245 246 59 208 191 270 253 217 291 43 273 227 230 235 78 120 41 248 1 282 137 277
9 109 157 247 276 184 277 217 233 73 29 67 198 294 71 222 257 174 292 112 42 10 2
1 82 107 186 224 274 175 131 299 168 243 267 3 32 39 238 37 218 23 99 167 296 290 182 24 291
32 192 247 252 228 45 15 227 265 123 43 144 26 294 52 277 109 78 185 299 105 88 271 291
111 144 211 223 287 123 197 30 135 159 119 20 150 242 199 29 239 195 213 227 32 77 180 0 24
15 59 125 146 213 80 68 152 253 275 93 241 234 123 95 144 160 59 46 210 225 1 277
72 212 213 286 795 239 65 114 236 129 53 70 268 96 191 267 27 217 149 97 203 205 277 171 102
274 149 42 234 8 172 270 35 51 3 272 155 38 212 277 4 275 46 52 95 191
92 209 283 296 795 66 256 104 173 270 48 16 239 73 209 133 12 115 263 179 23 232 90 31 40
53 174 215 85 153 264 146 37 246 17 263 22 128 65 80 105 254 32 16 7 247 163 284
11 101 170 245 20 105 263 191 164 178 174 169 289 16 140 163 243 75 123 170 48 206 181
15 53 95 160 166 216 167 22 213 262 151 17 193 235 37 253 236 21 274 125 185 273 111 0 258 201
55 63 182 222 252 58 133 34 200 11 23 5 197 269 240 253 10 98 102 134 215 62 186 141 207
32 71 130 167 211 242 157 45 140 152 145 143 96 26 201 83 243 137 64 54 80 266 256 207 278 125
97 216 220 246 275 137 8 185 189 213 254 184 145 124 287 103 86 241 110 237 247 136 62
105 138 235 247 256 653 44 13 36 57 236 265 229 10 295 65 194 256 225 49 237 221 89 29 148 222
231 250 256 286 244 177 268 80 256 155 89 91 267 246 102 100 38 248 41 216 44 197 286 142
30 155 653 232 273 19 7 2 240 45 60 222 119 5 101 136 122 219 130 220 110 163 255
52 223 237 242 224 11 178 221 182 66 250 266 40 142 141 86 253 203 115 73 166 103 137
130 167 182 241 277 33 117 215 54 133 294 78 202 193 123 90 75 126 94 83 238 233 185 274 189
7 243 298 102 7 263 236 42 249 259 142 200 262 179 9 206 287 225 46 229 10 28 175
100 134 164 261 299 30 114 180 78 135 39 256 158 103 367 471 347 527 214 230 51 192 19 107 158
255 173 59 244 189 272 49 207 109 203 165 296 39 50 163 20 84 131 3 280 66
93 144 170 286 197 163 36 289 235 123 190 153 162 145 54 9 259 28 131 0 294 236 39 281
88 143 179 181 76 165 242 200 31 286 173 191 35 253 229 148 284 193 244 251 61 5 9 296
28 139 166 194 243 292 231 297 1 144 265 149 9 135 178 226 136 224 171 46 72 159 253 40 126 264
33 200 265 269 179 58 147 43 123 172 163 21 295 164 29 196 286 75 275 124 107 264 253
194 236 259 21 283 173 164 280 127 152 149 136 126 94 168 51 170 255 115 93 188 235 40
84 184 200 217 280 120 255 31 140 264 88 293 105 276 131 161 119 187 286 256 20 2 289 165
15 95 105 208 278 295 32 19 47 267 291 82 257 148 245 28 195 272 293 89 118 169 117 216 2 184
34 53 54 148 196 66 74 285 297 154 247 196 267 51 14 183 81 248 266 31 45 32 178 273 194
60 106 130 203 263 212 150 24 296 9 30 31 101 231 243 236 7 244 98 59 87 183 50 84 143
134 261 284 19 76 298 295 214 253 232 202 172 173 144 15 1 67 87 0 10 231 57 23
24 207 224 226 278 29 202 35 141 297 137 144 170 248 169 179 211 22 16 110 145 183 243 245
146 150 288 41 40 231 290 35 67 138 29 60 59 99 42 207 263 287 145 236 187 73
117 273 795 272 247 13 143 112 72 163 29 218 127 43 153 80 159 210 179 164 254 97 46
30 154 32 233 30 161 255 82 278 67 289 93 73 119 241 258 122 262 83 38 88 50 218 30 179 167 265 39 259 95 256 90 219 120 49 182 13 177 70 166 15 218 53 133 262 112 121 59 92 272 101 177 223 50 213 244 20 210 21 41 78
22 95 99 234 231 274 204 74 19 235 250 175 210 172 148 10 123 177 62 168 222 16 188
209 231 262 241 97 27 255 256 79 46 73 67 212 159 140 8 252 170 251 267 31
47 248 269 278 138 200 115 146 126 215 77 129 131 23 110 105 35 241 263 280 40 85 19 238 237 76 67 57 73 30 231 198 225 147 240 61 176 40 229 6 289 190 295 110
33 77 128 155 233 273 233 263 76 164 127 98 296 137 207 20 1 38 201 148 9 278 139 25 158 183
84 121 196 253 266 272 15 163 131 67 132 295 11 19 30 236 173 238 65 137 232 217 64 128 251 5
220 212 0 141 239 96 209 167 113 31 277 190 217 155 35 228 223 95 263 120 52
19 23 244 123 278 6 172 290 184 266 207 255 185 122 9 130 31 35 37 141 182 236 59
96 110 233 242 44 53 210 103 119 108 139 32 65 192 143 239 134 216 244 29 180 152 159 255
18 71 104 118 139 150 210 173 104 291 268 194 158 205 54 12 94 262 139 185 201 222 72 225 241 281 133
94 147 181 245 206 129 294 36 18 260 191 190 144 98 189 34 69 30 288 263 207 244 39
100 237 38 185 116 95 40 115 246 126 285 109 134 143 132 243 188 241 168 96 156 45
126 171 252 286 653 247 179 124 261 147 23 211 104 13 93 152 264 218 122 3 154 184 175 54 189
38 131 177 145 221 82 216 184 51 276 291 66 149 270 246 48 198 205 196 292 122 248 38
43 174 281 340 32 158 269 277 238 118 162 239 233 250 296 24 236 285 273 109 210 130 143 71
3 47 101 151 157 86 238 70 58 203 196 2 288 252 277 275 119 101 205 105 107 293 266 116 80
96 102 253 265 204 227 294 280 96 279 73 234 250 69 76 114 87 52 50 274 30 238 15 1
