83 201 613 73 75 508 729 394 52 1 377 156 723 436 473 219 230 201 372 838 978 780 811 750 903 858
170 212 244 564 681 134 156 218 971 522 784 822 526 955 864 1 1 201 750 230 394 377 780 156 729
42 50 121 279 133 64 287 37 125 211 286 74 104 275 40 43 291 107 153 216 261 220 86 296
27 134 240 241 8 97 131 173 283 129 293 194 277 122 291 476 922 174 129 839 94 278 0 182
34 251 255 129 184 41 284 231 43 46 277 133 81 114 80 279 243 169 22 91 69 254 130
200 286 297 64 237 276 277 193 139 66 111 32 120 218 166 153 215 72 59 157 57
14 154 214 797 276 73 204 29 14 221 49 28 45 140 118 137 153 132 192 76 135 243 19 33
163 219 225 154 63 265 180 145 109 58 210 32 250 3 156 206 101 88 209 179 43 36 17
41 111 143 260 40 198 180 244 206 0 291 112 228 267 76 43 70 30 263 66 169 59 248 197
51 62 98 267 246 141 205 89 282 58 98 288 6 69 238 114 63 260 211 28 72 162 85 40
141 206 270 233 263 126 100 278 102 41 55 26 134 76 111 171 18 299 280 146 88 173
25 29 45 89 105 277 71 154 169 178 129 263 93 285 226 224 275 120 151 217 232 264 14 186
117 155 269 67 114 255 244 64 248 10 50 173 138 212 171 111 81 119 48 46 259 191 143
16 23 211 67 264 225 168 107 299 47 55 129 39 220 139 128 145 85 31 92 143 284
239 248 73 32 187 9 64 121 122 96 91 39 156 128 268 69 262 29 105 46 85
11 53 54 121 133 261 281 272 233 174 70 167 57 105 291 144 270 210 209 16 143 260 3 46 130 45 77
26 212 243 57 283 92 222 137 183 226 104 62 239 207 286 180 24 188 233 171 187 120 98
71 152 135 9 182 139 12 108 166 20 146 127 160 284 225 286 54 299 183 168 234 80
58 97 110 797 222 204 232 65 109 203 34 202 132 105 294 143 249 198 51 176 242 24 268 73
141 199 282 298 205 152 295 293 10 153 111 182 76 43 289 71 64 267 9 178 282 75 26 248
29 84 95 202 266 186 105 163 26 113 162 73 237 122 120 227 295 59 233 253 151 121 118 57 184
28 192 613 200 136 97 121 39 50 223 167 149 86 235 138 98 207 216 41 57 129 175 252
4 77 123 264 266 87 139 172 283 26 233 32 287 89 106 18 15 206 187 228 22 262 211 223
162 212 275 153 129 104 195 178 83 108 91 208 149 196 21 123 4 45 299 113 103 0
47 102 211 256 263 272 70 233 288 80 149 118 188 126 88 170 241 284 267 20 283 72 289 52 2 36
27 76 110 144 158 194 209 57 112 202 28 226 0 246 129 282 151 52 264 26 162 125 286 298 43 229 13
292 240 44 109 277 207 254 201 272 1 34 57 89 247 129 156 31 88 79 208 227
24 39 131 298 189 225 111 47 140 103 48 65 180 296 25 21 7 62 81 154 280 192 97 203
24 139 173 250 255 564 39 272 15 135 153 285 290 277 25 28 273 58 131 168 223 111 219 249 14 36
260 297 183 270 21 107 58 12 285 83 272 14 32 79 33 293 44 202 121 152 269
14 110 288 279 90 268 128 189 104 217 39 284 232 140 208 248 53 210 249 25 12 266 164
269 71 90 235 159 208 223 123 150 101 112 251 79 45 40 82 192 66 189 241 186
52 69 225 244 260 265 207 208 252 121 268 31 80 117 32 155 245 161 191 89 50 149 164 196 241 216
173 217 222 237 274 151 75 122 137 123 236 94 102 120 62 66 141 71 31 140 59 272
19 46 73 205 213 61 203 273 104 239 177 264 39 21 2 7 232 161 172 247 189 88 285 32
127 155 225 289 130 119 71 79 201 189 124 285 195 105 164 250 7 82 273 278 118 225 227 232 294 253 81 145 65 268 45 170 259 100 207 63 1 2 227 25 251 283 248 22
14 107 144 226 284 242 121 296 45 241 188 65 194 266 294 213 205 248 137 197 195 249 236 123 110
54 120 195 263 295 223 158 68 48 2 202 23 83 60 266 33 4 293 39 173 197 37 168 22 66
40 296 47 170 24 7 67 25 39 177 180 208 201 178 227 263 137 43 1 204 296 249
252 283 181 139 177 40 257 204 135 256 184 166 88 284 100 232 27 31 206 292 215 114
23 90 276 282 292 242 195 224 38 207 154 101 18 62 228 132 298 225 170 269 259 226 144
2 78 116 157 245 86 153 193 116 189 211 69 168 131 138 37 64 9 273 244 282 38 292 276 15
255 155 147 186 207 161 96 127 278 16 133 94 97 32 257 208 81 282 15 100 113
152 274 141 124 17 136 97 157 236 264 3 86 283 287 158 223 118 71 8 26 224 247
111 259 281 238 242 229 173 34 250 156 68 198 60 54 66 72 228 58 97 75 16 178 110
17 45 104 139 147 229 244 259 236 151 80 199 180 86 53 143 70 270 8 82 98 228 226 56 36 229 162 16
63 76 148 194 208 219 164 106 176 222 119 126 199 294 291 143 24 137 149 221 98 246 190 23 112
8 18 47 106 115 157 240 77 25 48 244 153 141 249 184 159 147 150 125 181 231 2 71 149 32 110 154
105 219 178 138 45 83 5 262 105 108 70 38 287 16 50 208 188 96 247 199 40
153 151 231 14 30 296 162 89 29 246 282 196 121 53 275 183 232 6 13 281 188
72 85 115 121 184 82 85 126 23 286 172 166 163 139 267 237 25 299 239 32 165 264
65 72 119 135 168 248 613 271 30 7 148 215 216 179 149 228 59 97 214 276 94 218 85 242 112 262 111
158 279 182 98 75 86 61 232 285 41 66 209 27 292 186 155 249 266 202 108 220 84
34 237 278 286 287 294 53 117 267 181 8 289 92 260 33 227 35 77 56 101 249 41 71 124 116
198 195 111 79 31 263 169 120 233 208 273 207 72 150 165 138 30 90 176 180 246
55 56 134 197 70 203 21 209 45 291 265 74 1 116 120 22 286 119 175 115 110 185 150 130
132 169 195 257 564 160 209 211 277 43 78 134 47 192 169 80 294 237 89 68 193 23 295 244 19 123 103 248 75 74 6 92 243 250 277 229 162 32 266 9 276 163 184 167 93 69 234 237 22 206 89 136 251 224 178 88 274 235 202 98 44 267 58 86 185
73 103 183 564 613 272 117 267 38 131 153 101 45 78 56 97 86 202 40 295 13 240 277 99 266
70 216 155 145 231 195 106 157 259 81 142 139 269 97 199 90 196 114 293 250 168 40
47 76 207 228 229 52 125 83 257 91 159 240 279 137 48 293 71 249 79 225 107 200 218 274 42
118 155 224 241 250 117 215 135 223 214 81 41 150 75 257 202 133 87 64 164 205 1 294 177 187
63 134 217 277 249 232 180 262 185 296 294 265 47 94 78 209 67 127 131 242 50 30 65
67 797 183 40 268 251 59 170 6 244 8 132 187 67 208 257 243 153 17 71 281 160
84 166 269 291 139 141 163 18 242 115 29 240 66 47 224 215 257 222 207 289 250 234 296 61
68 84 98 110 140 153 246 280 161 89 247 151 291 141 195 36 176 219 142 269 292 26 76 281 78 52 51 212
98 251 260 270 24 176 53 263 299 157 222 26 75 174 62 211 221 111 38 100 143 241 202 172
64 81 44 45 93 198 170 51 138 6 223 19 94 104 284 39 122 141 121 177 13 184
112 139 194 283 54 128 268 30 99 292 164 193 162 41 291 294 207 224 285 46 208 83 124 221
108 128 155 232 253 564 292 142 160 226 286 197 17 198 210 57 281 137 293 36 83 221 258 231 271 272
36 108 159 217 83 138 249 171 102 215 39 265 141 298 62 276 54 234 48 232 15 228 147
16 153 237 246 261 192 133 35 245 25 26 85 144 244 241 70 210 103 235 281 238 247 77 242 37
227 297 155 270 108 11 47 256 298 117 44 79 260 252 152 92 289 153 114 272 299 123
109 260 564 655 797 132 159 183 88 190 76 234 84 50 173 247 131 73 22 118 158 135 240 226 48
0 5 206 256 122 253 79 156 291 67 235 135 194 140 160 74 11 76 208 19 12 224 119 173
167 211 476 131 139 157 250 127 273 107 257 26 225 166 34 182 984 140 259 108 39 190
50 82 180 221 173 245 202 21 61 261 140 215 288 118 66 283 270 213 58 10 129 128 186 65
56 198 226 260 190 131 95 251 287 31 224 117 267 107 263 237 106 288 116 15 42 205
12 48 299 148 122 272 1 266 49 25 16 103 284 217 198 293 83 76 250 71 154 245
41 54 13 274 233 45 49 24 205 80 0 245 118 105 88 217 193 65 167 259 203 97
185 83 154 39 20 248 217 276 142 93 150 250 24 100 206 102 199 170 13 73 136
47 55 89 118 187 293 67 93 59 266 53 26 273 184 231 222 123 299 298 50 73 97 292 217 10 220
6 46 91 246 11 104 226 203 73 202 196 199 297 286 121 56 136 71 156 1 290 279 242
113 209 240 4 95 96 157 193 67 29 269 116 17 26 227 178 94 141 7 168 47 53
10 157 249 34 120 293 188 80 286 234 196 19 106 150 1 167 280 271 169 89 178 58 35
70 91 107 148 183 187 217 200 229 9 293 140 192 191 233 144 25 289 282 145 101 34 175 285 41 117 187
134 189 200 37 115 258 24 178 35 244 266 226 4 17 264 106 86 174 201 134 68 101 15
15 43 185 299 269 157 155 119 1 176 267 93 80 90 292 280 184 159 279 202 107 181
42 77 191 245 2 123 278 116 113 58 98 157 93 244 150 27 290 257 168 99 296 135 55
113 175 564 66 4 144 289 68 110 199 46 147 155 176 244 207 115 237 205 50 160 107 263 221 226 165 114 172 189 244 17 220 59 31 278 87 292 242 256 1 251 148 111
143 160 125 299 164 26 215 106 254 114 79 8 139 297 229 95 14 162 68 145 94 189
60 159 181 797 230 76 72 149 56 3 133 283 141 209 17 70 252 286 73 22 189 160 112 294
68 50 239 136 238 198 82 111 179 15 90 3 286 53 134 55 269 20 101 130 139
271 35 210 195 273 98 43 8 129 256 212 147 281 36 141 26 107 111 295 125 51
263 182 231 58 200 71 72 269 87 158 121 4 35 91 262 296 57 114 229 123 234 114 299 151 54 48 10 273 80 79 98 102 198 266 44 49 142 226 158 217 191
149 253 254 238 43 213 105 153 74 212 242 112 64 254 259 3 103 174 295 206 122 5 160
183 192 14 264 103 159 184 188 250 36 109 168 98 275 78 223 239 274 208 293 205
178 199 295 797 121 162 150 50 253 208 276 79 167 169 120 279 269 229 92 237 68 146 27 195
122 261 19 202 23 53 263 27 200 273 78 111 159 67 42 61 195 164 131 140 275
158 211 234 238 207 178 131 254 170 39 88 142 54 298 187 219 60 152 272 284 64 50 115 11
18 115 130 134 196 285 143 193 231 13 146 295 11 226 199 276 149 202 56 83 145 115 188 63 165 147
221 37 3 197 175 88 239 26 98 129 53 102 107 27 251 221 165 64 20 201 286
86 93 129 173 176 248 34 252 294 93 261 218 278 217 210 211 178 139 8 101 97 27 249 286 245 231
49 104 179 219 225 269 129 240 270 233 113 64 154 16 139 148 295 285 230 88 226 106 187 227 131 74
67 204 298 287 264 191 245 62 140 134 188 291 155 208 70 186 282 247 171 210 280 198
60 79 101 260 64 100 224 241 221 30 226 153 203 284 20 242 135 295 197 152 41 63 130 233
45 57 70 191 215 106 24 107 86 130 93 111 80 254 291 131 229 187 195 275 142 77 218 295 239
25 232 147 265 135 241 240 148 61 82 59 53 180 171 170 112 182 129 5 12 39 168
147 200 121 289 8 106 91 68 165 10 123 103 26 278 205 77 15 164 293 109 7
100 131 185 202 206 86 288 15 113 240 46 168 188 216 115 30 279 160 272 260 180 285 19
50 294 135 128 58 181 192 64 15 60 265 18 150 170 73 112 120 200 196 71 39 281
4 216 17 37 186 294 187 117 282 279 106 85 167 252 236 30 28 130 39 94 0 3
94 106 5 55 69 223 142 8 184 188 23 131 205 239 40 194 57 242 101 46 179
73 122 146 150 14 49 51 206 4 281 87 268 194 96 126 57 127 131 36 74 47 172 12 193
5 128 220 279 16 50 54 166 144 159 158 296 56 234 90 80 104 135 257 155 162 259 94
45 62 228 5 275 166 259 75 193 52 154 76 286 100 31 229 2 25 36 74 146 270 147
159 200 267 166 180 196 254 567 53 192 76 74 272 174 15 179 264 17 239 106 226 86 201
154 124 14 149 207 246 166 54 87 140 118 99 184 107 78 234 249 237 88 227 43
176 180 266 196 9 14 44 258 276 222 55 94 28 154 162 138 110 295 16 195 230 215
75 157 214 272 94 98 113 272 208 37 45 216 4 161 16 79 82 85 95 225 14 289 295 212
98 194 273 167 279 51 5 153 293 63 120 50 106 229 200 41 15 35 90 128 168 55 11
12 64 240 228 174 156 116 173 235 194 292 89 54 104 206 200 183 111 132 184 249 1
127 231 261 78 197 16 93 125 50 199 175 292 217 244 240 5 145 235 270 17 22 46
67 224 246 204 184 156 160 178 167 175 149 4 42 6 224 216 278 202 207 298 0 60
5 216 121 174 110 250 140 173 93 220 275 247 20 239 0 294 5 24 262 190 169 52
40 107 114 169 171 65 202 77 156 236 165 183 90 280 158 248 189 267 48 75 66 212 278 2 271
165 170 279 293 36 116 204 13 75 129 156 211 256 275 244 154 226 55 223 17 25 114 271 158
186 76 171 203 194 294 183 223 26 176 219 34 92 29 188 57 14 178 217 126 252
18 180 262 88 210 164 133 274 291 87 75 64 31 156 204 45 22 280 170 148 269 165
33 177 220 144 219 162 146 229 15 179 271 200 87 83 292 52 23 114 96 252 284 122 225
132 163 170 184 206 124 122 287 47 139 126 202 195 106 174 86 179 238 101 234 68 226 201 190 169
284 272 215 232 221 102 135 65 5 123 229 120 157 252 129 56 255 80 24 100 125
82 85 117 178 58 194 89 46 291 172 217 94 108 68 113 150 255 105 278 102 78 155 221 251 216 66 152 127 117 88 70 167 239 196 199 101 52 263 212 198 287 4 164 298
36 104 128 151 294 268 89 275 215 122 193 119 250 133 258 182 254 178 191 216 60 259 247 91 117
11 165 222 248 291 120 280 158 217 113 236 32 177 234 105 31 22 212 191 14 231 222 11 5 4
139 292 229 79 208 148 203 181 73 270 103 126 54 279 205 259 170 257 33 102 227 299
46 73 179 248 177 299 105 137 224 22 296 48 258 102 44 104 132 194 234 73 79 84 204 99
135 167 245 72 103 233 40 122 2 239 263 193 152 183 281 118 295 296 135 52 273 238 176
205 208 273 144 266 132 99 151 280 263 252 251 277 235 58 207 18 130 225 180 253 6 133
21 77 280 79 188 154 255 287 258 87 214 12 69 141 286 129 212 158 30 195 91 153 207
108 146 294 205 67 50 139 5 76 53 258 223 254 252 88 232 44 105 245 208 169 70 170
16 107 274 295 109 244 217 54 168 188 284 214 20 223 42 96 267 136 105 141 47 236 224 203 271 68 90 184 51 295 231 239 101 15 169 174 86 240 179 226 201 68 134
17 290 143 119 280 287 257 268 1 53 254 14 23 107 91 275 270 132 94 7 173 6
15 134 294 279 175 273 42 164 222 139 229 296 169 94 196 22 125 166 142 120 38
72 142 167 186 193 254 182 245 25 55 157 167 293 178 285 174 48 219 236 66 58 123 295 129 240 20
69 138 253 25 158 22 29 167 233 189 93 211 135 188 62 191 255 0 114 9 201 241 268
8 58 159 797 86 208 1 124 107 58 204 37 156 242 216 292 112 2 188 248 269 64 186 161 223 221 99 222 283 76 255 79 126 138 58 71 175 236 82 120 233 266 90 14 219 57 217 133 76 33 289 125 225 251 119 126 231 45 254 90 203 189 29 295
74 131 252 130 64 141 59 55 297 220 4 136 137 166 23 190 22 90 229 12 142 193
13 133 235 613 86 126 123 129 214 148 258 66 207 80 164 198 45 215 156 176 143 268 224 124
20 72 105 123 476 147 64 130 80 125 119 210 169 57 60 283 296 139 48 231 154 26 74 137 267 227 246 271 171 129 179 90 104 89 253 228 257 260 205 5 211 230 289 202 2 62 97 245 243 141 199 274 140 114 28 149 215 168 280 172 256 93 237 27 165
119 613 177 138 103 268 151 51 159 89 49 169 211 141 263 289 102 72 157 192 139 237
58 218 298 83 176 242 75 43 81 276 97 240 237 21 133 157 39 119 177 194 235 201 98
25 152 273 293 246 22 58 178 93 276 211 132 48 179 177 5 223 87 81 100 113 144 198 138
167 277 161 202 71 216 177 261 140 190 240 294 16 33 42 267 224 175 22 123 109 62
24 128 188 246 272 192 166 22 75 216 93 96 180 282 63 133 11 155 240 199 135 54 217 289 82
39 275 267 288 124 65 198 231 115 84 26 291 278 169 77 158 99 42 256 170 143 108
165 212 299 98 156 31 247 6 167 19 179 134 146 173 122 52 113 74 100 271 208 51 235
225 267 564 61 188 70 109 10 290 237 200 144 27 49 129 92 236 38 102 277 281 87 148
33 121 243 270 295 153 232 271 220 20 138 78 28 134 63 262 208 221 58 200 199 224 99 68
21 88 223 246 163 227 47 123 186 96 216 80 36 283 27 133 144 33 194 284 185 129 2 69
11 53 96 170 175 62 108 298 184 176 122 30 155 121 38 82 294 49 145 234 246 61 253 85
30 179 240 93 2 217 113 270 274 183 196 190 11 139 44 7 234 120 71 118 136 179 124
176 193 211 213 239 256 291 31 238 164 197 170 253 155 150 100 114 298 46 64 231 140 288 226 104 145 132
83 111 117 75 46 269 36 23 235 292 189 81 288 109 26 254 150 56 256 92 168 40 187
65 183 203 270 164 4 214 256 295 181 10 191 140 118 193 144 149 62 81 99 33 115 180 201
71 231 267 282 299 797 297 160 24 6 125 54 74 166 249 19 214 73 227 27 36 279 41 82 207 195
193 141 95 90 155 161 273 298 270 213 69 267 5 128 104 54 15 42 251 299 125
139 281 6 270 296 172 126 231 275 181 216 204 135 291 66 123 37 271 153 78 186 210
11 128 130 190 24 287 207 298 11 194 182 14 294 25 114 225 56 78 232 163 164 186 69 297
164 169 14 276 115 90 100 221 54 269 283 193 94 251 76 104 147 79 13 290 126 140
206 217 48 57 212 52 62 66 74 294 255 250 129 174 117 218 134 105 9 288 292 221
217 264 81 36 267 294 84 12 157 79 172 111 75 62 226 165 64 255 23 153 169 83
12 108 226 248 194 149 258 132 111 154 87 270 195 159 136 207 226 78 5 85 261 39 288 67 226 270 135 120 138 248 200 235 221 264 140 189 115 53 74 149 263 185 105 75
10 12 84 117 188 237 226 170 10 21 125 87 8 243 287 85 162 294 56 212 114 217 175 273 278 132
29 125 141 165 226 54 110 31 242 224 267 135 83 283 159 44 81 149 146 167 296 119 26 279 182
133 296 210 276 158 187 277 205 192 139 24 273 86 8 30 136 162 199 227 118 88 81 59 47 8 295 121 12 95 275 241 161 213 173 278 90 272 74 91 292 162 57
125 236 237 111 233 124 198 225 260 139 267 177 66 102 219 236 95 150 121 122 168 279
57 76 77 97 197 181 59 82 128 161 270 171 169 99 235 282 108 21 172 283 236 222 112 170 93
17 26 283 168 253 76 169 115 137 96 245 24 153 79 83 173 35 42 241 195 278 165 158
298 127 185 209 63 18 133 90 93 119 147 228 298 234 222 180 111 0 274 184 3
47 138 12 185 204 95 124 289 278 247 21 121 236 10 83 149 238 282 25 53 220 113
217 275 161 258 126 88 225 83 48 199 47 238 96 103 137 120 270 51 56 66 250 136
75 108 129 47 152 46 53 50 291 274 176 286 273 158 270 150 91 183 54 199 239 260 76
7 121 135 155 41 123 273 164 151 133 144 139 5 220 132 80 66 236 270 70 93 238 178 293
25 177 254 277 12 41 86 213 249 166 68 200 254 102 150 225 171 189 37 156 181 108 288 174
