48 203 79 133 272 42 187 220 667 577 997 700 145 294 488 390 29 519 427 236 597 668 271 301 44 15 911 985 167 229 582 160 196 86 152 85 177 299 166 7 916 97 490 114 563 868 732 563
49 93 205 284 435 2 152 178 295 921 190 265 36 237 207 15 238 102 257 59 91 495 305 409 686 686 179 686 227 243 153 260 81 249 241 125 210 59 206 218 3 268 101 204 48 273 47 265 102
3 63 89 159 230 77 221 180 91 36 182 114 153 134 106 78 150 69 10 215 152 48 206 194
606 990 206 299 20 197 245 138 240 181 287 189 211 132 194 51 297 177 67 248 44 32 220 188
93 175 182 259 18 77 175 245 58 137 296 218 118 113 65 129 96 258 263 230 270 239 684 77 144 17 166 871
166 103 56 273 106 251 169 43 278 26 117 262 242 152 821 773 249 214 971 288 225 27 158 226 87 107 48 168 190 268 6 239 8 129 5 145 92 219 171 296 172
74 290 144 186 71 172 160 99 235 120 271 130 177 38 194 74 297 238 181 85 151 101
79 135 147 181 198 155 123 182 145 60 57 86 39 107 133 256 98 15 100 126 2 6 184
36 52 127 132 51 76 261 744 90 181 526 56 213 235 812 692 173 902 70 109 1 902 96 226 744 968 683 168 278 265 0 32 45 229 287 59 52 69 179 270 138 84 156 9 281 199 243
189 198 228 213 294 154 32 292 18 26 61 227 118 218 265 164 295 208 170 235 178 62 245
5 180 259 188 153 203 216 90 263 189 65 194 17 231 156 63 145 7 205 228 115 61 118
878 20 87 152 189 259 98 25 196 20 121 285 229 108 58 184 30 234 253 178 95 165 264 97 33
85 115 163 186 17 83 16 251 84 149 220 260 48 264 284 271 82 291 231 68 288 77 214 193
45 111 34 157 126 11 274 195 160 236 291 93 119 285 52 128 113 297 99 136 15 213
123 152 167 217 218 223 84 174 151 138 110 22 234 216 268 196 208 170 169 240 30 58 5 2 128 285
177 79 132 171 190 256 122 127 224 138 878 159 1 569 281 236 39 201 265 14 539 156 6 110 219 47 24 255 275 7 140 17 231 83 99 143 199 237 146 22 220 181 244 125 98 41
247 214 176 161 44 254 232 94 199 135 123 24 79 198 195 49 7 189 113 276 221
109 198 246 54 97 25 147 168 64 263 87 3 287 274 212 172 93 262 205 251 191 282 45
90 160 173 237 76 238 267 70 246 174 33 30 94 122 280 182 165 261 110 12 62 88 212
4 64 117 124 196 16 144 14 130 228 231 36 184 168 175 207 259 164 167 24 13 174 151 28
26 136 196 261 34 263 201 206 285 190 56 196 279 287 291 118 25 192 94 99 129 66 283 188
278 84 261 239 182 82 165 210 132 269 211 168 298 116 256 215 85 218 44 286 179
65 127 252 254 124 291 152 172 150 245 59 73 186 111 157 261 192 265 35 97 297 22 235 162
2 51 108 114 119 132 277 227 258 259 163 105 126 224 268 81 230 32 146 29 287 283 206 213
144 266 290 201 169 226 275 208 133 114 264 282 129 81 141 255 276 277 283 230 241 271 63 279 225 124 81 31 8 79 50 112 175 202 296 266 151 37 141 33 228 115 137
1 90 139 189 263 47 208 26 120 53 62 79 299 34 20 144 107 278 70 56 77 117 122 185 28
176 283 237 203 214 260 28 4 120 111 236 254 165 194 180 204 29 88 238 82 135
126 149 230 268 18 35 101 169 10 225 131 246 210 56 30 270 17 165 74 209 90 191 219 128 508 294 221 151 245 84 137 175 141 10 190 37 32 161 116 196 188 263 282 192 62 33 277 28
54 89 134 222 293 421 154 114 194 242 61 40 264 324 69 223 700 110 162 290 61 66 256 183 65 116 276 29 235 12 195 7 259 105 117 223 281 196 125 118 282
85 212 26 145 121 27 29 117 133 4 113 66 283 157 268 182 132 225 232 106 87
43 202 221 75 197 55 27 113 3 80 170 71 169 239 218 142 83 252 103 34 266 179 277
62 92 96 4 53 165 268 153 220 112 95 2 69 54 114 49 8 179 113 103 295 116 105
10 83 98 201 273 189 17 207 3 259 68 233 284 14 211 146 39 238 60 65 74 99 272 69 273
878 38 156 224 295 8 122 180 262 118 142 270 117 42 206 231 92 135 161 158 77 148 213 95 220
123 251 177 292 202 44 210 0 8 148 231 38 23 288 234 257 18 25 16 175 272 271
30 39 128 148 137 236 192 198 45 252 110 210 195 228 279 120 261 174 229 55 32 232 245 217
4 52 156 176 216 114 118 177 170 229 23 232 210 225 871 294 174 165 219 90 227 239 209 0 191
10 49 96 119 127 12 199 20 254 111 189 128 230 270 508 165 209 219 90 151 871 227 173 8 21 282 294 27 34 211 9 49 171 158 244 245 99 36 84 146 295 256
42 228 289 39 14 82 118 233 250 184 180 178 34 217 281 28 298 24 43 175 167 290 71
285 57 133 141 29 70 89 169 251 117 281 213 166 58 91 167 843 50 128 184 24 109 259 111 56 8 240 114 20 251 118 210 199 76 214 281 49 126 179 178 257 155 93 152
155 74 137 165 90 9 163 45 164 16 30 271 253 264 201 213 124 228 171 104 200
140 39 216 36 178 187 179 88 285 98 128 205 89 146 168 64 233 7 59 84 263
71 107 165 232 238 260 180 215 228 120 299 197 167 163 262 153 194 293 99 144 292 182 193 216 98
9 47 88 191 52 240 210 107 45 67 167 14 140 56 112 192 42 207 199 275 217 235 136 133
3 190 249 273 239 27 264 87 12 71 150 227 102 23 100 235 15 112 117 216 170 266 224
21 75 110 129 136 229 284 30 64 92 176 60 20 231 269 157 79 246 135 97 275 81 222 253 272 160 137
61 112 255 62 169 79 82 266 279 89 108 96 61 164 288 90 234 184 48 208 205
90 177 180 19 296 59 65 297 257 202 38 269 199 127 218 163 34 158 275 187 114 244 153
133 299 54 96 165 242 34 261 231 68 172 43 78 26 62 145 181 4 146 153 286 91
154 134 271 162 30 249 152 168 102 224 82 186 84 179 189 162 172 700 288 61 296 262 231 46 284 157 283 218 199 105 163 255 186 183 279 54 139 135 206 276 137 125
559 8 229 270 292 74 157 36 27 198 45 68 101 157 296 184 262 288 172 69 251 324 69 189 110 290 152 145 202 253 152 255 187 278 294 77 234 131 141 265 299 38 102 118 229 18 210
107 110 268 43 249 162 35 234 138 104 170 65 269 210 270 298 145 32 116 214 23 25
92 183 72 29 279 104 280 54 77 180 56 107 251 106 243 114 120 181 14 46 162 112
11 18 28 45 49 100 108 211 89 107 28 79 240 101 150 282 291 45 32 0 95 120 284 98 171 209 167
0 57 137 279 297 274 14 15 42 200 148 171 129 137 272 169 27 30 244 189 100 63 191 118 86
84 90 134 164 108 285 219 211 237 135 68 66 215 158 168 194 87 70 116 51 53 90 126
12 82 255 283 21 76 84 14 20 229 48 29 74 215 17 173 69 201 186 240 228 176 108 227
104 167 225 235 32 222 72 270 216 279 4 211 90 296 241 170 16 298 286 69 251 103 59 55
7 53 207 215 250 258 167 62 34 58 230 149 250 176 92 241 50 281 14 41 103 125 238 268 116 123
105 199 248 275 286 113 91 106 202 150 22 205 178 45 267 271 76 277 219 104 132 188 179 5
199 246 77 186 78 71 97 197 264 62 8 165 227 0 209 90 221 657 17 219 871 128 174 283 65 50 36 183 98 131 39 256 279 2 4 94 231 60 9 173 59 28 82
62 214 268 256 94 50 275 95 161 27 265 75 292 23 113 186 199 83 35 253 267
11 51 113 127 159 239 277 10 62 188 136 7 35 122 247 132 287 232 268 27 44 60 114 276
46 101 140 224 121 154 189 244 153 108 279 274 236 110 71 294 35 212 156 12 176 27 59 225
65 95 247 212 253 77 290 238 75 78 254 46 210 205 89 34 148 35 76 278 175 62 147
54 66 101 177 208 236 172 130 168 90 231 65 286 67 228 32 149 245 125 213 293 186 114 42 269
121 175 73 222 103 130 291 184 178 219 163 78 20 152 212 189 157 216 164 208 33 113 193 272 70 99 202 246 282 175 104 158 176 231 183 21 245 283 113 250 5 285
78 100 150 155 273 278 279 136 175 272 54 243 76 199 227 263 179 153 267 299 181 145 96 101 106 277 264
252 179 284 143 271 83 28 293 248 140 285 223 69 324 594 69 290 251 296 162 189 184 85 2 185 161 54 187 46 38 223 92 27 232 272 186 152 147 119 163 240 282 80
37 189 35 32 5 142 183 171 231 232 184 10 87 200 221 135 46 73 283 90 23 285
117 240 268 84 259 149 99 22 53 230 184 164 198 222 122 240 281 112 95 113 106 114 108
878 289 43 225 149 48 152 90 85 288 132 77 203 282 239 64 115 177 0 123 173
108 119 207 270 167 56 41 84 122 5 76 214 55 11 183 212 262 10 45 131 228 159 147
12 75 167 19 85 79 49 193 205 116 76 120 211 181 230 101 18 197 219 139 264 22 203
93 233 244 292 253 194 184 148 197 247 22 12 114 137 74 38 98 118 286 229 66 14 144 123
19 181 276 22 6 185 224 161 68 278 217 286 8 94 125 138 192 26 267 66 10 20 27 284 124 213 113 165 255 32 189 1 66 293 135 73 120 264 194 118 127 58
211 212 81 210 240 106 141 10 99 215 166 291 185 245 32 267 53 150 21 247 275 26
58 139 252 242 69 249 173 172 70 195 252 234 33 80 1 205 123 294 13 141 60 96 20 130 2 237 84 281 258 107 53 260 228 225 0 99 115 88 235 21 210 168 186
132 136 121 280 30 249 104 159 92 109 119 172 86 258 175 216 127 63 195 177 145 257
111 219 182 87 90 31 101 273 110 20 124 299 140 221 270 201 34 292 218 37 29 184
31 101 104 158 180 189 201 210 27 38 8 57 142 176 139 51 258 263 105 169 232 72 283 14 266 191 102 216
77 150 235 101 82 217 16 124 277 45 283 257 114 265 278 30 121 65 9 209 215 102 79 288 6 263 25 115 142 75 170 31 196 184 64 205 65 174 268 292 67 59 270
33 203 280 82 145 196 45 70 234 444 10 53 159 144 215 238 151 17 74 128 294 221 938 90 209 657 35 147 33 214 38 192 102 91 24 85 287 267 145 141 15 118 238 191 236 116
0 21 46 151 186 133 199 246 174 148 167 279 175 127 27 93 262 287 88 164 203 101 41 156 129
90 128 182 78 40 196 88 175 3 293 299 147 141 59 135 290 209 60 69 216 39 242
80 281 188 285 84 187 145 255 32 57 47 291 60 270 40 251 48 219 234 214 263 169
2 19 142 293 221 31 102 263 256 104 87 68 101 49 85 231 275 93 143 272 247 29 210 105
206 265 56 251 138 19 146 285 231 133 150 189 135 269 89 263 99 176 292 141 203 195
32 159 205 230 247 49 185 295 238 249 10 95 161 137 176 21 250 241 288 143 233 163 46 205
87 108 277 117 257 248 168 88 244 78 202 198 101 256 204 125 63 210 249 110 120
199 98 175 234 172 215 125 102 66 6 204 119 282 218 23 64 174 192 277 86 249
4 50 102 109 253 99 179 226 206 159 67 207 282 84 109 266 248 269 169 227 249 26 94 128
11 12 14 71 63 152 4 139 105 163 13 197 234 262 254 9 28 188 283 113 48 162 191 17 159 101 14 287 220 194 204 230 52 134 285 238 236 257 242 66 109 219 172
209 2 26 1 199 191 88 20 187 293 189 100 91 193 213 277 94 112 180 174 285
253 20 118 210 284 31 57 53 81 123 135 165 149 275 12 67 164 45 108 30 194
79 104 109 270 192 162 126 233 171 240 39 92 250 217 23 106 7 292 6 117 116 29 186 212
30 67 219 31 138 236 160 280 80 224 266 156 43 5 225 52 221 60 184 193 62 232 211
251 173 92 65 151 225 119 70 29 38 88 118 192 213 187 136 165 286 267 40 283
27 123 196 224 35 15 95 261 61 28 242 153 252 106 197 41 191 6 36 8 145 189 200
128 151 233 3 269 31 254 173 10 85 124 73 159 291 210 140 176 29 230 95 155 57
23 61 289 74 56 124 278 59 192 256 141 32 212 213 281 249 24 271 37 76 55 243 58
32 138 170 240 251 180 238 182 158 98 228 200 17 53 234 14 147 289 224 232 46 115 230
878 83 120 269 284 34 112 255 78 102 105 201 145 258 98 273 77 94 151 30 150 229 59 283
100 246 274 250 296 182 36 139 128 10 136 39 214 202 216 209 169 154 273 149 257 78
72 107 125 20 198 155 101 84 60 203 125 42 147 261 246 253 97 93 205 265 185 222 110
35 87 229 235 171 94 228 263 107 252 22 39 275 218 244 201 8 62 159 89 61 27 224 68
7 288 289 273 260 68 14 62 283 149 133 199 290 150 108 198 21 97 58 20 139 54 266
19 236 261 124 253 70 35 141 258 221 259 126 245 157 231 86 127 44 59 266 25 111
153 157 190 105 267 181 233 131 102 64 135 68 103 295 101 11 90 232 175 205 203 34
195 291 15 115 178 166 35 5 197 235 260 191 294 221 657 165 0 151 871 128 90 74 279 292 246 112 157 239 217 66 260 259 218 190 178 7 63 158 261 111 262 224
176 206 224 274 291 93 185 20 133 22 47 18 138 282 109 16 12 184 271 27 1 74 39 86
192 199 213 20 276 177 231 269 299 79 147 173 206 256 278 11 237 113 183 210 104 172
12 76 265 68 4 83 126 206 57 219 225 63 175 75 30 188 86 222 180 125 19 121 109
77 167 241 165 234 77 259 207 190 294 25 208 199 7 243 136 249 106 49 282 230 6 214
284 95 209 9 201 258 189 46 62 270 224 198 2 5 186 20 249 104 150 237 299
3 41 124 196 243 8 225 144 284 216 121 25 285 102 115 93 11 7 270 170 114 10 298 56 135
161 182 40 8 223 146 6 293 173 80 41 276 125 100 47 286 96 162 247 195 136
108 244 253 163 214 129 85 89 213 174 260 242 164 58 192 230 130 19 158 84 265 108 149
8 151 212 247 249 263 63 59 88 152 133 31 44 163 288 276 115 171 83 58 268 215 127 206 293
148 172 218 222 169 186 38 240 91 19 165 292 141 243 66 137 160 297 183 159 271 213 269 62
53 65 248 268 247 101 259 126 122 203 236 221 78 138 121 197 189 115 268 290 15 147 95 190
267 114 132 191 254 217 37 253 201 114 210 175 0 219 209 871 294 17 90 151 270 221 174 74 179 115 120 257 232 263 124 66 34 11 177 52 49 243 130 94 79 140 149 59 283
106 135 94 17 110 15 114 234 16 200 254 167 14 22 60 102 289 266 209 98 250 185
3 31 36 177 184 25 28 20 13 141 123 97 227 285 115 94 287 259 170 139 214 24 155 126 232
180 139 274 276 72 130 79 243 66 30 123 38 202 293 101 258 141 262 211 184 259
149 282 147 157 116 220 18 127 44 199 40 97 226 68 42 65 243 102 118 205 94 95
31 4 99 80 107 116 209 188 53 87 177 34 212 203 101 33 73 181 291 268 71
5 9 104 279 153 107 237 172 5 104 55 87 2 122 97 216 116 72 75 59 100 27 163
38 59 142 150 277 301 52 106 108 65 138 59 161 188 145 242 229 231 37 110 223 39 64 62 5 199
559 226 186 90 40 51 2 230 295 148 233 11 140 114 157 204 55 121 130 50 75 258
207 262 277 258 137 278 79 243 39 148 11 249 266 53 105 251 144 207 254 286 262 36 74
30 127 170 269 273 299 295 126 249 265 185 53 246 225 14 202 66 187 229 73 46 162 289 177 267
25 162 285 87 112 150 29 283 187 286 266 93 15 62 107 168 138 80 225 64 104 291 155
64 183 262 294 111 230 235 182 197 264 217 195 198 155 160 215 1 145 285 258 13 51 60 189
559 35 245 277 298 186 271 149 58 242 9 42 129 142 31 285 6 160 226 176 232 148 22 210
178 206 241 82 254 132 262 96 31 30 32 97 182 259 89 248 81 147 266 117 193
222 256 197 61 252 239 225 115 275 118 140 171 26 261 127 43 237 100 13 12 21 194
58 126 243 265 293 131 82 192 158 112 124 181 216 130 118 212 134 200 116 86 120 215 234 121 152
4 25 82 85 82 254 1 207 90 211 92 271 150 195 253 174 55 12 149 291 144 163 296 249
112 141 194 48 123 163 130 201 139 216 101 199 172 270 212 254 124 53 29 226 94 145 267
13 86 150 199 221 1 21 34 181 94 197 16 21 15 146 23 35 297 223 184 700 288 152 85 69 251 61 110 162 263 182 62 154 89 132 292 126 227 141 245 275 246 8 250 68 148 240 111 109
16 253 206 222 260 234 15 188 207 93 271 251 209 22 110 21 89 254 79 299 50
57 193 213 224 227 280 283 250 188 258 251 177 217 148 176 158 244 45 285 90 36 260 131 105 224 200 144
97 108 123 49 106 290 229 111 80 230 44 253 145 226 225 292 211 139 181 267 94 66 128 275 86 220 149 279 68 52 195 47 289 120 219 261 200 184 223 127 152 197 8
18 32 117 183 164 138 283 174 120 149 16 199 71 294 150 155 62 271 39 289 48 165 192 131
137 182 878 8 40 48 136 268 272 296 1 118 164 219 267 291 273 220 113 69 126 21 162 110 324 172 251 61 262 297 101 200 166 88 113 264 190 211 257 96 293 298 134 269 224 217 145 251 282 187
559 62 87 249 244 196 33 230 10 233 2 80 225 180 78 188 59 82 155 49 38 136 204 61 10 274 282 159 281 149 134 280 161 154 297 264 205 82 262 256 171 66 47 230 2 137 188 265 272 237 132 0 128 29 104 225 208 245 155 4 264 248 147 270
219 285 292 166 196 215 133 111 153 96 293 233 40 266 242 171 157 261 235 287 89 247
86 168 261 225 264 14 219 50 227 139 217 97 228 93 133 80 258 255 170 140 160 174 81
70 91 122 173 218 246 193 74 289 98 243 0 92 229 179 32 274 113 4 209 109 206 196 278 151 261
95 162 89 271 71 90 144 112 64 8 279 46 36 191 242 118 213 181 40 4 183 152
13 66 157 235 53 16 126 245 147 112 118 47 284 85 120 202 59 122 148 171 8 11 159 80
34 79 263 91 3 193 10 135 292 268 106 2 58 11 174 150 254 34 280 191 194
0 181 242 264 10 14 212 200 19 175 153 230 58 88 75 165 108 54 51 84 188 263 25
15 155 167 261 268 264 122 14 255 230 2 299 97 234 150 239 195 172 137 30 161 272 88 266
64 143 84 60 299 89 176 178 51 298 75 193 275 247 207 124 8 32 263 265 235 212
30 135 200 249 260 183 5 45 292 73 155 267 17 218 9 19 276 233 10 3 95 162 93 235
124 213 255 165 294 136 14 50 3 252 43 18 224 205 176 20 76 281 167 161 36 106 254
72 43 237 294 220 66 12 297 91 160 218 89 199 190 13 288 181 52 275 252 41
67 206 118 281 286 158 120 148 141 240 79 219 232 194 237 299 190 268 271 73 187 290
130 141 152 226 251 139 171 173 199 278 293 168 255 299 22 263 275 184 61 251 189 110 700 152 223
68 272 32 77 105 155 215 157 51 248 253 40 61 251 296 184 288 85 594 700 152 262 113 39 153 130 198 294 158 162 83 10 32 291 5 239 206 42 20 189 91 156
127 90 278 88 243 8 108 195 185 298 103 291 209 222 70 256 287 63 11 113 171
18 99 268 60 221 190 286 172 101 16 296 22 80 152 102 28 35 268 30 68 149 270 239
20 110 119 98 105 88 48 65 280 99 218 164 100 183 199 259 255 47 250 228 261 215 239
107 254 165 15 193 56 50 279 218 2 220 116 219 294 224 97 101 210 226 10 144 22
7 30 266 241 84 78 125 138 186 3 42 162 226 21 258 261 252 221 83 75 202 6
245 259 298 52 234 129 33 184 34 220 166 100 62 242 39 231 140 197 183 292 78 162 128
42 252 292 267 112 175 217 258 231 23 91 262 8 271 27 128 214 223 186 278 286 170 51
80 90 207 291 76 47 171 35 197 130 94 10 180 133 183 279 253 117 89 241 275 209 59 98
