214 245 258 397 105 173 360 397 499 816 29 207 661 822 843 122 542 846 3 947 780 361 94 912 346 381 463 950 984 96 270 288
6 136 154 156 168 298 568 153 532 931 459 515 137 19 286 503 308 166 943 87 348 10 81 631 635 227 237 58 250 180 66 28 264 116 41 85 159 262 247 215 244 78 166 173 37 293
436 752 114 128 137 293 72 293 275 471 931 838 290 141 168 747 460 454 0 130 130 811 484 439 164 164 182 810 248 35 12 186 276 195 229 129 67 120 42 238 3 294 230 60 189 173 126 232
244 271 278 35 94 97 58 218 11 113 280 184 59 293 73 255 215 15 272 166 283 126 246
6 178 49 261 221 176 236 235 115 96 281 35 101 75 168 100 84 244 113 280 94
63 184 185 294 267 216 229 236 100 262 260 191 252 171 298 93 86 15 18 290 105 198 291
177 230 296 74 287 80 252 203 163 65 112 179 292 274 104 91 209 273 257 86 98 152 192
34 124 290 12 32 15 270 163 211 240 177 42 176 187 113 282 297 115 69 65 202 133 196
17 33 131 193 203 138 169 188 48 43 194 139 44 157 160 6 255 208 221 153 34 195 191 113 179
859 95 166 204 228 249 61 209 237 75 155 290 211 65 202 279 161 28 207 82 297 103 10 37 170
194 51 23 261 247 9 146 208 224 287 103 7 152 18 154 135 188 281 210 232 41
670 12 111 125 156 239 259 164 134 214 165 138 80 32 135 131 124 168 69 198 81 278 182 53 163 298 277
73 93 125 287 213 161 27 83 14 53 299 6 47 295 193 228 281 59 101 138 63 224 104 139
1 108 251 277 64 104 257 100 113 136 182 213 114 185 246 35 138 8 409 485 207 17 660 281 15 287 313 245 52 70 27 274 171 260 146 128 1 61 82 77 113 166 159 3 35 47 213
34 38 56 134 187 243 253 278 277 116 38 220 210 253 237 93 42 209 100 78 103 27 259 153 246 15 206 239
79 125 172 175 192 254 257 199 174 129 206 60 172 219 110 26 273 271 233 83 166 214 30 123 94 28 81
107 235 72 198 201 184 132 166 76 70 186 93 11 235 269 1 251 127 74 267 277 272
59 160 192 298 686 910 784 343 41 261 239 282 73 270 233 289 844 178 339 154 15 55 265 175 114 203 205 221 54 12 180 136 55 101 125 106 140 73 268 65 222 77 282
83 26 80 164 263 288 38 126 228 256 91 16 280 66 86 8 239 569 282 237 15 289 233 154 129 265
645 34 161 12 40 85 795 232 82 127 153 261 257 55 278 147 289 154 844 239 129 218 4 241 124 230 293 173 269 14 200 286 1 258 63 67 147 128 253 213 116 245 107
22 23 297 90 125 187 70 62 5 76 196 42 8 212 22 183 11 248 213 152 86
9 18 27 118 140 155 267 295 35 286 266 188 204 184 171 49 158 45 215 268 233 219 199 214 164 226 150 299
30 124 253 46 24 132 164 45 141 9 75 243 93 131 191 89 128 110 12 210 133
12 162 248 158 109 75 167 173 60 209 87 290 257 10 227 287 36 12 293 275 48 224 264
189 200 33 112 175 190 103 257 137 169 87 42 158 181 37 83 155 184 48 246 123 94 920 113 192 176 23 65 168 223 100 104 3 207 208 260 199 567 223 60 249 204
36 37 170 194 4 298 171 34 26 53 100 54 157 2 217 0 288 281 201 18 19 149 257 208
112 171 190 216 53 141 155 244 278 26 83 88 222 158 275 21 195 161 258 153 81 36 48 163 379 36 168 256 82 133 160 284 2 262 21 254 119 188 13 75 72 283 189 246 187 214 294 251 12
68 80 316 173 188 153 84 149 255 219 214 105 280 76 142 172 246 60 212 88 266 83 242 158 228 24 128 262 5 113 270 119 273 233 143 63 123 16 82 289 64 239 168
65 255 296 270 234 297 132 222 63 51 227 45 258 127 86 103 39 158 193 59 179 235 58
46 71 174 245 116 146 291 194 150 205 227 35 111 262 195 2 19 169 284 190 102 130
29 235 172 14 171 21 264 270 296 114 19 238 236 191 234 59 180 98 174 56 187 55
8 68 174 30 8 267 147 260 293 177 294 21 140 85 24 131 216 181 159 22 44
24 133 241 51 138 7 284 166 41 107 1 30 4 151 112 61 189 210 54 75 56 224
122 202 120 264 273 275 41 128 89 208 206 52 284 40 45 14 227 58 194 272 193
645 64 71 176 250 256 296 0 42 97 210 139 58 131 43 215 220 120 173 224 294 127 189 44 265 195 98
44 170 645 116 134 153 78 114 184 209 226 274 278 155 80 139 119 6 48 168 379 133 256 35 14 250 71 274 196 219 132 73 56 295 77 6 185 220 5 128 173 179 288 84 184 280
1 103 151 214 91 192 194 276 0 193 213 219 4 274 291 248 107 97 297 184 7 193 208 409 147 42 876 233 138 48 44 70 89 37 207 154 223 19 270 98 227 60 268 108 226 114 13 100
645 82 102 239 251 193 10 22 165 38 218 76 286 190 222 23 139 239 90 71 284 151 213 298
144 239 286 253 192 185 108 71 4 5 2 154 232 34 160 233 258 106 126 218 231 278 135
101 226 121 103 117 20 251 3 28 30 292 67 254 2 231 245 163 118 89 207 151 74
269 75 114 214 117 204 248 297 78 58 2 189 182 198 210 156 29 140 99 173 124
224 66 72 266 100 190 840 165 2 17 38 108 267 282 210 569 126 15 237 339 844 278 55 147 222 199 141 262 108 189 162 278 163 207 236 254 298 117 60 157 1 175 238 280
99 175 165 138 91 164 188 92 65 162 60 185 126 119 5 143 111 146 145 12 262 160
168 177 299 229 131 224 35 146 231 50 208 57 120 209 90 51 126 280 201 216 64 215 260
137 282 2 231 87 65 128 5 121 106 83 206 280 38 97 43 16 52 170 133 158 76 59 295 294 103 127 63 88 278 189 212 265 238 221 174 95 131 145 275 68 76
82 192 165 148 18 171 92 206 167 233 201 72 99 86 169 135 237 166 87 66 77 105
122 251 201 205 82 186 18 286 251 119 75 245 190 236 97 139 267 167 130 179 162 288
75 180 297 176 2 193 192 277 220 207 144 225 134 268 195 185 23 58 182 55 150 161 131
154 216 258 195 260 266 381 83 209 13 168 176 256 137 150 90 107 20 68 296 44 48 35 133 14 36 255
180 291 292 385 48 193 795 203 296 5 89 43 243 339 569 147 278 4 178 289 282 218 239 126 202 155 139 248 207 17 33 18 218 147 12 219 120 267 63 48 212 90 126 240
82 84 244 268 6 273 73 289 125 57 263 185 203 297 180 100 50 210 154 59 240 23 49
252 280 242 275 289 235 188 112 264 178 32 114 269 281 265 87 577 225 68 252 296 82 223 54 832 90 257 145 135 15 191 1 175 68 203 282 78 286 212 182 29 7 115 238 42
19 70 126 234 239 47 221 24 129 35 37 180 211 212 236 234 68 114 133 16 36 206 132 103 149
5 42 65 138 181 29 95 0 6 149 176 266 235 257 182 61 217 270 150 123 263 214 142 179
18 91 133 181 10 117 252 129 88 91 87 36 237 153 48 250 31 44 182 256 35 255 14 379 135 87 39 262 160 91 258 80 109 230 293 55 52 6 31 269 272 189 128 110
61 114 185 230 236 920 38 165 198 129 96 141 154 102 115 223 212 204 926 227 3 260 567 208 70
13 88 109 234 217 236 201 28 182 293 266 42 171 139 94 257 193 62 274 159 169 58 279 6
167 54 79 244 281 173 124 93 9 108 138 94 298 158 195 175 153 268 259 275 213
40 50 256 42 116 41 292 267 56 135 32 159 130 225 156 47 77 3 106 2 31 90
68 138 297 381 96 199 246 25 243 279 242 200 109 253 27 56 178 145 188 204 31 224 42 298
36 121 129 0 77 52 296 155 139 227 234 9 159 177 53 76 84 242 280 160 213 110 116
4 102 119 176 250 71 189 79 128 246 147 129 185 271 295 277 32 244 24 238 58 113 191 19 154
107 132 133 13 127 269 219 198 61 94 191 54 121 134 153 210 15 99 256 275 79 118 296
41 86 144 262 282 316 290 251 205 81 213 186 45 275 270 235 96 276 26 12 192 230 215 273 175 89
173 203 25 35 136 239 285 172 0 88 144 62 227 260 204 60 70 667 567 104 208 43
99 227 290 38 155 76 161 162 89 191 45 32 66 80 194 185 800 560 36 58 192 29 290
29 96 123 281 165 221 77 144 156 233 260 6 148 170 107 120 239 129 339 278 73 218 154 4 210 15 140 275 206 147 125 69 58 68 171 35 254 77 133 97 90 94 181 241 189 163
69 72 121 157 216 224 29 284 195 220 260 268 236 0 229 99 122 83 193 213 277 196 69 238 37 185
225 38 211 118 226 178 73 236 42 78 297 202 290 74 15 4 214 31 87 24 175 114 293 122 13 191 57 289 51 63 178 73 244 128 173 222 27 1 219 280 16
645 14 26 73 86 148 171 6 191 135 145 293 222 96 225 280 44 159 169 42 28 101 219
109 192 82 90 179 283 77 139 214 175 14 115 25 253 44 26 281 265 159 263 446 225 73 832 577 156 207 38 53 43 70 45 55 299 106 175 276 168 5 190 113 51 2 141 259 231
44 256 145 1 151 148 47 162 253 265 176 190 41 166 25 256 141 32 174 157 138 156 41 83 23 35 103 75 77 50 22 219 122 245 286 292 12 294 46 55 285 239
192 143 55 266 60 174 287 281 277 250 124 293 272 150 94 88 79 69 30 201 283
59 128 191 242 248 264 126 127 252 78 284 248 34 176 283 269 159 263 82 156 252 73 223 68 225 54 129 259 79 3 292 21 200 160 229 241 204 296 243 63 94 211 264 60 10 32
13 112 219 119 146 226 250 140 246 55 217 232 10 154 64 109 101 177 284 67 156 46 50
152 267 6 66 200 267 58 129 151 243 285 62 125 242 203 18 159 223 296 68 265 54 832 26 263 159 192 67 242 17 70 233 89 39 45 88 220 14 176 198 193 195 218 75 257 280
266 74 223 172 149 224 48 84 178 281 39 20 50 131 239 133 100 161 112 209 88
13 77 42 224 175 222 35 154 265 259 291 146 70 33 161 124 37 131 72 28 102
112 127 187 12 296 251 63 188 291 30 34 6 258 235 220 76 186 256 40 135 100 136 39
63 126 214 82 281 147 21 204 203 7 185 120 16 240 226 117 292 141 89 182 139 30 269
645 24 53 128 23 79 153 284 143 105 117 267 283 264 68 159 265 223 156 446 263 225 577 54 54 82 177 125 220 94 110 217 138 251 81 42 219 105 208 45 299 50 229 156 266 57
4 48 77 167 204 177 79 296 157 111 32 226 98 128 169 174 75 71 70 297 78 212 7 237 103
148 73 119 292 146 263 289 166 84 229 160 985 163 168 448 281 218 155 635 257 596
69 220 131 231 160 61 39 97 221 24 235 149 240 190 229 291 288 192 109 145 126
61 90 175 217 222 21 42 45 56 158 247 83 78 285 145 292 208 64 109 114 245 243 250 44 197
95 113 116 195 98 128 243 247 278 2 196 190 101 83 241 150 119 296 281 54 87 159 54 82 68 269 265 223 263 83 89 17 146 177 202 16 100 131 69 21 174 43 61 1 140 51 184 145 125
27 155 251 256 135 180 37 73 165 105 61 258 266 207 204 43 100 9 212 223 260 567 208 926
176 277 258 200 150 287 196 251 296 169 71 152 177 245 208 155 91 140 119 90 32 218
133 214 234 164 145 48 278 185 46 136 259 42 155 62 124 14 9 225 93 247 154 217 16
165 231 233 281 272 176 267 110 129 209 57 223 87 263 159 446 68 225 265 26 73 296 252 82 158 167 216 238 222 48 273 131 126 235 145 29 123 277 157 31 240 43 95 70
4 17 35 2 97 151 241 47 56 200 84 104 65 69 262 25 214 280 34 277 165 139 286
140 275 283 28 125 49 165 174 248 290 160 66 259 264 225 7 274 205 97 17 203 79 247
147 157 209 216 103 3 234 254 58 192 23 222 125 0 9 273 262 73 188 16 225 242
129 141 170 156 128 229 212 214 227 159 236 223 130 232 85 92 255 207 154 45 79 109 244
3 17 134 228 58 257 220 112 176 18 96 110 174 255 187 268 142 239 199 252 271 223 122 248
33 150 244 263 209 51 143 118 243 201 205 215 62 176 184 103 81 115 138 155 172 183 7 119
46 99 115 74 241 63 84 236 91 82 196 117 232 141 155 192 229 139 95 220 287 0 280
154 131 174 237 136 275 164 207 68 240 86 208 145 202 292 278 8 288 197 58 134
219 237 53 89 71 99 154 106 121 169 8 161 245 148 92 224 188 182 61 124 118 275
59 294 72 101 281 299 42 268 275 224 133 15 4 73 178 126 278 844 154 239 289 147 183 228 54 247 127 28 60 91 217 246 2 226 190 119 166 53 61 211 162 284
234 298 272 166 70 146 235 84 137 196 69 187 97 228 93 279 227 203 167 75 174 178
99 193 272 297 72 255 196 187 214 211 94 55 267 101 233 74 108 38 204 28 80 231 290 25
19 229 77 212 149 280 165 28 296 5 26 57 148 240 235 161 76 17 175 283 45 97
60 64 198 156 221 100 134 195 106 251 85 22 192 259 86 285 155 176 201 202 104 99 168
23 48 69 209 270 104 134 215 94 106 37 191 120 257 181 1 20 230 262 110 223 4 218 15 267
33 39 227 230 225 242 262 280 261 238 292 15 138 159 66 146 135 232 125 197 46 101 206 28
69 138 176 27 291 196 217 41 11 42 29 82 111 9 146 108 0 150 32 147 231 167
219 40 130 193 178 101 82 81 94 182 50 44 27 187 126 281 80 121 164 132 168
50 151 274 95 202 298 36 8 146 271 281 21 446 281 68 26 252 263 223 54 54 577 296 225 156 169 216 172 134 232 279 164 283 183 86 126 157 66 96 230 241 198 272 101 204
25 142 228 251 294 116 252 102 132 172 104 260 220 31 209 295 182 270 288 184 199 279 171 9 147
181 31 79 114 165 255 264 269 157 94 203 37 219 121 156 203 83 202 3 104 210 844 237 233 15 569 4 73 248 199 224 283 276 28 290 111 39 8 75 101 109 145 264 223 91 163 299 215
8 168 181 283 212 39 108 250 178 143 294 279 93 78 234 187 50 241 170 199 61 259 27
0 148 184 218 229 240 241 145 150 104 279 44 110 170 197 1 277 242 297 32 142 179 12 130 233 51
25 27 177 292 204 226 264 177 36 97 13 123 176 8 96 296 124 109 276 182 249 83 216 74
170 242 113 128 230 216 8 130 192 140 213 259 296 254 47 54 179 93 252 232 214 27
174 208 850 14 83 135 238 247 52 99 170 250 297 185 93 31 178 135 260 265 26 281 263 73 252 156 223 225
910 73 272 16 29 51 143 260 281 299 172 274 263 218 258 138 154 239 289 126 339 147 278 182 48 131 41 72 11 2 172 235 14 241 253 130 67 254 287 13 271 197 120
60 112 182 218 296 52 82 211 83 100 40 51 50 60 87 30 59 98 160 193 217 27 9 104 296
51 67 83 264 287 129 153 6 52 22 142 205 261 210 215 190 297 89 148 141 179 257 116 256 270
95 278 35 134 88 34 23 246 261 37 164 158 68 184 258 51 82 130 33 141 46
5 96 139 162 27 259 109 257 225 88 73 52 183 34 205 130 233 189 290 69 148 239
859 26 32 48 108 220 291 243 208 105 99 187 26 290 3 23 211 36 93 225 247 242 51 144 203 87 111
71 145 195 94 93 192 286 141 280 111 110 47 56 196 244 113 228 78 262 63 150 5 289
0 22 104 110 6 87 249 149 173 1 153 242 125 286 247 28 238 182 285 171 292 298
16 96 103 225 288 216 228 89 107 4 197 92 0 218 161 252 205 243 81 111 230 76 21 265 42
14 54 131 197 247 14 95 155 21 199 148 120 62 204 76 261 205 146 83 28 93 13 266 224 45
34 66 127 215 132 67 90 76 64 72 180 239 136 294 27 13 20 68 182 172 33 81 56
24 31 212 230 192 179 171 221 158 201 54 26 121 102 7 47 21 159 127 107 112 228
141 239 287 136 40 9 134 120 246 122 157 180 179 228 267 244 29 27 115 47 65
245 290 282 261 111 263 156 14 186 11 280 299 224 166 176 141 214 119 95 88 268 191
119 126 142 279 66 83 47 238 242 53 72 86 22 115 145 136 141 290 253 181 39 167 221 34
10 13 18 272 54 14 160 129 298 167 171 42 175 96 211 69 100 63 207 283 224 108
1 37 272 112 234 18 29 124 13 246 165 95 203 224 185 133 104 196 200 40 144
19 38 257 266 290 163 56 162 245 132 298 125 153 264 219 43 221 206 127 97 15 227 42 111
69 181 188 90 227 5 68 154 30 173 179 171 216 154 289 218 210 282 339 569 233 15 237 178 126 90 292 255 29 221 197 151 252 6 192 175 273 218 282 141 288 153 160 50 225
127 21 296 274 264 121 28 187 225 64 272 104 22 203 201 206 278 43 136 253 0
82 255 3 214 286 259 169 0 271 206 97 23 235 58 185 31 76 21 209 27 199 232
139 173 247 288 36 113 66 250 106 202 54 140 244 128 47 179 32 214 278 284 242 135 148
76 198 258 273 180 228 58 161 280 74 263 73 21 292 255 379 31 805 296 250 70 256 14 48 35 36 20 285 38 265 127 80 103 112 259 106 176 51 137 278 271 57 222 116 180 85
171 188 142 85 295 90 281 208 161 188 144 214 97 189 72 175 116 289 248 32 195 272
38 53 299 1 10 72 225 267 210 149 22 198 76 36 68 178 220 212 253 132 73 254 187 263 192 307 246 216 30 123 258 98 298 35 45 220 49 132 213 22 285 32 3 39 283 176 2 205
645 202 227 230 102 216 22 99 177 294 173 75 273 107 61 95 132 220 522 253 246 263 895 283 212 192 43 225 0 125 183 130 120 201 21 16 142 53 234 219 232 39 159 185 289 44
211 212 92 127 182 270 177 185 50 296 67 175 256 2 95 192 220 178 252 263 212 253 283 216 132 522 5 158 198 47 32 292 48 203 284 37 156 34 122 172 63 128 2 120 123 127
70 137 215 220 249 0 189 175 151 120 249 295 5 128 161 73 76 165 289 4 176 198 220 44 19
30 49 238 271 255 86 219 78 1 221 63 12 20 134 114 126 39 165 25 241 148 153 52 162
206 375 206 6 67 216 285 185 112 53 127 250 278 11 258 203 133 137 72 168 268 238
53 117 316 218 292 19 200 153 261 79 117 232 56 266 293 18 59 253 239 205 227 251 87
110 121 39 8 243 223 21 260 216 247 246 27 92 54 294 222 94 117 139 225 137 56
119 272 238 220 252 165 107 290 180 9 291 13 6 23 125 215 235 140 260 155 189
31 125 76 283 291 147 94 165 229 103 256 102 40 242 262 190 42 134 230 131 236
252 202 18 297 114 111 80 122 119 26 45 50 270 21 135 291 166 269 293 288 266
202 223 229 205 232 253 111 176 140 118 230 276 62 120 55 108 69 177 105 52 86
34 126 140 207 223 27 85 50 248 187 101 33 90 256 91 103 230 189 131 280 231 32 73 266 151
30 79 220 202 47 260 173 128 263 107 189 211 80 284 207 246 65 176 31 274 11 141 38
102 187 287 75 261 152 140 107 124 53 269 212 243 126 284 192 49 0 257 54 162 82 160
85 114 124 154 206 234 159 212 13 119 277 243 66 252 124 97 156 1 230 3 446 252 54 265 54 263 26 223 208 125 197 13 105 124 89 249 152 5 111 23 146 77 73 91 179 79 156 53
163 164 167 198 228 28 214 184 72 132 151 170 10 207 9 44 3 104 227 260 557 43 249 60 100
645 20 58 101 193 138 60 8 262 295 155 180 10 13 63 136 276 126 266 90 230 220 219 145 216
173 292 67 147 2 112 255 227 10 108 98 49 84 187 75 256 168 159 175 78 275 215
49 57 78 160 244 201 61 175 53 63 65 291 169 49 147 223 283 105 166 226 4 52 90 14 280
193 157 19 258 125 293 94 287 140 48 61 230 143 97 49 278 254 211 57 102 145
3 8 117 288 57 144 83 129 93 94 16 43 166 222 14 107 165 41 255 293 196 134 261
47 200 33 290 212 43 114 139 239 88 7 97 296 223 152 79 278 188 70 63 134 183
27 97 131 87 176 16 293 177 44 103 270 289 129 132 70 11 86 33 133 201 108 4 106
