183 679 9 129 266 15 92 228 20 211 8 66 123 293 72 282 212 206 21 263 121 76 41 82 95
926 151 240 233 452 69 656 627 43 911 755 161 126 60 370 330 439 442 245 261 120 304 112 44
48 131 136 204 257 748 135 148 200 249 67 277 250 92 141 3 436 680 129 50 658 81 81 50 682 43 250 24 72 55 117 203 108 71 99 118 0 42 44 34 110 247 197 60 279
403 236 65 0 140 265 107 175 102 150 219 27 51 284 71 228 269 247 191 172 207 194
435 61 245 84 112 125 166 62 245 294 263 586 586 158 910 778 895 277 271 305 237 355 500 241 716 204 962
260 284 805 233 20 804 259 473 49 659 1 23 486 515 174 963 963 317 659 374 374 46 228 159 121 68 73 237 88 295 28 167 205 35 93 109 212 254 156 47 157 153 292 108 9 293 211 205 21 135 189 268 227 265 278 181 14 272 143 42 274
56 168 541 665 96 14 34 161 198 21 111 175 268 236 267 279 220 27 182 370 47 319 142 252 18 231 264 280 125 194 159 123 196 149 288 103 94 226 181 27 266 70 161 206 83
58 60 227 228 271 78 41 148 155 158 248 61 240 109 298 152 272 0 249 171 159 15 131 106 71
8 33 78 122 212 232 296 214 167 141 180 51 132 93 168 36 263 142 158 224 63 150 298
7 126 47 175 8 142 38 90 77 137 187 131 212 223 273 295 206 239 159 20 67 294
13 186 265 73 83 293 154 171 281 216 425 87 700 286 7 143 162 117 617 262 265 80 145 43 391 987
34 202 25 170 36 251 69 157 233 745 907 9 124 84 172 23 648 240 323 113 610 275 96 56 203 66 217 147 179 40 193 2 194 279 78 73 275 287 93 298 292 7
60 77 213 235 250 49 16 10 104 108 140 200 226 131 82 134 160 243 57 191 280 67 27 39
193 270 12 238 45 3 20 140 42 163 116 160 91 141 47 157 211 27 108 265 94
37 110 147 151 297 70 159 291 153 60 74 36 296 222 264 117 215 142 61 248 292 239 162 161 181
665 10 31 59 53 150 9 165 31 290 8 211 147 291 29 79 61 132 112 17 136 87 50 128
885 185 155 170 225 209 260 74 241 57 139 222 165 143 78 186 110 219 63 183 133 274
18 117 141 161 50 39 41 78 36 161 2 8 101 87 150 81 214 107 215 89 138 207 132 212
180 633 60 289 42 88 220 221 59 154 214 162 35 211 115 33 146 284 274 248 96 124 160 227 67 264 63 150 72 80 294 184 98 267 258 152 284 288 209 160 235 64 112 22
173 194 132 66 114 151 143 32 161 51 98 108 97 239 70 279 138 109 280 43 111 83
128 90 169 199 132 271 222 107 75 291 55 40 259 186 248 66 185 9 147 39 249
13 23 56 134 174 105 221 288 231 210 267 67 255 63 184 108 175 101 177 154 34 42 229 165 58
7 65 220 55 92 11 133 279 253 225 105 68 140 62 153 226 2 40 177 217 232 190
9 31 45 140 179 188 264 288 91 89 251 19 155 76 113 237 65 245 235 277 57 298 74 199 106 287 12
44 157 216 107 200 212 257 14 194 133 199 39 98 19 264 99 217 43 325 891 357 223 361
35 266 239 169 232 54 39 24 208 289 254 100 230 174 235 12 78 21 164 236 225 72
0 78 194 220 218 141 112 156 277 161 38 39 148 56 23 129 63 255 94 139 217 268 77 154
106 116 163 255 295 178 230 162 118 164 196 84 161 55 79 150 37 97 65 298 112 156 70 179 5
158 255 289 208 112 216 174 142 110 133 206 154 199 258 203 127 217 219 243 251 265 52 273
633 75 68 123 295 249 244 38 76 28 37 246 250 20 94 70 179 159 1 229 157 211
5 6 32 95 187 224 246 197 146 32 290 4 189 183 136 47 236 112 285 163 244 17 282 241 126 255 35
91 179 217 249 261 57 21 7 211 102 116 26 101 170 298 27 70 261 29 281 255 204 188 11 46
435 50 106 252 263 239 60 74 34 156 42 152 117 291 164 28 29 274 73 22 99 247
254 293 122 207 16 50 152 97 285 144 291 208 17 272 104 12 33 205 44 92 105 253
6 82 164 31 233 29 5 204 56 90 82 98 247 168 89 289 177 81 243 203 223 183
105 123 260 208 221 44 131 4 74 297 6 68 90 254 168 23 59 139 179 107 284
164 256 201 222 65 151 90 11 244 155 199 38 15 295 165 189 81 28 17 92 269
84 247 28 106 18 71 195 288 249 171 236 202 190 90 299 31 269 139 24 124 22 26
435 66 167 214 27 137 254 119 12 169 174 47 289 200 226 139 191 55 167 140 219 11 69 46
106 197 206 194 61 191 287 170 94 48 209 100 8 129 37 201 62 145 183 166 297 56 30
46 121 148 285 246 230 296 176 114 245 177 80 28 35 83 68 63 138 173 166 1 88 209 86
223 60 90 261 273 157 155 31 114 206 276 3 52 128 107 137 180 100 199 80 134
120 140 164 191 216 228 235 238 196 195 80 23 199 37 164 261 200 208 206 6 254 264 24 211 212
37 95 274 288 276 94 96 111 157 239 228 1 147 59 76 193 145 144 3 39 186 27 126 42
20 225 95 68 16 166 120 75 284 225 278 189 206 110 203 130 212 65 14 187 88 287
47 53 85 220 253 183 216 23 237 57 5 155 177 33 153 105 240 146 98 170 254 287 236 197
55 229 280 123 90 87 293 172 166 273 6 176 45 53 81 186 130 169 120 79 89 140 299
24 33 215 259 294 157 296 8 79 45 128 88 181 210 12 183 90 127 125 211 271 42 143 34 253
48 104 108 147 151 290 87 72 78 138 15 125 130 132 197 274 117 158 13 33 188 92 119 236 127 107
212 40 194 71 288 56 222 293 247 184 277 270 220 255 156 260 203 62 174 233 101
92 207 210 27 259 153 214 186 205 136 173 183 131 143 150 232 118 53 250 101 195 117
4 8 35 53 181 240 245 49 148 278 31 201 91 71 36 73 274 192 265 74 48 208 291 194 100 295 131
56 131 158 103 270 177 67 32 65 11 4 191 297 283 285 295 113 9 217 151 233 86 38
65 135 291 242 69 239 272 84 274 276 119 188 175 72 244 215 259 89 45 245 190
9 264 281 194 105 2 80 119 170 299 100 260 268 233 58 79 1 201 130 118 25
2 97 46 3 203 21 194 273 49 34 74 235 129 100 202 211 133 136 8 69 241 114
25 36 18 40 244 174 148 182 198 233 73 120 216 114 56 30 192 101 202 224 194 286
779 2 22 78 170 201 209 213 68 173 227 62 3 264 59 74 113 115 99 82 122 181 283 70 102 211
29 99 111 151 202 259 278 162 33 154 159 233 63 105 195 52 160 102 122 6 170 38 277 180 35 96
119 185 4 22 55 231 73 187 218 285 68 271 84 89 225 6 192 199 280 610 243 226 196 746 38 97 21 76 236 136 14 261 38 65 162 34 58 296 61 3 142 255 147 47 117 176
19 56 283 174 219 68 294 268 286 254 127 80 195 151 96 122 115 262 55 231 167 290 251
885 40 61 108 147 259 102 277 145 104 217 273 266 17 29 52 139 125 150 203 7 287 88 279 3 41
194 101 293 153 215 104 136 200 108 274 92 44 55 212 157 196 114 61 5 82 105
12 132 59 247 249 215 214 28 66 196 97 98 262 230 243 204 290 152 202 218 125 51
64 80 268 147 1 4 99 292 115 133 127 207 58 72 44 63 166 252 222 141 47 235 62 60 102 7 128 232 86 281 99 146 131 252 4 291 23 122 1 84 194 129 106
75 107 347 8 213 212 139 193 287 283 265 325 217 72 361 223 891 42 264 59 98 958
80 86 9 183 297 133 234 194 126 15 218 51 135 256 162 178 38 287 223 39 169 173
111 118 189 236 295 237 47 199 131 265 16 250 281 181 34 286 274 105 210 159 291 285 206 296 219
4 99 184 267 134 153 109 254 150 151 20 182 56 208 101 79 264 290 26 200 294 103 233 114
74 92 125 153 244 207 191 69 6 134 147 278 187 245 20 194 153 62 286 148 299 253 12 28 39
7 184 206 221 63 128 229 28 162 168 155 203 282 32 1 194 42 219 217 192 295 263 258 212
42 107 14 118 13 294 48 126 131 238 282 21 111 109 273 258 283 195 40 132 151
21 236 203 61 287 139 198 116 21 37 258 222 42 120 82 2 228 73 177 216 284 46
273 135 29 69 23 125 6 2 237 260 42 136 83 293 34 175 134 118 40 248 119
147 109 174 12 34 23 135 138 15 130 24 93 158 246 46 180 164 206 288 172 197
23 87 217 229 245 224 276 101 277 268 287 68 290 2 82 201 211 190 142 295 283 186 58
1 55 178 288 0 117 153 145 25 287 240 13 49 39 203 111 241 237 295 277 243 189 107 135
93 167 141 91 36 208 150 293 164 110 6 273 2 287 145 151 203 64 74 18 289 45
779 288 51 35 204 74 207 168 230 294 231 263 99 27 297 265 273 137 107 170 212 243
74 247 290 157 270 287 260 43 107 285 134 212 96 241 105 30 153 184 112 15 118 228 97
665 779 7 100 113 133 216 202 126 154 291 3 71 49 147 79 270 184 226 167 129 274 40 162
114 228 171 139 109 218 199 217 246 21 129 113 181 76 179 137 47 59 86 65 148 277
21 89 97 251 224 214 99 271 264 204 196 279 160 22 119 245 281 18 49 93 110 84 223 23
54 171 205 256 118 107 77 63 168 108 248 192 65 254 4 285 12 194 164 55 80
37 129 165 270 283 168 169 85 239 92 72 264 158 10 284 114 101 165 91 139 294 215 127 78 225
141 47 32 194 200 18 80 279 254 281 135 102 228 14 144 42 22 69 289 125 99
152 209 30 177 35 117 0 34 206 154 250 92 19 275 159 83 271 141 176 254 242 150
184 247 138 52 28 220 284 193 38 55 113 189 195 117 171 244 258 105 282 69 288 30
65 176 229 248 11 185 222 71 87 132 103 97 63 98 245 256 67 150 123 46 95 42 68
298 187 221 278 279 34 4 28 149 48 116 192 162 236 125 145 88 148 46 160 26
73 115 129 172 250 155 287 99 64 51 19 285 286 44 47 278 299 251 134 248 103 256 110 142 190
37 44 218 1 93 182 211 16 279 244 95 129 136 52 232 245 275 77 266 273 82 138 246
67 70 218 219 296 298 124 58 148 183 54 260 194 267 3 7 295 78 147 173 186 104 123 74
665 66 75 126 213 217 235 133 64 72 62 85 0 245 40 95 128 115 265 179 75 99 93 164
46 60 127 199 275 58 26 278 228 224 7 252 193 220 133 189 4 234 144 137 467 25 189 275 212 25 278 152 255 50 70 56 273 110 139 182 233 24 67 135 136 240 91
1 55 285 235 195 107 267 149 55 64 255 123 153 290 98 112 254 21 261 298 283 62
86 181 247 78 264 280 212 223 256 84 103 134 296 23 224 294 146 209 179 200 99 217
11 116 26 107 99 164 215 198 67 84 13 74 186 290 171 66 267 187 209 37 280 242
779 189 205 111 84 98 217 293 21 257 255 137 156 175 50 35 142 120 271 89 104 265 60
95 271 73 265 263 170 189 238 190 97 123 124 47 41 19 185 181 256 262 66 242 147
305 147 219 19 106 137 286 17 21 48 83 0 224 52 220 269 36 68 18 189 75
130 59 230 139 220 161 188 286 284 249 243 130 211 40 13 118 277 17 117 294 43
37 80 125 55 170 15 209 173 238 198 242 102 220 273 183 135 190 76 38 118 141 178 257
254 261 12 175 57 92 15 291 4 31 210 204 1 268 227 121 146 111 82 224 14 32
15 28 85 242 68 238 282 202 247 32 286 270 161 40 102 151 253 272 259 267 166 178 31
29 33 141 177 210 210 51 125 164 35 103 284 162 292 225 286 110 294 200 264 270 271 70 77 36
633 779 6 15 103 203 252 74 20 62 109 196 163 298 41 116 129 242 238 183 265 211 7 23 193 280 48
89 100 180 27 22 265 109 195 45 119 252 14 281 74 221 229 205 91 247 60 204 4
0 27 42 143 157 195 83 269 79 281 274 96 7 140 221 233 121 216 157 99 164 50 200 78 112 189
11 151 190 153 183 40 3 276 57 35 16 49 148 71 159 22 212 269 92 17 193 223 294
118 207 271 181 197 274 50 58 230 280 291 214 226 5 46 286 19 146 191 268 281 206 232 274 164 262 245 103 189 174 65 43 58 269 136 180 42 150 126 193 94 39
243 223 204 120 165 298 35 16 125 246 156 124 94 52 231 263 240 13 109 229 101
48 163 273 15 71 280 269 238 295 67 214 249 53 20 170 44 153 158 79 14 257 137
41 85 209 295 13 233 149 89 282 226 213 241 207 143 184 50 136 211 100 33 96 142 42 123
55 4 242 112 44 283 100 155 115 189 252 133 791 144 467 234 130 194 100 7 193 63 231 48 46 153 182 44 129 82 237 151 83 127 228 281 270 53 104 2 291
5 25 281 129 109 67 98 299 14 199 85 231 272 161 254 286 249 3 158 185 200 84 257
22 57 234 170 237 57 222 23 152 175 290 180 50 158 178 107 269 260 284 241 240 202 74
97 207 292 251 41 190 200 133 210 143 167 52 170 83 86 73 242 49 266 131 246 208 174
11 26 65 129 146 209 262 190 294 248 102 131 42 48 244 11 226 152 173 174 30 46 150 41 211 149 21
17 112 187 200 110 258 237 38 273 106 6 240 248 71 94 65 29 60 69 78 57 84 20
11 124 187 233 279 18 97 28 272 21 26 280 205 83 111 62 254 101 133 168 203 109 199 88
57 212 282 93 70 55 109 158 63 29 153 260 204 160 53 139 211 207 248 284 183 140 47
45 245 262 259 222 183 224 254 9 265 209 10 124 54 32 246 23 35 33 233 98 279
2 112 255 195 264 50 163 182 173 204 74 96 100 273 85 199 254 263 41 237 82
77 124 216 14 37 249 293 131 154 274 62 87 153 133 172 245 291 57 161 101 63
26 53 292 298 115 193 255 186 262 299 164 147 291 258 2 64 27 260 161 289 36 44 106 54
21 244 245 193 160 225 257 147 184 49 121 135 35 141 20 50 137 154 38 34 131 246 22
885 92 132 182 238 192 241 96 11 61 287 151 280 55 115 181 212 177 65 21 104 124 5 214 240
41 54 172 255 280 24 237 66 162 69 37 111 96 59 224 279 230 147 114 251 75 273 262 54 131
44 154 166 184 205 260 150 17 133 242 198 222 116 54 136 12 161 139 193 63 32 122 176 45 248 227
885 51 98 273 130 157 14 136 94 42 201 223 186 61 277 184 37 287 148 170 172 273 222 211
72 75 168 190 166 148 45 52 182 71 70 30 105 54 286 127 226 116 194 147 265 224 295 179
32 130 239 265 267 281 111 21 130 277 42 159 152 28 226 295 12 77 249 135 187 200 23 35 284
885 119 156 204 222 262 62 299 135 60 55 98 132 249 257 84 29 117 265 74 22 31 105 196 21 32
20 115 267 280 130 142 241 93 157 90 270 282 219 104 155 229 54 243 41 52 15 218 222 87
0 34 218 250 142 211 233 36 92 197 135 155 262 150 230 158 222 252 214 183 292 60 169 1
665 13 202 234 262 273 118 115 46 227 254 72 177 220 271 212 28 237 38 73 171 30 280 87 214 98
156 275 92 136 234 166 269 173 271 73 193 255 62 246 93 55 230 98 84 4 273 49
123 168 176 233 7 100 163 251 55 240 262 278 32 34 0 89 561 133 464 213 215 225 313 698 283 628 50 34 9 285 239 274 175 291 2 287 27 119 125 170 293 195 129 157 222 181 65 66
177 75 183 244 145 83 224 231 205 96 234 206 108 14 131 171 268 51 94 127 214
9 65 96 115 121 122 9 263 174 240 186 60 13 179 299 89 146 198 153 178 289 113 249 71 27
69 85 142 190 134 120 199 55 141 140 100 175 150 206 284 107 173 3 89 270 144 7 65
63 70 153 174 179 192 57 182 268 6 60 288 168 71 296 250 77 17 127 54 73 191 198 298 19 150
122 266 142 103 101 284 46 39 231 169 288 43 94 280 247 261 102 129 286 90 78 66
0 195 286 287 254 282 250 126 25 14 185 142 149 259 62 170 93 56 234 99 144 71 236 239
187 104 273 130 110 212 182 40 28 73 150 165 60 17 13 209 185 121 141 151 4
36 183 214 22 74 289 273 199 13 204 267 173 99 79 174 81 54 277 182 47 76
34 77 78 197 269 89 165 22 78 260 26 231 177 140 81 223 54 151 105 250 2 90 13 155 267
249 202 44 122 230 80 299 49 159 283 292 259 79 264 46 43 256 143 28 97 166
156 15 125 173 143 237 12 29 110 137 117 271 163 71 45 204 47 215 101 39 123
150 165 258 76 41 103 232 213 73 133 4 124 299 114 284 236 180 246 47 28 69 296 217 159 32 52 11 182 92 234 122 115 74 137 206 299 235 116 252 22 265 180 44
192 252 54 220 299 215 262 47 245 190 266 272 212 279 19 199 22 234 210 274 260 91
42 168 148 130 293 134 244 271 26 182 241 226 27 186 58 22 118 51 139 53 82 131
168 175 218 34 53 238 199 149 200 187 10 298 277 115 137 269 286 63 85 237 22 103 299
221 405 89 294 84 162 263 131 147 257 223 361 72 99 264 958 109 43 891 303 246
64 98 200 107 222 220 287 136 19 279 284 56 272 169 190 14 148 157 239 167 33 269 185
39 174 254 255 8 186 109 176 28 285 175 78 86 34 135 150 192 42 92 181 110 200 281 282
48 87 147 162 287 180 172 72 154 182 299 277 37 247 271 262 283 3 176 48 121 86 181
115 194 253 135 79 16 266 40 37 294 242 120 275 19 50 42 282 235 5 270 20 15
665 101 279 298 125 2 102 45 126 145 109 299 208 37 21 267 255 56 14 47 46 157 160 122 156 42 144 155 245 25 40 128 252 6 255 22 135 92 119 56 190 124 247 122
75 183 259 279 87 132 124 261 3 294 85 218 231 70 115 147 170 209 110 225 101 249 9
64 92 161 156 158 183 63 20 50 43 239 18 261 113 167 35 104 77 276 256 259 11 67
161 83 241 159 237 151 85 246 258 149 167 123 41 44 116 277 31 5 270 199 102
88 189 34 292 24 146 187 27 256 216 19 7 75 135 97 217 90 122 175 79 101 186
66 181 80 81 221 232 262 283 102 131 286 122 276 228 98 174 128 61 263 83 208 86
3 9 123 130 289 176 173 190 13 247 195 288 958 184 163 250 146 361 305 505 212
281 43 216 99 169 4 192 280 148 223 232 182 214 180 54 160 104 171 200 258 60
73 142 149 299 133 25 38 228 50 191 202 241 10 73 201 271 276 79 213 99 5 168 149 174
58 238 113 5 88 126 201 299 270 236 258 89 54 29 176 200 259 248 80 268 246 120
18 38 238 73 226 64 286 207 105 22 0 180 134 169 11 10 158 76 4 270 1
42 95 99 120 287 153 52 74 103 281 40 216 17 65 16 298 252 70 143 189 241 196 290 33
885 40 152 283 104 132 208 172 3 112 229 194 77 264 197 255 277 285 71 105 7 54 0 59 141 181 199 251 147 271 284 137 30 78 238 51 294 77 107 64 177 62 210 12
80 86 94 209 224 235 216 163 83 225 74 24 12 121 62 164 19 4 139 223 184 221 10 9 253
0 135 179 179 107 258 289 81 216 215 38 280 62 49 297 274 46 131 238 147 240 21 50
435 1 106 160 212 49 151 198 292 22 200 217 232 61 138 44 227 287 118 249 160 39 266 290
633 14 15 195 71 186 200 1 141 260 7 36 138 5 151 235 54 195 162 11 259 184 273 42
3 249 251 7 242 123 91 188 6 274 201 133 192 270 143 164 89 27 160 51 145 269 227
633 4 42 234 261 159 287 25 35 243 172 52 50 91 95 219 200 27 7 180 127 92 139 208 97
54 72 255 294 4 111 65 220 73 66 147 62 149 23 98 58 231 163 142 271 88 158 24
191 65 165 290 194 203 33 185 288 48 47 35 162 133 289 146 20 1 216 244 5
435 202 248 6 49 17 152 34 273 93 265 252 32 177 19 18 191 102 218 175 103 38 36
102 130 131 248 159 156 295 102 59 142 84 285 193 45 110 201 94 246 282 173 100 208
76 127 172 145 167 30 219 6 100 51 121 283 115 61 250 104 41 183 71 291 151 297
