13 24 113 271 155 205 765 15 42 82 20 234 914 276 563 746 153 946 280 953 855 272 130 14 721 887 389 186 479 553 61 273 234 129 160 220 140 98 186 59 244 180 84 276 76 282 97 292 1 270
23 271 184 215 49 124 3 233 123 245 32 239 55 295 119 188 15 273 182 211 36 148
30 88 108 160 280 20 153 18 286 228 243 139 109 223 277 62 67 195 128 259 56 271 123 140 23
88 151 268 8 69 189 249 112 53 289 128 264 79 141 70 145 46 285 246 197 184 37 210
34 99 192 227 592 120 228 114 29 807 235 28 199 24 263 223 871 607 153 242 147 288 224 200 949 242 629 214 147 118 195 85 240 149 225 293 190 207 227 282 166 68 63 25 259 251 202
23 140 239 246 276 294 105 219 148 298 201 143 156 204 252 110 133 209 257 216 161 154 170 104 34 263
12 35 88 94 155 226 297 248 153 157 268 136 80 137 167 133 203 139 262 58 43 237 134 185 37 234 193
40 130 204 271 26 153 47 290 4 45 147 270 228 120 254 71 28 105 53 192 184 264 109 150
28 85 117 204 238 68 191 115 200 159 207 92 16 225 44 126 271 8 120 130 268 266 187 198 248
194 12 85 158 2 149 293 15 224 297 162 127 109 68 175 223 66 19 83 50 206
73 110 134 146 226 284 265 284 96 244 254 31 193 203 82 224 156 208 184 201 182 115 88 198 278 149
134 274 87 258 71 277 33 176 53 89 270 42 69 211 267 170 149 141 47 189 94 0
61 138 160 189 274 285 292 297 97 2 153 40 183 244 189 90 71 172 107 14 133 193 222 27 7 120 82
129 130 142 273 0 262 292 112 239 286 221 20 173 81 5 259 227 231 202 27 181 15 124 122
181 172 12 94 52 72 125 253 221 46 19 25 235 222 208 112 249 42 13 17 284
58 138 167 169 279 179 63 224 58 251 183 293 204 199 214 290 151 38 281 237 177 112 160 287 14
83 159 234 272 91 82 145 213 147 257 150 138 96 273 270 101 210 6 189 200 297 248 23 296
94 135 185 275 267 32 270 126 256 241 225 165 141 96 268 255 273 164 6 123 209 212
55 107 208 67 280 62 140 270 167 263 169 235 255 39 29 18 44 162 233 275 46
105 262 158 126 14 127 4 296 214 203 232 262 218 20 65 19 71 220 61 193 117 295
8 41 138 175 178 19 6 135 195 213 180 112 228 61 38 14 45 41 247 272 251 104 223 113 70
70 127 219 109 299 135 51 197 92 46 32 169 54 161 94 214 273 98 151 226 196 24
186 207 202 182 140 297 174 8 226 152 248 206 278 94 28 158 49 2 292 227 104
29 75 238 255 279 293 293 229 25 238 157 89 282 258 45 272 186 602 66 78 97 266 143 290 607 76 139 67 174 152 184 217 20 298 254 69 94 98 236 251 36 49 200 140 107 132
116 191 234 239 91 170 158 148 71 62 141 79 161 265 44 114 30 36 150 22 278 56 41
92 96 217 229 474 131 166 41 16 270 36 101 99 109 179 143 25 136 238 162 60 34 213 168 171
3 74 33 143 148 251 286 237 57 3 25 91 165 142 280 175 105 116 78 292 152 128
18 77 71 244 142 135 104 239 272 61 23 253 28 59 195 189 193 145 296 63 293 274
163 185 130 258 274 51 294 71 146 190 220 155 191 296 192 70 141 79 24 272 85
76 85 204 286 184 216 229 28 218 196 292 219 24 169 297 286 128 152 85 290 226 58 22 212 200 13 238 73 172 113 252 214 129 44 210 187 165 245 107 75 260 176 250 221
77 126 143 149 198 240 295 62 281 278 271 265 127 36 167 94 81 158 139 277 148 80 49 103 33 74
0 66 55 16 265 110 157 192 179 188 296 297 280 175 226 154 75 193 112 2 139 31
206 243 244 202 146 14 24 56 155 204 49 271 72 8 293 118 201 281 165 90 19 221
13 57 102 190 187 297 257 9 164 95 28 91 222 237 80 234 85 115 56 244 76 15 183 224
78 243 474 10 86 71 216 45 72 64 52 103 128 1 137 209 281 157 295 56 215 246 292
56 74 184 55 264 110 158 87 16 132 217 233 120 287 141 195 52 242 60 188 160 274 23
205 6 28 92 263 290 144 65 225 261 33 120 105 190 231 176 26 190 2 35 29
0 74 264 285 4 5 244 38 7 170 19 220 82 293 252 166 101 238 65 64 130 173 80
146 174 294 129 46 20 222 127 48 184 277 219 14 215 91 61 270 296 79 144 124 187
2 4 153 188 240 199 89 132 272 73 240 285 34 243 30 297 221 20 152 232 103 270 163 119 18 76 26 239 263 156 254 197 162 50 88 184 13 155 150 120 40 161 143 200 208
56 154 202 214 69 181 128 121 144 80 71 211 272 198 263 288 189 124 45 224 169 239 103 28
915 116 139 191 165 151 96 107 49 149 131 40 179 180 225 123 188 110 10 95 81 196 76
273 289 62 280 140 291 105 233 149 114 50 16 69 162 24 110 191 266 63 299 260
3 63 225 297 87 267 127 290 264 203 74 105 62 218 39 40 159 253 170 242 180 28 85 251
28 73 108 73 242 77 81 93 86 224 6 299 99 169 97 260 188 289 18 229 91 158 64
49 65 228 272 279 85 7 282 102 228 249 34 161 88 175 149 224 295 187 20 131 80 192 109 99 94 292 8 231 85 296 248 1 143 177 151 90 251 72 268 98 10 201 93 164
112 167 188 217 119 192 103 209 214 275 51 230 11 2 198 279 88 17 127 167 139 96 97 187
8 60 86 125 144 211 285 292 246 141 24 179 99 165 271 77 175 126 264 80 140 194 187 83 224 174 238 144
214 255 143 185 258 299 238 195 91 267 206 215 150 35 60 199 178 114 122 113 12 285
42 172 182 186 474 149 156 164 291 98 191 64 27 174 81 295 141 40 623 93 560 237 85 70 67 290 73 95 29 133 190 172 278 81 198 236 230 205 38 188 74 37 265 40 56 243 206 105 137
134 177 233 12 31 254 143 128 184 185 251 2 111 243 9 201 167 61 246 153 286 198 32
8 121 240 296 267 296 278 68 209 106 62 77 111 220 38 117 266 184 120 39 134 190 255 289
915 174 238 271 109 70 123 287 233 116 285 276 282 289 226 96 208 111 134 36 90 101 120 59 256 70 61 161 96 44 160 66 126 24 64 40 240 139 187 95 286 219 182 243
59 87 155 101 266 134 154 34 27 289 248 193 163 25 85 262 42 164 186 11 254 166
0 96 98 126 157 187 199 127 203 130 163 273 170 30 111 149 61 198 93 37 193 43 133 60 117 39 299 249 53 106 164 54 1 145 236 45 64 95 269 21 80 118 91 122 173 71 34
15 58 82 115 206 251 249 287 165 88 275 198 205 225 50 101 172 207 61 197 109 282 263 280 286 73
660 103 171 234 167 297 134 91 214 124 284 68 166 255 71 10 43 205 179 85 199 109 96 111
44 269 218 288 219 223 267 255 263 235 36 10 83 232 65 48 228 204 133 91 208 278
62 134 23 92 1 11 2 131 73 31 36 119 93 57 166 19 194 32 268 289 224
189 19 147 67 35 24 51 80 126 25 273 203 285 161 158 79 199 280 269 266 193
28 231 123 297 238 29 166 112 12 164 122 248 268 136 11 36 192 95 216 70 234
81 170 183 230 273 3 214 73 245 262 196 179 178 141 118 222 171 85 261 51 202 46 170 126 69
131 156 190 281 99 178 120 166 272 62 254 162 138 50 173 98 252 125 16 73 232 158 23
185 250 293 275 162 148 90 0 262 93 238 272 87 156 33 176 126 258 75 2 4 100 124
154 267 54 278 115 254 63 193 269 107 285 96 40 194 11 197 177 100 77 61 98 255
3 17 44 184 270 122 285 244 148 28 63 35 254 283 110 53 248 217 42 133 209
143 183 206 249 251 127 156 215 129 197 177 249 295 99 292 77 172 72 95 20 63 62 138 245 275
189 79 159 118 30 150 179 36 250 267 28 294 68 73 35 217 156 16 134 293 229
94 285 67 160 101 22 50 48 233 99 243 21 273 279 215 139 89 149 167 142 113 51
124 23 102 284 257 153 171 66 81 105 280 254 119 41 191 127 154 24 253 181 238
6 24 81 136 32 128 168 68 6 116 177 52 103 90 231 216 253 45 255 123 36 245 283
42 54 75 186 37 80 232 297 88 120 249 241 243 61 266 184 270 298 259 219 64 102 164
28 157 211 297 50 46 91 232 64 202 86 157 281 284 84 288 77 263 111 93 209 8 200 266
20 90 102 253 161 238 195 81 29 61 246 239 175 13 157 241 100 257 278 276 63 20 130
6 169 245 278 204 217 122 76 266 206 18 196 11 280 2 252 236 103 114 118 144 53 216
238 266 294 144 93 13 195 38 60 22 75 87 194 186 243 218 64 71 279 224 68 212 90
231 232 294 231 142 174 132 87 130 246 79 272 120 229 59 24 234 186 57 288 188 268 16
47 58 64 129 161 162 226 114 120 262 272 24 167 284 264 72 125 149 0 222 294 97 289 154 116 175 131
7 46 104 189 275 280 159 134 232 299 213 242 16 215 230 229 272 233 222 180 203 112 194 221 147
13 40 190 232 158 156 187 272 189 288 134 236 256 52 246 267 170 85 109 141 169 271 70
6 16 37 173 18 7 269 192 131 207 74 136 103 156 134 1 224 242 8 34 107 48 270 135
13 102 240 251 282 4 50 58 22 90 44 116 49 276 187 204 122 164 250 134 262 140 178
110 123 250 37 163 276 77 176 174 144 165 272 54 158 182 233 191 32 1 74 141 197 242
10 127 28 220 30 150 235 192 135 243 84 67 179 39 188 97 44 26 216 61 81
99 115 130 185 257 92 156 151 20 86 194 272 239 76 164 182 174 198 45 230 277 246 109 124 278
72 99 187 146 80 222 210 61 46 163 280 124 123 89 159 51 34 271 206 87 60 42 223
1 16 175 182 209 79 254 152 214 134 217 185 256 203 20 193 172 183 124 219 113 176 201 76 111
17 61 96 171 253 40 181 32 42 233 242 143 200 196 127 21 89 256 182 46 157 266 106 25
660 299 132 268 225 284 194 52 14 60 83 253 162 57 98 23 67 272 233 204 59 205
23 54 62 207 259 274 134 85 59 276 31 2 265 255 13 246 295 21 138 184 74 55 20 210 267 83
132 203 234 27 107 113 168 281 236 196 239 45 241 157 149 99 0 646 271 37 942 18 692 61 25 103 17 33 265 118 7 143 93 152 213 217 104 55 29 252 248 116 25 84 98 171 187 277
34 136 146 263 105 22 59 152 135 214 114 237 166 245 156 161 283 229 35 187 38 165 26 292
915 151 297 114 177 140 262 264 211 152 209 30 187 203 81 248 83 31 285 234 169 66
10 58 285 24 167 247 73 106 261 150 277 212 68 66 0 90 222 171 163 218 279 214 18
109 270 197 270 111 39 73 117 207 278 216 241 56 48 233 20 36 142 273 221 27 37
49 163 170 75 93 20 97 113 255 240 283 206 216 136 248 186 117 3 280 77 73 167 263
26 84 106 140 270 7 273 5 80 13 292 40 51 126 55 3 20 1 196 141 54 288 168 65 179
58 78 94 173 180 199 23 122 295 0 92 276 265 98 205 226 253 148 190 165 270 259 215 159 216
15 29 80 182 52 235 264 70 10 13 212 172 42 11 248 218 143 114 142 167 247 88 233
68 111 222 293 294 279 180 76 217 256 115 16 6 131 268 294 74 182 288 212 92 88 239 200 186
55 79 252 222 190 144 122 33 32 187 136 82 91 204 259 167 2 255 48 214 115 244 191
915 11 43 88 48 214 59 145 155 69 8 214 4 275 165 817 78 84 602 76 272 258 46 66 290 45 228 196 3 61 232 24 157 28 164 280 161 201 72 147 41 46 82 262 174 181
53 280 239 212 15 269 136 41 176 276 219 197 220 92 160 11 157 90 172 295 52
128 162 238 474 41 72 138 52 194 275 81 140 161 167 39 108 97 133 27 278 79 60 128 231
11 298 77 191 200 249 238 197 66 152 91 85 54 15 97 602 817 290 84 91 607 66 143 78 76 258 284 73 143 292 112 257 289 17 169 281 78 205 41 102 141 36 69 145 16 22
915 11 100 111 298 317 83 279 278 190 109 287 216 111 263 170 141 98 14 249 97 74 299 169 288 43
30 101 273 74 107 181 88 23 34 191 78 60 178 50 256 290 38 295 245 265 224 86 203
133 147 155 287 270 189 166 56 283 135 2 13 32 92 261 35 101 84 175 174 69 204 197 158
72 228 236 25 280 6 273 267 80 21 165 78 36 108 119 225 299 101 244 65 15 121 81
41 102 182 185 226 232 265 214 299 292 297 189 119 151 16 44 143 114 264 29 49 241 186 282 196 80 195
10 232 238 256 269 281 199 282 213 54 245 266 121 232 131 18 184 202 119 85 284 270 171 252 84 209
13 474 210 209 261 132 63 119 247 166 163 224 34 201 79 29 121 64 120 28 18 48
55 210 278 262 4 193 52 219 32 243 44 48 145 234 222 31 83 206 110 67 33 105 111
128 69 46 13 51 120 10 20 118 292 173 285 37 133 111 279 145 176 224 283 164
116 158 151 18 227 50 228 5 264 181 203 106 142 0 110 172 162 88 240 287 98 141
5 98 124 242 281 187 62 81 8 132 20 230 72 237 214 259 204 6 58 236 84 104 167 228 52
18 59 245 23 1 292 78 191 176 6 196 83 268 173 88 272 95 69 260 129 207 98
33 92 94 195 255 260 212 140 228 268 288 200 114 157 240 24 296 138 242 153 255 149 35 227 226 256
12 82 89 296 196 256 55 142 18 143 44 253 297 147 197 178 107 286 113 11 117 172 165 292
4 14 34 66 241 55 180 136 96 199 34 71 251 81 22 297 195 107 110 65 239 160 137 77
660 147 194 277 144 255 88 267 0 50 182 194 29 8 206 224 142 135 249 84 168 209 54 169
127 282 5 176 81 123 2 216 230 70 122 222 251 80 152 147 146 205 296 84 228
47 69 74 149 160 231 271 52 103 270 158 17 179 215 104 149 280 274 264 281 44 226 272 92 198 58 221
170 197 248 144 138 69 37 200 187 178 82 266 124 208 147 24 259 31 40 156 241 18 150
26 41 102 212 259 288 144 27 28 138 200 231 291 170 285 140 69 163 277 237 58 450 290 623 40 37 85 60 225 82 169 93 141 43 250 177 193 224 36 31 223 249 231 153 248 260 89
15 37 77 108 208 233 247 0 100 131 220 249 255 269 221 238 82 45 73 106 70 67 40 172 95 70 224 58 450 29 37 623 73 67 50 157 207 187 196 209 215 26 148 159 76 160 119 193 67 38 204 185 95 142
220 259 277 153 191 122 236 204 104 297 69 64 127 31 270 170 193 252 159 210 124 147 160
44 85 232 174 5 251 10 298 68 147 39 93 239 91 276 165 244 83 85 293 62 15 50
37 189 70 7 100 264 56 250 181 90 281 241 78 159 20 9 63 183 6 121 82
19 168 120 245 121 106 168 270 13 63 167 214 169 263 33 82 132 27 256 31 129 197
93 191 228 285 210 208 114 170 179 173 275 153 132 2 22 13 91 40 220 72 244 289 60 140
44 78 125 283 227 140 150 165 58 178 198 243 176 50 139 148 237 40 160 120 132 43 48 164
142 190 196 215 253 180 16 270 1 213 163 177 71 253 138 86 31 66 23 229 286 32 237 17 99
34 65 67 260 474 151 229 39 18 4 94 268 299 3 112 9 175 218 5 16 108 225 236 7 89
110 145 166 48 229 105 0 163 219 292 218 109 5 22 293 249 183 241 174 176 263 77 207
49 84 24 42 93 68 262 77 63 122 282 25 131 16 129 263 195 53 159 175 274 150
10 54 57 136 127 180 299 40 23 131 53 166 238 207 220 116 249 246 254 134 163 176 108 189
223 253 162 122 283 90 123 33 56 181 104 169 194 201 135 176 281 289 97 100 31
74 76 73 259 276 204 251 58 96 284 14 179 5 240 269 126 221 239 260 156 19
38 77 115 146 297 281 179 105 85 261 236 273 286 188 136 241 104 134 53 237 169 196
24 72 97 187 69 189 164 3 272 226 35 136 222 117 262 174 165 10 178 146 139 186
24 58 155 220 269 291 151 292 232 124 178 1 211 166 87 46 158 36 173 190 209 176 12 57 270 293
80 238 173 150 170 76 48 16 155 165 211 118 266 93 218 228 244 112 256 145 23
39 74 179 278 224 274 258 80 156 74 297 119 34 98 140 28 31 26 77 118 136 206 210
23 190 206 289 263 64 33 11 92 278 56 25 20 102 51 104 180 279 215 260 40 143 254
66 87 241 247 31 110 20 68 266 42 147 113 262 294 209 199 217 185 32 97 72 87
88 138 222 195 289 0 43 143 25 281 277 69 77 71 95 184 189 280 274 96 236 225
20 23 25 119 210 255 233 255 109 174 182 173 111 231 195 128 82 194 222 23 214 140 175 215 289 212
36 78 6 145 12 48 16 143 261 61 247 60 53 209 111 259 151 131 127 155 2 93
0 63 73 94 155 164 190 207 169 145 74 89 103 125 180 284 10 64 227 87 112 28 6 60 242 265
45 76 110 150 275 284 90 108 35 144 24 29 149 280 5 117 87 250 221 15 232 160 33 172 156 277
59 78 214 266 3 140 134 286 251 164 294 235 43 188 221 59 13 267 115 271 184 120 73 191
25 54 30 270 212 291 14 27 161 70 249 35 277 142 28 57 139 241 82 298 24 206
238 280 289 12 231 116 78 135 277 244 62 151 186 271 274 140 216 121 265 234 82 295
211 250 67 267 286 195 287 34 1 132 184 186 266 79 100 120 243 94 33 171 146
98 104 131 180 264 130 120 142 8 176 272 169 223 83 106 276 60 168 182 118 74 161 244 59
73 77 83 139 43 251 212 234 296 211 125 46 20 293 241 287 164 179 41 79 48 8 143 70
1 14 233 265 374 258 107 172 142 133 244 115 36 238 275 80 59 52 254 229 139 108 178 242 223
70 116 158 159 51 293 118 123 235 258 20 97 1 156 104 149 160 197 62 79 128 299 201 267
22 26 114 158 228 2 108 170 161 5 299 261 52 296 143 294 131 65 277 188 247 19 273 283 297
4 6 103 286 176 177 265 140 115 183 239 119 40 282 248 123 199 168 60 116 93 89 1 64
91 293 168 120 182 145 178 221 17 108 10 76 144 106 223 58 30 172 298 157 272 23
64 109 125 3 11 64 68 214 228 51 162 93 73 38 266 169 16 104 249 280 103 236
33 176 198 237 247 280 317 196 218 296 1 49 220 132 40 202 64 209 144 274 120 224 55 82 272 159 51
182 247 248 474 47 61 168 60 142 274 52 206 22 53 170 178 231 177 264 271 260 200 135 284
36 66 126 160 174 234 244 245 188 162 251 177 233 93 125 127 139 57 279 277 74 202 101 255 9 221 283
85 167 92 6 143 180 48 260 185 226 216 90 271 87 126 249 60 71 18 188 124 175
116 48 277 80 219 157 273 291 24 34 201 231 93 193 242 188 237 279 191 137 1
45 54 95 285 209 31 226 206 291 117 192 23 173 246 52 103 202 135 39 174 68 88 267
35 81 165 203 235 267 287 290 102 57 123 247 70 196 14 62 242 194 184 158 34 179 145 166 11 100 51 249
245 258 139 151 43 57 177 152 284 91 2 156 124 97 143 79 87 150 203 27 159 72
34 46 95 213 246 254 145 108 31 267 281 177 52 136 14 199 90 103 188 62 9 287 182 44 10 74
36 119 90 22 155 126 38 7 214 11 66 240 194 137 116 94 71 86 264 2 156 1
59 251 273 317 239 168 199 96 253 258 171 192 45 277 222 7 67 158 292 20 10 267 281 103
35 82 374 251 8 106 264 51 12 232 271 262 130 47 282 293 10 233 228 238 272 196 57
13 29 59 274 82 130 65 87 250 95 179 90 214 11 1 81 231 183 251 273 283 33 16 167
6 60 129 41 180 170 104 288 15 181 157 237 282 97 143 112 127 141 149 224 211 46 196
10 35 61 102 201 256 129 50 60 257 71 36 261 39 13 111 143 284 228 22 155 105 16 211 157 278
36 122 133 149 233 37 178 282 111 195 215 10 26 30 270 221 93 274 284 251 152 116 113 151 283
11 41 190 202 219 267 89 146 174 228 57 189 77 157 238 98 141 234 44 159 261 134 277 118 40 88
104 154 198 287 137 84 288 91 221 220 183 269 197 181 167 69 133 205 28 237 214 209 260 73
1 49 74 123 155 179 62 190 143 99 13 209 170 290 74 292 145 72 44 267 289 199 247
660 9 139 208 70 15 276 225 206 6 127 214 79 145 120 247 41 242 197 282 275 229 217 139
33 105 17 106 273 187 225 289 209 208 61 244 188 103 32 153 66 296 193 249 190 147
