8 202 244 878 39 172 190 275 284 34 56 95 97 411 201 626 452 609 465 354 683 349 543 383 800 718 508 831 770 314 224 117 362 514
972 13 47 145 148 411 172 55 988 273 751 254 224 548 892 735 576 181 515 361 526 572 571 173 869 309 250 279 64 86 30 213 117 7 43 299 143 269 186 101 187 140 27 181 42 87
804 117 553 4 298 89 126 767 172 394 200 496 820 358 902 261 563 819 901 584 273 744 206 396 705 174 82 146 47 13 162 52 161 129 25 179 1 33 111 172 130 77 173 109 3
193 293 234 32 371 134 48 9 68 209 297 9 60 102 196 791 179 691 315 46 213
41 74 84 58 137 296 218 118 113 65 129 96 258 263 230 270 239 684 77 144 17 166 871 76 33 185 235 30 48 156 68 53 207 213 105 254 619 21 466 314 282 225 8 176 11 100 266 49 108 179 74 44 115 43 57 139 279 33 257 213 150 87 34
21 195 158 98 183 103 276 147 134 81 292 180 236 189 105 206 7 258 269 249 186 271
200 292 232 77 287 188 78 270 87 14 102 19 89 250 235 56 4 147 294 207 29 12
145 170 1 259 228 164 236 7 182 184 283 123 112 202 212 105 82 260 218 0 222 156
158 190 250 256 194 273 270 142 254 143 74 296 125 61 268 91 6 216 44 1 28 252 101 44 155 278 32 70 16 7 80 256 154 263 93 62 24 184 69 132 152 121 217
39 62 393 83 91 140 199 840 168 0 239 122 256 567 405 134 170 54 69 187 378 201 47 737 53 156 229 290 0 207 48 92 297 102 231 82 5 157 260 149 291 265 206 27 101 199 241
285 150 169 91 38 33 235 261 206 149 291 14 20 205 283 249 181 189 238 88 112 159 281 107 234 267 168 228 44 637 917 111 37 95 58 58 339 332 84 146 13
33 191 251 287 295 83 222 45 108 236 16 205 250 194 144 180 159 4 154 18 267 82 98 75 97
0 8 111 185 217 257 278 288 294 393 222 170 184 133 57 148 100 221 29 204 20 65 254 14 194 218 62 35 251 95
81 119 129 137 212 282 80 173 261 176 248 243 266 138 120 206 22 260 109 11 186 236 47 204 296 42
21 152 229 240 191 243 126 20 109 278 240 268 89 130 47 26 29 74 62 246 259 87 58 18
72 111 201 1 166 114 256 174 175 222 276 136 4 113 249 76 171 184 43 202 97 223 230 197 201 11 206 158 176 285 205 267 212 68 142 240 215 172 271 177 66 190
250 274 85 272 66 108 202 292 65 240 246 48 77 80 92 90 129 35 193 234 258 141
4 57 174 242 291 83 276 270 68 258 190 233 47 106 133 257 45 224 70 67 32 163 18 202 101
53 121 134 121 92 4 90 224 33 257 272 38 168 8 89 258 154 182 152 206 120 220 94
188 291 287 25 98 162 19 242 112 196 100 169 26 184 179 3 130 106 95 218 229 192
57 138 299 48 265 142 138 203 170 66 283 80 197 187 212 47 149 298 191 69 99 78 28
64 153 164 196 236 213 34 56 296 163 80 209 134 106 245 280 284 145 94 25 105 21 183 76
246 287 40 225 292 223 20 19 37 249 71 103 120 163 291 98 183 289 30 137 56 290
123 169 253 183 156 257 132 236 48 266 149 163 122 287 82 24 56 63 269 270 7 174 86
77 91 107 238 227 261 290 110 102 62 293 86 215 123 28 3 140 37 13 41 103 22 188 19
49 73 131 60 38 54 226 182 76 279 235 276 134 93 61 280 214 42 138 238 212 75
87 158 167 184 299 75 87 70 274 225 2 298 222 8 85 180 86 43 295 81 77 63 262 123 177
13 14 60 140 80 280 195 176 284 64 37 240 38 97 76 63 155 71 220 26 196 72 278 17
256 90 48 238 284 81 155 125 33 63 127 86 146 111 51 212 137 154 120 29 180 80 6 177 262 128 92 84 292 115 36 193 81 172 146 113 118 56 274 296 270
108 179 257 100 154 61 157 55 179 279 141 83 131 232 128 225 174 234 71 288 289 136 256
28 273 81 31 8 59 93 157 13 196 245 276 269 56 199 119 43 256 288 146 291 298
10 115 203 190 187 69 164 7 102 189 43 115 116 212 104 71 272 12 145 148 129 132 183
91 96 267 283 14 114 45 297 166 82 121 111 176 64 173 99 134 218 89 127 32 39 63
61 85 66 73 154 29 204 10 226 294 112 296 234 149 291 7 93 223 242 266 213 227
259 264 13 216 82 84 238 159 21 283 7 148 3 208 65 136 279 281 295 22 192
290 247 40 293 35 232 162 210 81 82 241 38 129 193 16 249 157 209 148 8 280
84 148 244 279 73 86 154 45 276 258 157 219 249 123 61 37 268 253 93 44 239 96 295 129
44 119 232 83 298 38 190 267 138 52 81 274 58 262 39 76 26 22 68 194 157 42
89 152 265 279 44 133 111 271 295 278 76 9 135 74 20 178 17 92 273 31 93 119 120 248
26 29 32 72 227 226 292 48 63 52 133 198 105 192 184 70 61 252 119 183 277 286 21 225 106
130 194 268 35 172 161 281 227 113 297 0 177 195 102 133 240 273 72 95 252 290 89 124
9 239 29 32 75 69 251 299 218 113 146 231 169 274 280 247 66 284 211 272 253 153
44 54 186 266 233 1 274 84 168 6 275 82 174 254 252 181 176 93 50 172 58 164 144
28 87 186 264 111 106 251 227 62 226 73 230 94 114 242 93 195 268 45 280 120 54 67
44 46 184 240 47 255 111 108 205 147 211 184 153 11 221 99 942 111 14 638 206 435 114 6
46 75 179 212 275 16 233 222 79 189 117 60 205 65 81 176 131 198 237 251 273 242 254 44 161
92 207 226 232 154 48 47 197 277 91 228 225 187 173 77 52 32 289 200 100 240 112 127 117
110 195 253 147 150 93 265 187 156 199 51 144 186 128 232 12 288 6 180 76 36 41 223
185 294 934 63 105 238 248 264 23 102 28 246 261 263 884 15 187 184 163 252 196 35 241 101 93 235 188 236 298 67 138 58 252 59 271 237 83 38 35 178 297 171
2 41 223 51 274 212 7 220 5 256 48 254 27 112 4 129 201 97 286 175 245 232 99
88 179 181 241 258 206 266 29 241 244 81 52 148 187 290 20 111 247 7 177 159 5 72 139 53
193 269 137 46 156 172 232 174 201 105 87 96 171 122 30 0 138 263 161 162 11
6 120 299 269 160 166 84 62 206 137 286 200 6 93 22 36 180 277 172 149 219 20 99
522 125 279 1 237 67 87 249 139 299 126 52 7 135 56 90 296 110 76 50 111 167
5 50 87 90 141 177 228 67 255 86 290 261 248 168 186 206 198 224 108 210 228 148 112 240 18 297 99
193 158 265 267 268 1 40 5 49 54 112 52 46 44 160 71 297 117 223 42 202
39 121 261 6 291 47 296 18 134 11 254 74 8 24 265 92 119 23 188 156 7 38 76
522 51 202 269 67 87 9 149 106 64 143 46 262 260 74 102 8 173 213 21 40 148 208 14
148 185 279 33 175 60 288 94 206 229 121 52 135 37 299 259 69 35 50 230 194 274
140 147 195 260 257 123 228 119 146 33 2 3 199 95 75 112 111 10 113 156 55 243 20 297
145 239 82 99 108 39 65 230 163 53 293 191 174 295 29 260 83 106 202 72 112 11
14 243 254 44 135 46 32 139 68 254 239 221 26 157 122 88 75 100 269 89 210 281 154
188 143 227 98 114 94 77 197 125 83 55 231 129 44 248 257 33 137 230 126 81
112 196 277 275 294 58 34 149 63 286 288 20 178 245 276 187 215 192 264 108 84 115 150
92 126 242 156 80 76 188 298 130 184 2 187 5 9 260 277 73 163 171 269 147
11 21 166 17 275 138 278 157 5 226 102 105 202 114 22 142 37 235 274 89 111 219
57 152 189 238 252 260 156 232 252 246 190 150 97 120 0 3 235 226 261 39 140 197 11 86 191 273
119 265 292 261 158 19 280 77 67 34 232 36 273 9 166 206 79 117 245 3 76 112 188 50 203 83 199 273 256 117 292 82 130 243 144 91 97 115 161 264 270 147 148
52 207 243 258 287 146 2 249 33 229 132 203 242 1 6 92 276 274 156 73 226 118 40 142 136
10 28 262 278 73 134 51 13 22 166 172 113 53 88 246 46 287 82 270 31 214 54 297
5 199 196 192 207 248 197 111 29 214 52 36 194 122 294 272 292 254 15 124 183
16 87 211 216 260 30 169 207 278 142 193 258 226 274 159 127 298 262 241 190 40 114 76 231 55
76 274 200 158 72 224 231 236 82 53 43 256 248 193 132 278 194 207 182 270 185 162
72 114 171 247 148 194 263 281 200 69 66 269 80 0 255 270 166 127 71 292 129 10 260
169 145 43 187 54 253 251 68 20 121 21 115 240 107 256 117 207 158 175 295 216
15 29 64 140 222 81 71 98 202 86 120 31 220 74 277 43 251 87 243 157 281 82 25 79
122 66 52 173 35 151 285 123 188 296 181 40 238 29 163 51 234 10 281 263 32
154 138 89 12 69 54 80 279 160 75 258 43 293 290 216 18 116 105 235 174 66
195 210 275 43 293 131 211 265 220 84 254 6 19 15 127 122 20 35 244 268 93 7
98 278 201 122 180 266 88 146 129 78 9 222 217 219 288 176 160 94 67 233 6 284
6 122 214 232 241 60 83 0 58 195 242 97 73 138 15 49 169 264 233 11 102 89 262 235 74
61 123 228 266 230 204 116 125 148 131 42 145 41 16 265 123 103 89 20 21 129 14 69 280 247 271 15 170 205 127 49 269 44 55 204 274 109 11 272 97 46 68 9 27 28 182 272 1 278 64 44 294 8 4 35 214 179 14 178 168 93 237 204
76 44 124 137 16 71 127 184 202 147 287 136 24 142 11 349 107 229 737 167 93 233 53 47 263 162 174 43 185 54 82 203 182 229 119 106 72 39 81 60 180 143 287 144
197 249 21 83 74 178 19 42 46 181 296 198 290 114 158 152 16 143 116 197 201 219
37 59 87 155 158 180 154 189 296 237 206 53 234 83 290 152 105 292 45 122 76 238 65 161 145
11 23 144 165 174 207 134 286 215 38 9 280 226 243 31 158 183 293 77 34 93 130 8 160 222 56
68 123 282 25 34 37 179 193 115 197 82 253 207 174 139 155 14 129 691 145 57 184 222 99 121 163 288 252 57 46 227 183 238 98 255 168 200 136 206 290 287 54 78 139 202 263 154 125
128 140 181 296 97 99 33 84 198 132 141 195 275 231 244 283 17 80 247 210 1 77 26 67
66 176 265 198 75 218 29 171 195 280 253 136 191 207 102 235 150 122 21 237 260 82 58
107 110 234 12 4 270 73 44 108 113 83 130 118 163 236 212 95 214 280 179 147
215 292 181 251 146 107 75 179 87 222 59 141 71 110 186 164 76 8 135 151 13 11
31 36 69 206 288 65 6 106 156 298 176 187 114 56 10 221 111 206 153 199 31 90 99
130 0 265 201 211 8 137 49 186 164 142 197 113 166 42 248 91 223 75 10 239 24 186 127 52 221 6 173 275 92 74 234 181 14 70 197 294 142 96 32 21
27 69 117 208 46 106 231 143 63 293 271 183 258 115 256 278 29 182 12 212 165 298 118 10
173 290 242 271 298 180 296 7 152 22 99 228 79 267 277 15 114 61 241 88 36
117 87 24 51 191 107 251 118 114 243 108 54 232 227 292 78 275 260 21 13 25
71 136 366 222 278 202 240 12 233 214 10 90 269 153 199 187 197 942 6 111 525 14
3 111 194 221 241 273 138 273 258 85 72 204 36 160 105 254 76 3 31 251 5 97 32 167 13 146
235 52 46 190 138 277 133 96 9 81 183 78 75 265 93 127 131 97 207 295 238
13 66 125 149 234 23 249 248 241 69 186 55 267 30 19 74 76 56 11 111 195 93 141 18
138 249 25 258 129 126 242 66 136 259 261 154 201 113 96 297 140 61 82 233 296
86 279 285 29 226 96 189 227 263 262 55 60 144 254 196 35 184 187 691 99 129 884 266 809 57 128 105 39 35 281 138 197 45 250 239 154 268 295 140 208 185 203 180 170 188
52 76 153 204 224 262 8 118 42 143 186 212 167 146 241 205 125 60 80 93 147 109 73 207 169
81 82 129 244 293 253 168 73 22 125 296 265 20 40 3 282 262 289 109 84 123 283 185 117 240
45 183 217 178 2 299 252 24 30 67 108 71 31 95 38 278 219 177 8 37 265 132 152
150 209 224 53 185 278 18 232 250 285 71 51 47 282 197 114 62 101 178 23 206 58
13 15 59 139 290 213 29 274 84 277 226 256 39 100 110 232 66 98 81 222 138 33 69 122 89
17 143 22 147 226 258 191 289 252 6 39 274 175 61 69 305 82 698 242 292 175 151
140 199 200 232 237 84 115 110 266 85 29 251 230 89 278 131 87 77 258 189 8 86 211 205 216
104 156 274 57 90 139 260 299 101 277 180 265 138 284 131 293 72 187 156 120 259 11 93 737 107 64 205 233 121 292 241 106 184 27 138 176 100 226 291 207 44 194 52 15 42 125 256 192
68 98 205 76 43 10 286 240 147 153 233 104 56 69 126 256 63 44 71 45 137 172 6
96 231 168 39 40 35 18 173 128 169 255 140 4 102 136 10 75 247 129 252 122 274
90 144 49 66 202 522 113 24 203 172 171 271 199 289 223 162 86 233 53 11 737 256 229 156 47 68 23 190 145 226 243 85 90 87 185 78 86 107 120 270 258 178 63 72 225
19 60 124 134 142 137 239 231 107 267 162 236 272 117 87 101 57 88 79 139 161 144 49 13 174
158 252 288 101 16 232 90 276 47 25 202 137 217 291 67 55 151 5 138 82 98 285 260 262 101 78 110 298 46 10 48 154 13 70 45 98 239 21 207 261 129 126 297
26 255 283 145 239 15 21 40 57 146 260 197 228 211 23 148 141 315 252 187 145 691 809 184 35 261 243 80 192 42 100 200 111 173 87 236 144 197 38 181 282 7 214 116 102
103 14 44 188 186 59 51 182 86 213 238 224 36 89 184 219 194 236 15 210 132
8 126 186 244 182 243 169 192 222 295 127 279 190 281 85 149 143 200 114 57 275 81 234 105
81 259 289 109 55 144 127 102 140 230 119 164 250 234 278 208 16 89 3 129 40 273 240
225 294 17 56 163 114 255 79 238 88 21 179 36 101 162 274 268 108 271 260 290
0 62 114 235 283 276 278 38 273 274 12 104 298 123 139 212 292 298 24 175 45 431 61 357 633
17 222 93 172 19 136 54 214 65 292 2 8 28 145 164 294 67 251 246 41 108 124
22 97 116 232 261 205 296 272 264 54 239 224 37 150 147 250 165 107 113 297 268 271 157 242 170
5 59 212 216 109 222 234 88 38 24 299 160 266 210 103 111 196 298 139 226 159 119
56 74 226 236 82 159 171 94 209 144 204 277 101 266 145 225 242 206 241 198 269 186 227 13
29 32 235 278 196 78 120 259 80 160 238 225 137 123 65 113 30 82 185 213 288 71
18 61 62 103 109 150 273 17 187 223 233 268 224 259 109 184 45 92 252 129 211 57 14 184 99 884 809 158 165 205 115 169 124 28 129 131 277 150 174 251 120 8 26 31 80 202 243
211 271 33 113 174 78 196 45 210 44 48 180 10 126 236 268 34 71 76 172 248 222
7 142 194 152 94 30 24 275 173 272 230 214 281 178 218 27 267 122 235 1 15 184 293
7 19 160 199 186 69 34 144 154 238 214 117 266 58 211 15 177 235 71 171 38 295 86 175
249 280 166 102 96 92 280 178 213 80 249 73 119 265 75 64 39 116 36 125 274 8
83 201 223 5 232 44 204 163 166 104 54 153 1 74 101 117 182 184 258 20 292 98 219
33 128 239 250 21 231 279 272 85 20 179 243 91 275 269 24 173 214 101 100 124
25 160 130 211 133 46 149 267 168 113 217 148 56 3 197 103 252 213 129 117 118 234
10 12 93 106 261 269 282 297 31 3 265 202 160 254 4 120 278 269 63 5 206 177 193 100 87 298
46 127 198 209 293 229 165 88 81 271 18 257 78 83 99 109 23 282 219 113 276 120 141
100 133 251 252 143 22 142 183 81 187 197 215 211 287 272 201 83 291 121 160 178
9 64 155 233 102 19 158 105 23 251 167 77 12 218 14 241 124 33 123 198 176 16 247 262
30 89 91 98 161 168 193 146 204 276 77 270 188 66 258 176 28 94 265 179 132 80 211 252 16 266
200 279 6 0 257 292 61 186 57 158 185 168 176 139 149 66 282 35 132 241 121
22 299 118 204 159 155 252 267 295 135 276 224 59 88 27 95 240 141 278 138 211 107
99 276 77 274 82 32 63 14 33 187 221 10 56 435 269 114 199 187 11 197 111 31
62 81 231 158 41 52 10 192 174 138 111 43 130 199 23 276 295 282 5 70 187 27 278
42 174 235 140 147 230 51 232 253 1 222 40 168 133 240 20 294 46 142 269 193 4 176
522 88 165 82 158 116 130 1 202 294 65 11 103 32 185 224 152 68 296 55 113 223 121
62 235 255 262 268 111 160 125 219 259 121 230 204 3 167 11 62 44 249 173 35 166 73 95 158
187 7 80 71 113 182 263 60 109 196 122 160 17 36 278 296 78 281 31 152 172
36 40 43 105 201 139 100 254 55 284 224 295 178 214 10 92 95 97 270 128 154 42 81 138
10 274 182 122 223 231 37 41 64 57 214 123 132 143 163 190 84 264 155 24 196 226
54 161 219 247 81 75 167 58 182 199 136 47 241 269 6 258 151 53 296 277 264 102 211
90 137 170 259 146 113 235 215 37 278 172 101 67 115 154 238 95 291 141 79 44 220 206
78 156 324 173 159 137 22 127 49 107 113 177 186 160 197 900 10 56 199 114 6 99
98 234 237 59 147 72 255 19 117 215 99 71 60 295 102 169 148 13 210 95 28 171 243
104 229 145 44 168 34 121 67 224 125 253 176 111 157 148 276 207 263 55 3 160 231
74 212 231 136 180 22 58 269 219 119 160 129 173 183 238 202 105 101 94 46 75 54 264
52 291 293 57 30 58 19 159 265 192 73 52 66 149 155 26 45 215 293 25 139 137 10
53 121 193 209 46 210 231 220 149 10 104 271 161 191 247 102 47 237 209 143 217 812 18 162
35 112 239 286 3 39 261 183 47 4 298 167 117 241 282 289 264 266 145 181 42 189 226 204
67 175 176 8 242 207 223 62 220 52 147 93 130 288 84 236 119 155 217 275 12 108 135
53 212 264 146 75 94 48 293 221 272 2 71 69 172 195 125 281 129 225 76 141 4 12
39 100 240 70 48 74 1 224 13 82 150 265 221 124 228 172 5 266 290 121 194 22 79
65 67 136 251 79 10 216 295 67 27 117 92 142 75 54 94 262 212 26 116 251 124 163 58
93 113 204 169 138 177 151 183 48 53 190 192 83 187 85 165 65 258 125 134 267 202 11
71 131 277 46 205 129 47 36 177 105 101 245 252 115 223 2 161 172 244 204 80 16
241 111 58 257 75 275 255 151 225 34 103 92 215 38 271 71 293 285 185 186 267
219 265 288 187 1 63 31 199 72 229 261 173 238 177 52 167 49 269 218 9 13 224 293
48 67 96 163 256 298 81 223 126 20 284 288 206 205 277 3 191 44 178 194 294 240 92 144 292
75 123 160 276 213 229 185 259 145 283 181 41 137 159 184 13 89 44 166 275 122 62 63 218
71 131 229 242 252 281 126 249 183 174 164 153 241 240 209 211 10 218 192 244 140 122 60 37 143 221
139 186 213 227 193 110 10 294 202 218 139 205 184 196 29 152 181 289 224 56 83 199 48 150
522 111 169 191 193 221 164 281 121 11 151 223 104 279 191 213 66 201 115 81 71 74 18 249 197 289
124 206 75 76 160 209 231 77 295 122 28 116 266 282 260 156 259 72 187 153 229 53 349 256 107 233 64 190 89 2 172 229 168 277 215 23 270 285 213 193 174 112 181 256 32 189 144
20 122 129 272 161 152 107 251 182 236 22 299 203 263 265 250 260 64 283 130 271 49 230 61
21 53 148 296 174 93 190 286 156 152 250 122 98 106 103 66 169 197 47 116 175 173 85 192
7 123 255 216 194 267 249 161 260 56 93 110 188 209 31 68 262 25 120 223 284 248
