112 150 599 20 83 228 253 288 488 351 777 264 525 875 892 140 51 29 328 587 560 694 575 643 429 399 642 956 128
38 49 163 215 350 654 533 873 169 458 728 439 329 573 7 953 651 743 911 616 238 899 151 609 320 229
0 4 127 128 122 849 933 178 293 108 646 676 950 719 917 219 92 802 144 147 205 802 468 205
51 58 156 285 162 1 217 26 211 93 59 151 222 57 33 285 143 171 48 40 207 180 84 239
614 659 125 10 296 150 132 172 178 259 269 262 242 264 295 298 278 89 293 174 279 53
16 38 187 199 182 6 157 67 275 189 377 149 953 58 121 17 879 774 169 873 249 470 196
105 241 206 8 20 77 188 241 280 227 83 35 34 98 203 246 96 289 293 243 190 23
73 189 223 243 258 166 189 264 192 267 100 160 242 97 4 531 234 30 258 40 42 221 138 388 72
20 65 21 211 43 152 214 14 205 110 52 184 208 128 164 213 147 46 68 26 126 2
38 157 161 198 209 257 260 183 273 80 85 236 267 37 108 249 194 44 176 299 129 33 26 225 297 12 114
43 81 122 113 61 234 294 172 65 27 293 223 169 36 213 123 74 49 42 47 279 68 198 69 109 157 81 270 266 207 282 92 75 288 156 85 150 178 227 178 35 508 448
295 281 205 42 261 105 73 108 27 28 86 255 145 280 118 7 23 194 9 126 243
24 107 165 195 206 63 231 119 152 128 270 180 93 149 210 220 290 103 145 120 21 241 175 50
71 236 223 287 296 118 21 177 61 83 232 279 16 270 38 187 14 273 199 248 35 233
279 192 219 156 86 289 290 181 12 196 31 98 254 66 281 161 190 111 40 104 125 251 149 221 96 61 169 167 246 265 174 85 261 142 179 230 205 34 243 19 29
29 71 107 182 221 267 264 76 16 34 3 145 205 40 126 143 144 55 153 111 260 124 184 190
36 51 204 217 286 115 237 144 151 246 28 56 159 49 136 128 9 196 247 142 242 216 97
81 179 215 225 260 221 256 147 212 31 46 136 61 132 263 42 135 66 76 196 228 41 110 244 220
87 154 384 20 96 98 232 282 284 228 239 206 75 226 17 721 146 192 171 138 107 69 40
27 99 109 172 184 266 287 43 153 185 293 49 241 268 144 156 5 52 178 238 280 155 19 99 231 274 252
179 287 295 12 253 216 129 197 70 261 64 276 122 205 195 163 274 175 206 119 33
981 9 14 176 277 246 136 96 235 271 66 279 4 285 68 251 165 273 92 78 12 105 8 48 226
171 211 223 281 151 251 106 91 178 216 252 222 184 49 56 71 157 15 105 140 146 263 265 54
54 128 202 273 84 73 93 86 298 216 19 257 147 92 134 126 167 60 133 135 210 22 153 83
200 224 244 220 131 38 141 136 51 287 107 254 241 30 69 8 138 249 617 26 146 192 30
48 285 298 196 256 281 171 73 226 236 245 247 286 197 71 78 207 149 23 143 153 230 218 41 90 166 211 297 87 106 104 224 226 7 198 69 241 26 146 617 138 40 254
38 91 219 297 133 181 122 243 136 178 190 83 262 230 196 232 118 282 266 85 35 142 231 93
8 34 155 278 81 230 68 271 284 261 65 106 98 219 270 136 196 181 100 242 599 101
11 83 151 278 215 236 103 181 141 6 258 168 101 127 281 292 120 30 205 53 76 195 254 100
280 194 14 33 243 97 26 156 195 162 237 152 56 141 12 289 185 154 293 258 125
9 18 52 181 96 179 240 141 47 201 288 76 62 88 27 241 61 81 89 100 289 136 255
121 196 209 241 257 617 53 177 219 236 65 247 168 169 116 211 282 34 105 178 284 162 182 15 5 112
24 135 35 103 294 279 106 240 211 159 213 148 282 91 188 162 237 167 42 258 175
26 54 170 176 256 162 16 160 161 148 127 123 63 19 156 107 79 41 243 178 252 101 70 88 182
35 106 190 213 244 67 293 281 117 55 150 286 278 231 288 70 114 147 20 187 283 230 216 61 204
65 122 123 181 189 206 216 226 115 258 52 280 67 169 101 599 242 181 117 103 172 10
2 81 121 147 156 209 299 95 6 291 287 288 180 60 255 32 258 268 298 49 104 267 192 217 273
248 273 287 26 95 0 23 78 277 265 250 54 102 259 253 181 10 242 98 40 172 106 543
141 95 142 252 16 261 180 114 201 286 278 244 156 130 164 129 112 7 255 113 257
10 232 278 120 161 52 294 235 112 176 24 91 270 201 228 154 110 174 134 282 299 225 258
45 84 221 164 286 7 194 139 267 282 265 66 198 296 271 82 263 168 97 153 151 108 85
158 231 267 22 46 0 283 250 90 288 226 183 76 230 105 185 225 169 180 227 192 196 213
41 67 235 265 243 120 279 258 160 230 10 129 173 1 151 105 202 192 114 143 48 185 94 203
19 33 78 135 237 262 296 30 198 19 169 235 129 278 207 185 267 48 162 212 35 115 254 44 97 152
100 131 144 233 237 147 203 95 35 122 270 6 103 116 255 114 53 276 286 97 127 242 154 178 130
150 258 384 25 267 26 171 186 277 110 167 124 198 170 166 210 200 260 226 119 87 70 179 62 124 201 119 113 105 200 102 97 238 22 283 51 55 24 126 235 87 218 7
54 57 160 197 246 113 236 244 164 64 119 205 190 126 45 69 195 291 35 290 217 98 141 107 157
14 90 92 127 156 90 229 192 147 155 76 118 108 250 10 15 204 411 272 17 214 246 628 793 168
141 166 178 186 280 10 100 165 116 125 70 171 174 34 98 147 100 105 196 112 136 172 599 192 106
80 155 185 247 257 66 288 278 188 50 198 257 161 10 106 172 196 599 543 219 117 103 101 112 242
60 97 225 210 146 219 28 217 91 89 253 155 195 249 175 192 150 22 111 185 285 109 153
278 536 40 127 181 192 285 124 143 135 155 187 16 118 200 10 62 249 115 122 184 69
60 134 87 148 137 167 177 159 283 190 181 258 52 260 56 67 75 240 189 245 145
7 33 97 107 96 99 109 134 264 160 31 134 229 285 39 168 411 123 214 15 628 166 297 128
159 138 277 102 6 43 124 72 279 173 14 153 135 140 126 256 206 90 37 31 192
1 71 78 182 62 253 264 211 229 102 235 196 146 91 175 262 212 249 36 160 296 223 25 261
27 43 47 72 170 236 141 229 87 286 200 277 115 68 72 112 257 114 289 144 173 8 12 111 192
192 16 84 273 200 19 169 114 57 138 78 90 210 215 116 13 31 298 27 154 244
59 186 189 211 223 86 72 109 38 190 115 258 204 298 154 179 272 291 7 152 296 110 235 236
104 217 71 128 292 101 110 56 269 52 278 297 15 88 108 123 628 246 10 128 272 214
194 254 278 712 223 192 133 146 62 135 76 118 273 94 2 288 63 274 142 6 204 5 266 237
75 130 184 193 271 285 215 239 128 96 50 152 299 106 80 64 206 296 5 150 149 140 41 144 205
57 61 211 76 226 95 196 124 102 233 122 17 106 56 63 222 242 69 263 289 151 171
289 296 119 290 165 147 193 299 178 123 161 285 95 65 208 271 79 257 192 186 89 4
74 244 260 281 34 176 208 156 33 191 96 225 136 232 59 261 284 145 29 299 12 58
54 134 712 139 145 96 298 26 102 12 118 244 73 75 68 154 55 136 185 79 81 117 70
206 219 92 173 205 21 269 275 846 109 4 23 205 289 23 116 201 249 205 846 109 137 218 118 684 184 93 153 282 9 183 167 65 34 206 74 105 174 160 294 262 1 271 191 207
232 721 182 121 98 163 72 281 153 171 141 94 102 66 282 287 130 97 275 291 292 261
19 79 102 222 71 174 290 200 214 106 16 253 103 272 117 63 135 267 61 281 273 279 173 171
137 168 279 32 92 260 232 214 19 46 100 275 176 99 122 5 20 44 253 80 269
20 97 115 126 275 191 28 121 241 212 209 11 104 93 202 226 149 247 143 32 277 172 169 142 192
117 161 105 37 109 84 26 51 215 27 197 168 100 272 6 114 256 257 286 101 68 155
11 94 129 161 281 243 69 135 299 267 66 201 182 77 288 151 114 261 161 193 19 116 143 115
72 201 196 262 257 79 124 47 3 20 102 146 227 184 256 55 207 199 100 85 224 93
28 191 236 246 130 96 39 101 239 176 112 0 125 159 33 68 192 190 115 138 108 85 61
88 103 110 171 38 166 186 199 206 252 239 179 67 205 48 168 272 17 204 108 628 250 214 123
26 31 91 156 163 276 295 202 259 143 105 69 250 134 102 131 205 262 290 254 169 277 156 255 6 104 265
114 165 249 271 219 92 60 212 87 284 83 44 130 99 226 73 129 71 274 287 79 155 75
21 257 36 149 127 172 287 108 15 69 138 166 40 65 144 10 9 179 88 95 157 213
225 384 115 287 277 84 253 245 161 232 96 164 138 25 63 173 182 93 29 224 108 135
40 58 139 93 123 36 3 124 293 134 208 173 207 203 59 69 278 141 54 280 115 204 96
115 384 120 216 294 249 246 42 24 146 113 116 183 188 56 199 297 255 48 165 218 156
64 73 215 231 253 68 240 116 119 49 170 130 189 27 234 73 257 178 213 202 230 5 241
20 198 210 37 72 6 168 169 35 7 78 203 208 206 106 87 155 236 164 145 227
8 234 297 276 147 98 70 61 156 195 79 37 294 281 151 114 295 202 167 41 78 139 278 133 211 289 11 123 178 17 235 146 120 37 240 29 162 110 154 136 8 227 203
5 42 64 101 106 133 177 262 277 164 108 274 188 101 89 91 201 55 177 25 11 38 144 228 285 171 193 261 104
18 45 155 162 163 158 129 245 73 215 111 28 290 243 70 106 282 95 268 288 21 239 144
101 113 115 171 28 173 213 255 103 289 122 237 293 258 48 93 55 238 236 296 179 205
81 98 264 276 270 192 80 294 206 194 241 119 134 247 6 22 72 138 3 267 157 118 14 54
55 154 183 253 271 199 278 107 206 116 159 92 162 287 276 292 217 286 51 184 113 10 147 263 128
48 216 94 138 271 212 286 49 254 273 249 26 139 176 30 8 107 286 163 617 69
29 36 90 105 135 158 4 21 111 240 193 299 68 130 157 218 163 194 101 292 153 155 15 88 77 186
195 280 188 182 261 13 104 53 249 25 195 255 129 271 184 34 91 93 257 125 88 247
36 83 106 149 295 135 168 262 214 258 267 202 10 164 219 58 264 269 178 126 150 270 172 125 250
22 58 69 26 76 85 227 250 86 165 36 144 178 40 254 138 221 21 249 721 30 139 107
47 271 141 14 197 68 218 195 101 146 41 109 269 277 88 255 56 0 98 64 242
154 225 43 256 277 132 148 294 96 60 286 162 247 73 167 206 17 78 114 112 252 297
52 170 208 225 163 217 91 150 226 271 14 80 191 195 148 265 247 170 208 246 93 168 285 1
179 188 276 110 30 158 284 203 118 12 175 82 200 65 37 54 150 10 69 139 210 72
98 5 84 101 40 263 96 94 297 102 174 270 34 231 95 127 283 262 8 37 53
31 246 251 99 72 75 41 293 230 141 204 222 47 13 187 96 19 84 198 246 294 176
223 280 127 156 104 152 248 181 283 150 142 202 242 92 143 258 259 46 183 158 155 291
110 154 186 98 84 53 256 28 108 275 208 195 273 131 234 179 296 32 109 258 197 80 103
15 107 267 77 150 277 105 59 297 182 89 175 194 32 114 217 234 76 122 15 154 70 254
23 43 60 197 231 296 174 144 112 13 150 194 123 159 151 280 37 160 75 244 254 26 279 157 87 24
134 185 271 111 185 252 289 64 133 216 250 263 813 293 68 138 78 255 149 182 118 275 218 137 116 701 684 105 284 247 131 132 68 215 294 290 222 129 246 82 8 169 97 206 239 197 22
35 94 249 97 112 130 92 295 202 292 21 150 109 222 113 251 102 49 74 227 137 101
18 68 73 120 128 170 159 274 49 102 65 28 251 96 159 247 116 137 684 289 194 205 199 109 23 275 201 118 150 167 109 267 90 184 182 65 126 269 229 292 28 280 222 129 192 93 25 47
17 43 229 291 233 147 274 257 248 177 234 192 202 20 52 15 244 293 247 172 289 6 181 280
91 114 117 183 222 384 285 158 192 188 227 81 287 197 108 268 225 58 102 85 250 32 253 53 52 270
53 142 276 32 240 267 273 232 241 31 37 184 83 117 98 112 599 136 217 147 101 242 10
6 289 132 239 191 211 254 171 101 285 52 40 51 81 269 141 248 279 212 105 294
14 140 168 178 179 222 813 213 293 33 3 223 166 31 133 192 107 221 30 30 286 254 21 617 249 40
253 273 268 207 18 6 236 255 191 11 260 152 107 95 173 257 239 28 233 131 116 16
103 239 153 41 269 9 172 240 119 52 268 8 248 71 278 122 272 183 245 40 135 53
45 256 227 138 57 254 204 115 22 139 290 282 158 206 39 287 105 86 237 71 10 165
96 246 76 197 267 266 279 95 258 273 8 721 107 176 21 138 40 286 26 139 30 254
15 43 229 37 94 111 203 27 139 255 36 274 46 227 63 10 150 26 198 218 51 149 159
911 32 63 262 158 98 289 294 101 260 107 69 210 232 16 31 154 29 205 267 266 208 110
261 31 53 15 23 24 88 77 288 186 109 295 267 27 226 97 264 163 207 117 204
30 81 150 200 121 233 80 107 285 220 160 210 236 234 176 199 279 295 37 65 175 275 85 62
195 267 121 284 27 148 167 60 165 285 281 289 19 88 218 207 107 176 160 264 294 141
13 109 273 153 97 84 204 10 31 41 172 106 60 182 220 17 285 63 12 195 34 228 67
77 165 81 163 290 126 200 214 45 112 282 0 37 274 43 231 289 220 6 261 157 230
43 94 120 187 291 47 286 0 104 267 176 139 163 107 40 69 8 273 249 26 138
69 258 56 265 26 45 293 163 176 238 292 73 225 177 2 60 186 104 211 124 263 129
10 72 201 49 88 117 212 20 280 18 257 185 164 232 55 279 74 11 221 296 274 58
252 51 179 221 169 144 160 188 171 170 218 158 87 270 217 283 64 58 90 162 252
128 141 247 25 189 60 26 226 255 28 278 273 269 251 33 299 36 92 287 34 58 262 292
33 81 133 246 267 132 15 12 126 83 140 36 167 122 127 285 79 163 82 100 138 226 92 147
8 19 82 215 0 27 148 176 214 278 218 220 234 85 260 79 995 142 219 251 156 97 100 56 282 275 81 272 292 259 98 28 119 298 155 172 104 160 191 84 45 76 243 237
153 161 225 269 49 170 0 18 117 279 299 167 291 225 226 1 151 72 268 165 199 181 156 78
4 52 74 193 263 282 192 36 16 43 209 79 59 153 117 225 14 275 38 114 173 91 74 279 100 84
4 14 16 273 280 32 18 21 108 44 213 223 158 196 43 37 85 208 36 125 110 29 260 35
265 289 263 170 137 287 77 258 97 241 256 184 21 286 109 203 117 159 33 68 277 153
174 246 242 42 193 37 6 208 283 217 299 171 182 164 69 186 16 257 83 263 147 279
19 160 177 264 279 45 183 94 243 120 99 169 33 543 40 117 10 98 106 136 101 105 599 100 192
150 10 21 50 163 98 201 129 232 297 175 40 93 103 287 275 291 19 90 174 133
131 295 157 121 192 46 218 256 204 254 75 251 247 182 91 149 175 37 245 51 30 133
846 104 119 200 16 150 170 250 260 192 249 286 617 21 139 138 254 30 721 30 163
69 195 2 89 159 77 92 105 59 75 150 103 130 151 199 995 877 38 229 56 101 56 100 79 260 240 149 285 202 260 212 199 78 255 159 163 145 3 230 288 7 110 74 19 219
43 216 95 197 203 246 209 72 1 42 115 67 108 155 272 168 10 413 214 128 297 123
102 127 191 268 280 201 163 277 32 192 161 144 182 263 31 117 275 269 257 76 272 173 171 283
61 116 133 22 37 220 96 156 224 41 160 117 298 64 23 233 229 270 43 234 105 242 277
77 81 82 288 80 29 131 171 230 144 184 111 88 258 292 112 69 289 225 217 180 250 110 214
295 221 162 135 262 163 207 286 197 288 256 279 154 284 111 239 178 31 141 196 251
24 101 147 161 167 712 178 5 129 150 71 113 111 220 201 25 14 206 28 154 229 218 80 106 166 60
11 12 76 158 287 185 188 171 31 156 241 284 210 206 296 235 5 192 285 200 4 35 246 148 293
25 278 298 277 94 292 239 234 13 203 9 20 192 263 163 279 175 44 77 273 158 285
100 288 4 75 129 150 246 197 169 258 195 7 255 103 100 136 10 117 147 219 112 65
5 34 223 264 296 67 284 194 22 2 64 193 287 65 42 279 136 41 207 93 68 47 244 13 260
273 202 49 89 163 266 64 273 81 107 297 61 19 252 216 208 127 178 24 4 3
31 100 161 189 190 155 143 226 165 238 102 252 148 37 85 286 33 31 269 73 118 216 136 281 51
180 29 166 211 21 64 269 194 286 197 47 146 107 159 42 195 121 81 238 28 138
63 82 86 107 152 79 177 189 229 42 112 255 299 88 86 250 239 6 102 142 38 185 790 156 79 229 97 771 995 91 263 243 134 201 29 60 160 105 155 191 58 162 172 6 96 86 283 81 287
41 104 119 140 161 232 253 193 201 217 297 114 141 721 249 221 139 107 26 30 617
45 178 189 296 193 1 112 120 74 49 80 51 76 167 228 287 283 13 169 166 100 64 177 94
14 128 171 216 178 182 212 144 298 79 261 52 87 53 83 258 211 235 19 296 290 142 240 215
174 281 208 282 98 235 116 126 277 292 169 112 290 178 246 219 272 15 175 16 57
94 128 175 265 8 76 237 236 226 191 4 213 54 34 208 141 199 166 116 210 281 110 138 61
0 254 215 251 217 189 263 199 24 234 17 166 130 92 118 195 114 67 159 78 87
83 100 170 297 63 76 181 15 22 113 32 16 138 0 280 250 69 107 231 200 226 197 117 293
981 71 234 265 182 181 39 68 164 173 243 44 28 285 231 79 62 159 7 194 270 29 160 57
87 238 266 146 22 279 114 282 278 234 58 17 123 256 33 297 67 52 55 40 183 271 263
26 60 73 149 216 21 218 294 67 77 89 125 155 173 217 274 90 3 224 182 233 2 227 47 92 290 124 217 225 4 71 11 239 143 82 212 242 39 122 25 56 175 96 64 130
981 2 110 144 238 66 83 274 268 240 105 175 284 201 47 34 197 237 11 195 251 0 52 258 298
10 134 194 201 23 98 255 228 234 282 195 226 87 166 117 233 152 138 203 34 261 128 18 170
270 248 220 162 151 121 147 193 76 82 283 109 105 153 150 60 143 131 71 258 18
0 213 221 174 235 260 31 121 122 159 256 114 599 196 101 147 98 10 136 192 103 242 105
0 141 186 722 79 117 151 242 132 259 158 200 5 59 51 196 508 10 35 19 150 823 159 698 138 265 195 135 384 160 81 113 35 187 10 249 221 669 254 138 30 21 163
279 56 87 131 135 139 279 92 147 38 52 8 210 200 77 239 266 21 73 27 64
20 115 26 93 108 139 2 21 165 185 131 23 46 63 149 823 233 19 218 227 159 508
140 150 249 265 173 29 251 16 205 0 236 263 34 240 226 152 37 221 61 212 253 3 125 114
79 217 261 264 285 104 211 192 33 123 154 278 146 131 126 106 94 172 180 283 99 32 136 242
59 64 78 79 161 207 280 85 36 99 191 72 283 292 206 237 207 117 58 186 13 161 247 127 238 114
981 48 74 107 226 57 228 130 6 25 212 224 236 101 278 147 113 191 180 217 82 174 110 17 96
27 53 208 122 277 107 108 265 211 223 296 182 284 37 76 239 219 1 124 252 27 68 225
61 76 116 120 247 62 209 254 37 276 231 252 198 194 153 136 225 125 228 282 278 44 43 193 149
819 169 262 296 170 113 269 136 193 42 295 45 32 267 221 86 46 129 175 284 84 120 205 200
21 82 131 153 298 260 186 17 215 15 61 39 192 249 26 698 254 107 221 721 138 669 21 8 176
3 105 160 291 14 50 206 384 139 274 224 295 38 99 64 283 60 184 83 287 886 813 280 281 139 951 721 57 0 102 49 28 138 18 158 111 119 267 176 196 212 36 230 256 229 251 107 93
86 98 114 135 244 384 712 1 168 217 144 197 99 209 162 255 89 275 23 4 249 118 701 106 205 199 194 289 116 201 98 268 225 146 122 90 211 262 161 160 163 164 50 61 114 10 64 92 84 221
64 186 244 294 108 10 227 158 28 234 162 105 288 264 240 230 182 93 183 244 27 133 270 295
