52 147 143 226 264 82 245 152 122 99 40 190 255 56 129 238 184 289 11 117 23 259 243 123
966 244 287 534 560 705 770 701 465 55 135 284 319 559 522 353 724 421 233 878 666 609 733 984
128 174 495 681 289 252 8 116 30 142 153 258 119 195 198 183 184 262 117 156 70 112 5 238
86 90 183 216 245 698 926 151 240 233 161 44 261 69 304 330 76 773 818 72 242 228 76 41 20 476
22 83 103 115 151 169 170 239 46 56 177 170 207 160 65 133 87 148 229 236 266 297 71 111 145 115 284 153
121 228 12 270 24 110 167 296 156 265 87 186 54 88 215 256 251 182 86 299 171 243
67 183 195 237 254 256 201 163 238 0 220 26 44 186 113 60 1 67 131 256 19 195 128 296 183 76 230 194 101 58 11 140 30 167 126 95 282 247 74 33 248 32 127 203 87 169
31 163 194 397 187 221 234 285 361 41 223 162 699 958 277 643 305 271 56 241 124 237 639 233
174 239 43 195 80 204 56 70 84 29 71 277 169 52 137 111 192 104 82 40 150 171
51 228 222 185 241 39 131 242 211 71 209 3 31 38 171 83 272 299 262 194 193 34
85 19 35 257 9 288 96 48 56 184 265 81 38 240 198 160 137 243 151 0 219
144 207 137 3 90 254 76 111 121 149 28 25 220 118 194 191 247 138 223 167 63 195
24 30 76 151 522 145 105 142 245 128 28 14 138 251 113 149 24 47 248 181 19 285 25 213 235
182 255 799 189 198 228 170 294 265 62 164 208 186 18 218 258 57 296 85 26 26 5 18
21 114 131 321 277 141 206 288 9 23 228 204 284 148 6 8 106 138 271 110 153 107 143 112
35 197 294 97 195 69 247 293 151 181 21 176 20 274 45 113 131 50 66 209 296 230 84
122 127 224 75 135 174 138 131 159 140 45 141 878 88 1 280 919 113 155 680 569 5 281
70 73 421 278 250 237 45 205 46 219 275 32 274 134 106 139 239 222 164 71 177 37 121
6 31 94 97 210 97 4 286 214 11 73 56 75 138 124 185 21 261 256 58 133 15 270 250 245
117 209 293 223 90 247 8 231 111 298 281 255 147 100 21 51 238 190 48 24 64 56 40
125 44 293 37 70 222 179 116 38 25 3 232 146 261 49 124 121 135 29 219 176
40 56 85 139 200 215 19 33 75 147 208 21 237 253 4 276 35 107 194 141 150 166 203 79 225
105 176 235 198 263 32 226 182 84 154 6 231 64 28 126 112 10 232 217 58 297
11 25 122 231 18 149 213 185 143 48 276 120 2 107 45 55 203 272 11 290 78 151 174 195
238 269 99 47 169 235 151 143 74 237 63 236 259 97 51 273 84 16 191 27 234
58 123 156 198 214 54 62 192 169 106 73 209 18 166 143 171 231 274 257 259 78 146
36 73 101 117 158 27 94 35 164 228 28 230 240 275 61 287 64 297 288 98 137 58 182 176
63 146 77 84 80 217 193 162 16 241 51 239 96 13 151 89 68 153 91 56 210 290
85 211 297 34 158 219 228 254 33 108 183 74 226 267 18 122 61 204 153 154 152 194 120
1 83 105 110 267 48 213 114 132 126 204 187 138 264 253 177 224 71 289 190 145 135 93 217 3
75 155 162 243 283 68 38 145 106 111 73 212 197 99 143 149 78 243 229 6 285 144 210 141
196 198 244 321 55 194 40 151 248 233 206 28 132 137 218 77 255 228 133 96 165 100 107 221
11 30 194 220 240 111 114 136 72 49 167 176 137 78 124 279 153 230 169 66 116 22 242 20 154
36 110 170 155 206 267 120 213 0 215 145 204 284 245 133 12 76 116 38 277 290 141 99
37 117 219 262 180 292 168 218 52 74 248 252 45 155 1 268 205 56 92 7 47 18 253 138
180 186 287 116 41 92 103 270 217 166 255 37 71 165 110 117 189 29 61 206 26 58 100
81 186 254 27 137 233 24 190 107 172 138 192 113 220 6 4 249 32 147 167 243
61 152 7 122 120 259 91 157 180 244 294 202 103 106 141 74 59 30 168 40 10
103 105 293 287 156 123 186 115 294 236 12 119 214 263 169 198 142 68 63 174 201 97
224 158 78 56 75 237 240 253 43 149 124 14 40 7 241 210 292 227 131 211 69
114 122 65 278 257 143 102 135 185 181 268 258 40 234 118 75 48 69 120 111 45 282
213 253 189 3 191 257 6 140 162 277 200 164 236 205 74 475 186 85 374 73 149 663
121 146 151 249 275 149 130 37 9 195 122 154 84 138 28 134 99 178 92 120 229 82 58 271
26 54 70 88 150 220 223 4 261 23 61 140 9 94 241 157 148 175 134 42 96 32 95 137 56 245 178
53 58 256 276 252 167 295 65 126 290 181 69 189 233 158 275 85 87 140 146 282 25 222 142
106 111 88 189 190 254 6 282 8 28 142 247 185 273 157 175 291 270 109 180 10 174
58 100 237 74 146 255 198 136 89 182 239 226 51 280 285 253 125 199 34 159 46 225
23 266 268 163 298 39 214 149 237 75 158 99 178 159 141 241 78 135 24 271 81 239 50
44 76 190 202 215 148 250 138 172 196 291 241 29 170 12 285 1 116 54 283 190 249 39 73 86
214 220 799 40 189 13 243 119 52 182 235 177 218 1 50 227 181 63 261 148 129 71 200 160 87 132 118 47 208 223 284 42 138 139 219 73 203 30 227 259 176 126 58
27 70 108 241 133 184 66 238 109 117 274 158 4 121 110 86 61 129 85 163 51 22 269 204
166 178 186 36 234 66 264 227 29 236 115 180 287 272 107 62 45 116 246 159 33 203 260
31 166 183 205 277 321 799 3 193 196 41 102 30 149 177 35 13 82 179 247 57 169 31 150 144 272 6
30 107 161 245 269 188 294 81 220 165 60 80 139 261 214 55 32 100 194 88 143 243 122 277 291
105 113 138 151 50 120 82 60 210 34 77 58 37 257 282 41 47 28 199 183 121 173 189 179
32 90 132 181 223 249 255 268 233 132 200 59 236 157 257 250 25 109 264 235 220 281 278
128 269 47 191 280 161 103 62 60 216 268 220 254 166 256 128 123 14 157 142 1 190 270 154 257 42 98 223 16 62 105 229 235 52 109 99 6 31 246 86 150 49
30 32 108 111 269 799 167 41 230 257 287 54 138 171 2 235 78 72 112 245 115 130 95 68 178 63
43 90 92 207 279 65 237 50 219 104 13 126 119 268 291 53 295 20 62 122 260
29 126 157 177 285 85 6 109 26 293 258 25 224 166 207 275 244 205 19 113 7 213 253 284 237
14 76 81 93 97 152 163 256 273 295 296 286 256 216 282 40 1 255 89 99 87 105 126 205 47 233 188 91 74 196
49 55 57 102 139 13 131 27 177 149 192 18 139 125 5 169 242 136 204 9 252 258 203 168 11
14 110 155 217 205 298 200 45 140 197 65 169 242 279 32 263 58 167 238 209 95 125 128
21 42 84 251 284 123 137 39 131 204 43 237 135 92 151 249 143 129 85 56 212 124 83 122 276
30 59 80 169 181 268 146 113 111 93 256 268 152 77 45 131 61 237 44 13 286 203 144 259 75 102
85 92 208 59 61 18 236 83 210 119 17 278 240 173 232 41 1 97 21 199 216 13 277
267 12 102 166 182 149 97 196 81 190 116 117 68 245 96 296 181 11 133 167 197
4 149 177 10 264 53 219 120 147 269 237 287 174 246 145 170 291 39 151 56 173 71 33
119 120 187 265 201 53 295 191 198 299 88 11 235 254 250 119 193 288 147 176 27 199
45 209 257 275 190 183 257 10 111 78 135 58 196 59 221 241 45 277 2 260 69 48 209
17 94 120 260 299 62 94 290 142 246 127 117 4 0 85 2 234 209 93 28 251 244 37 71 21
81 110 183 41 187 75 262 161 15 232 256 165 97 67 94 38 84 126 229 181 174 285 294
6 10 94 228 140 161 235 109 115 47 71 232 262 2 18 162 191 216 263 14 200 81 252 269
5 78 99 127 225 266 210 58 41 98 0 71 261 117 61 182 153 63 89 104 199 112 215 286 84 35
202 229 230 127 93 237 279 174 84 88 231 261 247 107 169 207 140 37 47 12 298 54 43
108 179 260 266 173 20 67 177 81 150 245 140 110 268 201 5 21 240 237 22 139 272 54 13
152 184 239 38 236 28 157 238 203 159 275 168 21 296 195 180 232 227 101 229 172 249 219
1 128 290 180 69 101 169 270 150 111 191 51 137 11 16 128 103 168 298 144 156 248 230
0 173 201 244 268 153 45 193 64 175 206 171 220 191 77 274 184 205 232 212 13 183 47 22 239
11 27 200 72 173 199 197 296 120 27 167 278 165 292 218 263 288 200 286 121 87 230 139
3 54 70 159 16 103 142 209 119 118 95 217 51 72 277 222 663 166 186 7 149 236 200 543
270 273 298 143 106 163 281 64 205 86 56 41 87 136 10 107 96 249 291 116 174 155 169
61 161 186 120 145 267 43 226 131 150 290 23 92 242 240 76 33 165 274 289 101 96 283
107 235 119 177 38 274 283 206 269 287 113 9 292 216 136 202 41 297 84 201 49 275
131 211 106 1 46 243 267 249 90 154 107 111 138 255 257 66 217 50 289 231 12 122
10 60 90 109 224 85 246 24 106 103 213 277 84 183 64 174 261 27 163 243 265 13 269 240 255
25 116 171 286 173 21 223 140 224 150 233 86 200 248 39 10 106 247 181 60 96 279 1 261
5 45 83 158 298 272 298 133 75 64 106 16 247 282 184 109 50 186 122 7 216 25 30 244 211
39 155 159 45 119 22 143 282 76 21 82 36 3 180 11 262 201 60 236 116 103 89
53 55 79 104 108 126 220 284 2 156 203 73 16 60 26 175 101 211 258 163 136 165 105 246 166 6 186
56 212 282 81 56 73 152 62 8 118 243 121 41 190 50 183 4 244 57 39 1 104 180
81 103 264 194 220 89 269 176 190 263 232 282 169 16 206 22 13 211 8 139 272 281 257
51 106 132 219 282 91 109 209 32 50 221 155 123 222 160 1 233 21 5 157 177 197 138 290 258
47 78 81 111 224 231 235 194 229 217 118 224 293 49 151 243 295 25 37 156 298 299 72 20 136 278
149 264 295 29 123 169 66 172 47 237 109 238 13 9 268 270 148 188 181 262 51 209 14
10 60 122 224 238 277 192 47 50 92 62 188 292 12 112 135 251 278 165 40 104 68 46 168 147 258
14 144 151 244 256 273 278 297 192 101 64 155 206 228 259 47 54 141 123 172 244 74 145 187 170 44 35 266
91 174 177 150 158 297 245 39 216 201 6 183 289 208 44 173 214 100 96 167 199 133 26
83 264 266 281 76 258 242 3 167 206 226 62 77 254 235 207 40 214 127 175 120 181 100 183
182 258 269 279 165 238 71 83 214 270 210 23 277 7 73 129 93 267 51 207 219 273 78 188
28 97 196 321 15 210 10 47 143 4 255 175 89 123 285 11 237 48 155 229 116 230 106 79
40 102 106 110 117 141 178 210 240 201 278 296 141 255 289 96 7 158 62 243 172 79 152 127 26 267 6 145 25
36 90 161 255 277 194 33 5 40 20 179 186 245 138 54 62 193 49 83 58 299 283 44 273
58 144 163 111 90 92 267 198 34 121 163 38 137 208 216 104 259 122 113 125 57 65 249
9 41 74 135 136 162 166 167 220 143 185 166 275 235 12 265 26 38 230 138 242 34 175 220 72 68 152 189 63
31 53 95 276 295 205 131 33 110 149 245 240 291 244 83 60 276 210 198 284 298 136 44 126 143
89 190 248 241 144 76 118 88 277 87 6 82 27 148 153 93 56 139 86 59 154 42 50
12 61 65 123 254 285 98 157 283 114 191 14 73 72 41 263 96 8 75 162 237 240 274 52
74 134 272 283 173 210 203 240 180 233 209 9 49 206 30 28 42 16 103 4 220 285 142 115
44 48 74 76 79 174 251 321 12 140 174 117 168 73 9 1 279 171 299 88 179 294 118 249 286 136 255 33
32 56 65 944 91 211 298 197 59 194 190 205 89 185 374 73 55 236 164 374 277 149 74 212 158 178 265 220 289 130 68 84 252 62 248 108 125 138 249 52 283 201 180
233 219 86 211 21 163 256 57 203 89 68 161 294 52 236 48 71 160 11 54 269
192 194 210 799 179 74 269 23 223 173 292 252 261 20 66 124 36 231 177 24 103 49 159 239
37 194 233 246 256 165 47 50 209 291 59 162 230 189 124 43 98 32 244 139 152 261 19 266
29 98 108 119 199 214 116 271 124 4 64 206 285 216 166 2 49 212 192 38 115 66 251 73 12 265
131 199 215 93 163 195 84 151 273 174 80 158 88 255 176 268 188 121 162 232 187 269 9
58 321 799 261 63 90 181 152 151 77 133 46 79 121 5 240 220 40 34 132 187 49 106
156 178 97 94 299 222 98 212 116 255 200 76 25 283 204 135 83 249 280 163 21 181
19 38 42 67 131 143 278 280 83 51 245 105 116 171 39 58 1 108 216 109 193 158 47 183 189 102 144 205
6 7 192 397 280 262 261 82 290 272 138 143 154 247 88 1 126 66 106 243 248 97 266 214 215 235 117 142 218 2 8 77 30 295 62 36 210 188 257 68 183 26 116 95
86 90 137 2 72 299 249 151 51 40 26 230 169 45 121 115 81 165 220 202 84 245 281
27 46 232 269 57 110 70 250 219 227 231 64 25 78 26 158 138 146 260 291 106 49 87 164
7 39 169 247 217 82 21 22 79 215 134 166 200 543 186 374 73 7 374 149 164 85 205 89
86 171 192 226 79 131 17 122 252 167 170 92 126 174 14 44 236 121 47 42 86 27 147 155
45 79 211 297 184 108 26 61 247 83 230 267 52 194 188 20 283 43 160 282 167 104 193
10 79 94 272 79 108 233 10 183 268 130 178 253 85 185 277 475 374 200 186 164 543 55 74
26 91 199 112 92 79 160 60 229 247 185 45 27 196 85 266 297 210 171 209 253 32
125 200 110 72 51 96 93 262 197 175 103 290 67 264 99 57 156 237 133 288 151 91
28 75 249 105 199 162 201 73 94 272 144 295 222 97 83 239 28 237 248 149 298 223
4 11 18 62 76 157 262 127 58 1 278 95 62 297 128 287 80 4 69 29 216 171 55 212
84 189 192 204 211 321 174 163 294 22 290 35 245 57 53 204 106 135 113 132 270 65 193 37 78 215
49 799 286 243 287 215 51 105 52 3 141 157 279 197 188 195 85 242 78 68 18 56
1 199 76 26 281 188 197 130 262 102 270 181 133 288 182 16 49 17 108 285 164 230
15 182 321 128 255 286 58 155 108 282 223 87 230 245 23 101 290 262 171 127 208 266 299
3 160 214 216 108 244 253 84 214 19 174 158 130 80 85 57 218 559 92 789 18 200 255 244
49 50 292 50 207 68 80 191 32 139 134 179 648 68 454 5 155 56 454 620 919 264 131
32 99 106 141 147 163 174 176 244 51 26 119 76 196 281 155 61 120 200 222 150 18 152 121 289 287 52 45 138
110 235 17 22 174 151 133 25 74 279 123 32 141 127 185 226 250 1 46 52 276 187
5 14 94 97 107 140 165 133 148 160 135 248 167 138 293 136 287 147 113 282 268 266 40 56 264
42 17 46 277 200 201 154 50 257 64 120 8 230 52 216 135 290 162 68 39 1
94 116 159 186 55 184 245 78 157 183 42 100 152 217 104 84 23 249 187 127 257 9 141
9 67 71 84 214 234 278 65 64 285 245 116 186 18 275 132 200 92 39 36 212 102 288 250 142 256
29 34 85 140 117 115 100 164 139 274 244 237 161 195 157 105 30 86 110 276 129 21 136
33 55 142 207 97 149 227 51 20 73 279 248 117 259 126 113 178 177 135 25 264 290 174
58 102 283 56 176 228 100 231 254 99 17 288 89 213 27 157 166 286 187 219 15 147 91
40 71 127 266 123 14 159 285 232 145 230 42 44 238 11 72 97 4 60 37 272 140 254 265
94 103 147 169 258 60 255 141 116 30 266 174 124 260 245 129 297 238 288 219 281 256 221 251 205
206 271 297 321 29 128 77 298 282 38 85 69 175 284 39 211 226 263 186 9 157 76 247 207
25 32 69 171 193 229 279 281 179 78 89 143 218 191 31 62 34 64 194 86 139 141 61 105 157 120 214 222
8 19 56 202 203 259 289 80 286 293 270 229 78 89 143 29 210 211 180 256 274 49 129 27 53 93
40 123 231 121 224 122 73 220 44 110 3 131 111 16 267 34 92 266 236 145 171 297
29 137 187 98 135 156 159 118 78 179 130 89 29 44 269 103 271 215 147 153 65 224 189
40 72 83 197 212 154 149 281 255 273 97 164 160 215 262 71 162 261 124 222 87 50 275 267 65
26 79 94 163 254 132 117 246 241 278 136 203 289 41 194 119 164 26 255 61 169 186 240 93 252
179 182 799 192 184 239 178 76 120 38 157 85 188 286 13 160 109 50 130 23 73 86 49
106 294 194 182 135 297 276 167 166 229 268 97 252 238 215 163 236 239 114 240 83
208 200 96 265 16 38 296 166 28 122 30 78 238 76 103 189 190 89 11 57 248
83 238 249 196 262 175 259 27 194 193 141 247 296 47 46 114 261 281 278 107 91
86 202 33 338 59 292 33 155 140 89 7 236 73 543 475 200 374 185 166 85 374 277
104 197 212 211 80 160 113 288 189 32 9 164 178 99 50 293 82 291 102 179 251 83
94 136 204 46 299 202 128 26 91 249 136 53 22 61 164 11 197 3 147 17 237 103 277
74 208 245 247 174 63 268 283 0 76 217 136 3 60 110 161 228 176 257 24 17 287 44 147
154 256 267 397 75 261 84 277 289 14 198 167 294 192 122 237 189 156 71 62 13 69 173 188
2 122 132 204 230 24 28 70 160 117 2 76 3 181 46 207 55 188 235 237 128 293 268 144 243
72 81 41 98 212 247 37 114 154 26 246 141 270 165 147 127 15 224 171 228 298 241
240 243 58 274 173 219 261 185 75 213 275 194 191 147 13 109 12 220 283 210 204 238
136 236 268 187 31 149 17 186 138 280 130 49 210 15 120 44 101 51 21 65 24 197 156 48 108 110 241 102 204 206 66 84 157 195 183 209 156 252 22 43 164 73 68
159 275 321 68 184 165 95 11 248 122 47 17 65 299 5 124 0 159 32 156 88 52 135
143 89 256 202 43 243 115 295 60 26 4 124 275 238 18 13 216 121 183 152 228
26 277 289 200 128 104 140 45 68 216 141 172 234 14 77 76 244 184 254 290 239 111 64
11 27 66 91 135 188 293 10 185 28 293 218 56 174 146 273 168 79 22 135 176 226 199 278 85 44 253
43 106 158 161 177 226 153 222 5 109 154 284 278 124 195 266 133 26 239 18 54 149 117 180 160
32 177 18 241 113 156 213 218 25 29 4 106 91 287 40 251 84 219 283 117 244 123
31 106 168 258 120 33 278 257 173 208 217 215 0 222 132 102 216 29 194 6 193 17 170 100
143 187 241 80 204 223 10 23 164 160 266 4 208 244 156 73 297 113 213 66 259 94 65
18 39 68 83 123 140 241 40 173 87 236 243 190 229 9 108 145 298 48 237 129 16 2 221 270 283 74
144 171 176 223 240 234 162 64 13 198 78 101 21 230 279 275 114 62 26 285 108 196 89 164
26 54 81 200 215 223 244 133 126 90 24 257 276 5 16 165 43 44 88 192 124 146 144 297 118 252
42 104 397 155 197 268 253 172 119 139 131 236 374 200 164 85 74 543 277 166 7 149 475
18 397 157 117 151 19 213 190 126 226 101 236 297 181 212 8 150 237 85 129 148 1
28 123 197 198 293 117 200 17 31 65 203 162 291 130 186 77 284 30 35 228 73 88 267 158
48 49 180 126 274 283 14 193 173 239 71 102 183 163 235 158 17 8 138 277 157 174
38 154 234 16 269 117 232 147 201 207 194 10 293 4 20 198 84 230 106 12 262 128
119 150 397 59 108 280 282 144 193 197 93 140 99 291 241 220 24 68 19 34 67 98 160
80 140 164 143 265 131 221 108 40 261 106 74 166 139 141 93 109 236 205 45 294 98
75 269 91 148 253 244 68 161 235 274 16 168 15 238 104 281 184 41 0 142 106 77
36 124 154 138 6 257 60 12 69 45 251 177 123 287 212 189 143 79 278 221 255 82 59
20 98 116 275 134 215 173 128 216 259 153 102 146 47 292 32 167 261 61 217 136
45 60 84 177 799 266 98 298 299 122 244 78 160 114 132 210 285 113 296 69 29 26 60 207 229
34 61 80 88 154 264 158 103 45 26 108 101 220 10 260 122 207 164 88 21 218 229 268 84 42 188
10 221 279 214 21 208 287 86 193 232 68 81 183 154 211 288 192 229 121 119 254 137 221
76 84 120 225 227 13 134 253 188 41 77 263 32 229 282 149 106 88 255 270 141 1 131 120 48
