233 95 126 204 434 62 975 884 657 488 280 755 838 562 264 593 180 692 675 187 860 564 620 929 704
74 130 323 252 75 41 80 2 87 82 141 193 124 157 260 16 146 37 50 287 279 135 259
143 231 247 53 128 134 198 233 290 148 216 697 11 684 13 293 402 658 202 150 150 534 810 471 595 291 441 291 850
91 182 285 31 175 809 44 176 43 87 708 753 135 190 784 68 702 185 702 223 22 135 279 81 272 258 21 196 105 49 238 232 34 91 88 151 51 100 94 295 282 71 182
143 186 288 234 159 128 68 287 116 122 30 65 255 121 67 290 186 57 196 222 228 165 96
33 83 88 173 37 190 151 285 292 144 28 220 277 245 54 231 94 53 57 293 120 195 269 107
31 136 140 151 241 295 69 228 246 263 55 269 279 284 242 208 148 154 146 63 108 79 149 66 181
150 191 276 47 289 180 173 122 292 121 147 247 387 822 544 669 214 293 178 226 194 540 231
2 77 105 157 179 223 251 262 283 101 146 195 17 296 68 188 297 51 181 58 110 135 45 130 208 27 223 89
11 82 196 82 278 238 112 159 179 148 183 255 184 167 104 155 253 201 114 24 8 58 134
26 224 244 125 48 5 35 232 52 292 14 219 153 186 281 103 21 174 130 299 122
3 41 49 82 253 126 142 70 50 4 276 41 179 11 145 123 103 156 36 31 9 241 137 68 255
17 165 59 173 229 287 258 281 56 193 214 243 245 100 166 255 201 50 33 220 15 133
196 234 299 1 180 282 35 128 89 216 229 251 99 266 151 102 81 45 4 93 66 54 112
82 168 210 281 156 2 62 73 27 147 284 106 254 202 10 49 3 134 227 178 133 125 58 46
13 67 168 26 90 163 40 43 281 297 201 183 127 103 5 161 64 138 226 162 202 222
75 124 241 249 266 7 267 123 276 10 228 143 200 4 197 235 259 46 118 108 130 147 21 280 181
66 135 197 244 293 297 221 43 263 144 7 134 137 3 216 95 183 84 239 299 2 282 267 17 50 199
52 78 253 34 66 13 2 105 247 162 170 165 156 160 107 114 296 142 94 225 239 71 172
50 105 201 124 99 165 174 236 11 25 71 245 266 108 56 3 106 16 232 41 218 217
122 154 169 222 246 45 256 232 30 175 59 251 43 84 53 69 139 270 7 171 116 145 218 110
204 222 32 191 66 57 192 30 102 205 230 254 196 63 103 203 182 214 209 268 114 180
66 94 137 189 240 277 21 163 298 210 30 11 1 89 259 48 296 95 132 31 57 124 269 292 32 120 164 181 85 263 93 241 124 146 213 183 244 180 6 58 134 71 114 288 103 94
3 35 155 85 5 274 46 24 36 121 67 275 247 202 117 283 201 187 106 101 11 234 37
133 289 258 64 107 143 161 32 111 269 5 100 124 63 101 290 108 200 65 167 221 193
96 215 271 464 35 134 179 181 207 189 83 214 61 37 110 292 122 93 206 137 178 240 64 153
4 209 264 282 7 122 157 237 116 190 173 272 82 88 230 44 97 281 6 179 20 226 280 180 267 240 222 112 55 256 82 154 199 95 116 117 100 153 140 76 284 38 247 2
27 126 275 66 108 282 242 103 27 107 49 151 231 67 168 199 251 267 94 68 191 279
147 153 207 228 17 119 244 151 116 18 216 72 78 213 272 94 282 247 212 183 109 198 221
198 205 253 43 35 188 14 119 140 160 96 84 34 46 255 282 77 97 274 100 42 3 65
56 73 153 42 187 31 92 9 55 251 110 274 161 1 265 60 68 282 181 213 127
81 112 165 198 233 261 176 132 237 14 291 178 84 27 133 104 172 146 80 284 280 169 23 240
125 25 94 137 117 78 195 148 196 95 146 0 122 136 60 143 260 120 189 241 184 162 268 290 44 242 143 52 0 83 17 41 217 2 137 204 80 149 276 168 131
79 108 198 51 217 27 146 254 155 83 283 57 60 143 34 56 39 106 53 261 93 276 88
39 129 203 217 274 254 198 56 294 250 123 50 297 176 236 203 255 237 1 73 244 94 144 127 154
203 226 228 283 285 241 42 83 79 16 50 91 15 161 112 99 255 178 162 165 11 106 62 116
106 173 204 246 282 170 98 241 79 261 160 147 181 290 172 60 279 104 225 155 132 52 47 209 198
282 58 151 246 204 107 173 187 170 185 87 69 85 93 105 198 144 13 37 275 261
23 87 160 166 36 192 237 149 120 31 284 245 7 22 273 264 294 145 296 3 257 186 244 128
50 90 102 117 244 106 45 274 266 32 88 0 201 285 284 92 72 36 261 141 240 40 59 85 44
152 264 235 120 190 34 144 184 98 202 132 79 32 71 13 280 114 151 155 194 57 167
34 69 237 189 16 181 238 98 80 206 157 81 182 235 203 272 223 148 45 11 212 242 86
92 142 258 260 94 253 207 103 263 29 90 265 113 234 211 119 222 180 206 287 70 127 0 275
129 174 91 65 170 277 128 82 218 124 115 284 299 131 240 291 23 297 191 63 219
19 21 122 219 230 178 210 195 32 91 25 284 66 174 196 253 229 92 62 273 255 171 28 57 152
84 187 242 247 101 267 142 17 298 157 20 121 130 139 24 32 237 209 99 95 188 270 162 134
0 148 184 289 51 296 4 157 173 101 201 78 0 293 292 202 279 143 23 3 215 280 223
83 88 225 294 105 157 45 54 181 192 266 232 3 218 261 147 102 202 279 199 119 123 101 63
76 81 192 196 275 25 15 28 219 251 261 70 154 173 161 93 184 2 109 149 62 115 216 64
196 294 194 173 111 33 266 207 268 238 278 41 42 110 38 187 255 280 37 84 176 63
37 75 102 185 218 197 64 109 66 171 167 79 235 117 118 278 233 98 164 174 154 172 44 196 24
103 214 243 117 46 71 112 200 229 219 50 64 151 273 246 169 26 183 82 287 160 18 39
176 222 143 34 109 151 156 174 279 8 216 139 278 257 212 169 171 127 176 104 131 181
75 130 222 249 243 264 196 17 3 146 91 203 168 182 201 211 181 59 46 191 289 16 100
88 216 128 296 176 177 263 196 88 182 8 107 269 291 125 251 93 47 79 219 51 45
26 92 95 116 148 200 251 126 10 243 282 5 228 82 107 161 287 198 283 244 4 241 55 92 127 234 28
16 62 69 149 172 278 61 2 76 36 86 28 58 191 129 224 235 79 11 250 12 160 87 169 7 240
172 152 31 51 212 133 56 121 259 132 234 15 270 266 134 12 282 120 83 140 20
182 193 259 32 196 33 85 154 2 4 143 68 245 87 219 198 153 72 113 27 41 110 265
46 206 26 94 60 123 221 230 77 294 1 153 217 118 186 223 1 364 52 133 646 249
245 289 169 284 152 120 121 236 237 73 172 7 249 6 139 272 27 270 114 155 198 187
69 142 39 54 211 160 24 274 238 158 123 244 122 224 61 191 144 137 66 22 94 260
20 103 244 275 72 285 150 198 260 153 85 239 262 154 265 169 280 261 28 40 233 189 210 166
9 79 104 139 159 111 139 281 143 255 265 54 39 12 47 142 279 273 270 23 204 95 216 158 250
62 156 219 264 94 144 52 177 274 239 160 64 278 8 13 119 252 59 90 293 223 202 178 265
69 124 139 13 5 137 248 62 101 221 96 147 7 258 295 72 229 69 45 171 116 4 214
3 143 130 218 190 167 223 153 120 229 364 223 1 40 133 646 249 25 294 217 186 253
40 387 199 131 255 192 185 45 102 292 0 40 14 190 32 135 198 29 108 117 28 69
17 97 113 167 213 247 234 212 222 109 282 157 26 230 264 254 38 81 270 190 207 86 114 35 147
1 66 103 1 272 59 219 177 17 40 294 77 181 241 75 221 71 281 130 69 199 297 32
37 43 208 200 112 239 26 215 285 261 232 196 224 212 291 228 31 177 135 174 264 137 13
142 208 4 131 110 9 108 219 138 269 164 101 20 38 46 280 35 176 170 168 140 200
2 91 164 271 179 164 174 263 1 129 281 113 154 111 141 115 278 109 45 180 198 269 51 162
138 254 37 252 9 261 212 160 218 96 70 150 174 258 29 93 131 264 266 124 246 189
57 142 161 236 238 289 214 198 26 244 83 127 297 225 224 158 21 1 15 90 156 166 67 273 43 245
278 180 212 286 80 123 190 293 68 176 195 67 255 17 196 192 27 231 125 0 170
109 147 192 199 238 249 158 83 278 289 133 147 55 125 199 229 68 142 182 146 287 111 139 185 297
100 131 138 140 205 235 98 86 280 163 8 66 255 199 34 270 61 254 219 197 126 117 259 83 72 1
68 106 160 195 23 100 240 70 217 189 35 209 127 47 130 56 275 33 31 131 66 245 146 93
108 131 274 288 96 73 102 167 14 127 188 98 238 50 112 52 122 60 236 199 208 225 166 71
77 133 231 278 145 250 198 76 158 187 110 83 299 210 265 38 125 17 194 208 189 30 46 209
150 185 212 18 198 52 114 43 278 139 231 145 71 111 159 298 88 270 223 58 123 51 285
13 115 156 193 203 465 237 250 223 269 146 193 127 55 217 215 169 118 104 223 52 364 270 133 249
41 222 242 247 75 23 272 29 31 296 110 45 99 7 122 158 205 236 260 229 273 284 131 245
194 247 238 45 213 33 53 55 240 159 247 287 172 194 299 65 138 285 141 293 270 253
23 8 213 258 22 25 294 107 108 63 117 291 42 212 122 13 137 141 130 47 220
68 72 77 208 278 255 88 34 241 101 53 259 147 209 55 295 199 238 129 26 145 121 220 161 223
39 252 21 0 123 207 113 209 10 193 58 134 220 230 149 235 42 12 174 283 107 216 39 251 191 209 163 68 194 112 271 95 124 58 118 130 107 33 12 62 71 125
15 239 139 240 49 253 213 156 141 289 279 193 192 140 7 248 275 191 268 59 69 57
27 74 242 20 225 208 142 151 171 230 74 149 227 183 111 46 175 239 182 129 108 11 75
22 134 277 169 94 293 131 153 156 155 146 5 121 67 32 291 16 2 184 292 45 194 157
81 173 265 183 127 146 20 55 7 287 163 75 177 219 14 214 4 228 115 254 66 280 120
14 91 93 127 184 265 76 44 93 272 102 17 28 161 263 234 63 210 227 121 180 167 70 181 34 175
189 223 36 269 133 252 53 8 94 131 125 88 138 224 239 127 297 162 256 203 148 107 58 106 62 217 72 174 98 166 178 125 188 3 6 97 51 236 116 222 38 39
39 48 125 202 57 205 182 107 165 217 24 253 161 276 227 115 74 85 270 212 299 123 55 248
83 107 144 157 163 292 20 29 57 24 276 115 26 85 43 272 185 170 257 53 37 16 9 263 226
25 81 104 181 189 227 157 15 50 202 296 34 250 142 168 249 266 203 262 184 167 55 65 268 14
57 104 230 34 58 151 150 124 256 265 219 0 52 187 246 293 114 37 159 134 154 82 98
12 58 142 164 190 201 488 5 42 85 116 165 205 20 188 22 181 258 118 215 249 1 364 25 40 186
30 74 207 136 149 54 297 33 105 75 282 163 179 168 36 271 204 66 73 135 132 91 281
85 122 148 221 257 19 179 271 242 188 233 114 33 81 101 246 226 12 275 62 272 116 223 6 142
35 69 123 464 257 115 76 174 98 131 293 59 66 285 110 201 272 47 171 207 287 297 77 234 215 30 16 254 226 115 159 80 269 228 58 256 285 64 79 221 207 214 75 46
116 123 218 237 282 70 197 74 211 113 212 192 49 139 136 27 77 150 173 118 191
36 175 180 240 241 273 293 193 41 23 10 276 96 144 54 177 293 10 171 24 169 209 127 83 299 149 276
107 115 118 155 169 183 158 235 266 52 235 140 188 48 237 1 186 25 133 118 217 249 1 223 104 52
122 132 276 153 160 294 206 261 269 3 249 46 293 190 110 224 193 74 21 107 275 200
99 109 141 222 272 464 32 210 172 43 170 287 254 80 166 153 113 201 86 239 271 95 49 219 178 59
63 105 181 210 2 174 288 169 245 165 0 153 293 243 116 204 186 111 40 157 130 286 262 51
80 90 132 164 202 144 96 230 292 25 157 24 19 138 137 213 179 240 180 66 288 221 74 231
34 50 78 90 110 179 262 239 59 56 254 168 68 92 101 141 145 3 272 117 196 51 148 125 26
189 48 292 232 169 12 123 275 153 244 61 27 143 144 63 197 94 184 158 198 26
242 219 112 39 155 225 262 187 197 19 223 272 235 120 177 234 128 95 115 54 17
187 287 289 168 62 251 152 201 244 266 35 55 80 47 52 157 205 236 147 29 203 49 13
24 111 249 276 217 259 245 115 268 117 242 29 227 71 11 274 174 30 143 49 200 256 75 182
259 250 25 273 124 5 51 268 57 144 30 0 52 125 63 31 176 7 292 299 50
71 88 107 176 177 186 86 43 197 58 20 288 145 216 178 56 266 196 117 214 109 190 99 224 22 201 177 212 124 38 280 270 147 19 56 265 250 258 132 24 249 247 256 30 152 179
16 32 37 140 278 33 17 228 174 102 206 140 7 232 98 217 49 209 185 287 56 186 27 192
124 212 266 163 290 3 261 238 167 281 117 83 295 275 37 171 140 63 217 168 160 260 174
62 139 79 12 225 129 298 218 189 230 8 158 51 251 97 296 173 143 276 91 221 145 202 241 93 216 109 65 209 251 144 37 101 24 160 45 205 55 75 165 135 295
55 96 98 205 88 274 12 219 82 285 210 197 52 105 293 71 224 250 103 202 1 104 232 51
94 272 283 54 86 190 187 157 289 60 290 248 147 150 110 57 291 186 8 59 13 266 251
41 118 209 115 10 15 162 74 116 97 180 201 277 178 67 287 141 58 59 282 95
160 220 244 279 45 133 203 286 268 80 190 9 180 143 209 87 50 198 3 277 250 104 95 206
27 234 214 31 238 117 125 110 195 233 118 68 176 228 262 222 212 145 9 178 281
23 62 77 197 285 69 19 29 107 298 50 118 232 4 43 269 63 6 178 128 167 197 187 239
84 86 199 206 230 241 214 187 194 144 211 66 209 61 246 182 174 278 0 272 146 32 285 41 4 38
55 121 130 203 239 273 197 215 7 139 261 81 192 108 128 6 195 129 25 264 249 186 243 70 12
225 234 30 58 156 155 19 67 131 230 168 52 25 270 1 118 223 646 215 364 186 169
11 24 217 266 256 106 234 292 208 9 276 172 23 269 12 82 284 220 18 81 1 64 37 166
105 241 52 105 16 258 148 194 176 12 179 154 250 110 151 198 23 118 70 86 64 150
277 217 263 277 184 33 275 9 41 109 285 145 71 278 74 190 202 195 125 98 208
69 106 122 121 113 294 270 298 68 286 206 21 195 0 275 100 158 289 124 197 238
70 95 101 143 55 210 48 152 199 157 257 102 194 293 253 847 669 214 175 387 247 74 61 231
66 155 157 178 244 45 139 232 171 181 42 166 91 1 164 285 131 13 30 28 22 128 46 260 107
6 179 260 150 53 52 47 101 13 183 266 87 92 74 257 295 253 135 11 128 251 10 149
267 17 63 279 258 179 47 298 247 27 185 73 13 277 37 46 120 79 118 115 285
57 195 220 231 278 213 38 256 66 64 268 226 164 142 71 61 146 159 261 291 51 239 207 200
15 202 234 124 229 0 51 87 137 48 96 49 295 246 72 141 127 89 251 113 160
28 40 153 169 202 222 240 70 299 179 165 226 73 130 14 220 76 272 217 182 280 74 22 233 189 134 60
237 464 83 120 179 266 53 292 3 189 17 133 249 169 104 270 1 118 153 223 215 52
22 110 136 236 98 131 239 269 235 108 18 96 124 175 168 85 4 209 103 9 56 289 150
3 46 77 96 93 83 139 124 214 180 80 91 157 231 256 122 215 116 111 283 133 121 112 76
266 226 173 229 12 285 91 47 17 250 124 54 209 142 273 140 33 280 5 239 14
6 242 131 81 246 265 154 120 148 18 98 99 169 114 231 86 14 94 104 60 3 166
8 22 148 224 43 178 197 179 32 208 240 53 230 211 202 294 191 110 77 90 215 125 86 15
20 268 270 280 267 161 243 232 101 84 251 155 35 279 82 120 164 287 218 165 259 136
135 168 190 79 231 62 291 169 198 176 135 214 183 299 12 95 293 171 161 215 149 219
7 16 29 56 96 108 265 64 162 60 271 14 52 229 59 49 193 222 81 197 259 284 135 256 228 207 167
45 54 142 265 182 277 55 75 7 30 76 256 130 230 45 162 119 37 170 293 179 90 18
105 265 270 240 38 178 62 228 128 171 131 143 47 130 39 37 294 49 122 10 252
29 75 108 229 235 273 213 155 209 127 126 266 142 277 233 111 236 144 128 95 98 285 17 228 238
16 22 288 204 295 122 143 113 0 243 63 205 238 172 214 48 67 156 170 240 189 130 34
5 18 30 237 277 162 32 280 113 134 7 109 59 213 153 245 100 28 75 195 83 30 51
22 117 124 11 268 153 197 221 202 231 3 256 7 228 175 266 190 61 251 31 260 179 39
7 11 127 177 230 241 268 276 70 170 95 76 44 258 109 117 157 0 85 181 201 128 48 273 220 297 129
72 150 219 88 211 186 102 282 27 6 218 297 40 26 131 262 157 260 25 16 28 85 7
54 77 145 147 160 212 243 250 42 260 214 106 16 175 6 277 92 143 24 43 266 187 273 168 206 111
13 32 161 77 94 271 166 147 165 83 91 177 196 292 34 230 4 247 1 39 102 44 280
85 281 33 156 230 192 198 282 86 28 242 212 165 144 44 115 295 218 240 245 84 51
62 87 233 45 238 205 64 297 249 26 52 100 258 2 59 30 62 285 130 16 15 289 182
91 199 205 227 40 51 138 278 262 284 37 139 121 218 162 217 229 297 219 67 266 24
202 255 127 289 149 292 105 248 226 207 77 117 235 268 76 294 138 10 245 90 85 170
70 76 90 94 109 224 139 148 181 83 198 71 123 200 258 223 25 104 215 186 364 153 52 646 40 133
36 56 66 247 64 192 101 271 76 14 81 115 149 257 126 174 33 268 197 90 132 179 239 108
58 211 268 125 64 47 173 95 86 254 189 252 55 264 63 1 58 26 295 106 192
261 58 174 217 148 237 81 46 9 283 212 265 205 59 17 54 137 242 297 15 272
61 72 133 226 162 27 291 78 275 149 191 108 284 274 193 281 254 266 144 61 241 3 222 197 22 38 3 124 273 278 95 188 268 209 274 111 281 206 291 91 267 44 145
126 170 232 56 199 123 245 122 212 48 59 201 162 132 202 103 242 11 8 288 209 169
13 155 196 278 180 12 43 264 268 192 109 53 260 96 286 95 131 233 150 184 62
3 101 156 173 239 262 282 265 71 182 16 79 274 286 69 292 254 74 21 73 14 271 225 262 12 266 150
71 105 126 148 219 79 10 267 37 20 254 189 135 63 251 167 279 25 215 133 153 1 364 217 294
66 92 165 261 15 119 25 273 58 156 279 265 150 32 286 86 143 283 123 104 293 248 129
7 108 106 172 207 60 40 62 220 247 248 442 253 194 669 387 231 23 61 847 540 660
488 217 80 250 136 163 135 44 285 252 253 260 103 35 177 45 114 123 146 18 24
123 131 240 269 134 255 229 100 183 237 10 289 278 265 11 274 7 185 205 75 55 233
71 104 279 202 85 105 112 59 223 272 283 168 270 142 134 141 187 29 256 12 51 31
12 44 226 232 102 256 141 95 270 241 115 4 103 299 109 28 168 125 195 93 261 221 160 235
46 86 271 46 137 50 116 171 60 289 154 133 442 1 364 253 118 215 25 646 104 153 217 228 110 259 96 218 252 129 176 23 285 180 162 194 660 231 253 247 175 248 847
50 78 109 182 225 263 43 41 138 222 66 100 240 269 49 183 260 63 176 29 143 82 213 97 174 136
24 73 85 147 185 218 295 65 94 262 86 104 16 124 271 216 84 40 237 258 80 250 172 111
78 157 85 238 69 279 81 148 193 138 176 192 287 262 75 197 89 65 118 56 183
1 45 76 165 259 162 284 8 133 144 251 26 260 9 230 100 273 81 83 250 270 82 2 33 89
165 290 285 30 135 26 280 72 68 292 124 21 274 251 228 61 193 225 3 206 125 196 222 36 38 18 175 108 269 182 249 136 8 170 221 274 122 195 94 6 73 289
224 268 61 124 48 177 221 288 15 68 223 174 274 40 294 245 75 28 220 279 238 95
262 243 251 167 197 61 63 134 16 248 267 162 118 286 239 274 224 293 214 87 151
