41 64 202 269 37 210 225 446 796 171 288 607 52 755 585 698 675 51 268 809 563 752 586 58 0 358 233 982
36 57 499 858 73 108 133 190 246 638 327 320 915 310 657 696 367 384 704 238 240 663 859 211 934 605 563 336 484
31 181 219 238 170 62 122 554 146 234 77 66 27 43 550 354 505 632 505 255 439 993 479 381 198 30 228 125 110 36 51 122 50 267 154 13 209 96 166 130 252 266 191 99
755 197 281 134 257 282 295 275 7 237 17 189 212 71 34 185 240 127 26 113 60 44 27
918 85 177 122 45 273 150 221 184 106 136 238 197 214 212 154 275 284 41 259 81 290
0 56 125 147 186 175 299 125 241 88 244 286 105 147 43 118 6 196 232 209 243 198 139 59 14
60 155 230 164 48 18 128 16 97 39 15 140 227 77 181 3 136 120 190 84 35 62 91
43 91 238 249 175 182 155 33 27 49 3 256 90 114 202 151 173 126 130 152 141 221 258 100
61 99 174 260 283 86 47 166 22 88 58 276 203 264 235 36 143 14 21 252 46 64 178 180 294
119 130 289 4 290 149 87 56 90 8 141 119 143 180 175 204 286 189 245 187 193
23 25 256 211 277 156 278 68 151 105 262 84 12 22 80 132 167 44 23 250 29 24 261
59 175 176 270 375 100 110 144 86 47 208 30 255 83 71 4 25 80 247 114 77 161 275 6 31
195 203 258 295 375 147 94 195 187 225 100 133 12 2 138 182 4 209 70 178 166 151 31 52 135
85 130 152 208 35 117 262 30 136 68 175 246 223 107 230 95 173 45 37 188 50 194 198 185
40 8 115 46 212 268 175 107 247 271 96 259 193 13 226 183 68 102 131 231 149
32 42 73 237 259 110 207 254 270 40 114 109 260 130 121 284 217 11 14 106 186 286 108 203
9 50 116 287 218 116 23 242 55 91 153 201 162 112 115 188 108 258 299 32 220 209 98
39 144 148 207 288 391 63 244 112 234 208 193 58 271 69 34 254 62 45 30 278 22 176 103 54 229
61 119 190 207 296 256 287 88 79 188 266 43 93 258 185 136 192 15 140 20 118 147
22 85 185 187 263 17 110 227 190 224 191 126 251 118 20 151 149 207 211 182 129 299 93 199 24
13 54 56 247 221 110 228 257 293 250 10 7 222 116 178 8 11 284 138 33 54 177
30 288 120 2 232 60 282 84 253 204 17 237 28 188 57 166 257 98 104 203 219
34 59 85 98 152 247 297 213 173 17 270 92 278 50 95 134 172 186 151 108 263 7 299 203 82 146 44 126 84 186 61 146 137 190 292 250 160 45 56 278 240 153 58 287 280 23
46 182 228 216 270 183 266 285 5 168 79 281 147 72 252 132 189 20 245 105 272
35 48 60 105 221 245 93 31 129 0 73 232 164 65 152 144 21 68 289 283 268 140 275 197
65 121 162 239 24 284 173 42 78 199 190 297 224 168 231 74 46 175 167 113 129 21 181 40
201 271 280 263 215 89 217 224 41 258 4 196 17 149 157 50 114 71 235 218 148 104 249
63 123 273 283 57 126 290 295 244 127 128 73 74 92 143 252 274 122 246 255 16 177 243 247
236 127 181 234 265 85 110 1 120 91 138 237 250 239 13 36 117 53 125 19 97
74 290 255 185 0 156 254 33 130 42 265 36 22 283 262 289 256 93 259 64 277 67
40 3 16 52 47 50 98 78 7 55 191 156 199 239 244 163 208 264 111 251 79
46 226 250 263 241 47 277 203 79 174 188 112 108 90 251 173 140 264 97 281 84 189 296 122
15 33 35 69 218 69 298 148 175 190 3 72 187 180 79 238 100 53 230 201 149 236 70 0 294
65 105 197 238 126 206 80 46 116 235 299 280 76 36 218 292 50 143 207 201 286 114 61 49
161 184 195 280 298 170 190 71 174 173 86 234 210 262 137 143 152 278 214 17 243 257 198 46
157 197 205 229 235 131 271 192 244 236 227 291 61 285 110 139 193 187 251 262 185 231 223 118 60
40 280 206 273 126 64 91 261 258 141 225 149 113 177 200 16 213 185 198 100 297 188
75 117 92 261 249 209 126 277 96 296 51 97 159 283 243 143 33 258 295 229 282 119
106 120 296 278 233 271 6 57 138 218 55 87 183 109 13 223 1 217 186 2 80 68 30
226 290 101 137 96 216 48 95 196 209 195 140 271 218 178 163 79 73 254 94 247 28
69 70 274 78 119 13 129 263 212 165 265 264 238 40 186 121 2 85 158 65 10 210
139 179 220 249 500 255 82 283 90 148 25 34 266 218 115 88 163 42 130 120 158 196 94 253 41
49 144 184 218 71 146 28 263 283 144 247 103 31 244 173 127 208 182 203 143 289 3 105 187
171 208 236 83 6 11 36 254 222 60 130 33 268 234 253 40 21 184 256 121 240 112 85
5 81 93 158 177 195 101 138 279 230 197 215 109 175 269 142 81 162 60 294 62 267 210 274 172
37 53 62 299 224 61 62 38 259 292 100 11 28 96 197 282 108 16 44 35 91 176 278 164
130 299 500 177 192 22 49 217 64 211 237 132 89 176 9 233 150 292 90 101 55 214 42
59 197 270 87 242 192 187 293 128 113 278 290 109 27 119 22 258 144 18 51 44 225 255
32 165 144 111 5 44 15 57 206 265 11 242 73 235 127 258 263 59 14 227 38 125
25 128 134 149 206 214 58 140 142 294 212 85 65 171 206 255 56 231 39 203 146 137 290 190 71 215
17 59 250 268 164 255 237 238 171 35 29 11 163 205 279 189 147 160 120 64 60 75 113 187 184 222 293 138 281 83 62 43 276 155 28 298 236 125 19 187 176 71 240 107
63 138 204 138 99 87 123 66 20 217 90 84 269 83 44 195 62 24 145 127 240 200 70
55 220 257 246 63 195 170 99 75 294 73 68 232 144 131 77 205 38 123 25 234 286 209
119 55 125 186 284 201 221 299 163 37 260 132 254 281 175 286 1 56 280 95 126
24 33 168 232 268 299 146 259 266 55 72 106 258 1 58 248 134 281 167 183 28 124 70 184 245 2
2 48 114 143 163 202 60 94 224 89 207 166 91 69 140 160 111 101 229 98 46 132 96 240 52 277 105 179 49 134 187 96 88 104 52 158 89 212 40 176 214 206 274 186 124
175 180 264 233 57 38 99 63 248 275 265 20 82 290 159 49 232 169 27 113 277 144 246
45 47 196 140 259 135 231 217 240 30 238 245 51 4 202 71 208 90 8 45 143 16 37
77 238 67 219 21 191 87 297 279 112 284 55 151 161 294 275 105 65 50 195 237
523 261 264 64 177 84 269 104 89 92 261 132 297 288 112 31 147 253 93 66 207 46
119 159 246 249 0 236 257 47 135 151 39 185 106 29 48 115 261 24 102 265 248 94 268 143
218 234 240 103 296 159 165 143 258 148 188 169 122 92 193 229 67 110 175 154 272 96
134 272 282 231 113 180 225 271 220 169 149 46 200 128 261 179 21 68 230 109 277 102 293
26 116 180 264 258 13 287 49 242 147 90 43 39 131 79 143 174 118 178 84 152 190 29 206
43 235 92 56 52 40 169 120 143 17 213 265 286 186 156 250 76 293 19 104 16 292
62 163 281 224 30 235 156 112 254 37 202 218 8 2 60 130 7 40 196 44 279 124 275
23 146 160 99 283 219 26 234 147 29 179 238 140 144 181 258 131 150 200 51 36 83 74
37 286 33 271 181 14 238 287 16 291 290 84 121 140 106 292 13 125 19 226 15
158 173 223 268 226 139 97 260 205 280 241 299 148 79 236 230 77 5 126 59 232 183 160 189
35 106 115 144 0 130 87 111 238 276 59 271 290 77 45 226 24 240 224 286 40 189 23 273
876 130 265 291 162 99 47 15 249 92 280 51 169 210 18 132 64 54 204 253 175 29 43 86
52 77 155 170 231 284 216 120 219 156 109 54 203 243 291 210 9 16 248 63 227 152 221 269 181 85
44 209 117 197 42 262 114 185 195 275 154 273 96 283 78 142 75 256 193 212 83 230
66 79 136 194 196 204 100 104 168 290 83 293 27 54 244 130 45 80 23 101 157 40 85 18 93 142
22 136 150 206 211 212 226 271 236 179 211 109 287 145 230 26 41 148 166 174 149 68 205 284 160 154 67 92
79 100 178 281 5 22 148 117 65 133 216 253 108 207 268 280 63 257 124 158 101 161
157 237 111 229 262 184 88 274 147 61 122 246 242 54 261 168 21 208 269 235 282 275
203 280 296 48 72 136 138 3 139 266 118 231 93 286 234 19 69 114 157 75 38 171 185 226 229 186 100 52 178 46 208 297 120 166 181 127 0 43 131 211 108 215 280
23 54 103 202 156 157 134 113 27 263 172 118 52 90 154 203 116 182 188 285 171 105 229 168
18 67 168 74 275 53 258 130 46 265 182 81 109 73 57 249 125 118 167 230 194 5 45
17 17 47 87 102 179 93 221 207 120 189 224 192 67 33 229 254 90 109 209 162
128 254 283 169 4 33 35 236 286 294 171 291 231 80 195 147 86 238 29 217 214 252 136
19 115 163 264 125 285 181 258 127 119 202 175 287 290 182 86 288 52 21 4 161 295 85 217
52 83 247 7 17 86 98 204 83 9 230 287 191 175 219 243 160 259 13 514 118 280 63 1 598 266 104 161 1 186 155 25 51 116 10 218 226 231 141 45 18 291 110 107 204 121 175 277
174 260 36 79 237 263 1 71 278 161 141 96 49 290 136 195 194 104 44 174 91
112 222 19 152 296 124 200 117 299 256 187 47 73 149 133 145 250 142 238 141 228
876 128 4 82 222 169 0 130 206 145 177 10 75 123 287 148 53 60 132 283 140 153
157 89 114 92 84 67 156 41 34 153 174 239 74 73 56 175 288 169 36 33 137 266 166 233 73 153 136 125 81 92 132 288 158 195 34 267 127 18 101 133 282
70 83 119 158 160 232 161 59 34 202 209 35 9 221 269 139 276 50 210 83 234 188 195 196 246 298
106 230 239 25 273 261 103 179 271 253 12 112 187 217 104 40 70 212 232 80 208 177 281
103 197 89 296 67 183 108 55 144 115 267 206 254 118 151 275 20 297 273 32 134 82
97 293 276 94 14 127 35 239 78 99 170 109 153 294 175 5 64 15 255 50 165 157
32 163 247 281 264 147 93 103 166 31 199 245 293 149 135 161 4 215 133 194 121 64 85 84
177 16 218 44 110 237 73 261 126 281 299 61 36 185 242 270 80 204 26 42 233
83 102 188 209 226 285 25 112 88 225 157 217 186 148 16 158 117 30 220 95 248 150 252 207 138 255
876 85 88 127 232 247 105 83 262 184 236 216 200 296 284 195 118 295 273 128 70 80 90 100 155 181
523 15 223 266 67 151 157 198 185 12 73 62 286 74 2 159 147 122 143 191 59 120 97 202
100 141 153 157 209 222 234 285 296 183 213 291 248 218 147 4 242 144 629 193 243 176 598 13 63 160 266 514 155 212 89 251 193 292 51 280 283 143 140 48 221 32 123 167 226 215 293 13 73
77 230 89 259 272 280 73 35 253 8 298 200 114 179 287 141 134 29 43 77 48 118
109 153 220 228 265 282 296 222 133 141 45 123 234 225 273 34 188 114 15 148 82 25 176 54 118
523 24 158 277 107 11 169 264 46 180 86 58 299 224 128 281 247 258 133 42 1 144 179 201
54 91 244 72 19 269 23 289 53 225 257 279 267 75 146 38 67 107 202 236 218 223 285
69 78 111 261 18 80 162 52 83 254 21 51 20 299 89 241 81 96 67 282 32 243 171 54
44 139 244 256 267 101 208 197 284 180 272 291 293 254 246 30 150 82 117 58 220 163 191
127 172 269 195 127 142 231 286 3 229 233 187 120 288 76 110 247 117 78 141 196 122 215
876 53 122 149 255 13 216 152 134 212 12 278 280 108 220 147 4 175 186 198 16 114 3 149 34
124 193 207 85 58 47 25 219 11 228 256 135 19 245 217 15 4 114 278 236 138 266
53 91 185 223 245 259 96 56 207 217 17 110 75 163 239 173 16 205 240 73 10 92 88 154 26 186
27 51 160 297 186 173 168 210 5 1 146 22 165 264 63 221 226 144 12 105 262 212 230 139
15 249 251 174 29 71 105 248 223 229 110 172 119 236 290 191 257 67 106 111 100 292 254
43 55 45 96 219 91 147 210 22 123 286 248 294 199 205 118 288 38 213 163 166 154
12 116 175 375 21 1 198 278 143 251 56 2 247 295 155 193 141 210 112 253 211 229 0 136
134 149 254 280 87 61 72 276 188 115 136 97 42 161 287 244 260 234 279 75 54 277 141
876 48 87 293 298 249 85 139 71 98 4 126 186 260 170 45 182 92 269 55 224 94 285 281
57 249 245 230 116 160 152 273 70 226 275 146 8 280 135 293 80 109 62 6 250 54
862 12 21 113 284 149 71 78 46 57 144 22 8 174 56 136 208 124 205 69 90 101 25 215 163
75 130 164 221 131 127 153 259 227 57 98 124 64 34 151 94 61 139 107 115 240 158 55
77 283 375 92 52 96 213 81 199 131 135 66 119 202 98 100 253 153 257 280 113 200 118
37 177 269 280 221 25 22 281 33 85 288 232 116 276 194 165 182 156 153 187 275 86 51 54
125 288 299 132 144 59 84 225 51 1 560 98 381 244 164 468 934 279 136 295 597 288
134 142 272 227 290 237 194 0 274 1 99 89 61 211 266 24 103 175 163 43 208 88 286
523 29 295 52 184 142 50 174 262 264 163 150 275 277 71 132 299 284 231 75 108 107 130
138 203 375 135 72 185 93 257 121 134 190 235 94 232 141 34 218 210 280 100 145 220 19
95 130 134 296 261 232 264 132 36 295 21 167 287 83 292 250 294 63 20 43 40 258 41
175 180 298 164 157 162 237 198 281 251 158 4 234 91 168 274 117 195 207 260 275 68 143
20 40 246 217 94 62 72 150 201 48 216 208 213 248 45 151 190 173 240 129 31 175 188
64 139 145 227 3 219 290 52 200 171 186 260 279 113 0 175 39 258 22 253 127 164
194 14 281 161 105 1 0 246 107 125 36 130 268 87 43 258 21 49 186 92 100
523 86 47 108 210 276 222 183 226 258 212 14 0 131 171 235 151 182 289 290 13
22 188 203 228 289 161 72 47 20 247 76 79 237 272 153 107 209 200 218 278 35
103 122 133 294 251 4 28 182 260 56 98 167 23 75 111 148 108 38 227 65 235 189 206 266
18 123 185 210 22 195 81 34 102 79 161 5 217 267 224 72 190 177 64 41 159 55 239 17
918 147 27 133 245 69 188 229 161 32 22 143 163 181 71 175 68 29 219 43 227
83 115 122 126 18 105 65 26 284 119 14 35 163 212 280 245 125 253 177 289 265 189 84 251
862 47 237 244 129 261 66 92 55 135 87 217 48 180 84 152 115 276 83 299 16 290 62 14
157 65 5 281 221 137 59 214 99 167 69 278 42 153 218 79 252 17 66 135 61
32 177 202 225 6 13 12 45 111 69 41 211 207 285 230 136 73 206 258 292 3 11 152 179
12 60 244 181 124 109 159 169 198 263 277 136 183 160 285 171 241 25 20 41 26 153 236
78 138 109 115 218 168 234 59 112 181 202 239 103 188 182 84 256 195 21 273 192 250
876 108 199 274 284 195 160 23 238 8 182 122 148 240 103 197 75 87 3 276 161 61 212 286 215
230 244 297 220 181 229 55 271 289 82 98 163 152 188 160 264 249 239 68 281 39 210
159 206 232 33 244 73 275 172 24 21 140 199 45 260 15 143 186 67 289 71 265 32 29
20 87 199 296 230 186 205 189 27 294 254 196 118 265 216 39 273 81 4 79 82 84 251 9
15 152 213 247 98 152 33 35 97 258 135 204 219 132 233 225 202 253 60 223 0 82 291 231
103 207 49 279 266 30 253 145 194 212 256 36 280 271 283 68 80 228 56 108 289 154
78 81 249 282 214 115 227 102 11 88 0 192 144 70 119 125 42 43 31 251 210 265 68 117
0 116 259 57 138 269 109 17 245 114 204 295 207 152 278 90 113 101 146 283 264 3 203
71 238 136 264 256 39 250 85 26 31 221 74 25 180 144 286 68 202 94 47 109
86 204 206 222 235 468 62 37 161 33 195 118 236 14 58 142 217 90 8 273 252 183 261 77 237 38
14 60 523 86 299 129 284 151 172 201 100 134 208 199 247 51 275 462 75 123 282 178
22 40 156 228 144 94 247 140 162 64 185 116 204 111 229 99 233 286 42 236 20 124 44 179
33 66 97 189 225 232 266 223 240 81 123 148 48 135 213 227 295 87 163 152 35 75 138 194 164 30
37 181 188 251 42 56 190 213 30 245 86 264 120 267 246 6 199 462 123 75 51 134 282 275
12 21 120 189 193 290 132 174 117 10 75 213 84 247 216 294 193 153 263 194 220 224 28 120 201 250 158 218 248 296 266 110 96 43 78 91 286 142 202 289 167 162 177 4 148 231
260 99 27 44 135 108 84 277 265 175 244 137 188 78 286 65 299 36 128 118 164
56 249 95 212 102 203 273 191 56 255 84 47 239 125 109 21 111 78 90 142 169 247
55 103 147 156 65 259 18 273 280 120 191 118 255 235 34 119 194 44 41 114 151 274
205 219 98 237 266 137 72 205 179 160 291 3 123 258 95 140 247 285 119 71 290 39
142 98 230 31 112 12 183 47 154 296 24 249 169 262 232 61 118 14 221 277 0
45 212 254 255 391 291 164 273 186 35 166 117 102 99 172 258 49 79 23 264 173 6 187 62 9
876 122 161 43 95 112 61 116 15 80 205 163 162 185 27 69 179 231 94 117 191 55 207
918 89 137 230 242 231 137 256 285 246 74 254 1 280 2 274 104 85 172 275 279 66 100 159 243
523 222 175 37 260 167 57 73 236 172 224 119 13 80 102 85 295 115 12 231 92 26
35 287 43 112 137 173 134 231 65 144 73 219 268 38 71 254 210 217 167 32 163 286
21 67 207 253 271 30 195 73 244 60 141 43 3 182 270 152 107 149 254 181 284 106 191 1
114 167 212 190 16 253 214 248 58 164 44 29 286 24 141 99 48 193 53 15 204 243 4
90 236 297 171 200 222 23 29 166 84 283 288 250 212 190 61 90 51 232 48 231 9 55
0 144 234 282 14 183 79 149 152 299 34 154 168 282 231 230 238 10 126 71 80 173 21 226
24 82 296 199 42 29 187 9 44 109 227 116 12 76 247 124 169 120 101 77 153 126 149
54 155 278 276 121 211 220 97 66 116 257 129 284 100 118 282 42 115 20 292 274 241 95
74 85 188 279 261 32 275 13 58 7 78 262 175 211 201 21 249 295 56 235 18 161 186 1
862 24 183 208 225 258 4 53 65 104 127 178 239 279 96 2 271 170 169 119 29 243 598 1 193 155 13 63 629 176 47 104 160 192 288 253 183 86 50 196 83 190 203 263 122 99 205 102 236 79 171 264 186 166
23 43 55 59 209 117 17 110 3 86 147 274 258 287 280 22 58 210 169 238 291 255 239 294 116
126 202 242 263 295 75 283 34 234 107 229 212 131 136 225 243 92 196 270 89 275 36 185
12 65 73 133 145 150 161 184 236 182 235 157 297 225 46 210 153 132 11 26 124 177 31 267 113 86 96 16 36
95 133 17 223 176 174 87 114 183 160 130 97 271 280 244 58 19 202 273 0 53 224
22 111 178 247 189 11 201 225 147 169 22 6 195 73 202 184 157 106 210 286 257 153 160 16
117 183 278 66 32 153 16 47 182 6 42 72 221 163 174 135 21 134 90 208 177 99 244
69 109 111 122 195 274 170 41 152 206 264 272 185 29 142 80 123 92 32 77 163 132 15 75 85
97 195 218 276 43 165 181 63 126 132 200 187 53 13 150 8 217 229 257 250 279 121 125 270 225 12 127 88 192 93 158 276 206 263 245 148 151 209 203 169 61 159 255 146
46 253 270 192 8 157 29 9 73 145 269 136 4 150 276 211 106 142 161 152 113 44 127
83 296 231 118 251 34 66 181 248 289 81 114 257 278 275 219 167 298 182 224 29
30 118 282 90 99 81 87 172 267 288 203 253 284 91 279 14 58 75 31 204 9 155
171 270 57 250 5 40 141 91 271 98 185 114 252 239 72 125 15 212 249 230 180
108 220 194 109 239 197 15 29 92 263 257 157 94 3 250 288 40 238 102 248 90 187
227 241 67 245 185 51 169 258 61 263 247 26 13 59 100 164 281 284 6 167 158
190 282 171 80 227 140 168 183 120 275 47 38 152 172 185 295 157 272 45 286 245 0
