202 297 854 111 243 188 256 76 192 209 242 203 73 221 271 186 174 6 156 158 118 95 120
73 200 252 605 151 225 208 371 206 180 561 177 602 149 33 857 488 926 681 681 967 609 186
46 235 324 281 146 128 212 160 82 56 111 272 261 246 187 54 42 59 27 74 210 124 198
208 17 271 41 181 78 165 89 144 219 146 2 136 175 117 293 256 44 229 51 164
287 824 292 30 15 213 174 75 67 268 39 261 190 244 233 98 29 279 132 69 40 3
2 10 240 252 121 22 43 55 205 153 81 45 266 49 125 167 6 286 127 119 169 206
132 279 248 268 150 213 240 85 31 290 168 134 615 766 38 301 299 149 190 149 274
238 557 801 187 283 108 82 120 146 200 96 14 299 105 248 66 134 244 232 269 150 121 199
6 262 299 126 187 214 231 0 262 185 294 15 193 191 141 392 141 157 76 62 193 193 193 256 97 145 150 248 270 84 54 126 154 34 179 58 715 178 172 185 755 15 71 129
14 226 263 324 557 11 104 162 95 19 12 277 10 241 211 117 218 230 79 121 130 187 124 51 158
55 165 214 289 324 77 91 117 32 23 125 198 246 269 46 260 12 43 274 172 258 188 5 87 7
86 104 234 284 51 72 240 40 265 201 237 188 17 63 280 124 250 193 186 216 3 70 71 93
30 42 76 152 288 113 35 246 8 112 244 167 3 165 51 217 149 31 229 220 214 127 40 235 107
29 38 145 175 257 259 111 187 290 164 136 245 197 125 342 238 38 14 15 142 421 145 181 58 73 743 259 216 172 59 251 124 119 218 164 232 166 179 13 150 57 94 283 36 37 295
888 4 85 212 243 148 158 97 245 263 279 107 44 142 83 127 186 116 258 168 105 184 207 45
888 99 138 167 218 495 181 38 139 296 81 160 172 126 85 265 141 164 190 186 215 217 295 47 156 107
28 104 132 259 268 233 211 217 224 105 276 275 13 135 272 273 231 118 203 55 97 65 2 132
5 15 120 194 207 286 243 197 29 200 109 155 152 110 220 104 168 132 270 186 92 204 207 13 64 192
19 67 92 103 277 241 18 186 289 39 160 107 223 152 233 159 140 167 170 114 290 100 248 116 3
56 143 152 227 213 278 263 109 90 258 94 128 200 273 223 209 191 120 143 146 37 177 1
87 183 220 285 24 237 219 224 10 245 239 96 273 220 7 270 20 246 263 264 46 232 107 8
5 98 203 275 37 212 126 76 132 233 164 159 295 288 239 193 128 242 73 81 87 188 168 89
92 285 77 61 149 180 192 229 296 103 251 35 98 116 264 211 233 169 115 34 38 24
65 211 227 275 217 106 198 271 162 100 208 281 237 280 33 170 174 211 81 181 87 27 50 6
86 92 134 43 58 148 182 151 43 113 35 73 77 530 272 227 113 172 134 130 33 15 78
97 176 230 299 404 557 95 128 292 12 64 73 8 200 9 158 297 175 2 258 224 134 154 239 229 21
198 210 217 220 292 101 36 16 127 257 60 110 209 198 80 49 147 159 226 5 7 243 268 97 195
6 81 91 148 156 212 225 154 153 235 110 288 232 226 68 119 164 249 130 185 242 243 281 63 39
48 229 24 179 151 211 65 286 192 122 124 16 226 123 224 8 263 133 18 159 53
115 199 209 243 271 115 18 152 57 149 199 273 96 94 251 297 280 295 216 237 25 266
0 96 235 241 244 210 66 180 21 257 38 276 99 137 159 33 130 69 17 150 275 169
208 213 202 222 42 196 219 44 51 241 100 105 107 199 215 141 136 119 191 186 250 249
60 193 203 254 294 97 89 32 141 286 136 44 239 194 131 205 177 72 45 7 84 120 192 16 273
44 83 85 184 280 42 97 287 164 18 106 55 65 133 114 15 6 279 150 195 12 280 86 96 212
0 61 195 404 93 157 91 248 8 148 156 109 195 129 162 268 205 286 238 116 188 250 130 285
206 134 144 251 254 237 183 168 222 117 15 239 145 24 44 65 272 256 43 69 118
239 495 87 34 218 58 210 144 199 92 143 125 211 39 55 239 267 221 4 91 260 112
13 215 12 52 222 227 121 82 164 219 92 9 176 140 96 162 71 189 256 26 51 98
8 62 186 238 98 62 35 91 108 12 253 63 235 109 66 222 165 288 294 140 120 71 204
70 157 164 286 292 125 224 2 121 24 263 271 254 225 200 100 174 238 20 176 265 251 203 160
79 252 259 139 292 18 156 14 283 47 136 44 153 33 250 61 55 53 79 84 145 193 82
86 151 167 182 212 298 16 15 154 159 94 250 270 47 46 205 220 200 206 204 104 174 111 276 123
12 168 281 200 166 178 134 206 232 25 33 109 158 76 85 274 273 149 219 123 157 20 290
7 47 120 163 245 267 295 283 289 120 251 265 163 270 191 244 92 162 127 214 128 299 68 259 89 278
39 72 115 184 258 238 262 271 140 88 195 107 81 421 148 38 292 150 143 58 238 15 26 259 410
250 253 220 59 190 106 175 138 293 16 92 226 56 144 160 14 206 82 52 184 64
214 250 63 6 203 259 18 19 258 65 10 117 39 30 153 201 90 96 239 150 20 56
61 99 283 1 144 38 178 105 81 195 33 174 25 187 52 252 168 153 259 288 285 280 83 297 196 207 296 246 251 228 0 31 218 148 100 6 133 205 160 1 184 185 87 10 208 112 171 49 298 61 246 67 13 166 39 193 124 167 224 275 122 192
137 245 277 557 48 181 292 171 78 21 44 38 83 76 297 166 280 36 60 90 3 187 144 47
158 184 247 6 148 18 172 39 74 77 130 5 213 215 222 117 132 73 202 37 60 145
3 5 67 96 104 125 196 280 295 220 181 290 58 198 8 55 107 17 219 145 86 237 52 292 95 121 175 147 152
21 165 404 98 265 176 149 158 170 188 36 228 101 177 66 212 123 180 96 22 199 116 168
79 238 404 261 88 237 57 250 171 160 131 63 153 67 137 74 38 262 13 122 81 162 140
15 127 154 185 79 131 124 225 45 100 258 153 25 119 234 264 194 138 42 81 288 106 265
9 106 6 182 170 102 297 110 190 205 121 113 249 290 16 197 2 207 270 206 56 271
12 21 64 134 150 237 180 205 224 63 188 228 183 123 187 155 272 161 242 292 163 199 223 84 127 289
288 298 247 278 66 292 243 69 2 261 35 137 118 267 153 195 160 295 157 126 289
40 92 131 198 201 235 190 273 13 7 130 229 227 287 293 226 143 95 39 215 265 266 160 122 66
100 190 128 179 254 250 170 23 92 215 32 212 4 167 220 148 34 114 229 140 136
63 147 184 404 97 145 153 103 195 8 282 253 275 100 43 189 147 169 34 49 91 255 247 168
46 70 164 208 294 264 112 74 294 29 158 271 262 290 25 125 2 267 256 227 109 150 207 19 179
62 81 179 18 127 263 214 270 243 289 57 265 153 169 175 268 103 167 179 158 149 263 80
49 203 221 236 557 201 33 249 246 54 49 67 186 70 159 96 208 93 142 232 219 183 271 76 141
198 231 299 265 256 211 68 7 47 62 278 105 156 69 38 242 272 202 276 174 74 179 177
67 204 211 214 159 7 149 109 240 223 173 260 37 224 139 34 184 25 105 76 56 81 195
7 193 264 232 130 248 114 278 186 128 63 242 111 188 138 199 218 160 169 292 112 209 233
38 218 278 88 110 5 206 214 256 43 10 178 151 33 170 114 125 245 117 120 174 179 155
8 200 15 195 225 67 5 186 48 40 155 421 599 204 156 245 148 181 30 58 143 259
5 100 266 3 160 104 240 97 56 88 37 153 299 244 203 140 206 139 72 60 59 14
62 404 35 22 190 74 253 96 165 236 185 84 117 291 219 149 29 268 281 205 116 203
129 280 109 24 98 111 117 179 31 272 126 266 77 100 222 0 298 32 248 11 86 216
11 15 60 133 285 250 107 12 238 190 298 42 18 292 151 35 175 95 295 189 16 118
50 69 244 20 130 241 73 247 71 200 178 276 219 207 216 196 28 210 158 31 127 121
10 140 28 4 114 123 99 251 10 196 200 154 147 13 16 220 254 29 140 38 127 56
56 27 154 182 52 205 3 173 118 290 116 163 54 100 128 74 166 69 20 258 187
10 36 92 136 139 29 192 65 180 271 280 69 173 235 253 11 265 70 12 202 135 8 233 82 22
101 209 8 58 128 214 62 157 175 180 60 72 150 292 58 143 181 143 38 148 245 26
119 143 155 162 189 15 291 224 118 1 171 190 137 227 212 91 236 46 281 124 289 181 158 294
68 197 206 248 295 79 190 56 175 159 211 254 179 19 88 8 170 208 173 195 111 181 161 0 48
182 243 262 264 279 267 8 216 289 0 99 140 96 224 278 115 70 228 41 149 283 161 90 240 246
103 220 234 284 88 118 168 252 123 40 50 10 285 81 23 245 109 286 77 145 195 129 119 147
99 293 94 145 215 106 29 131 165 276 93 76 80 69 264 28 217 272 3 155 110
2 27 62 150 184 257 133 207 170 127 72 5 164 290 63 180 289 93 239 296 298 60 95 268 31
225 259 233 133 99 63 243 65 288 174 264 220 284 261 97 184 204 120 245 282 182 205
116 268 19 64 13 98 194 129 183 106 86 17 282 102 73 210 249 45 127 159 265 115
39 112 123 198 293 83 41 133 33 200 63 153 179 158 173 32 69 149 175 38 268 190 720
89 94 101 116 206 230 161 120 143 1 262 199 104 48 286 57 9 203 266 119 196 109 152 288 103 100
59 77 149 2 18 160 81 251 124 163 256 68 126 158 268 43 128 78 291 198 223 272
254 234 106 116 95 205 269 65 5 211 75 55 181 280 298 236 158 117 194 98 3 159 79 232 210 175 65 96 141 243 211 218 23 98 224 73 44 19 199 34 99
15 127 203 272 404 79 265 266 185 248 129 36 90 291 116 281 86 191 38 259 297 168 70 205 227
274 495 65 94 154 160 171 212 288 213 5 215 43 198 158 38 263 179 173 69 56 268
218 244 252 23 223 266 177 68 96 95 240 186 277 206 198 46 135 42 4 283 167 153
160 161 258 285 281 181 46 216 49 260 44 72 169 167 154 238 273 35 20 68 253 24 242 84
139 280 164 11 124 197 284 182 163 167 156 38 210 8 236 206 261 189 46 248 217 92
26 50 181 200 73 188 83 132 280 86 221 24 231 255 148 174 157 87 299 267 2 88 62 7
4 38 52 190 292 177 117 286 154 233 200 280 38 214 269 96 257 139 237 101 289 297 145 282 102
132 142 183 184 212 115 221 248 208 37 22 281 158 114 58 9 267 80 119 247 50
54 186 230 246 166 110 59 204 75 285 278 88 151 245 138 281 148 150 140 139 237 202 199 249
84 234 250 261 171 173 106 54 103 117 172 281 177 270 212 123 19 204 203 262 202 227 87 113 48 264 115 275 160 247 274 139 180 140 256 129 98 12 296 230 144 265 135 186
126 31 237 229 60 73 52 15 101 234 132 199 243 120 241 112 187 217 124 150 188
91 229 109 65 165 111 285 39 188 16 8 162 255 198 103 240 28 260 125 194 38 91
208 220 255 182 76 279 75 233 52 100 21 176 133 216 154 298 153 131 243 232 29 6 195
224 265 285 1 216 55 27 289 41 259 59 201 51 287 69 184 132 218 233 97 79 280 242
228 257 39 249 151 143 96 69 237 14 165 74 187 29 179 265 244 7 255 47 9 28
223 248 53 159 197 285 194 160 140 149 276 260 164 44 222 215 240 136 142 134 200 204
29 122 126 261 84 181 179 118 127 90 251 210 46 107 162 89 178 259 5 78 72
27 54 214 148 172 200 265 145 48 26 128 273 241 57 110 127 68 104 169 72 31
25 71 134 153 132 34 169 7 96 200 84 112 240 13 187 66 250 243 232 35 175 76 244
89 124 128 199 94 287 36 245 67 162 40 221 74 118 37 61 228 285 224 232 8 57 158 181
86 404 207 24 244 256 232 271 190 209 57 52 181 266 109 273 251 15 182 289 280 138
16 18 75 79 173 265 266 293 287 131 174 126 258 12 27 51 267 221 40 87 150 239 108 104 162 68 179
19 25 50 155 277 60 215 253 15 135 160 199 125 89 230 105 17 279 57 145 120 207 37 277 61
52 214 245 81 182 467 243 259 286 219 290 17 190 56 173 175 263 69 169 167 766 38 268
95 124 138 158 177 137 217 259 85 12 26 181 225 30 11 218 209 127 195 180 95 3 183 155
82 148 176 239 45 212 29 135 156 284 155 138 131 295 205 247 260 273 206 178 146 122 162
129 194 557 169 167 261 103 80 263 90 181 197 224 19 92 216 136 85 109 209 120 62 95
13 116 144 280 404 152 277 206 247 119 56 162 172 181 244 117 287 31 225 243 49 14 70 292 179
179 189 231 156 166 63 248 24 172 258 275 226 224 195 288 142 80 66 289 240 205 255
17 53 64 89 124 201 209 340 26 255 223 277 166 250 38 54 284 152 199 94 73 233 186 44 217 91 167 105
92 189 59 51 234 147 2 27 28 74 299 166 224 23 109 291 123 22 170 66 286 189
185 260 262 271 74 11 44 283 63 235 188 178 39 1 105 88 273 234 298 249 262 36 129 250
51 108 169 190 404 267 105 262 286 51 72 34 279 174 237 163 36 173 199 58 251 197 55 263 149
10 86 250 173 51 30 56 18 284 61 88 53 22 273 94 196 200 54 217 299 144 292
98 202 205 150 222 151 29 81 143 121 37 270 65 196 35 248 181 235 232 2 163 136 295
14 47 71 271 40 259 49 48 96 112 60 79 290 169 105 214 99 220 299 57 16 246 141 101
58 131 203 26 212 43 283 59 95 176 16 410 245 238 292 143 38 15 743 150 259 143 58
198 260 197 11 106 40 212 77 92 6 241 292 156 38 233 187 89 256 91 119 271 76
65 218 217 247 175 179 12 19 255 149 177 153 243 216 245 244 287 256 41 0 7
12 247 298 122 52 280 171 37 26 134 19 121 294 21 219 161 288 12 126 191 231 174 284
22 92 144 279 340 0 60 189 148 169 146 296 29 111 38 162 221 156 61 277 133 96 196 62 281
64 65 86 109 168 188 204 49 236 5 198 185 112 267 287 220 156 63 133 242 10 258 243 254
19 172 188 192 281 37 109 95 219 135 67 129 78 152 227 19 6 247 125 204 146 234 178 191 75
100 102 200 103 30 2 272 28 128 175 156 86 231 125 116 76 93 77 188 278 168 293 287
85 107 176 217 273 203 59 34 232 142 126 177 102 111 185 116 220 5 211 7 181 110 227 91
5 181 234 250 226 161 16 159 39 264 197 260 170 176 248 271 71 77 28 297 281 67 194 227
144 146 231 189 237 10 9 97 201 124 172 242 247 143 16 234 62 216 231 160 263 96 58
16 100 275 79 67 163 45 288 47 199 191 265 31 73 111 46 115 50 141 221 216 170 116
18 297 495 47 146 342 287 110 34 114 244 103 720 263 190 173 175 268 56 289 149 179 32
157 182 55 294 252 159 268 251 118 23 144 185 106 297 290 119 83 113 261 109 31 28
3 35 228 286 165 33 229 233 43 259 254 87 269 264 290 74 55 245 266 258 198 151 121
75 202 61 209 263 198 19 220 45 59 21 138 212 32 161 197 255 23 43 65 208 60
6 159 270 271 7 294 75 114 104 150 35 33 264 88 243 91 180 244 271 34 92 222 276 90
21 72 100 111 94 172 295 209 31 227 161 160 4 153 183 12 67 247 193 117 271 279 199 81
24 92 125 141 103 148 191 147 220 201 41 58 30 89 100 226 157 99 181 27 23 14 236 7
110 112 159 225 86 280 62 21 27 60 126 203 256 265 25 211 135 278 155 175 262 165 131 73
236 299 340 208 156 70 189 93 91 264 89 107 117 115 103 166 8 195 118 127 257 185 177
63 269 16 106 294 276 64 193 171 252 83 173 192 264 266 231 77 68 96 232 108 226
281 495 120 158 100 68 293 199 265 32 151 143 41 138 175 23 218 11 298 130 40 289
193 194 201 128 132 250 176 226 295 235 91 11 292 144 57 48 5 187 60 90 83 270 149
83 262 64 135 133 66 213 106 210 248 11 134 206 177 252 63 53 119 193 218 297 234
91 99 284 9 25 75 178 196 170 181 138 49 128 179 169 91 199 187 239 194 47 180 217
84 112 233 0 191 94 65 196 189 83 263 225 262 45 146 197 277 89 281 212 88 226
104 147 7 229 122 112 236 42 63 61 181 73 263 139 269 193 178 163 135 146 209 169 116 170 9 179 210 36 2 216 63 117 147 226 98 16 111 240 90 83 187
130 153 233 285 16 112 89 226 57 225 34 189 190 48 134 194 22 84 173 242 201 29 99 297
50 112 124 148 557 79 26 80 122 292 154 272 169 136 92 47 116 95 235 250 206 173 51 244 137
45 210 22 269 212 177 186 179 16 17 105 60 125 220 56 46 124 55 283 224 190 136
52 188 193 276 111 260 226 156 28 137 54 20 235 145 93 146 32 105 150 123 221
7 171 158 252 73 196 236 155 285 199 720 766 167 179 443 32 38 263 158 173 103 289
31 32 147 161 257 238 17 217 56 279 292 141 72 43 155 165 35 9 116 202 263 90 27 74 249
176 243 105 225 80 196 49 269 129 243 51 147 227 115 262 192 88 207 86 169 10 90
83 106 115 61 197 227 260 209 263 64 334 136 116 58 204 38 143 743 30 143 245 599 238
16 53 161 81 166 135 202 207 217 43 37 64 111 50 156 198 208 95 284 60 102 197 255
117 167 156 117 60 150 83 203 181 115 42 286 80 285 254 160 245 34 38 220 3 293
7 30 43 52 166 64 274 151 58 193 160 213 208 263 238 243 253 148 187 200 170 89 133 261 245
42 83 188 190 108 246 57 164 88 228 253 63 217 196 203 257 194 198 275 222 281 31 13
2 3 32 292 495 68 94 280 166 109 298 143 152 147 74 101 254 121 169 44 281 145 82 294 100
81 153 162 118 59 187 23 87 35 149 248 9 206 253 257 48 85 154 227 135 21 12
92 153 340 152 120 129 233 16 113 193 266 125 115 39 8 292 77 234 110 31 255 232 274
233 297 84 45 244 295 150 36 137 127 33 71 275 187 112 67 205 146 66 196 109 273 11 230 187 164 195 246 46 151 20 78 74 229 282 10 279 175 259 197 68 287
157 184 240 171 212 58 237 72 263 37 78 284 148 232 74 107 219 236 140 6 36 271 217
70 87 232 245 56 228 192 108 236 94 13 46 287 52 147 145 240 290 49 156 128 259 43 68
43 59 91 263 201 69 50 117 95 263 190 92 58 129 283 213 132 113 153 238 67 10 31 46
58 121 165 172 153 149 270 271 83 17 251 134 1 198 174 112 260 101 45 255 137 113 139 128
206 97 79 10 22 114 274 208 27 53 172 125 94 140 100 48 248 14 70 73 128
36 49 121 125 183 31 84 188 284 0 236 235 692 55 231 410 30 599 204 245 26 15 238 866
238 292 69 26 20 165 67 280 213 221 115 164 263 281 206 204 219 197 177 98 89
56 228 267 198 124 143 36 38 195 162 160 171 294 276 159 75 88 281 246 105 87 112 207
99 113 404 495 8 194 78 31 120 66 174 229 245 56 75 294 137 33 263 47 58 281 3 269
2 25 135 340 100 214 205 188 21 26 238 141 82 99 86 30 294 175 155 265 189 288 138 262 99 157 272 139 85 31 252 261 210 220 204 211 60 274 179 4 219 205 40 282
50 119 205 210 259 198 221 139 299 229 82 186 104 35 205 260 16 287 203 269 227 60 206 74 290
14 41 239 288 293 156 298 75 27 125 212 62 81 246 158 43 52 254 165 193 178 144 209 92 277
10 14 52 114 157 176 294 73 175 164 100 61 46 179 195 231 136 143 115 205 77 29 216 75 120 36 197
79 118 66 45 284 21 237 146 159 27 164 3 297 223 34 257 209 185 172 150 299 292
190 196 73 77 298 258 11 242 238 7 290 102 219 148 40 13 207 212 104 142 2 131
0 246 261 80 116 204 106 98 271 290 222 166 187 133 197 88 48 149 147 2 159 70 4 232 123 168 109 32 5 210 94 143 147 198 89 256 68 275 15 296 199
56 169 218 199 142 141 291 136 157 292 1 186 162 277 126 147 105 66 238 106 171 20 242
8 16 60 85 149 197 162 254 288 33 85 260 239 54 66 296 292 233 62 116 229 78 295 100 115 251
93 224 199 102 174 228 230 210 189 90 72 141 79 95 101 257 136 14 232 196 265 291
