111 114 239 241 244 548 0 160 72 35 139 218 182 298 263 125 151 205 60 26 251 264 117 114 32 274
104 273 99 241 23 116 51 59 209 272 173 293 265 227 133 156 224 125 153 223 20 71
99 223 552 39 206 74 181 186 8 245 277 69 256 79 135 200 295 73 1 59 108 5 276
50 221 251 643 708 187 44 60 236 76 201 186 240 272 168 54 163 86 224 135 205 181 158 116 139
149 157 294 582 118 22 29 297 78 12 96 145 175 212 66 269 144 167 65 13 201 253 59 259
30 35 117 185 200 227 240 125 235 45 167 106 53 119 260 253 221 166 270 48 24 97 237 151 19 141
129 140 519 708 135 62 278 227 11 228 49 251 124 27 65 61 75 74 136 147 34 203 73 107
7 230 290 431 248 23 159 290 19 39 143 34 180 125 96 286 217 47 78 284 2 1 215 274
211 240 593 184 2 166 237 113 63 271 36 250 262 8 294 147 170 52 98 207 57 139 141
71 149 217 77 185 207 173 102 167 157 71 159 5 57 59 103 105 291 290 176 232 231 79
47 128 180 65 6 40 290 196 132 79 184 237 137 119 36 250 17 168 230 82 59 209 52
22 38 86 590 27 198 45 297 121 272 153 65 294 250 217 37 277 266 1 211 190 158 49 57
29 76 230 73 22 96 91 232 57 240 272 185 53 188 122 46 233 266 283 109 83 150
83 135 146 252 286 265 57 249 47 156 201 35 228 231 197 121 139 155 203 246 136 260
202 187 299 15 263 157 132 3 247 11 120 232 30 259 45 95 239 99 108 261 97
140 51 238 91 292 34 77 243 73 182 17 94 273 153 26 225 151 263 284 197 190
913 9 87 178 284 252 282 106 73 129 9 220 256 146 214 245 168 242 114 213 35 71 262 274 13
99 249 283 284 232 287 298 255 104 247 109 111 102 65 123 283 95 282 216 227 34 5 186 202 277 218 24 54 27 38 210 286 205 254 97 124 46 250 141 71 146 112 102 260
4 95 114 118 264 289 273 165 210 109 277 23 140 94 25 249 2 39 183 201 129 24 49 69 191 8
178 233 181 21 23 169 129 141 231 248 47 78 280 188 202 178 281 82 222 185 130 71
83 93 148 192 216 242 288 271 153 155 133 269 18 115 289 105 240 175 41 126 134 215 132 286 193
65 144 206 249 267 291 291 126 98 293 155 34 175 225 138 268 149 81 96 264 214 56 59 142 258 217
90 44 204 97 75 113 189 248 209 99 43 36 53 35 32 197 56 183 139 174 133
9 37 89 87 167 265 271 275 115 14 42 70 63 257 102 112 31 166 45 1 212 137 266
45 77 208 255 259 286 38 145 295 228 281 244 27 17 92 271 188 284 5 93 20 18 280 146 158 56
31 45 73 145 207 155 160 25 146 293 137 62 237 88 296 198 125 93 209 186 94 33 27
13 172 203 519 531 268 258 96 187 31 253 279 597 200 288 98 468 934 76 87 776 951 93 244
270 708 204 124 223 275 284 114 120 157 262 168 90 64 165 163 179 109 143 227 128 97
37 50 145 212 244 297 75 229 40 197 161 112 71 123 198 184 232 255 39 138 227 281 66 180 239 149
165 255 69 270 57 201 88 19 208 67 133 275 232 237 242 253 16 132 197 248 112 70
24 101 163 231 82 265 279 36 32 24 284 73 68 174 59 289 232 225 141 35 31 39 9 281
7 284 77 20 226 221 256 114 40 116 281 82 1 30 28 174 143 156 223 132 104 125
62 102 199 212 269 159 81 234 285 152 296 172 16 26 215 77 179 148 136 262 248 22 61 116 146
99 118 206 190 99 1 127 246 282 89 30 283 45 228 296 123 9 270 69 177 295 278 135
60 214 222 229 280 184 237 283 240 165 179 112 25 192 19 42 297 281 89 248 213 76 54 219 168
16 128 268 174 184 90 262 155 251 237 136 288 199 24 207 6 210 297 76 201 191 26
43 81 179 744 107 189 266 207 30 215 139 237 160 161 296 66 264 102 292 56 250 254 89
198 261 178 297 249 83 132 222 174 158 259 266 270 233 238 234 1 39 156 199 96 273
8 64 186 187 116 207 261 287 42 123 31 94 92 239 56 66 296 214 292 134 823 264 85 525
91 113 35 134 155 181 84 229 160 7 289 120 191 78 135 17 255 260 277 245 230
242 108 238 3 61 209 77 57 258 230 191 216 5 22 100 174 0 184 27 197 266
8 19 56 162 176 266 126 82 93 106 64 99 189 200 160 12 192 127 296 234 180 57 20 121 43
15 133 263 64 155 30 192 159 223 191 83 55 7 133 253 213 170 88 0 106 109 70 141 81 223 179 12 227 296 26 11 104 52 234 7 164 124 13 271 34 210 170 249
46 229 164 32 227 290 5 260 101 276 134 251 62 58 179 54 250 34 283 272 169 267
136 18 113 170 199 234 251 34 280 2 189 19 165 203 91 244 266 152 95 230 0
162 196 299 32 27 10 96 201 259 177 115 167 74 89 182 78 186 98 46 54 148 253 141
96 103 217 263 274 66 102 269 167 19 271 71 219 99 109 263 247 144 171 283 119 108 253 127 256
96 226 9 58 117 73 53 198 144 239 97 232 96 204 188 14 98 6 89 179 30 42
28 169 270 281 46 117 292 249 135 224 265 25 49 174 119 57 277 267 186 210 233 188 179
101 125 223 177 58 288 93 48 2 111 296 45 264 81 33 257 283 12 240 213 253 237 215
89 226 257 288 234 104 165 235 204 61 16 241 82 155 255 149 183 66 265 50 75 25 84 171
8 32 162 219 122 13 151 261 287 104 100 67 210 233 148 39 23 207 244 54 226 285 53 153
134 258 0 89 113 71 11 232 131 239 63 292 251 261 77 39 126 95 220 75 84 38
3 14 28 91 150 3 17 134 190 22 50 93 74 106 26 8 54 173 82 271 133 131 297 184
57 156 231 234 258 269 299 141 45 183 182 273 92 113 180 156 61 227 65 1 101 293 177 19 40 147 137
153 251 293 116 127 33 244 183 111 154 80 159 168 32 188 254 256 294 258 34 220
123 217 297 207 50 189 219 45 187 268 148 18 212 149 267 288 239 108 112 87 125 297 22
50 95 99 109 256 289 240 196 64 179 178 68 22 259 61 176 89 187 170 264 267 127 243 288 29
100 242 133 168 297 98 204 296 99 283 159 195 141 149 115 261 154 6 212 4 112 32
16 44 102 163 210 221 519 124 158 63 61 190 32 83 102 123 151 172 119 171 197 181 145 16 179 87 157
65 207 230 274 286 179 256 204 187 125 265 260 74 228 3 259 69 222 196 107 186 79 109 86 129
38 199 49 20 103 189 130 30 134 142 218 225 26 191 55 101 105 241 78 23 64
121 147 188 8 249 62 177 98 118 119 104 128 274 23 206 230 181 77 76 234 248 66
27 48 233 263 25 160 202 210 257 248 201 46 185 297 197 83 96 109 187 51 89 243 41 52
61 221 270 274 33 67 66 28 231 74 186 93 8 259 148 81 263 229 291 98 122 115 107 204
69 172 267 96 218 221 106 142 23 186 297 69 87 181 289 127 79 80 54 189 257 158 196
161 179 214 245 252 519 120 181 229 170 70 278 129 178 224 709 296 164 214 233 130 191 525 56 85 65 51 72 150 298 42 210 265 177 178 145 153 287 112 135 169 200 58 158 222 229
141 240 171 275 91 5 37 173 7 282 284 68 99 258 133 52 119 28 278 153 249 299
175 264 108 244 37 153 168 117 240 272 182 154 261 189 242 32 209 158 118 137 87 42
112 196 252 9 253 210 100 285 20 164 29 174 276 279 26 283 270 78 200 139 46 158 249
50 136 248 34 87 235 214 27 163 76 208 75 162 109 119 216 239 151 290 50 241 156 259
0 76 100 269 202 250 33 9 81 207 242 72 185 128 233 274 276 36 57 253 103 188 20 115
67 123 124 151 275 708 133 220 41 264 290 26 138 143 208 1 82 77 36 195 235 175 106 66 99 223
913 12 26 69 179 272 126 151 34 121 254 216 132 290 259 183 113 234 111 96 146 120 230 275 227
30 79 202 89 129 124 217 297 148 281 197 240 187 164 194 274 246 283 215 245 65 286
45 60 101 277 509 91 204 267 62 76 230 243 130 161 66 264 525 164 250 56 227 823 85 134 65
157 216 11 279 184 227 24 167 284 121 4 220 261 263 50 250 257 251 46 207 119
13 40 43 85 519 72 299 219 191 155 262 248 199 187 242 15 256 72 708 142 255 124 272 744 74
165 187 277 233 218 73 225 3 236 195 232 41 268 216 89 284 27 36 239 111 189 106 25
977 127 169 202 299 123 226 182 8 204 53 192 115 11 74 106 190 268 235 113 185 244 257 61 156
14 43 57 168 196 183 8 103 262 265 56 243 17 37 260 5 217 163 54 131 126 184 89
25 17 115 208 47 61 274 294 113 153 290 119 15 87 133 140 52 160 744 195 241 168 325 64 39 61 89 77 114 294 99 226 296 285 243 158 169 166 298 187 57 8 110
46 153 251 93 279 121 226 153 43 177 168 112 113 184 185 190 166 213 38 115 138 231 110
1 95 170 188 263 273 136 256 15 243 241 6 121 230 74 82 286 143 228 137 95 63 66 219 154 284
37 99 121 0 271 14 111 249 73 270 24 222 15 1 124 145 263 134 216 47 64 261 139
4 32 68 136 246 235 292 263 175 272 125 225 202 149 255 57 132 143 161 114 131 206 282 178
74 87 99 101 43 251 178 250 295 152 148 293 118 220 253 259 89 107 132 173 287 1 144
44 105 233 22 154 282 80 292 211 179 180 5 224 39 66 130 76 81 106 82 153
174 187 189 203 261 12 230 270 140 98 54 297 281 258 42 128 95 152 53 151 167 117 18 218
27 43 186 27 273 50 231 228 134 293 37 274 262 29 250 93 208 289 63 245 22 25 137
13 91 186 509 98 136 97 204 87 1 121 147 237 295 160 101 68 264 242 96 224 21 281 215
29 100 110 172 210 270 240 21 173 27 200 290 190 261 131 4 135 199 51 266 186 32 297 283 220
110 197 209 216 237 243 136 188 208 87 180 60 220 183 121 32 239 48 252 174 148 222 102 126 254 187
79 156 259 254 4 78 273 100 13 175 286 120 49 296 125 199 81 261 41 188 147 227 156
509 96 164 15 31 219 5 170 85 195 234 299 68 70 150 47 209 94 165 266 235
97 189 196 221 273 82 42 48 30 21 27 53 89 196 162 168 0 95 184 246 110 106 258 68 119
8 98 160 194 227 281 23 142 194 278 185 275 110 52 100 199 162 220 262 198 138 189 45 72 256 169
75 111 127 160 213 48 51 123 60 196 233 15 214 293 82 71 21 9 117 295 84 58 53 193 264
72 91 284 19 48 68 58 229 238 81 8 219 57 263 299 167 274 147 153 20 235 102 249
76 137 3 246 49 285 229 25 254 296 40 104 256 162 77 152 166 175 38 91 260 290
37 61 172 253 275 9 190 242 156 140 208 138 114 60 6 151 277 29 77 32 145 266 134 74
16 230 238 35 16 249 26 102 182 221 76 285 158 126 37 128 179 103 181 91 109 38 129
59 122 238 267 168 20 52 155 207 62 23 156 256 237 174 40 246 178 258 206 277 136 169 19
254 54 162 195 65 246 250 253 82 23 107 130 242 299 93 261 267 5 295 257 196
29 121 203 225 256 80 77 74 151 51 146 252 285 289 95 280 175 79 180 243 108 259 256 160 154
4 13 52 208 519 27 108 293 3 141 38 238 52 192 49 132 223 203 118 83 245 31 139 43 150
977 122 297 295 53 196 82 209 239 290 137 43 65 86 121 140 120 178 182 33 19 189 127
66 91 143 276 162 112 241 188 194 199 223 262 251 292 144 3 78 41 231 87 113 189 137
174 247 291 77 262 245 254 91 203 250 191 131 52 64 12 74 229 271 72 222 144 193
126 212 295 7 118 105 294 94 29 190 19 57 218 203 21 226 219 110 210 192 104 253 174
30 36 115 287 207 256 74 238 199 6 198 35 164 150 233 227 58 188 290 43 28 142 155
1 193 225 163 72 129 177 265 282 186 106 286 198 37 136 68 139 7 190 58 238 152 101 206 110 19 149 70 261 209 210 160 166 161 186 197 291 189 198 200 11 20
199 8 72 218 44 85 156 289 112 160 165 79 32 159 179 116 84 297 123 119 30
204 272 93 235 299 37 175 167 129 249 277 212 111 145 268 298 54 16 263 179 20
5 99 132 216 26 142 166 112 297 213 6 294 280 70 34 174 0 234 243 141 227 255 185 159
262 247 0 275 288 70 227 94 66 237 42 260 244 90 55 270 85 295 24 281 183
79 137 242 59 251 24 150 33 232 87 180 115 215 297 65 200 88 114 161 253 72 75 173
22 119 239 257 21 104 0 71 88 10 228 105 16 86 79 215 147 34 6 266 114 259 192 32
17 23 219 276 294 509 170 212 106 165 236 132 69 121 120 83 40 145 271 295 171 98 123 161 79 217
19 62 126 170 213 144 209 78 148 173 186 126 241 274 175 297 77 203 194 57 213 236 80 268 273
91 116 199 232 227 21 231 294 35 264 252 219 83 112 132 116 269 117 16 221 282 91
101 73 140 259 235 220 236 230 255 234 274 192 75 145 62 265 228 279 158 213 141
43 77 124 129 229 51 283 97 16 47 225 148 205 40 150 239 220 119 79 155 204 123
147 183 204 82 92 67 286 166 292 160 22 194 125 40 202 113 181 142 54 57 218 279 35
139 148 197 258 275 208 170 285 117 162 147 56 297 51 21 57 216 157 43 176 144 111 113 249 96
26 195 219 220 70 112 99 96 272 175 40 144 223 256 260 287 173 167 288 160 235 36 294 87 204 173 99 8 25 103 202 231 206 182 11 222 246 124 48 291 232 276 221 247
19 143 65 112 177 247 120 167 174 106 28 276 115 243 170 220 180 194 148 76 262 122
12 98 144 158 293 41 67 207 233 104 150 54 123 28 191 93 268 75 173 256 69 24 216
121 265 272 274 276 296 68 143 95 24 67 158 45 18 155 106 196 239 166 4 298 274 183 153 236 42
913 7 282 251 223 284 226 51 65 161 525 823 292 130 191 227 66 233 264 164 56
70 110 122 138 225 160 154 264 240 173 141 56 221 47 183 159 272 29 164 103 51 14 176
80 112 11 47 168 238 246 176 195 158 208 170 92 189 213 118 48 277 129 50 33 215
7 118 270 62 226 114 86 225 178 253 252 113 176 227 238 109 169 135 14 239 147 116
22 190 206 230 219 148 0 104 206 207 190 21 153 201 247 210 161 75 267 6 87 102 49 145
5 151 118 103 17 80 183 99 230 169 129 86 276 148 12 177 241 235 123 25 42
101 238 258 263 187 216 157 96 50 141 81 264 238 274 156 75 66 101 253 298 225 180 288 117
255 283 276 250 294 178 96 286 76 65 249 214 127 234 136 277 293 123 222 73 21 4
977 29 261 65 168 293 81 251 152 239 128 161 224 122 63 291 155 2 220 17 166 18 0
14 201 220 259 264 148 83 219 154 98 175 99 285 141 218 197 176 249 113 70 129
101 116 122 232 236 203 224 154 122 151 57 164 208 4 272 123 242 33 270 252 238 20 166 298 291
156 250 509 519 101 171 125 291 11 87 107 63 289 7 272 264 94 195 182 3 59 129 277 119
77 234 295 274 123 230 259 248 236 8 148 193 72 271 204 213 269 264 78 210 37 65 23
65 292 45 281 242 89 128 97 12 278 21 140 18 144 120 188 61 39 42 211 264 150
20 90 148 509 60 249 46 293 68 33 165 115 275 56 269 175 198 147 15 31 233 39 34 217
17 104 208 86 247 37 173 201 22 261 36 166 181 70 209 177 76 56 157 74 268 235 139
113 125 189 230 170 15 190 181 88 137 217 192 171 73 90 263 215 145 189 251 25 261 136
977 55 217 258 285 85 176 116 30 180 235 87 94 39 256 140 79 118 299 265 208 166 204 250 157
913 24 33 43 200 244 186 93 86 257 283 120 268 108 3 27 273 73 103 62 99 2 50 291 285 133
202 275 296 186 253 255 46 295 206 214 163 287 63 251 201 127 117 139 136 92 233 16
204 254 93 24 32 72 251 213 200 186 248 190 95 126 202 0 147 63 293 180 59 166
211 282 19 130 293 49 96 57 182 117 109 131 67 10 5 170 17 207 176 250 97 271
13 256 237 173 61 269 21 125 6 236 221 247 143 158 289 207 55 214 167 277 14 157
23 42 54 153 192 224 274 89 68 12 299 167 150 74 229 159 117 66 78 0 254 125 87 172 140 94 235
45 262 15 32 260 122 175 117 94 125 22 6 208 277 52 254 98 167 162 130 8
88 167 33 126 191 185 226 37 180 25 78 236 293 149 146 284 173 175 17 164 114
264 282 87 187 246 159 66 205 88 180 186 222 49 153 112 183 115 39 287 116 26 31
34 42 159 254 102 211 145 129 273 206 19 272 289 227 16 85 215 108 220 137 49 198 60 12
27 61 65 85 102 212 280 289 224 178 290 36 215 82 139 294 40 241 265 159 195 23 169 76 18 51 58 149
28 77 107 269 106 144 204 298 163 27 79 135 278 243 208 14 65 283 141 74 287 93 284 40
2 262 280 44 59 69 4 86 157 196 94 62 46 99 77 227 263 61 15 210 1 146
2 41 223 281 708 192 120 55 139 43 236 147 61 58 201 240 267 98 209 165 123 31 124 186 100
43 103 242 72 100 231 37 179 121 270 50 42 31 79 287 180 155 95 3 63 11 14 57
50 65 133 244 10 104 261 157 228 188 46 2 156 267 273 291 80 139 207 218 136 260 190 15
185 196 241 708 247 174 68 236 290 47 110 219 195 100 58 59 190 49 285 33 164 139 197 282
6 23 237 281 107 92 112 140 195 257 138 36 275 106 279 232 90 123 23 102 292 170
52 203 251 120 74 229 81 4 123 183 54 263 290 72 175 30 12 161 52 237 80 75 209
50 183 257 509 260 22 0 2 124 99 284 1 204 180 195 281 81 256 277 34 188 63 240 128
20 69 204 226 291 145 47 37 48 298 85 11 140 272 253 88 219 74 217 274 3 240 213 128 103
132 7 152 248 18 226 27 59 162 228 192 285 135 40 217 125 112 70 129 130 5
31 129 173 199 119 68 173 34 97 237 122 116 133 57 89 46 262 4 131 134 43 74 215 20
209 152 73 221 50 229 91 88 66 69 74 101 200 4 246 116 249 236 255 117 169
63 141 233 273 202 118 187 63 36 43 227 129 2 182 265 294 28 189 148 237 101 107 59 147
142 146 114 81 195 261 138 243 69 245 25 266 71 168 89 41 288 98 5 227 24 103
54 194 227 91 277 61 45 225 27 188 205 34 219 217 172 168 107 148 187 274 176 294 44
913 87 120 296 8 248 28 233 241 130 266 55 167 101 84 168 88 1 64 59 5 222 172 86 94 293 136 11 77 126 217 174 140 0 262 221 61 40 151 54 228 285 259 83
9 49 99 147 129 17 31 39 216 252 33 161 253 5 42 43 113 11 241 231 259 147 49 148
29 62 158 289 289 256 220 105 296 235 86 38 200 32 61 153 115 201 196 19 237 149 189 34
45 105 162 89 108 107 271 20 163 206 119 187 299 151 242 30 86 46 162 181 3 290 166
20 92 206 103 121 296 12 286 287 16 203 116 20 136 178 148 32 110 240 229 205 298 44
110 157 288 189 157 86 268 231 230 243 264 201 256 137 228 237 190 271 205 292 102 234 297 171 179 15 206 153 94 56 238 283 182 268 199 29 72 245 247 4 116 156
99 167 184 232 297 87 263 136 186 120 204 119 257 243 299 234 216 219 28 57 40 23 68 108 209
95 121 170 228 266 202 94 59 71 165 114 235 52 163 150 124 113 111 125 192 87 5 44 149 261
118 122 147 226 298 64 42 3 205 58 43 242 216 62 159 51 188 135 256 155 95 28 215 101 23
36 298 230 47 187 140 75 170 5 274 6 200 226 144 280 88 194 224 239 131 157 188
270 276 285 179 218 250 76 280 212 184 203 204 8 290 28 41 167 119 122 226 118 193 74
913 56 100 173 4 203 248 250 294 96 32 63 44 49 256 258 47 171 242 52 133 81 88 72
913 69 154 35 45 5 182 31 234 212 61 151 253 62 250 216 21 30 218 198 75 275 24
268 237 29 8 143 7 154 70 60 155 156 42 0 90 227 169 66 179 100 277 187
43 213 257 167 89 70 30 273 64 99 185 108 276 63 194 148 59 26 140 216 230 168 282
7 154 202 220 250 237 3 0 15 41 139 296 286 212 294 128 279 173 285 164 71 265
