177 184 244 287 831 147 232 271 278 64 85 707 394 503 558 431 942 16 969 400 397 525 865 109 636 335 83 136 278 387 366
79 144 280 707 394 503 558 431 942 16 969 400 397 525 865 109 636 335 83 136 278 387 366
114 158 306 573 223 865 683 892 197 200 304 307 366 304 124 85 177 49 403 588 304 948
27 101 168 181 246 41 25 136 30 178 113 233 153 253 553 950 174 591 108 122 950 181 122 119 94 45 292 141 50 281 22 294 44 215 239 126 186 256 194 189 228 247 187
110 216 159 62 5 194 83 61 55 4 91 50 185 127 170 256 18 206 85 234 160 288
33 38 170 256 91 118 185 198 271 286 31 136 148 191 282 285 291 88 268 881 161 590 187 93 758 289 647 461 185 46
122 185 228 287 54 142 239 494 237 152 196 241 33 272 605 229 46 758 227 647 217 461 93 3 8 113 122 263 55 50 6 167 188 21 126 177 64 180 10 48 59 1 140 43
42 282 295 155 247 113 128 294 47 174 106 104 241 188 286 31 113 88 912 559 149 195 72 134 127
87 138 39 66 128 246 42 271 159 206 146 0 295 7 276 89 51 779 197 15 842 178 172 8 242 69 73 83 272 119 89 187 245 226 134 205 112 22 76 4 147 88
32 64 71 191 230 240 141 44 257 121 45 198 109 217 206 145 70 149 59 77 1 11 283 205 208
40 260 229 201 104 56 263 223 264 77 120 153 277 54 89 128 253 272 299 114 203 206
758 29 139 205 254 176 15 291 254 209 1 231 75 243 205 232 218 179 144 197 250 275 166 8 79
41 152 187 249 194 111 190 49 216 54 13 66 167 261 286 245 87 195 60 109 4 140 272 220
200 100 147 173 238 225 128 174 142 179 205 39 102 442 148 38 193 289 151 21 104 184 228 41 201 197 206 4 145 43 72 138 137 31 47 28 54 125 59 237 159
8 29 265 223 37 134 197 15 106 233 200 155 279 113 139 277 218 267 81 269 126 67 238
5 13 28 53 1 9 48 153 200 265 223 209 143 212 38 148 238 149 277 730 289 39 44 135 119 289 52 55 115 133 130 90 121 178 260 64 155 227 240 75 241 131 86 15
6 106 150 255 14 247 255 254 26 72 272 175 163 189 217 201 271 136 50 118 242 131 144 111
106 129 104 10 22 168 258 122 215 53 208 127 92 252 154 59 218 3 212 298 29 167
46 62 108 212 235 117 254 156 83 222 90 105 145 226 244 149 251 80 87 135 170 189 237 59
92 119 121 269 270 148 200 128 106 166 292 4 9 41 10 169 123 38 99 80 178 12 234 242 76
12 128 223 92 95 62 146 112 248 40 41 73 272 256 56 268 131 271 117 104 270 1 28
97 189 282 222 212 142 11 80 45 265 134 276 273 260 211 156 160 126 3 173 250 76 163
267 251 53 94 226 237 242 257 224 98 16 70 101 120 17 189 265 55 157 278 3
23 294 291 235 126 120 145 104 186 295 83 57 3 65 136 226 38 175 64 210 6 22
19 43 119 294 26 61 201 220 114 93 188 143 26 291 287 211 698 142 613 215 74 114 265 26
797 43 88 115 167 239 134 224 108 59 266 10 95 118 179 105 252 113 231 93 155
148 247 112 122 173 189 259 66 195 237 49 25 69 3 104 178 151 69 8 47 106 1 38 666 212 171 211 147 177 218 263 53 76 199 219 166 249 118 297 136 25 96 180 248 244
95 120 234 236 93 9 73 244 206 241 274 71 154 70 184 59 213 288 193 30 293 186 227 189
2 186 192 232 89 64 111 124 32 229 16 12 262 197 97 56 274 279 155 45 137 59 60 192
185 249 263 106 42 183 8 194 17 276 243 158 279 126 216 18 289 195 113 283 107 167 272
53 74 160 171 236 53 62 11 216 68 60 172 145 212 39 1 149 34 258 265 17 242 32 97
10 78 156 162 206 246 5 96 232 204 242 98 54 141 188 42 151 273 103 170 226 185 195 25 73 259
236 259 227 97 242 186 205 56 114 25 190 239 145 216 280 90 100 34 62 271 122 42
4 83 89 290 79 19 290 47 153 125 249 276 251 45 86 76 280 250 244 187 33 46 299 41
235 40 198 224 259 263 77 196 68 208 146 186 89 151 100 207 234 279 5 214 74
188 84 41 106 184 22 240 249 259 229 15 214 25 174 72 201 156 234 215 86 245
15 186 290 128 91 290 104 56 162 80 245 265 254 191 261 10 214 226 146 89 15 5 237
112 252 161 143 294 265 27 18 129 204 158 250 271 133 82 169 12 57 234 121 100
60 195 219 177 66 78 80 199 141 152 200 178 174 258 214 94 172 43 153 167 50 279 75
47 296 35 114 5 33 165 90 208 24 138 166 213 245 214 65 136 119 50 217 286 105
63 171 197 295 189 104 39 23 192 70 66 73 290 179 191 2 95 41 293 200 16 228 26
68 84 109 151 224 270 106 282 117 250 30 225 295 246 167 120 160 18 286 125 294 209 78 40 266 227
29 83 83 92 147 89 64 157 42 243 247 277 100 180 211 228 79 224 81 238 24 119
132 243 72 255 13 91 113 76 95 240 136 27 171 186 177 146 188 291 187 126 69 211
17 94 145 157 236 260 12 199 11 266 197 39 1 157 127 49 258 98 27 201 293 86 268 4 276 228
198 46 235 70 39 75 114 155 50 56 160 299 226 157 144 162 280 241 133 77 168
23 173 41 289 195 44 293 250 6 169 296 24 73 276 89 69 244 254 324 842 703 249 161 178 298 231 52 264 217 276 240 134 265 45 277 292 256 267 69 92 179 145 2 164
220 233 272 285 297 238 211 85 98 273 265 131 246 92 203 120 257 122 296 73 162 9 100 207 156 248 162 23 117 195 29 6 58 54 108 262 297 193 101 103 142 273
7 73 164 165 227 239 102 61 148 99 152 180 119 170 175 203 15 56 158 98 185 251 137 252 266 298
5 136 139 276 141 201 108 46 195 39 178 175 143 34 296 192 205 15 138 219 274 261 10 91
35 75 235 276 219 173 222 136 63 87 117 226 104 58 168 286 187 221 88 202 27 111 181 194
165 226 35 11 74 153 246 242 117 229 42 295 159 16 288 236 256 230 46 239 232 261
13 30 204 1 51 258 155 188 181 55 205 221 40 243 59 263 52 220 71 237 290 298 30
164 233 110 32 5 13 147 69 26 134 138 158 92 29 287 35 42 262 112 212 178 143
33 263 262 128 171 71 145 184 296 225 73 78 142 77 270 60 134 131 17 33 215 187
43 275 151 100 228 168 27 222 146 20 60 215 286 160 161 75 106 183 282 242 14 118
271 257 141 271 265 130 125 19 230 12 237 140 165 91 201 211 283 116 246 87 98
45 131 116 97 249 266 34 37 188 5 205 192 94 234 143 186 166 118 164 240 79
121 128 109 22 195 204 17 191 284 228 30 162 203 166 42 82 217 96 251 34 140 194
126 236 275 276 91 142 167 23 94 248 52 1 26 95 698 142 955 265 165 256 74 179 114 438
32 42 103 252 286 233 196 293 80 96 207 58 25 20 231 295 215 188 122 286 70 259 30 210 91
31 97 140 143 188 0 95 43 7 81 190 39 33 149 65 87 31 230 73 124 1 117 63 279 47
89 7 132 284 36 203 151 58 48 165 26 272 698 153 142 955 613 95 215 256 565
198 113 135 139 53 195 99 36 44 285 81 187 155 182 124 292 18 69 50 181 4
16 37 133 192 231 48 134 24 64 297 278 75 126 86 226 215 43 118 168 166 272 252 180 63 258
80 88 80 87 53 55 290 0 199 294 187 118 37 86 122 114 127 139 234 19 264 269
237 283 29 111 98 252 96 83 225 197 90 102 270 161 299 283 174 162 41 66 136 7
738 130 208 211 53 139 250 241 275 138 229 188 290 124 85 97 16 285 60 69 101 116 37
0 113 150 222 297 71 119 246 285 22 142 152 136 233 174 124 267 212 20 63 143 31 9 52
231 244 84 216 285 218 121 221 263 226 204 17 110 115 55 188 158 148 89 271 147
738 188 200 146 92 215 223 228 47 5 127 95 213 27 77 88 60 109 83 22 44 282 97
89 272 24 226 10 61 266 22 237 171 154 102 245 147 259 31 183 29 101 205 86 236
16 49 82 98 102 111 183 210 298 299 192 255 250 166 24 265 117 212 158 124 152 27 204 116 223 256 251
225 238 154 101 14 72 61 275 131 0 268 160 254 214 299 205 266 259 235 180 56
25 65 91 176 198 288 65 27 218 121 266 206 44 66 295 199 269 144 240 289 75 163 1 195 255 188
51 220 241 262 82 269 90 81 61 204 99 85 83 120 240 104 22 160 274 96 98
177 299 19 264 293 49 224 112 274 18 32 282 259 60 9 92 13 298 165 95 2 123
23 61 86 169 269 100 165 34 84 213 144 66 74 290 101 20 98 193 252 82 287 265 251 178 164
263 23 68 217 253 289 80 36 267 54 106 294 296 270 356 287 125 138 694 921 223 221 33 179 289 201 84 5 131 261 0 91 73 218 157 290 58 134 206 228 19 263 113 130 32 293 175 152 54 154 97 238 185 83 278 13 231 48 167 109 132
83 272 56 2 238 67 97 209 228 279 78 188 240 141 199 144 173 118 277 50 18 164
170 194 62 145 275 280 61 200 289 292 203 128 268 243 248 2 244 703 24 218 161 168 62 89 276 324 152 178 181 166 252 42 161 14 158 40 280 58 255 257 15 231 55 90 118 66
273 299 187 238 67 271 81 55 11 129 29 212 261 164 166 282 157 25 232 75 233 60
54 91 207 234 258 280 149 197 253 37 215 177 162 227 130 52 57 93 187 94 299 35 175 207 219 233 285 163 93 113 96 7 162 57 241 109 60 212 287 9 136 35 62 69 295 266
198 108 197 65 110 12 11 199 43 55 88 298 252 143 262 193 85 269 288 99 6
170 286 46 253 21 194 293 77 158 280 255 238 147 141 400 149 73 89 252 30 140 47
65 169 177 797 48 84 219 148 243 246 108 256 220 191 134 95 218 168 73 24 51 703 89 276 254 842 529
295 0 169 384 215 281 114 283 190 184 276 271 15 794 52 76 60 262 123 234 58 296 77 165 103 89 88 135 112 289 195 27 288 226 249 157 147 8 291 149 9
24 25 37 54 68 74 141 233 282 33 180 2 225 243 144 121 140 74 103 213 188 984 269 171 95 210 237 310 55 220 241 55 287 154 247 13 87 178 110 60 51 242 121 239 153 26 50 195 38 74 88
84 191 26 255 2 55 106 188 109 52 7 234 227 245 293 249 131 40 25 82 118
738 181 29 297 283 139 256 198 174 105 5 218 172 54 41 265 1 268 266 123 100 260
43 254 121 157 265 288 19 245 246 231 16 23 244 106 167 262 271 139 60 171 280 52 58 76 794 288 12 23 90 203 125 216 228 121 287 73 89 82 184 141 131 149 30 252 147 255
22 183 295 23 105 159 81 228 199 141 250 163 184 106 58 137 155 68 272 237 60 59 291
2 124 136 285 79 266 242 110 167 51 203 226 193 24 297 5 80 1 236 280 212 109 28
20 27 64 96 179 204 246 8 23 278 82 262 216 42 9 50 30 39 283 109 285 228 222 73 127 282
41 42 104 156 189 240 130 124 90 201 232 0 223 171 73 258 170 56 37 113 66 197 153 135 119 133
152 263 274 29 172 272 121 244 42 254 170 278 148 221 56 54 253 179 196 30 114 286 240
797 55 74 179 181 102 242 155 206 248 153 239 25 35 40 90 236 266 66 50 282 51 288 55 23
29 42 165 154 35 38 103 225 213 117 231 69 76 253 286 166 177 63 29 15 167 293
31 117 295 102 202 290 197 234 242 219 115 222 217 49 138 125 762 117 44 921 307 270 38 13 223 287 196 135 252 174 191 51 187 254 172 241 41 46 60 285 73 38 183 67 189 133
18 124 210 225 23 32 6 176 231 235 126 213 64 158 142 99 290 150 103 156 112 276 251 292
259 293 93 248 148 7 9 127 159 259 113 262 249 214 182 149 77 95 29 55 229
196 236 39 261 272 216 8 124 202 94 277 2 278 243 122 211 282 162 249 180 255 189
241 265 220 223 38 237 275 114 97 152 128 33 54 168 73 178 62 703 89 218 324 69 244 254 231 21 122 66 57 105 205 97 142 166 112 16 246 296 213 133 163 53 46 95
269 282 70 32 159 40 11 246 30 269 93 200 59 7 299 115 276 294 66 187 129
125 218 181 152 156 106 36 127 21 186 200 279 241 178 268 16 25 28 9 13 32 58
155 169 189 208 83 111 93 270 15 97 125 242 171 174 68 269 220 279 199 67 80 3 104 255
33 121 236 37 184 154 170 256 8 283 29 254 265 110 293 142 287 106 233 213 183 45 210
47 179 269 200 24 132 154 83 26 122 60 148 55 41 135 44 121 260 172 188 234 108 176
53 98 113 114 127 155 164 172 82 203 35 55 297 335 140 253 25 32 30 109 984 794 262 123 190 58 139 276 280 234 281 188 30 105 206 282 81 161 62 240 36 262 208 157 138 89 111 187 66 7
15 102 150 212 5 195 221 246 107 299 242 279 139 984 76 262 126 15 794 171 234 280 123 460 52 81 220 188 240 12 38 201 106 128 164 151 187 197 162 84 279 0 124 44 52
57 284 99 146 166 213 295 141 91 36 18 194 273 180 62 162 82 69 232 19 268 234
262 281 141 50 156 233 27 150 94 183 105 182 209 249 192 111 194 32 52 173 24 126
241 249 282 140 171 224 285 156 74 264 139 53 153 147 267 197 1 230 251 55 167 152
215 61 47 85 26 195 205 213 256 285 95 9 151 184 152 161 154 209 21 69 179 110 228 144 299 258 268 21 259 171 294 38 17 286 240 222 146 188 280 75 160
16 50 135 220 243 254 103 198 288 37 44 138 297 15 162 2 104 169 12 161 218 244 24 69 276 62 529 842 89 83 77 281 191 134 149 178 192 112 73 136 7 72 122 53 128 238 15 49 121
24 85 106 108 242 261 271 185 63 100 204 28 228 135 149 72 82 291 169 144 68 57 3 160 9 70
15 24 228 234 272 33 1 20 99 93 241 21 47 106 261 70 169 238 264 135 296 30 145 175
165 222 299 131 81 53 200 142 37 292 115 272 282 143 108 147 101 225 50 199 74 172 213
2 91 93 198 215 113 141 24 89 60 79 290 71 291 161 222 9 258 202 64 129 19 194 250
797 21 266 285 239 89 76 299 58 68 226 280 274 7 176 164 15 33 105 297 80 208 236 31
33 174 226 297 234 129 270 231 277 251 133 90 25 208 94 203 30 49 122 60 18 181
49 101 120 137 198 241 244 146 89 198 32 108 163 277 280 173 217 30 181 175 38 176 6 37 271 267
104 122 144 280 228 15 58 33 99 147 240 79 66 13 10 16 269 175 37 229 97 159 1 249
21 202 48 156 165 298 202 179 13 241 215 36 280 235 189 290 248 8 72 176 44 274
200 207 265 80 89 59 267 171 175 110 217 162 266 200 287 4 273 180 290 91 134 230 93
1 62 156 176 235 46 109 193 109 137 254 125 276 166 160 204 270 168 202 80 49 356 694 138 296 38 287 125 67 271 146 6 167 231 91 286 187 178 98 137 45 259 96 299 1 186 220 111
81 171 32 55 124 180 188 204 215 227 647 104 173 237 166 99 134 299 109 208 356 762 202 270 138 307 125 168 296 694 114 121 117 154 74 201 243 137 87 30 261 67 109 141 276 187 101 103 169 283
216 271 59 115 3 85 228 261 6 120 86 30 205 127 91 159 260 144 43 184 147
139 228 7 111 113 114 147 243 924 45 196 216 235 295 46 68 57 206 26 279 234 139 126 280 794 288 123 276 162 138 235 61 165 133 62 284 148 238 279 261 287 121 81 139 229 173 210 179
8 104 143 253 144 197 286 208 115 94 205 267 241 238 151 255 69 89 400 140 147 30 184 131
34 169 215 263 176 199 188 96 8 173 123 86 201 74 267 167 285 38 139 281 172 214 223
91 142 143 176 290 137 197 145 282 122 135 289 18 83 294 244 30 234 121 251 108 133 87 98
17 34 36 68 150 51 126 294 113 101 219 226 164 275 132 0 213 55 78 114 269 240 150 270 185
210 275 26 261 64 36 211 253 51 1 33 288 146 148 158 156 227 65 88 276 245 271 32 106 103 161 9 40 226 202 125 140 121 56 265 210 270 58 136 199 85
130 158 258 224 69 17 232 289 135 29 242 147 177 59 196 132 170 225 214 171 100 222 47
9 83 182 214 157 28 173 141 296 222 203 292 132 122 241 5 97 170 45 265 130 226 79 238
96 120 225 289 102 283 235 9 242 281 88 201 82 33 1 156 272 4 258 113 162 187 75 16
58 111 181 245 248 274 2 186 73 68 205 189 82 64 29 297 28 166 239 122 179 162 108 5 188 187
144 165 222 247 128 104 275 140 226 99 209 296 259 12 238 142 65 265 284 132 39 26 194 4
191 153 276 285 144 139 136 134 266 57 119 23 88 215 197 79 163 111 120 297 218
15 76 165 221 284 97 289 118 198 193 80 262 110 296 255 78 99 82 49 46 26 16 272 217 160
242 253 12 257 182 75 106 207 56 219 256 77 76 188 6 275 71 103 39 238 177 43
17 86 112 131 154 209 277 284 85 284 253 95 79 258 196 46 66 291 167 27 19 20 92 60 112 175 88 118
261 268 270 183 69 40 75 164 153 114 86 106 13 243 206 182 178 231 298 136 290 220 225
36 55 174 202 298 191 9 167 13 251 281 258 65 272 25 130 74 0 187 209 99 44 257 176 49
16 46 99 135 23 249 78 152 170 284 275 259 258 55 294 149 150 30 186 45 90 95 46 235
214 251 87 173 69 182 283 225 167 36 212 196 180 166 139 52 24 19 39 213 168
73 136 226 279 292 79 57 78 98 152 295 247 96 88 192 149 119 95 29 26 241 294 289 92
151 162 153 249 37 165 145 189 292 90 242 81 116 78 154 152 291 197 110 41 218 106
123 151 157 195 240 291 27 3 164 12 241 276 10 268 147 35 86 83 148 208 157 71 61 36 243 160
87 178 218 180 288 212 200 94 20 41 292 282 86 55 222 216 245 35 33 294 107
178 187 91 14 267 290 210 78 54 63 202 280 283 34 103 52 36 134 82 246 81
82 193 36 60 231 21 212 262 295 458 159 47 206 264 215 135 288 58 76 460 115 139 60 15 276 264 109 277 31 200 260 279 71 112 110 283 8 90 51 48 295 74 82 153 132
21 37 69 106 143 145 152 249 276 285 116 197 243 13 295 132 193 215 40 130 156 296 155 34 70 87 232 141 201 54
130 265 19 21 230 105 29 72 56 182 8 277 107 205 274 221 11 258 109 199 142 51 274 166 124 135 147 201 75 67 278 55 206 294 295 218 27 245 79 88 23 116
50 122 151 43 113 45 2 232 172 102 297 204 104 231 218 36 201 153 176 8 275 216
89 270 272 41 78 193 203 221 238 775 25 105 269 74 204 217 285 295 221 161 192 703 73 529 62 254 24 51 69 40 65 134 192 18 133 41 54 235 12 81 131 205 185 9 105 250 211 198 286
613 738 38 87 25 254 233 215 231 94 89 64 154 197 198 54 101 23 278 142 284 30 257 56
66 154 239 248 280 295 195 136 270 88 13 286 256 18 274 206 193 102 103 267 114 135 93 227 64
15 104 213 275 117 101 207 167 113 299 20 205 177 2 226 17 182 233 94 109 105 4 184
192 194 295 175 32 288 212 248 278 23 153 216 158 12 234 287 51 120 185 4 8 264 190
797 40 96 219 6 151 32 285 26 266 288 117 254 68 270 55 203 169 190 56 272 13 152
738 797 87 182 36 14 83 193 67 190 23 147 260 21 209 122 232 98 78 230 290 228 295 28
24 168 194 256 196 213 143 48 63 147 148 121 234 279 283 157 215 40 43 119 272 146 253 193
34 180 183 101 248 58 2 209 106 102 232 139 16 257 136 155 49 213 62 75 261 107 25
108 191 291 167 288 80 224 11 73 257 92 286 258 213 36 283 110 118 146 156 150 0 55
269 281 243 102 201 142 112 222 26 9 21 85 95 184 157 93 89 210 273 141 288 255
18 30 90 105 145 208 244 227 284 242 201 178 75 225 257 18 296 282 76 119 271 3 182 113 111 17 16
37 276 6 36 176 194 173 289 213 196 15 206 153 280 50 101 267 214 4 231 54
68 104 165 187 259 154 128 113 98 77 192 165 44 109 158 101 6 231 156 202 206 255 71 209 89
