16 86 870 58 77 870 85 398 577 300 900 186 181 156 598 307 558 563 635 583 530 290 352 701 493 817 588
41 87 114 179 276 398 577 300 900 186 181 156 598 307 558 563 635 583 530 290 352 701 493 817 588
10 27 31 135 83 201 613 73 75 508 156 230 372 729 723 811 380 145 269 145 282 768 324 282
67 176 127 152 245 97 32 266 177 276 210 36 281 812 321 302 625 916 683 321 171 748 263 19 78 73 160 72 110 251 27 219 210 244 133 67 24 69 241 268 4 280
855 113 188 221 776 11 285 391 120 158 220 108 101 144 76 223 293 166 263 270 711 58 557 28 239 12 230 871
147 25 29 56 207 215 296 184 284 192 296 65 241 121 662 184 478 193 135 237 947 11 151 1 64 39 68 13 138 222 294 283 177 77 57 265 46 215 175 178 106
201 26 55 112 158 137 178 185 188 66 202 198 282 28 186 30 562 642 122 376 197 40 26 214 289 39 276 66 275 74 205 160 157 220 298 118 187 243 280 113 43 165 103 213 106
44 263 402 214 210 136 111 173 268 294 279 281 50 66 167 159 274 184 95 70 261 135 265
10 26 160 251 70 168 232 106 132 146 90 98 44 294 125 286 274 191 258 131 124 247 12 54
75 145 299 150 22 16 148 203 141 216 77 72 212 42 1 18 52 179 66 118 136 29 239
220 225 244 120 250 26 91 7 175 243 139 9 18 257 173 261 193 20 146 95 159 196 47
140 197 242 244 49 185 198 296 295 28 223 266 0 120 270 91 159 76 142 116 22 103 82
199 224 232 107 273 67 259 68 47 253 137 40 162 211 215 103 78 65 276 185 145 205 1 177 127 250 84 27 288 4 40 235 284 56 207 60 189 194 282 63 245 240 299
12 103 205 288 290 237 214 91 133 86 295 59 188 276 277 119 60 287 150 122 169 292 102 213 36
41 197 271 269 77 187 277 172 55 90 201 100 289 112 258 156 282 87 70 275 13 111 5
694 164 221 203 30 88 128 5 40 265 252 62 29 24 118 276 61 73 119 162 242 26
22 47 178 28 214 216 76 139 200 135 105 258 246 38 252 23 2 42 114 197 278 231 14
99 131 185 245 298 36 122 268 235 26 41 178 193 100 31 1 28 98 136 86 66 2 206 198
29 191 210 273 178 20 50 63 213 155 290 209 126 261 42 195 172 139 72 118 113 277 296 17
17 101 119 200 296 236 95 150 130 57 41 121 202 118 180 64 65 115 19 140 107 219 207 99 24
95 136 241 228 2 44 151 21 299 83 24 105 249 255 110 202 61 56 173 68 55 215
27 294 221 112 33 151 156 13 277 4 271 187 124 32 241 127 101 284 265 238 167
253 282 92 40 212 142 200 62 277 17 48 204 166 43 160 214 27 29 294 180 146 11
253 292 167 227 39 283 63 174 5 26 205 102 161 273 183 165 108 147 22 18 253 262
33 171 260 15 62 69 33 88 110 12 280 9 174 297 221 172 268 270 101 47 171 104
0 71 216 181 147 53 116 164 198 176 291 239 242 250 81 58 188 150 230 40 7 294 128
261 55 148 89 113 211 224 160 175 24 30 118 109 288 478 170 169 18 115 73 943 262 180 232 178 8 151 164 23 51 148 135 3 242 198 45 43 183 182 111 116 82 85
50 213 249 68 141 202 244 239 164 114 26 130 43 93 287 251 140 208 716 297 254 332 247 104 265 217 257 118 95 10 218 210 44 203 253 187 275 131 226 3 192 242 241 107
44 92 188 285 289 176 270 214 284 8 279 112 99 36 215 280 296 18 52 154 82 236 189 102 209
182 23 230 186 209 127 21 91 264 299 172 227 286 4 157 259 59 55 45 199 167
8 51 192 227 217 113 102 276 215 43 185 58 199 294 173 74 31 84 127 62 24 208 281 144
63 144 168 227 275 77 5 69 64 219 2 107 41 129 169 181 83 224 121 3 139 8
46 231 123 21 45 46 26 107 261 90 184 203 5 188 269 233 112 250 185 34 58 147
145 175 51 83 161 280 289 224 106 24 280 36 184 3 716 251 144 287 247 528 140 508
248 13 195 199 14 22 192 41 128 197 26 252 203 191 219 174 151 227 209 0 17 92 12 146 282 27 250 264 72 253 226 95 103 179 221 154 28 231 10 144 287
563 167 194 294 31 263 285 3 110 186 197 182 232 278 35 115 133 62 32 114 13 216 297
209 176 217 12 43 173 127 141 24 89 232 7 109 45 253 153 189 299 4 204 241
78 153 196 16 58 63 127 37 267 56 77 260 270 91 7 72 21 182 135 221 276 135 289 111 166 73 266 32 164 216 19 48 238 243 142 285 223 53 292 2 251
56 143 195 273 248 160 111 272 15 143 154 0 70 135 64 183 193 170 134 25 297 287 125
52 96 251 88 21 198 74 49 41 113 8 250 87 193 90 147 124 16 212 108 157 275 170
2 23 199 208 69 41 161 274 220 105 134 297 287 219 9 240 190 217 42 14 84 276
23 37 94 163 211 257 96 89 134 152 71 63 75 156 258 2 34 64 277 292 216 20 104 77 31 275 61 122 19 274 96 6 170 270 111 218 195 117 106 20 198 279 215 5 220
51 220 232 283 288 17 290 159 235 146 219 208 54 245 200 222 231 197 51 203 275 97 20 232 82
133 175 266 182 206 20 76 11 216 89 38 209 223 270 241 292 154 193 295 146 181 297 53
177 282 15 52 244 252 269 25 58 232 238 65 178 8 189 280 169 217 183 223 267
209 252 274 271 87 192 41 274 296 221 266 72 260 256 281 159 223 166 15 30 258 178 253
50 54 130 279 79 11 208 243 170 295 155 174 238 159 183 294 149 77 189 56 76 83 126 201
821 129 145 290 220 93 165 190 47 199 4 57 76 299 0 99 137 171 96 251 250 39 69
93 178 147 106 240 81 85 105 198 189 2 11 6 223 9 5 196 159 3 43 158
79 89 110 186 270 289 137 210 238 0 122 169 141 43 241 163 118 131 283 130 112 274 81 248 299 61
55 191 146 34 241 182 52 221 152 162 118 205 74 262 100 36 202 8 277 29 218 4
16 20 122 157 123 156 261 49 152 277 30 68 195 189 27 192 910 821 890 198 35 205 265 95 213 19 91
22 89 250 295 41 157 282 84 123 265 962 58 286 270 187 258 14 940 239 557 267 138 260 147 194 235 131 84 106 281 115 122 57 214 198 32 247 222 195 125 220 61 90
22 289 102 44 19 278 135 290 34 247 114 185 214 271 165 59 22 125 167 133 205 6
10 299 90 192 54 261 97 123 78 58 269 243 265 156 103 215 281 31 141 155 253
131 131 190 139 222 246 140 50 99 95 143 259 17 201 127 203 114 276 64 249 21
105 163 177 299 288 106 178 75 261 80 63 112 58 228 11 29 174 201 217 123 139 77 86 165
71 159 193 99 292 202 27 286 82 241 135 217 182 290 188 5 293 57 14 44 26
129 159 261 11 22 199 54 26 228 171 279 229 223 272 178 106 217 112 158 253 264 165 30
2 18 186 23 64 199 265 112 111 163 145 25 29 213 138 116 286 237 278 182 56 243 108
42 79 156 258 203 61 171 165 282 258 224 51 121 75 10 62 34 150 1 179 13 146 89 147
19 137 153 50 109 253 235 261 70 288 62 43 148 174 167 278 184 25 151 298 212 135
184 293 108 80 174 167 1 185 189 5 557 267 298 14 239 286 260 270 29 68 991 235
168 213 216 261 97 110 294 184 40 93 66 276 247 99 845 85 131 478 248 274 160 77 78 11 163 88 9 67 124 240 269 165 204 279 16 0 6 66 191 61 209
50 85 155 218 234 253 53 188 33 239 91 249 114 156 211 51 141 17 150 208 290 247 203 102 63 221
694 28 145 178 334 180 147 295 223 115 0 264 9 245 281 226 17 188 21 158 183 54 29 227 72
127 134 201 215 127 46 277 51 214 69 227 232 55 269 73 117 34 96 93 124 53 135 229 20
19 170 240 249 9 211 58 49 269 75 112 229 285 90 177 238 270 231 146 113 114 262 41 84
1 185 282 275 132 259 217 251 101 76 232 79 85 254 80 278 185 47 237 137 175 158 134
16 283 200 299 22 163 84 245 114 53 179 149 117 257 69 137 196 109 121 244 251 139
16 59 200 0 143 272 6 82 10 71 85 210 147 174 107 220 127 70 190 94 146 95 262 16 182 180 4 127 2 91 293 200 138 253 256 72 35 84 17 172 175 150
48 81 233 93 136 211 297 49 142 20 167 3 53 146 59 176 65 102 64 153 236 19 97 110 249 206 239 86 181 138 134 198 199 71 237 203 184 195 257 158 95 207 78
11 182 185 20 254 217 245 296 293 257 95 219 61 189 11 182 138 84 107 3 119 226 253
536 19 28 89 117 273 44 294 131 50 137 23 203 38 198 277 174 162 278 100 46 74 164 235 122
174 219 141 181 155 197 136 292 197 10 141 104 99 626 172 66 99 845 248 247 45 85 276 271 187 2 189 202 290 133 55 16 177 94 182 258 190 71 6 91 61 200 49 288
536 55 135 3 85 66 161 288 15 195 16 260 99 74 192 236 210 86 147 216 284 32
7 111 217 222 238 270 173 1 99 61 231 255 82 44 152 260 149 92 258 145 12 232 244 87 41
33 14 15 157 198 229 77 206 508 213 299 136 49 12 131 296 91 890 748 205 94 910 13 19 95 53 245 110 162 90 279 20 114 39 161 165 14 17 186 7 243 272 217 66 36 249
2 37 50 59 31 181 46 258 67 144 252 42 137 128 225 206 179 183 68 229 235 273 182 131
4 213 240 241 149 292 294 66 27 49 22 215 53 58 213 13 91 910 890 19 180 53 265 35 748 159 95 127 61 263 91 181 121 296 227 177 8 167 119 256 65 299 108 14 21 53 149
55 65 276 258 69 114 272 192 103 160 76 216 102 169 190 290 30 81 130 186 23 59
15 96 132 211 178 45 236 228 33 246 96 160 81 287 27 149 82 232 183 151 19 50 241
141 205 266 283 132 80 193 285 292 138 128 168 191 86 36 126 296 6 180 294 189 169 111
78 275 101 249 299 210 198 151 254 15 229 38 134 233 267 216 60 259 110 152 51 166
137 178 214 279 293 191 80 71 165 291 244 49 39 17 97 21 246 61 48 110 268 45 89
96 278 92 25 240 93 104 271 224 291 170 221 87 206 65 209 42 266 130 289 58
27 195 226 266 279 175 275 92 136 224 158 161 252 3 86 263 55 251 257 139 20 178 204 52 164
86 152 283 122 235 73 234 92 89 206 56 203 50 238 266 59 7 233 36 47 228 126 135
27 95 136 200 213 241 232 92 245 79 1 276 119 97 69 55 160 138 67 128 87 248 11 208 83
206 206 218 218 95 280 218 190 184 49 895 251 24 247 140 104 716 367 508 883 172 508 190 143 51 293 218 21 74 229 270 146 151 145 58 280 292 247 262 282 156 264 106
142 153 243 28 86 241 278 112 285 45 232 4 174 36 271 123 214 191 225 187 106 79 136
185 202 217 277 181 267 93 52 228 1 233 143 218 106 107 205 251 297 37 61 152 141 211
62 146 180 147 124 295 266 84 33 100 199 160 85 107 57 273 90 73 45 113 294 194
821 3 106 150 29 62 140 251 296 52 188 299 201 234 128 170 8 144 254 508 208 895 883 140 251 287 247 172 716 198 27 40 285 110 260 272 122 219 4 224 176 253 81 148 121 183 58 201 257
80 146 225 281 15 5 278 103 72 130 272 294 42 85 138 24 241 157 173 276 1 254 234 190
40 278 119 206 248 159 65 50 259 86 132 73 282 118 295 67 164 169 135 62 200 109
6 90 125 150 139 68 297 149 144 148 213 100 50 172 47 165 236 279 234 275 64 117 238 182
78 90 160 232 270 8 2 123 228 39 60 4 171 264 267 59 131 297 286 130 241 63 96 211 216
536 20 250 31 167 558 247 181 271 122 211 17 260 239 267 68 58 270 14 940 557 187 235 71 47 131 182 169 107 98 299 144 252 191 40 142 272 52 91 94 108 89 215
71 120 134 24 245 84 100 216 182 9 243 139 85 13 177 155 284 187 111 108 77 49
13 66 84 73 82 143 40 109 223 153 47 261 231 221 150 166 190 156 266 135 244 216 106
252 284 285 61 257 118 167 260 191 212 158 626 74 258 657 147 161 255 97 111 117 176 470 162 43 93 2 55 89 6 44 291 165 35 182 285 216 280 189 276 13 233 31
28 237 103 170 119 10 248 154 246 157 132 187 100 234 20 45 240 28 122 198 188 80
87 124 161 173 6 215 292 185 154 278 245 291 231 30 204 192 289 72 117 209 193
235 256 271 140 218 265 26 57 261 279 111 131 50 159 92 255 657 74 626 97 161 156 111 470 147 410 59 61 54 250 178 44 66 154 252 146 256 232 265 198 169 196 48 292 80 57
28 70 86 107 279 121 113 9 285 60 240 162 143 111 249 241 230 45 210 282 189 288 170
289 21 124 112 218 240 203 293 230 9 201 227 265 121 41 231 284 193 144 97 186
132 157 178 213 207 228 69 166 297 147 258 113 197 107 98 177 38 59 175 267 187 16 60 172
163 190 252 297 173 131 215 149 174 42 239 200 55 159 175 9 294 229 75 128 88 130 15 230
29 48 272 292 269 204 72 18 209 95 231 168 224 280 139 294 232 265 299 59 288 78
41 132 196 77 61 166 144 28 249 215 57 101 223 70 268 104 96 39 252 48 160 179 80
31 135 61 99 27 136 198 163 267 150 271 557 258 395 235 5 138 962 940 260 286 239 68 14 37 131 230 139 263 153 57 177 50 113 128 8 29 6 200 223 54 59 103 239
40 45 148 164 12 236 166 45 136 56 73 71 243 299 126 277 44 183 42 146 196 54 186
694 117 201 216 123 95 203 227 293 287 2 180 215 155 45 233 16 125 202 113 232 283 75 159
121 151 291 293 184 151 66 174 55 189 155 110 142 11 108 70 271 299 62 123 32 45
694 821 42 52 80 214 264 295 180 58 294 203 202 258 148 21 105 217 272 237 86 172 257 5 293 222
185 268 281 282 124 53 122 145 278 281 205 244 33 165 63 160 39 147 13 216 238 143 218 45
66 88 216 219 23 37 197 288 17 55 162 73 28 2 159 120 176 270 938 294 17 191 0 657 871 128 151 239 115 297 161 26 150 147 252 59 254 49 199 104 97 113 228 211 234 260 50 78
6 148 80 129 292 118 242 61 149 138 14 210 102 126 150 75 171 238 72 99 115 104
18 36 38 128 166 225 258 153 138 28 268 217 77 160 34 240 36 234 273 96 71 47 86 236 276 165 293
74 258 38 247 269 26 119 230 242 126 266 91 54 210 273 143 241 180 219 78 284 145
164 268 237 84 92 62 209 180 129 276 275 26 197 200 265 35 277 184 91 172 47 28
821 97 219 110 260 253 172 105 7 125 273 148 131 60 277 295 227 190 36 70 275 126 97
694 26 129 274 50 2 200 91 162 255 141 80 173 207 113 34 262 95 3 67 88 211 242 184
212 10 110 185 55 236 260 87 279 267 89 299 31 32 174 48 109 125 9 180 179
821 201 218 229 277 131 95 119 170 295 62 50 149 168 249 1 78 29 163 71 177 69
148 157 163 282 251 16 1 65 263 275 76 3 159 23 175 124 162 182 232 260 66 290 45 53
821 47 75 229 47 146 299 166 70 225 147 254 200 102 78 107 133 285 105 210 250 83 244
536 40 72 821 37 69 215 25 263 171 274 128 100 68 5 258 298 14 29 270 557 395 260 187 79 248 192 30 29 148 177 134 60 293 156 92 48 40 287 296 109 170 47 186
16 67 84 96 117 215 70 236 20 72 63 192 211 84 85 73 3 203 112 241 8 156 37 173 179
12 48 249 226 85 61 0 137 144 23 245 269 176 73 194 76 175 282 223 151 42 25
5 46 174 52 240 210 196 148 82 85 298 222 280 57 117 53 276 244 247 135 91 4 62
72 166 176 191 250 161 265 181 152 238 163 37 127 291 19 154 155 235 90 25 210 270 124 296 271
203 120 83 156 287 124 262 193 172 64 173 260 290 208 60 118 195 37 212 102 35
63 64 197 246 299 176 207 253 115 282 83 46 270 266 288 101 168 140 139 294 167 155 7 87 160
85 129 220 224 262 16 21 93 131 252 135 213 120 62 18 50 187 5 29 395 14 68 270 239 58 235 991 260 144 22 298 133 50 130 209 170 79 7 168 63 47 154 113 11 72 186 26 23
536 142 153 162 270 258 147 29 179 195 257 2 237 148 104 125 284 101 154 31 248 233 276 56 119
128 187 292 153 152 35 126 23 9 137 257 220 294 169 210 44 141 166 49 223 178 43
145 15 25 45 196 213 115 209 233 210 172 246 85 57 252 97 90 136 104 139 129
56 221 131 38 57 85 71 190 31 261 103 44 111 226 230 253 145 150 90 187 161
69 86 105 241 96 263 16 27 129 178 106 299 48 35 296 272 25 211 240 183 262 192 45 59
536 821 19 153 252 274 298 299 224 80 204 70 40 279 249 176 161 271 246 142 7 258 298 202 209 10 187 172 108 213 177 100 182 127 222 72 230 122 4 149 45 173 196 267 274 34 120 168
44 23 88 234 182 211 29 61 30 180 222 16 290 51 113 258 70 133 117 59 162
242 272 234 206 251 36 28 176 175 162 16 25 98 275 156 236 293 207 89 78 34 10
110 134 235 254 269 8 171 188 51 287 296 223 138 38 191 14 153 205 265 180 821 213 159 244 296 748 198 91 246 52 108 126 38 228 271 59 125 299 37 161 164 83 152 156 41 209 283 242
216 260 157 33 75 216 175 208 141 227 257 283 76 90 171 2 207 60 42 291 276
15 183 104 95 33 194 117 112 74 269 221 120 87 155 244 278 259 97 175 19 3
101 106 292 124 15 68 281 14 67 149 80 280 130 33 6 157 253 257 283 267 241 187 8
47 56 127 136 249 289 205 230 3 185 27 129 53 177 32 226 235 30 13 221 181 207 165 209 97
12 176 230 234 145 29 12 146 36 59 198 209 153 141 142 162 33 92 180 289 293 133 123 26 200 214 19 110 256 272 122 222 199 175 75 39 118 31 141 149 38 295 174
821 20 141 101 63 53 147 187 148 86 254 27 45 42 239 212 84 299 47 224 99 242 34
52 177 269 139 168 192 234 88 102 144 150 181 204 182 129 216 253 37 34 90 219 938 165 227 128 191 74
203 30 131 296 209 95 256 35 277 3 73 718 29 45 99 66 478 85 99 276 131 95 159 3 219 158 100 17 67 217 179 233 50 52 96 230 246 43 144 111 231
95 158 164 174 267 210 76 85 165 136 4 126 153 92 119 283 75 243 99 238 102 45 223 182 111
146 191 129 274 277 291 86 64 207 201 75 122 25 92 238 236 118 91 93 243 18
134 227 191 169 116 245 97 104 112 149 88 257 249 83 213 175 212 266 107 253 146 292
83 195 211 235 96 42 55 14 180 97 139 144 163 140 51 33 134 165 269 12 141 296 3
47 292 294 11 77 193 169 239 61 218 116 132 152 263 204 75 205 86 2 164 121 81
536 135 193 240 290 137 298 246 269 154 52 126 241 91 193 268 142 130 94 162 16 86 96 64 275
104 165 81 225 51 117 105 20 252 88 199 194 161 227 231 233 292 133 172 29 6 164
121 146 156 229 536 246 293 102 292 79 279 129 9 95 269 172 271 93 66 85 274 73 718 276 478 99 248 219 59 223 135 183 101 64 267 128 42 199 285 244 226 148 282 158 296 143 218
41 130 262 67 180 250 207 249 153 278 95 53 12 200 3 127 194 274 212 216 16 276 213
91 110 122 132 536 96 122 197 295 4 124 229 97 813 106 223 51 142 175 152 19 150 10 508 576 448 823 227 295 124 12 229 43 35 247 101 132 244 31 189 123 34 88 221 79 252 276 133
177 206 253 275 122 117 214 269 180 210 281 56 105 54 148 284 211 98 118 100 229 9 293 159
123 132 194 220 225 290 10 192 255 265 60 30 190 122 246 249 233 51 508 823 159 218 10 576 46 35 131 93 111 195 217 84 151 200 9 109 128 97 194 48 16 15 56 274 112 234
