3 31 98 136 199 700 51 109 110 251 289 381 240 136 281 6 18 219 99 233 28 77 167 19 33 164 204 24 109 206 142 144
96 185 1 93 160 264 534 695 560 36 698 105 788 240 931 182 132 10 643 18 969 72 603 577 811 724 142 112 2 30 120 27 249 223 285 265 89 205 57 92 234 79 4 250 180 213
54 54 113 128 149 196 143 271 63 174 5 24 163 48 165 41 179 150 60 246 199
14 105 179 60 277 240 144 15 186 272 101 123 51 298 252 69 216 139 143 25 258 75
66 124 136 174 381 77 51 211 299 65 4 276 72 145 284 291 214 78 30 131 297 120 266 86 279
69 248 209 14 205 59 86 152 227 239 154 24 11 249 287 171 136 139 289 108 54 238
124 136 207 190 19 95 107 247 227 149 166 31 261 116 125 152 44 197 170 18 233 217 106
31 34 76 89 131 189 192 171 132 13 266 50 168 9 299 288 57 183 235 140 87 20 56 150 226 94 65
3 104 135 152 202 122 157 89 177 225 243 165 268 232 194 26 12 163 217 236 102 61 120 287 62
20 215 196 191 132 220 266 189 277 127 248 249 195 106 12 269 179 272 146 104 180 102
59 119 53 159 248 90 81 183 176 70 127 115 29 131 105 256 272 223 230 40 252
211 259 154 211 84 198 241 203 236 123 143 78 129 250 164 134 64 294 40 38 201
63 115 130 137 147 161 196 25 293 163 270 33 209 20 30 237 167 107 40 137 4 244 31 89 101 73 112
52 235 239 276 11 21 6 41 225 10 289 283 274 138 57 191 84 33 236 67 96 218 9 3
36 48 97 130 241 207 274 144 219 234 30 138 75 98 293 51 251 187 185 4 1 23 286 35
25 51 72 157 233 271 247 244 109 72 250 182 270 128 88 97 33 287 282 245 135 264 44 229 230 3
65 156 256 45 273 211 245 91 215 220 270 169 213 85 121 181 129 264 63 5 146 70 24
106 174 297 165 259 83 126 141 179 99 122 264 9 107 102 15 104 216 205 66 138 236 89
22 123 158 204 222 23 227 257 207 11 14 155 3 178 51 24 113 105 247 196 72 66 232 77
250 293 245 228 131 212 181 258 239 157 137 16 221 143 213 282 200 178 190 227 188 87
51 100 196 214 283 240 101 228 59 265 88 273 183 200 48 150 219 42 18 274 235 64 60 110
45 145 216 103 276 213 249 295 71 15 210 41 233 298 296 95 160 57 4 277 247 127 261
36 40 54 108 112 178 253 273 78 209 266 137 116 258 232 162 74 282 285 158 9 123 105 136 270 40 201 292 292 17 171 274 277 208 29 9 226 140 153 232 6 203 102 260 89 213 204 49
115 136 139 254 276 265 221 33 19 114 78 266 176 178 204 154 201 264 38 32 181 175 287 53 155 155 17 250 61 183 39 57 99 45 146 273 113 226 236 272 36 150 96 136 234
80 152 142 39 204 15 80 261 90 49 229 130 195 108 7 158 120 298 265 60 59 179
111 156 168 260 281 370 52 110 289 298 284 57 87 231 293 288 270 85 142 276 75 291 124 186 177 1
145 237 10 212 50 129 35 258 189 183 188 286 284 88 19 185 3 37 56 186 89 156
46 92 117 297 281 66 189 185 153 193 57 28 251 277 71 2 238 231 243 110 298 120
66 291 64 252 209 218 230 18 273 256 39 40 231 191 201 103 286 154 227 228 27 50
41 195 214 17 181 25 168 173 289 105 136 275 28 129 203 153 161 232 225 155 192 211 212
145 288 257 295 123 184 193 67 259 58 55 109 173 223 285 78 82 205 65 91 263
122 257 264 128 65 8 285 120 124 289 11 60 153 102 211 160 185 45 170 138 12 114 64 264 297 269 274 142 12 288 279 95 164 163 200 148 84 54 0 51 223 9 107
47 82 149 213 194 251 41 51 102 195 65 193 119 81 76 31 270 114 149 246 93 151 200 204
39 46 64 148 178 299 234 285 185 291 257 238 53 175 139 189 140 76 154 296 129 101 217
6 278 172 112 81 88 5 166 104 6 151 279 69 43 237 214 56 102 20 22 267 224
109 195 208 247 218 267 173 207 93 264 45 168 61 50 20 158 36 288 257 146 191 81 116 284
12 221 187 212 75 286 299 104 130 61 241 252 183 87 253 191 165 239 101 30 228
21 89 216 236 278 283 263 129 91 242 231 266 204 108 238 14 291 179 67 99 104 55 136 20 297 100
61 98 122 298 205 282 158 140 115 61 242 209 269 29 148 243 84 6 43 195 254 266
91 104 169 229 8 150 102 180 44 275 72 145 43 87 89 13 46 96 142 11 285 280 182 194
113 149 267 269 262 170 149 153 276 33 54 156 217 151 137 158 47 130 227 71 254 188 292 164
84 159 127 144 6 234 165 32 41 151 107 75 125 284 202 88 62 157 1 185 207 14
235 245 280 9 43 40 63 230 200 21 190 268 53 16 142 253 248 247 295 290 179 20 273
69 179 218 265 197 268 160 133 260 35 217 188 74 212 159 230 285 149 91 192 218 261 189 121
5 8 210 299 66 141 84 50 159 115 108 58 299 64 249 157 222 298 145 111 202 282 97 73
69 249 275 222 120 22 171 162 272 258 79 231 213 32 23 140 254 235 127 288 206
36 259 233 255 85 38 92 52 93 94 133 4 183 140 155 228 29 166 124 45 125 290
38 79 150 249 127 235 97 244 277 70 85 50 298 49 232 296 55 206 279 89 139 113 290 236
61 230 254 175 198 293 98 77 291 174 87 280 94 76 56 207 246 266 46 66 65 111
34 36 56 148 240 224 250 14 213 165 128 87 293 65 201 286 16 268 77 99 151 247 80 185 47
2 114 132 239 280 249 29 285 216 272 132 34 120 245 40 72 221 214 30 287 45 204 171
63 261 138 140 218 0 132 97 78 222 260 46 274 243 276 228 82 7 50 148 238
41 53 164 221 262 169 99 20 289 250 235 120 230 189 202 88 275 57 24 226 47 112 286 137 0
11 16 19 23 90 249 88 8 106 132 131 61 212 98 119 160 241 36 63 226 120 129 0 69 162 128
95 143 176 224 233 66 288 112 223 27 172 267 116 173 135 159 19 125 263 258 154 232 297 26 35
18 75 192 243 199 5 242 272 172 187 190 271 221 125 107 138 285 179 208 167 0 155 68 217 199 76 270 185 247 278 54 293 228 37 208 153 58 170 20 268 13 286 17 168
105 172 199 245 56 15 228 251 129 63 18 83 79 153 232 12 4 234 147 125 174 73 0 133
103 122 214 11 111 265 21 95 129 192 276 19 232 153 136 46 58 250 291 283 276 105 307 148 73 8 240 34 151 203 250 7 257 8 210 254 167 12 226 207 21 253 121 97 30 169
83 112 8 291 156 266 77 60 259 226 287 228 0 104 95 34 261 162 197 267 82 24
62 123 140 149 170 176 188 219 283 152 244 209 156 191 88 134 63 290 220 97 235 55 174 148 272 3 1 75 54
7 24 257 141 17 147 106 126 233 172 173 218 196 58 47 291 39 86 210 75 178 105 21
96 141 199 279 296 270 134 218 219 206 155 93 10 184 67 58 168 6 147 64 182 13 188 104
240 222 66 165 5 296 214 114 125 255 277 101 259 112 102 230 103 172 194 130 57
142 193 265 251 147 248 222 116 31 255 200 49 69 257 89 173 48 96 239 86 188 87 29
68 253 180 61 125 243 196 187 156 131 206 59 250 223 1 126 254 31 214 4 246
122 142 172 250 280 3 138 182 115 268 287 88 270 103 124 296 11 168 106 198 40 261
176 231 101 233 23 30 123 5 62 282 117 25 207 244 141 280 273 166 216 268 55 138
102 250 42 137 98 276 151 117 283 73 296 122 123 41 108 191 198 218 250 156 288 96
30 66 72 83 127 242 212 118 31 89 173 175 63 80 296 215 36 222 220 13 26 5 162 159 106 190
4 102 128 195 212 269 288 21 56 15 130 289 235 85 100 101 210 63 272 249 182 27 170 238 115 26 258
42 139 155 162 43 248 288 56 129 53 169 132 140 251 229 297 234 264 218 78 121 31 160 224
67 223 107 295 272 196 266 187 5 254 8 221 134 108 184 194 30 27 209 139 82 186
32 111 187 8 135 138 43 35 257 49 248 11 3 33 189 276 111 17 249 216 188 166 219
27 41 206 136 249 172 245 103 173 13 190 25 149 4 281 61 50 217 76 64 214 195 91
22 37 105 270 191 256 43 179 268 97 207 152 45 16 168 260 287 62 245 271 122 199
25 43 192 281 285 2 154 128 96 209 56 232 25 169 73 91 257 104 218 13 130 206 134 87 236
44 139 200 167 114 90 46 278 289 188 55 163 97 222 251 268 257 70 56 299 67 291
181 293 54 59 89 86 241 102 167 114 141 233 236 188 155 290 258 159 219 173 237
31 111 180 295 277 266 29 288 103 44 41 109 92 203 104 151 155 113 80 52 58 30 189 216
42 103 214 240 123 242 289 182 197 294 45 1 160 19 158 110 12 64 137 104 68 174 2 67
161 107 183 19 181 102 236 135 16 238 119 48 154 213 288 11 76 104 127 184 28
23 112 167 132 53 130 213 13 99 25 235 111 82 149 38 69 135 177 173 196 273 261 77
27 34 157 67 3 93 183 56 259 50 276 184 269 158 199 212 121 94 296 265 105 119 14
8 68 158 259 291 6 222 150 28 9 10 268 152 135 216 86 251 269 157 239 66 113 105 291 245
208 299 190 141 92 126 49 31 156 30 94 4 211 253 27 296 252 93 3 112 10 39
156 169 201 241 230 110 52 236 24 51 145 109 18 98 181 138 60 38 96 15 72 95 161
17 186 261 21 46 253 215 45 0 102 20 202 208 79 89 82 252 22 203 113 162
24 155 240 276 55 288 95 25 154 179 279 33 142 129 94 257 250 136 298 241 201
11 62 274 249 289 116 106 187 184 178 183 231 151 219 279 66 205 161 201 11 210
1 6 44 285 128 294 49 217 175 151 203 296 12 137 11 146 183 110 131 184 219 178 185 115
203 270 287 221 118 114 58 39 214 268 210 298 225 177 87 125 5 18 94 60 33 148 190
20 96 277 168 273 69 112 246 184 151 51 145 1 3 195 289 211 52 166 0 201 18 68
33 92 103 268 294 33 210 221 288 253 85 92 273 224 119 239 208 95 16 115 238 83 211 58 171
11 96 173 250 11 157 92 59 289 99 148 19 234 182 168 276 163 198 253 231 8 28 295 110
120 147 162 87 24 236 234 267 182 281 95 176 155 156 3 48 264 269 178 81 14 8
142 32 220 370 16 46 165 176 282 174 65 166 220 115 287 26 307 73 276 92 182 105 38 283 140 62 240 70 91 12 65 161 159 94 231 9 79 92 136 154 87 20 119 248
1 58 179 194 280 155 127 49 46 111 123 33 288 56 163 34 24 219 180 103 129 197 92 72
2 176 239 220 221 91 8 200 271 116 59 223 224 178 235 186 117 46 128 150 33 96 121
206 4 116 195 29 246 179 117 220 97 42 290 192 34 190 208 258 67 268 210 206 115 271 125 87 227 181 262 95 7 118 41 160 171 106 274 257 71 36 177 52
83 120 48 199 250 1 54 164 52 187 180 269 178 236 181 203 121 163 282 218 190
14 213 291 51 176 224 155 210 14 95 123 7 141 257 74 79 164 24 2 21 81 171
13 143 238 47 114 53 201 55 137 8 221 73 243 113 228 214 14 224 240 282 193 246
151 188 135 244 217 36 30 228 249 86 21 105 112 181 34 208 47 264 188 265 93 103
47 251 265 189 151 193 132 76 130 200 98 100 36 8 32 63 84 109 221 48 247 27 144
47 79 91 110 290 291 231 262 219 41 30 205 57 174 118 182 245 10 95 168 91 181 251 238 237 281
137 145 84 154 6 271 253 294 163 71 80 131 279 103 136 179 251 69 173 3 219 284
27 106 107 150 177 171 227 214 73 146 143 250 2 148 66 104 180 147 169 22 245 155 84
36 108 276 36 86 82 2 3 122 181 193 164 111 126 259 256 170 166 182 218 76 4 137
11 41 66 67 173 210 218 297 111 36 240 168 52 289 146 228 209 55 122 19 183 3 76 181 220 27 44 203
34 39 295 122 200 186 124 244 77 255 27 53 103 76 48 41 238 228 220 140 252 73 173
180 274 288 297 232 168 217 113 106 243 225 107 253 271 254 268 137 2 139 155 52 249 152 41
5 194 215 288 59 117 217 299 213 247 114 43 100 3 211 91 170 253 296 54 229 259 278
173 187 19 237 245 215 119 286 40 32 20 216 261 223 207 127 37 200 123 145 249 186
70 129 177 271 78 21 5 110 199 30 190 219 117 147 69 182 268 61 52 176 191 272 68 244
15 65 68 187 201 237 137 123 200 242 96 74 143 201 103 52 164 230 36 83 249 1 295 156 151 220
87 223 121 277 215 9 201 166 132 179 137 147 74 84 114 73 56 233 155 63 164
41 82 147 165 150 200 12 266 158 265 177 28 76 251 282 81 296 164 175 68 43 238 129
23 206 370 242 87 225 40 198 183 232 116 199 13 233 136 3 14 45 286 251 197 68 32
72 114 60 115 172 285 43 88 209 181 60 34 28 99 291 38 92 105 307 73 148 215 276 255 8 26 199 205 76 19 221 258 186 231 74 268 97 298 117 294 274 177 124 175 217 0
63 143 190 280 299 6 68 241 222 225 66 140 18 152 215 141 97 53 226 132 22 165 161 197 280
247 2 131 50 11 47 87 93 65 182 267 180 150 258 206 261 46 254 32 10 79
25 112 106 282 72 251 237 179 299 259 162 278 51 41 209 217 270 163 293 225 220
16 64 72 295 1 6 205 181 152 60 190 126 179 21 90 255 224 59 172 15 102 51 233 169
7 8 110 131 135 176 217 108 66 284 276 81 72 100 185 247 129 5 166 60 2 232 43 18 186 159 113
238 163 257 217 66 190 96 286 125 177 4 261 240 108 28 16 129 141 131 298 272
49 186 173 147 208 131 84 272 247 65 180 273 52 36 194 170 31 251 231 108 133 287
17 32 140 166 234 278 108 114 262 157 273 108 281 98 215 293 592 870 294 59 80 150 535 182 406 105 17 96 11 282 87 132 242 194 14 223 94 292 215 6 296 146 291 72 186 248
36 95 71 93 92 250 142 173 234 48 154 42 282 104 64 21 148 243 162 221 295
26 129 84 100 208 48 5 44 204 218 130 248 180 11 161 86 83 39 75 147 181 229
199 202 280 3 298 223 243 143 258 109 279 111 73 91 30 269 106 33 124 296 81 146
35 49 92 94 120 151 256 65 117 176 16 155 12 42 116 115 192 215 187 282 34 237 101 81 283 85 136
108 122 2 171 262 288 1 129 294 133 31 142 160 8 215 213 104 126 59 199 25 57
257 108 200 1 173 220 73 268 278 143 36 170 248 158 290 15 92 151 67 7 44
22 30 92 127 220 204 254 76 62 251 220 167 81 69 201 45 234 4 157 78 22 71 55 88 92
66 208 213 261 107 30 126 160 57 199 48 226 51 146 170 216 45 100 77 99 257 181 15 151
56 132 167 281 266 274 15 177 30 284 32 156 281 118 83 235 176 113 197 150 258 132 259 229
223 246 168 103 115 294 44 215 207 213 231 279 51 255 205 170 49 164 148 88 243
14 28 136 155 276 14 288 33 107 57 173 242 82 22 238 122 210 271 145 296 8 102 290 204 283
46 122 155 241 181 220 266 288 263 34 30 115 39 143 2 93 159 43 8 110 65 270 128 228
20 106 197 214 243 271 213 140 82 190 194 285 17 225 257 91 145 275 124 280 182 76 75 147 41
187 114 81 49 212 142 151 7 299 154 79 143 273 218 220 291 183 214 277 168 91
62 127 135 267 285 161 188 159 27 199 135 288 273 80 49 99 24 98 166 20 200 269 123
135 147 9 47 244 29 195 297 268 18 159 55 84 209 211 290 189 273 45 69 135 164
136 177 165 99 61 103 280 270 251 226 167 150 15 55 4 149 42 2 276 244 175 246 79 21 91 236 208 148 255 127 39 78 249 218 6 13 251 276 72 226 43 248
43 92 144 270 228 169 257 137 245 289 100 293 229 269 114 106 33 261 205 49 222 168 250 226
249 50 145 224 209 120 297 74 18 93 34 160 139 27 211 122 8 16 272 298 177
117 35 270 81 178 15 20 27 257 102 83 155 245 105 61 82 233 84 33 236 75
58 117 218 290 200 204 64 198 97 85 125 197 5 207 261 158 228 51 215 12 293 105 232 79
220 274 279 12 232 132 54 201 245 63 11 21 47 178 187 241 45 139 127 297 264 221 171
98 259 237 181 161 293 200 78 170 82 86 50 207 104 219 128 100 177 212 176 199 2
98 173 267 151 193 249 294 70 164 8 173 159 282 240 197 28 154 171 295 188 220 64 236
115 148 214 245 275 28 141 190 203 271 293 163 212 41 138 211 97 167 265 117 870 972 183 536 576 150 656 535 105 406 59 181 146 179 248 162 226 282 278 230 38 246 238 41 191 147 49 71 178 115 259
43 82 178 209 251 18 283 294 179 160 82 50 158 109 175 55 193 152 43 116 245 240 2 146 21
179 125 21 30 71 208 65 78 69 264 99 97 278 246 111 190 150 181 9 247 226
48 209 234 298 139 137 260 167 144 0 252 254 273 193 293 262 117 199 215 69 203 133
68 204 230 243 55 90 168 293 241 266 125 267 9 286 180 167 231 224 269 88 32 171
25 139 167 271 108 219 100 185 113 227 20 204 274 298 215 247 259 294 34 44 273 78 52 107
20 45 58 98 100 280 25 32 120 12 14 77 138 242 262 11 59 254 20 36 102 150 406 293 536 47 535 592 179 11 150 28 298 39 197 35 68 234 7 169 291 120 122 121 175 149 251 171 193
58 299 222 122 12 193 213 92 258 61 164 108 211 127 74 235 296 212 34 90 178
202 274 40 5 24 79 132 209 277 206 286 253 4 57 68 93 237 149 263 66 190 297
14 40 45 209 243 179 147 271 268 221 114 213 224 155 200 240 4 76 178 287 161 281 184 290 148
189 229 85 245 7 43 166 79 268 154 214 163 233 103 102 58 298 80 210 199 266 93
16 53 183 190 221 211 52 31 9 83 216 55 113 190 229 1 110 225 79 280 182 248 155 73 269
51 69 72 203 142 241 85 287 189 276 268 123 219 245 215 106 38 105 26 307 148 291 182 283 145 255 54 3 44 273 149 146 71 109 33 9 225 151 85 228 6 226 159 22 127 281
64 119 155 176 7 278 235 106 205 143 79 82 48 181 189 270 22 167 191 84 290 192 138 97
3 222 209 273 77 82 170 145 290 112 163 153 289 116 249 108 168 240 109 206 2 21
64 117 141 50 258 114 204 6 235 238 32 206 74 271 145 195 256 16 104 245 100 2 248
24 26 109 257 176 215 51 256 101 294 211 56 72 155 263 251 6 238 298 209 188 296 278 167
232 224 274 65 216 173 91 83 277 250 174 145 148 99 70 106 212 124 35 46 59
85 116 262 24 33 172 40 149 95 279 199 111 126 88 232 121 218 236 200 272 114 103 297
50 257 370 106 81 181 17 243 234 74 265 18 151 41 76 266 269 44 56 206 68 287 118
99 110 232 49 370 26 93 108 139 2 21 165 185 131 23 46 63 149 823 233 19 218 227 159 508 69 67 231 276 140 40 111 183 228 212 287 130 217 265 39 76 65 110 275 295
265 208 233 170 145 231 186 182 70 117 816 20 213 141 17 106 11 51 199 327 1
151 152 184 115 0 282 242 195 140 164 136 176 170 27 66 78 55 119 196 143 174 122 83
199 236 139 254 135 269 126 70 248 266 158 210 21 19 283 92 200 260 1 44 107 148
10 16 104 111 141 180 226 39 193 101 36 104 20 205 214 137 118 274 257 38 269 49 11 60 19 83 197
66 111 186 213 224 135 94 6 121 178 199 271 289 57 69 210 235 180 287 54 116 196 78 44 32
6 149 257 275 250 138 222 36 8 103 183 266 155 93 219 282 47 46 88 286 95 121 194 7
131 135 162 165 253 115 297 220 188 189 204 171 241 67 229 293 145 10 12 26 151 245 255
77 209 221 296 160 68 183 29 118 263 184 281 39 229 133 125 37 36 203 86 191 271 173 66 193 188 298 204 250 212 110 202 84 90 240 148 94 283 103 253 228
2 68 138 213 97 289 209 18 261 186 109 17 129 59 217 192 110 150 288 232 151 154 15
67 84 110 258 136 0 10 105 231 63 22 259 275 119 238 188 28 257 71 176 114 181 216 54
