52 93 104 117 118 196 85 9 119 187 264 339 227 66 835 379 797 470 865 924 225 577 562 493 99 395 948 180 854 456 694 130 152 42 265 139 46 123 121 97 182 114 172 87 19 81 234 127 73 57 45
969 143 214 288 390 236 83 290 8 22 281 284 148 63 122 177 134 129 79 54 239 74 202 114 172
70 390 74 33 165 279 145 229 81 245 69 230 146 106 70 221 77 170 201 132 294 152
779 131 282 390 68 267 132 21 16 284 30 74 212 157 187 224 84 20 269 283 265 12 46 62
80 158 390 392 295 268 274 76 264 55 235 35 261 62 21 42 33 148 266 172 1 209 8 28
120 152 163 123 23 202 211 210 208 162 148 104 16 281 81 221 270 257 150 35 149 146 190
158 180 293 124 154 97 227 2 252 193 169 85 290 232 70 235 196 216 74 201 36 199
657 23 37 86 167 176 66 23 99 8 243 81 110 253 224 241 275 122 128 133 21 141 242 26 148 200
137 231 90 272 150 280 170 126 68 52 65 118 17 83 196 155 269 70 261 283 296 217
127 231 244 65 160 283 138 241 27 88 58 11 97 130 103 218 122 271 294 151 239 251
225 241 295 253 278 114 64 215 261 43 268 164 91 13 55 190 232 53 168 54 252 110 142
106 44 292 162 291 75 179 227 139 184 233 128 273 205 118 182 61 99 109 3 299
51 289 105 128 74 38 133 217 230 249 94 72 138 8 101 182 257 70 292 164 122 96
29 153 181 164 110 129 126 289 8 190 194 293 140 76 122 67 46 35 147 165 6 173 269
24 220 9 48 226 258 54 25 246 173 157 260 76 93 131 88 238 106 211 239 182 90 186 13 194 267 8 254 239 200 78 187 60 176 106 159 290 199 50 223 241
39 104 144 228 112 44 191 122 161 151 139 63 243 293 90 216 124 149 87 145 196 82 22
3 70 77 91 160 250 282 13 123 67 44 228 260 217 207 269 263 258 82 216 134 230 35 175 57 84
259 185 81 209 8 234 165 26 9 17 208 84 104 253 119 10 105 218 7 109 59
27 144 124 150 36 296 77 53 268 60 218 241 226 78 196 1 67 8 118 266 287 61
115 256 123 111 109 160 241 240 203 275 133 295 222 92 219 27 233 260 38 227 225
69 272 251 279 269 81 172 226 212 25 104 17 284 31 186 285 6 52 75 288 227 199
38 76 165 270 46 187 224 44 214 114 37 219 72 73 232 251 28 101 22 66 64 175 266 262 4 266 59 253 203 37 190 43 75 157 29 5 148 83 100 99 150 227 247 183
266 288 662 6 237 282 0 94 255 138 165 111 117 163 1 93 235 91 106 216 286 255
0 177 178 250 279 23 128 191 239 208 202 275 104 89 1 93 127 222 4 77 115 138 255 182 163
245 268 269 295 242 40 39 41 81 64 54 143 249 208 116 141 185 92 126 20 61 12
72 98 217 266 247 68 72 105 185 197 158 193 84 171 148 290 110 170 99 296 18 233 190 278
5 83 103 0 194 197 266 61 181 69 27 18 29 30 77 48 68 171 296 16 148
165 270 145 217 236 109 21 188 249 268 152 13 69 89 233 19 155 71 262 84 74 170
219 288 27 246 108 251 220 169 171 283 182 88 288 194 144 114 93 94 216 260 18 274
172 69 236 154 125 229 131 119 208 25 235 51 23 45 174 145 192 53 247 244 265
210 100 32 217 189 201 88 288 17 176 161 16 14 54 275 245 293 242 182 164 175
81 187 208 226 283 293 136 228 198 259 54 123 187 258 1 287 169 0 95 209 159 40 110 256 66 265
21 36 98 162 233 141 170 119 129 96 276 245 283 246 202 137 15 36 41 110 290 117
50 287 199 8 128 293 103 266 287 262 286 268 210 182 76 42 71 47 150 107 43 258 87 118 102 194 11 112 272 6 109 274 64 57 233 145 82 267 183 197 124 245
29 280 190 219 21 45 292 28 48 256 214 265 199 47 175 295 140 147 129 74 49
9 112 231 233 244 253 127 211 100 0 284 143 208 221 295 128 34 164 109 47 185 20 190 138 246
99 121 19 76 285 20 258 73 298 198 140 212 275 185 196 49 59 1 236 160 295
15 50 129 230 88 155 246 170 255 192 180 101 124 119 143 24 287 258 106 265 55 235 0 48
53 208 249 297 119 164 242 237 187 7 222 52 59 259 6 114 41 102 251 83 40 117 267
22 39 58 59 78 174 207 282 117 27 15 23 24 284 255 236 216 238 258 233 186 257 262 248 295 145 297
10 73 130 244 240 22 207 226 37 21 18 115 16 166 157 85 118 295 0 112 287 24
50 175 231 296 171 128 37 262 76 212 80 259 150 157 209 102 235 251 257 118 219 292 126 229
47 115 41 130 28 42 76 164 122 214 208 55 123 118 134 119 215 254 187 72 284 61
56 81 168 200 123 238 101 295 272 192 219 266 177 140 31 279 76 259 52 213 261 33 10 29
138 170 163 291 270 128 83 77 108 242 274 161 23 33 281 261 286 255 41 71 225
3 197 287 252 210 25 57 295 177 2 125 7 124 5 100 203 41 106 98 296 202 24 179
168 188 235 246 157 171 229 292 57 241 26 183 166 208 185 105 165 192 96 67 257 123 114 18
18 43 82 234 20 37 145 162 62 136 55 97 282 64 178 69 50 130 206 114 217 95 26 211
13 14 71 103 216 297 156 288 226 298 40 98 106 97 131 17 182 238 177 11 75 33 217 127 264 50
134 257 0 233 166 8 179 289 117 20 51 80 286 192 2 214 204 86 138 152 195
42 198 6 56 45 98 249 245 277 211 34 97 255 131 199 13 110 283 51 80 168 204
228 249 293 280 20 190 120 26 47 169 261 157 221 154 243 36 188 95 27 185 62 263 216
43 177 245 285 78 120 70 24 1 71 38 248 108 151 136 185 59 157 216 12 278 118 3 267
75 85 234 133 159 290 264 41 188 94 99 278 72 81 216 84 275 245 191 217 108 3 296 102 174 0 100 217 4 285 266 249 79 198 29 165 178 67 45 255 135 88 105
62 111 160 128 40 94 208 6 64 294 15 198 16 299 181 260 72 154 194 201 131 278 245
151 205 221 99 10 30 63 97 191 90 280 200 17 217 159 203 202 243 41 7 209 279
230 295 230 12 204 257 117 233 20 37 156 242 134 42 161 264 88 112 254 146 143 187
221 289 12 31 209 239 20 73 232 90 211 23 180 192 262 13 97 299 285 46 118 288
140 166 259 169 45 127 35 227 130 149 97 133 82 44 150 179 157 220 94 6 100 106 42
17 68 102 148 185 215 283 292 295 224 269 49 197 60 45 118 186 27 30 165 205 147 151 170 87 24 34 268
169 177 186 254 257 245 119 249 0 159 198 230 88 273 5 133 12 99 139 292 279 267 56 75 124 15 277 189 89 230 111 143 299 88 196 73 13 214 104 34 161 106 185 162 155
1 13 51 72 157 255 226 53 90 83 154 51 31 163 117 48 295 158 70 275 251 261 114 97 188 39
5 98 262 90 95 80 271 191 101 17 208 276 298 100 136 195 287 1 180 64 38 105
26 224 246 181 52 241 133 279 51 192 5 13 66 32 277 31 209 278 77 140 290 12
14 135 220 271 143 216 288 91 262 41 168 278 83 255 178 103 58 138 39 146 197 105 281
129 296 51 235 149 239 277 178 41 187 46 122 243 81 289 143 227 269 32 283 230
161 178 255 293 129 156 127 280 219 220 95 44 165 182 175 104 3 167 80 143 152 184 112 251
21 53 98 155 48 189 113 56 69 37 89 77 116 28 264 94 138 249 174 108 25 268 40 101
10 44 249 274 29 237 57 176 199 88 225 296 16 205 227 133 89 132 6 87 187 12 126
77 95 205 221 32 34 160 298 295 221 203 180 212 79 234 279 188 3 166 52 42 115 127 75
166 233 104 158 115 277 186 154 85 234 138 163 282 293 23 39 212 202 225 136 295
65 107 136 147 218 123 78 297 48 101 228 193 182 13 43 11 224 207 144 164 19 46 3 80 83
283 115 146 70 278 285 246 204 105 71 178 202 237 244 297 272 52 242 41 10 135 224 243 132 139 274 253 61 280 225 216 170 267 20 229 150 32 122 116 157 193
49 92 119 247 166 144 79 91 120 81 251 1 107 285 6 46 110 213 197 185 142 89 103
45 64 70 83 178 269 24 232 173 30 234 139 3 262 294 283 240 112 157 43 90 0 247 163 126 49
204 213 227 253 219 203 182 218 91 78 202 287 222 238 179 171 73 198 40 51 81 117 62 208
136 167 49 203 273 16 241 135 275 295 58 262 124 18 170 293 8 42 169 5 298
128 271 150 215 96 154 214 152 296 133 275 175 239 68 1 281 174 97 17 45 145 144
9 233 34 134 236 204 91 232 102 190 92 258 156 181 198 274 59 136 123 293 141 246 220 272 274 199 250 68 83 195 137 243 33 286 275 260 30 223 105 113 230 245
43 97 177 392 17 185 136 74 145 11 165 83 59 279 15 152 73 134 2 176 190 130 220 76
146 162 251 277 72 25 228 27 208 242 9 141 31 167 170 158 77 124 87 220 142 39 17 202
78 290 10 121 266 109 225 274 158 223 988 25 105 68 189 264 237 142 49 703 45 48 10 81 32 234 83 142 117 37 156 101 8 250 267 289 266 108 248 193 278 72
121 134 188 167 56 50 11 23 151 123 281 270 8 201 30 5 190 46 143 259 33 291 197
152 218 5 42 183 265 251 167 243 34 69 80 163 295 47 263 226 138 240 89 12
39 90 97 109 166 262 267 133 49 258 289 70 146 47 89 13 99 123 281 84 196 291 85 109 255 12
17 241 234 178 214 93 283 162 261 208 132 62 146 201 155 280 212 66 56 206 27 30
20 39 100 167 214 195 99 147 160 27 282 164 283 48 294 176 184 202 2 163 265 247 281 91
16 80 207 240 172 231 81 135 234 2 49 118 43 63 61 107 22 57 122 62 121
38 88 122 199 234 242 30 72 147 95 204 80 20 186 75 254 98 272 180 162 291 21 163 168 251 103
12 15 34 70 221 181 74 269 192 32 66 180 270 217 281 6 177 289 40 184 230 171
222 236 266 171 34 203 131 226 234 136 7 235 198 29 174 195 237 181 22 133 159
29 58 166 152 96 132 134 13 29 273 192 277 136 218 222 62 3 223 241 86 279 72
286 65 102 291 4 244 294 157 94 20 235 285 254 211 180 40 0 209 131 260 271
56 80 146 246 170 260 130 274 75 80 89 256 139 180 237 281 169 10 35 188 171 235 108 208
31 109 238 249 257 28 108 31 274 166 81 296 248 224 169 89 22 264 102 282 11 142 95 67 114
47 112 255 217 242 46 63 64 39 187 293 195 172 82 137 296 154 259 271 10 52 247
47 69 154 201 212 248 267 259 131 222 28 177 205 22 50 43 169 32 154 90 272 41 232 129 25 7 260
190 195 231 274 24 146 121 264 160 148 213 68 285 176 101 179 218 90 46 41 130 117 278 248
123 210 265 287 182 217 110 30 12 123 185 38 242 55 4 193 92 90 141 67 234 198
197 205 227 230 247 137 25 269 46 209 295 133 279 7 195 83 214 271 87 30 38 220 131 231 226
31 47 269 171 261 61 84 101 252 34 8 231 223 129 125 212 66 240 217 185 299 257 276
45 271 73 166 20 32 170 90 80 154 283 185 104 190 125 208 18 252 272 295 289 191 175 187 29 133 213 288 86 67 268 166 55 215 269 139 275 170 63 117 247 100
7 19 191 266 92 170 185 279 256 253 283 7 155 275 201 11 173 84 109 276 23 250 288
26 81 171 246 271 190 196 154 261 269 134 116 213 191 66 39 41 88 129 163 188 209 91 263 135
13 79 216 220 299 30 180 22 98 181 76 2 39 133 57 218 24 8 155 64 35 15 99 109 232
220 239 264 150 219 232 31 166 46 6 51 111 201 208 260 69 85 4 234 236 189 8 5
140 161 171 259 106 17 128 139 79 244 208 102 135 190 4 41 72 92 43 113 100 85 153 279
18 45 72 85 270 98 58 250 40 35 108 210 146 26 191 59 87 20 277 8 227 282 138
90 130 198 210 212 240 270 147 35 121 148 87 131 282 247 31 24 253 33 166 272 123 47 299 139 171 269
156 200 232 251 286 290 121 99 183 238 56 236 166 18 126 136 213 90 42 298 123 134 295 95 71 59
96 219 185 283 48 254 162 27 252 24 26 294 257 299 193 220 144 111 275 192 169
24 181 293 161 211 160 107 28 30 90 181 40 259 253 114 54 77 243 274 22 139 128
256 271 266 127 48 30 89 130 35 62 166 234 82 193 190 247 61 198 268 169 142 128
2 4 32 108 159 203 256 103 227 13 11 80 193 228 131 162 216 222 205 291 182 12 218 91 210 178 38
49 134 294 196 4 233 279 217 138 59 274 122 43 128 0 85 290 276 204 182 287 135
96 138 162 264 297 104 160 71 233 168 130 269 102 242 250 144 46 159 214 65 28 154 257 8 80
1 11 88 137 120 55 228 132 85 18 56 244 90 275 62 231 108 279 181 185 106 176 183
84 282 15 9 229 250 206 234 264 70 290 51 44 274 255 191 28 148 239 58 215 276
53 107 138 172 220 108 238 164 93 15 37 185 241 130 281 80 278 181 118 126 82 33 147 89 32
33 190 78 230 232 67 245 193 17 167 150 63 6 25 243 203 27 47 277 30 92 169
24 27 46 71 223 193 47 209 109 210 128 271 111 192 213 298 67 187 161 282 70 104 98 54 183
5 158 205 265 268 181 62 280 290 47 84 208 1 136 194 291 70 243 23 220 100 78 102 284 126
15 54 58 147 184 103 178 185 99 65 226 7 287 102 127 206 258 247 202 223 286 297 249 166 200
97 141 183 212 209 275 245 291 60 261 15 36 227 255 109 281 168 225 167 166 92 70 259 77
63 193 213 250 101 48 42 124 188 298 172 161 17 249 122 222 135 26 12 46 150 82 140
48 59 284 297 178 254 42 205 160 152 151 122 67 290 299 51 89 293 239 9 141 69 192
74 179 203 222 272 250 69 87 183 18 213 192 214 145 120 202 156 84 196 197 127 167 263 31
105 207 274 265 75 156 219 25 191 133 88 0 260 30 223 11 51 47 298 299 33 230 21
239 258 75 212 232 35 141 128 58 62 171 23 208 147 253 269 20 284 203 37 262 90
5 115 147 178 392 205 206 227 93 196 167 201 52 16 242 289 30 126 26 15 124 203 106 9 221
16 158 296 168 252 19 260 220 101 35 137 11 223 66 187 265 208 25 257 237 41 110 32
17 130 206 227 249 179 107 8 217 165 39 119 162 73 281 197 192 116 282 248 285 228 12 200 155
55 59 168 219 287 114 160 233 239 83 80 6 101 164 248 277 157 182 124 201 260 122 184 34 2
148 152 273 133 107 138 125 274 73 116 287 260 179 293 286 197 249 142 191 26 101 105 205
228 232 285 214 204 72 125 289 140 203 295 282 55 165 256 68 100 135 232 5 180 27 56
2 9 205 232 36 266 8 179 165 195 145 191 37 62 131 85 113 43 91 184 188 14 126 98
203 37 35 200 75 68 165 131 124 199 79 158 20 113 210 52 299 73 129 96 179
60 74 83 150 167 263 262 241 257 183 175 71 195 152 231 233 272 147 27 33 26 42 265 31
57 139 194 250 82 70 117 90 183 101 200 226 154 22 155 65 256 97 30 245 201 56 40 67
14 63 19 242 236 222 76 140 1 213 41 107 53 165 257 27 223 50 212 281 64 267
34 36 50 155 299 392 164 145 134 197 94 185 274 235 231 33 293 47 129 161 65 237 45 39 50 16
131 265 12 271 160 42 20 15 54 299 86 13 3 216 159 164 199 286 45 282 113 128
32 198 270 272 287 388 187 105 138 229 295 294 128 72 145 42 166 100 123 36 157 122 188 64 284 47
69 76 117 118 96 201 295 5 245 39 258 77 219 264 215 105 168 4 220 216 28 20 275 91
176 211 216 205 28 158 189 260 70 246 108 234 110 268 218 41 111 74 156 39 188 231 201
81 126 214 136 0 73 176 264 110 124 54 62 98 205 231 111 291 276 204 33 195 290
111 128 145 196 259 268 257 147 116 247 237 235 201 88 245 190 15 187 234 75 142 95 194 143 5 108
21 23 118 127 233 216 3 63 148 152 49 93 88 239 102 132 297 285 159 291 71 42 11 85 140
187 294 207 182 217 243 160 35 203 235 132 99 240 118 248 51 126 265 238 1 96
5 19 99 150 169 244 239 241 21 294 84 217 183 263 261 169 250 180 150 228 33 182 198 224 276 281
141 148 171 223 163 39 209 274 228 181 279 216 204 231 113 271 143 46 59 90 4 202
12 119 121 138 270 14 150 149 38 278 169 283 291 148 132 122 66 106 99 183 268 184 219 180
84 107 117 160 41 210 2 270 27 58 274 174 15 64 56 101 204 165 196 154 61 14 120
92 99 123 193 41 163 185 25 158 279 26 240 169 217 205 116 254 142 106 124 105 52 3 256
128 168 269 7 45 162 289 78 199 182 180 254 263 274 111 151 106 293 25 243 200 115 223 196 293 288 230 261 197 267 26 40 256 85 191 156 287 275 116 20 258 284 70
167 290 273 203 16 250 154 92 68 275 33 174 85 202 164 243 74 161 141 181 88 179
1 22 77 122 231 286 188 164 161 44 6 81 234 118 59 159 160 292 40 55 50 62 175 42 266
59 388 213 144 176 36 287 267 225 169 8 51 61 195 173 35 120 162 181 139 153 234
23 149 264 58 246 153 232 273 200 148 77 249 187 259 50 299 286 134 32 54 37 141
72 83 111 156 243 294 169 162 43 149 6 90 140 210 289 125 245 67 251 262 243 94 132 118 285
36 73 149 187 268 173 153 89 25 283 204 143 132 190 31 56 106 172 77 242 134 13 243
162 99 230 166 172 83 123 4 102 178 42 223 189 231 78 275 114 286 62 198 77
22 265 94 281 138 59 76 206 107 47 275 18 172 270 184 29 128 151 274 162 180
37 39 115 126 129 286 61 128 125 152 76 145 185 94 44 1 10 172 8 2 48 293 182 0 109
22 233 186 153 32 37 236 68 102 85 92 203 166 69 90 238 192 43 169 142 40 283
239 392 291 196 106 120 256 76 264 275 162 248 123 101 79 29 297 200 33 220 109 203
47 102 100 102 294 103 86 174 185 101 235 23 266 186 275 170 193 53 189 253 157 63
4 77 171 73 79 130 40 267 193 162 258 67 185 283 7 50 35 196 217 163 254 166 95
51 174 254 149 28 227 154 238 226 280 108 99 295 255 196 230 265 152 110 78 54 266 190
120 178 249 261 167 254 33 20 238 219 3 212 156 123 14 283 130 249 284 191 93 248 297 234
519 44 177 215 137 206 175 66 236 284 3 122 129 16 242 78 24 73 252 169 211 54 105
52 189 127 51 192 25 226 266 139 260 15 215 206 93 170 87 18 44 174 13 97 198
51 295 235 57 170 286 252 42 249 137 226 128 55 156 154 184 84 10 251 121 60 15
43 283 206 252 81 60 171 148 273 260 121 187 177 15 154 230 92 102 140 285 178 114
49 277 232 148 102 57 83 67 89 45 4 143 188 59 220 256 30 181 298 233 8 218
47 87 106 175 244 258 263 275 24 143 140 75 280 14 76 86 63 228 87 73 134 0 264 284 196 147 52 209
235 245 175 92 68 227 122 124 76 187 69 84 129 118 75 62 245 110 90 251 79 234
95 119 165 285 296 272 204 191 41 182 82 96 99 156 268 27 185 241 119 150 170 194 23 121 125
42 132 292 157 199 97 41 160 34 50 178 231 149 54 201 16 255 177 212 45 90 4
53 76 229 5 213 201 58 80 279 272 29 2 281 131 228 191 163 254 20 78 267 223 36
35 68 95 169 147 188 221 295 152 146 271 279 234 257 194 183 192 193 251 87 264 265 25 171 183 21 271 175 279 111 215 112 256 253 260 138 101 82 229 72 193 285 156 1
2 37 190 213 276 3 262 205 141 133 192 79 123 131 15 254 156 76 138 72 113 207 194 187
60 125 174 136 144 285 299 239 68 231 126 292 34 287 279 102 214 213 262 2 149 69
47 56 236 262 227 289 9 217 73 4 153 292 40 108 161 199 258 191 176 46 249 44 118 39
68 58 158 7 205 215 265 131 299 195 104 109 8 149 115 32 222 248 191 95 130
1 41 80 104 196 257 279 91 207 107 126 89 125 106 201 141 61 122 0 174 211 222 261 87 138 278 55
