60 609 903 12 24 49 191 331 826 288 9 168 138 67 157 123 2 112 137 280 55 233 174 204 185 46 205 120 71
3 41 49 119 183 193 251 954 194 292 272 624 279 447 834 156 999 633 622 963 583 716 840 870 765 30 480 219
21 97 165 169 171 205 222 252 255 259 127 236 95 273 179 251 11 614 110 518 727 269 275 497 26 536 527 557 835 148
20 23 96 149 179 246 271 141 47 9 50 235 266 277 112 285 1 265 218 155 280 67 264 269 281 196 131
83 177 204 499 507 969 281 261 236 219 184 80 144 61 138 124 222 83 90 20 69 1 186 253 277 11
165 220 172 42 128 268 63 132 896 281 199 81 240 45 87 220 268 240 70 8 12
39 240 768 147 148 203 81 179 261 239 279 183 75 43 682 137 991 30 532 165 298 7 822
12 1 221 30 237 211 234 107 157 251 232 875 291 122 478 15 988 429 431 446 217
49 70 137 151 113 209 264 32 92 193 257 56 191 74 121 54 177 87 167 247 224 271 216 78
36 117 144 154 190 256 164 210 197 198 25 124 130 78 160 65 140 66 141 146 190 183 75 221 230 158 141 48 52 41 160 200 176 241 212 63 125 127 70 193 72 290 58 106 14 266
25 48 111 122 211 272 299 41 280 55 17 299 296 48 265 192 0 282 63 38 207 113 34 134 28 23 217
8 71 120 263 234 15 119 9 185 41 122 157 168 187 92 39 137 19 266 270 215 93 95 254
234 123 299 96 244 171 235 175 116 35 291 198 276 135 144 147 236 3 226 221 281
27 46 105 182 198 147 186 214 242 176 212 38 287 209 196 46 20 217 13 91 185 200 288 252 40
64 71 22 117 233 126 78 228 123 206 74 260 291 127 164 170 17 96 5 169 194
116 263 150 97 102 47 296 164 73 228 148 49 4 12 86 25 202 95 151 200 146
6 83 183 198 208 210 135 116 174 202 53 284 215 87 90 259 84 94 63 82 134 100 102 22 89
98 161 212 214 215 132 153 77 149 146 257 67 119 236 39 145 246 92 283 141 240 81 140 167 251
13 23 80 181 206 233 12 242 100 30 227 23 297 27 138 122 137 181 88 7 61 191 10 34
119 174 76 9 106 133 23 45 226 197 181 14 100 277 117 240 94 152 129 19 26 252
10 128 159 23 177 117 148 270 120 112 55 124 97 232 41 291 104 144 170 184 279 64 218
32 38 53 248 249 295 263 26 186 94 77 239 83 34 293 129 42 39 63 276 130 90 146 260 59 36
197 134 5 205 216 99 119 40 70 19 103 100 291 41 116 258 137 277 267 275 133
58 105 231 246 173 241 175 217 146 67 209 223 73 79 204 124 75 72 294 93 8 268 94
26 94 182 197 48 150 133 76 16 158 126 705 271 86 117 249 286 15 61 83 204 232 18 589
149 195 6 191 148 151 120 89 100 269 107 201 202 287 246 294 161 240 295 258 94 28
139 178 263 275 295 111 57 117 33 282 164 266 75 98 22 123 35 279 273 73 169 32 175 162 95
7 51 135 177 223 94 125 228 259 39 194 281 21 130 14 299 256 156 146 251 47 75 164 11
66 198 291 268 159 208 14 278 54 101 215 116 161 188 107 189 203 205 131 55 102 170 282
51 69 106 115 133 187 69 296 155 241 143 2 72 262 11 90 164 125 286 27 166 24 255 264 66
30 156 165 212 253 188 26 149 138 41 86 134 58 292 237 264 34 130 95 0 250 79 121 24 104
74 130 190 257 225 245 44 244 87 263 159 121 98 22 8 0 146 38 187 97 277 214
115 121 230 19 233 17 158 285 255 269 142 258 209 182 272 169 144 128 89 18 205 123
251 132 162 257 40 19 46 172 195 126 221 170 201 134 219 280 182 208 217 284 130
32 59 112 203 294 190 118 169 176 83 155 211 209 44 110 194 120 240 207 148 9 274 290 43 47
136 235 213 167 48 155 146 39 282 225 90 9 76 211 267 170 239 46 277 116 43 292
47 106 237 273 294 293 100 238 134 241 209 65 194 26 15 290 157 132 179 112 47 23 294 143 19
11 26 222 969 218 222 167 126 81 210 6 16 299 168 129 111 148 130 274 170 296 55 175 220
47 64 130 280 80 211 64 149 232 19 62 220 136 25 269 124 29 89 38 13 197 81 109
66 117 125 183 268 299 0 7 215 223 167 204 216 99 137 291 199 15 47 222 295 105 212 178 41 7 162 230 215 90 212 107 259 205 271 5 284 43 78 191 299 147 154
10 47 106 157 188 295 162 166 81 86 22 30 185 257 280 244 12 284 233 159 139 177 19 82 196 144
172 250 264 295 168 169 51 50 230 152 221 235 80 267 19 105 115 183 23 220 252 100
152 249 272 24 194 62 23 90 225 131 114 260 230 14 291 107 263 228 82 44 106 7
10 265 105 11 113 144 273 109 153 134 223 224 87 280 119 102 138 177 86 101 126 174
102 149 158 239 167 62 67 30 162 133 215 287 59 195 84 187 292 273 48 284 212 143 185
23 252 283 290 55 5 224 48 115 259 183 75 265 118 170 30 28 181 220 74 59 161 21
55 254 271 289 207 217 278 288 20 261 55 223 1 168 89 27 69 151 15 189 196
131 289 291 93 188 247 104 205 281 292 12 219 78 60 0 152 191 6 168 21 73 39 62
63 66 270 557 175 235 223 213 226 155 4 103 163 265 160 132 207 156 125 152 181 275 171 80
13 27 120 174 284 291 115 204 133 139 231 105 199 141 18 14 216 130 99 225 3 107 102 167 265 84
9 43 111 253 177 257 236 214 274 223 161 123 268 47 103 196 176 259 89 138 218 216 40 116
16 211 215 299 93 207 20 179 234 31 271 221 62 57 103 112 296 205 198 22 77 196 75 107
55 58 187 277 223 168 275 229 160 158 257 115 125 256 298 200 35 25 193 116 181 190
65 85 195 51 234 87 210 86 215 271 232 15 71 170 8 129 25 9 83 89 14 11 238
45 51 188 247 292 26 64 165 94 200 157 291 329 55 73 294 125 478 231 291 115 170 190 180 288 35 144 112 288 133 215 222 290 234 254 282 279 244 191 66 240 291 269 113 129
185 106 290 120 229 144 32 146 42 123 260 153 232 200 164 252 80 72 18 277 126
88 249 158 243 135 94 176 264 38 134 231 48 103 221 72 162 89 260 268 184 123 116
111 132 232 286 211 224 13 27 64 8 160 271 107 5 82 178 142 153 284 213 152 197 256
53 95 233 291 177 293 285 144 205 267 268 109 96 175 276 292 71 279 125 70 259 74 77 128
53 95 257 41 102 169 264 115 150 166 6 79 212 34 162 61 73 282 297 18 257 87 207
1 173 103 297 21 1 111 250 171 295 110 67 7 254 102 294 68 97 50 77 36 48
245 248 249 299 15 216 184 90 272 171 179 27 111 41 132 136 75 284 247 222 65 194 241
11 77 110 136 179 117 244 69 100 223 183 157 274 109 60 192 211 241 72 1 150 50 278 95
53 155 231 132 5 79 285 16 236 12 95 289 267 71 198 217 206 187 75 148 117 30 215
0 36 66 146 179 192 203 218 293 118 220 249 224 216 142 93 268 64 140 5 194 269 110 186 53 13 180 14
75 165 140 114 5 205 191 276 130 65 37 263 66 218 280 298 271 52 278 213 229
19 53 91 115 117 193 196 215 284 250 95 92 60 127 215 197 186 231 193 196 21 164 11 264 121 108 71 138 49
177 118 3 135 103 56 291 189 2 48 201 39 170 124 191 69 177 255 224 10 262
26 31 40 76 240 26 99 157 175 276 252 186 267 289 293 132 710 155 134 129 127 246 445 745 203
158 273 119 152 187 183 128 171 266 146 116 247 197 167 237 284 118 4 95 35 157 263
0 56 121 87 273 173 244 275 15 123 135 294 20 28 163 177 257 291 209 211 74 229 246 264 162 74 215 59 82 206 181 4 97 269 290 231 10 150 220 260 252 47
73 130 185 64 73 24 28 248 219 294 38 209 189 247 31 292 182 65 171 258 52 58
39 87 160 87 70 145 103 150 21 298 289 142 98 293 158 96 195 18 252 268 246 22 132
122 152 165 119 189 51 281 252 86 290 91 27 158 167 61 50 159 263 295 30 160 136 106 208 80 244 199 117 225 228 175 218 133 102 2 52 279 26 31 153 215 226 151
79 174 17 280 82 131 198 1 86 234 99 113 223 137 297 211 124 49 271 291 193 96
41 51 133 57 53 122 268 93 228 217 169 160 266 238 147 171 87 141 287 178 71 240 66 183 182 186 98 297 147 37 135 197 204 209 56 40 139 141 128 277 91 296 215
20 165 42 44 195 270 94 146 180 178 48 69 10 7 237 130 11 65 150 137 102 216 200 1 218 71 34 249 53 6 293 84 166 259 165 122 233 130 250 210 82 298
21 246 261 58 94 142 250 48 5 140 135 292 73 255 289 241 29 213 29 91 195 72 81
70 137 209 969 181 124 77 163 53 50 24 150 56 201 29 271 66 129 5 258 287 175 123 298
32 280 259 288 38 284 79 71 19 193 29 93 275 132 24 47 30 175 241 36 57 86 128 84 168 190 17 150 47 133 281 69 3 44 43 271 229 176 95 242 68 200
136 159 220 228 248 168 147 287 202 182 108 152 90 23 14 88 142 283 101 150 130 47 253 289 80
111 131 248 194 178 237 76 221 83 115 275 107 43 219 23 270 240 245 93 260 142 235
20 145 274 226 178 162 68 95 232 164 104 97 147 174 15 205 215 71 108 22 51 73 113
30 53 57 66 81 228 279 280 188 52 191 280 153 122 194 131 178 4 161 270 133 62 227 245 263 174 137 220
187 232 1 257 176 126 11 237 138 224 281 83 48 167 100 30 130 238 104 40 76 111
137 208 211 84 193 75 78 186 17 23 111 199 228 9 151 271 202 7 125 0 30 265 275
25 125 279 83 175 134 248 49 231 146 0 478 137 190 291 986 169 141 231 262 125 73 288
97 253 267 276 284 188 93 159 234 289 299 138 57 65 267 105 284 106 98 226 131 208 68 139 124
276 251 172 219 183 272 268 295 32 113 152 169 134 13 177 278 202 180 240 27 110
0 54 63 217 129 137 214 283 197 33 297 190 115 220 226 54 164 87 148 218 100 270 201 299
211 296 138 206 254 203 143 233 278 204 19 15 54 18 466 94 96 291 49 274 61 232
34 74 127 218 19 76 196 284 164 277 157 270 114 163 50 194 86 240 154 96 109 125 135
26 50 143 151 152 72 54 196 158 284 144 48 228 129 256 126 47 67 50 275 247 138 134 97 238
46 177 210 263 95 260 279 215 26 170 193 103 269 232 187 136 149 244 65 147 211 7 22 21
115 231 164 65 9 40 85 248 161 146 194 172 179 147 295 150 250 57 209 18 14 75
53 101 286 133 92 110 266 172 153 259 104 49 247 39 293 279 21 220 68 139 64 215
84 221 268 275 33 140 172 296 126 233 242 7 109 149 298 275 38 30 119 54 41 80 46 287
120 151 268 148 35 147 106 255 158 217 80 176 17 75 74 295 297 218 116 60 136 213 165
19 187 99 147 50 176 92 210 109 31 297 257 119 288 112 204 244 102 64 238 32 2
20 125 249 250 251 241 115 100 73 285 245 120 191 80 165 290 118 9 124 216 137 69 95 286 23
3 119 212 10 113 147 157 270 117 50 171 92 201 174 256 94 41 70 104 74 224 245 42
94 147 209 121 128 70 158 103 178 98 226 14 87 64 256 289 203 188 187 269 280 284 131
51 87 105 205 246 229 131 182 208 167 260 172 262 218 28 122 134 50 214 251 94 158 132 117 197
9 140 213 122 88 158 117 204 159 179 267 161 283 75 180 197 79 27 263 46 65 63 124
1 8 34 244 188 291 103 43 56 278 58 198 140 171 139 154 31 226 199 252 4 47 167
2 119 111 44 13 293 102 226 40 87 219 190 18 114 264 0 276 223 47 51 135
24 245 74 281 55 95 77 241 44 36 198 111 194 15 112 122 160 69 206 37 89 211
45 96 292 159 32 219 165 21 284 47 178 250 295 143 275 283 160 239 235 214 177 167 254
34 49 159 200 273 114 175 5 253 47 132 293 230 10 1 8 252 99 34 164 297 236 291 150 151
142 240 183 240 146 39 279 58 35 73 226 257 173 28 137 200 62 266 45 47 87 216
10 16 50 74 125 242 8 123 257 277 169 227 105 163 121 162 80 176 115 113 160 132 216 100 89 49
24 156 294 130 21 116 80 114 132 249 220 11 231 125 242 258 89 151 230 55 170
182 268 287 288 127 280 22 49 195 81 204 274 4 285 70 45 207 271 254 44 182 211
119 190 192 131 87 68 106 122 254 32 103 19 21 135 209 243 2 41 61 7 85 127 186 244 202 169 117 272 191 176 187 99 52 65 18 101 275 163 114 263 111 2
46 51 33 158 121 122 191 278 196 159 68 134 14 281 237 18 137 16 242 117 0 152
128 150 268 122 256 254 284 262 208 3 22 40 0 71 161 171 45 170 224 52 202 2 136
45 58 176 210 10 161 76 74 247 253 90 125 126 228 223 61 124 212 109 219 13 214 211 99
30 35 111 148 284 293 44 73 134 221 166 279 289 249 274 180 50 124 52 155 293 203 390 710 134 48
34 99 283 228 224 121 141 211 216 178 259 98 40 223 199 75 84 238 7 236 142 152 69
34 209 281 245 0 251 45 176 113 194 195 230 179 267 105 204 87 261 196 299 247 180 212
4 76 259 1 62 251 47 196 187 271 129 242 15 81 51 78 259 82 77 60 270 39 66
75 49 34 107 146 206 37 95 53 282 63 251 99 296 31 16 220 20 234 138 240
8 26 29 285 77 144 288 148 33 255 63 175 233 215 263 222 61 230 243 62 203 244 169
61 164 225 124 271 206 7 26 73 96 136 196 155 91 299 290 128 147 64 112 191 17 234 240 157 81 179 25 189 193 23 165 118 58 279 35 228 200 38 100 27 202
90 244 243 287 234 21 71 252 121 131 157 264 159 250 98 44 167 92 280 166 275 29
249 59 46 219 41 213 294 165 272 176 123 61 58 130 274 100 198 223 172 5 119
71 151 178 216 236 7 159 1 156 200 277 132 2 182 271 67 52 138 251 92 65 293 4 16 151
129 195 220 25 214 87 52 84 23 32 134 299 41 8 81 15 189 278 7 235 233 186
235 237 112 243 4 124 169 206 203 288 63 132 32 83 3 282 231 90 31 283 291 163
193 245 275 155 64 239 190 149 124 224 79 8 165 9 297 275 226 272 170 265 187 178 28
112 155 165 214 127 74 266 48 242 273 255 45 165 192 116 38 144 52 34 213 270 103 155 62
147 153 288 27 179 68 96 24 127 41 213 272 18 92 115 246 38 131 262 166 201 247 202
13 68 71 115 139 152 160 165 174 183 9 132 294 293 290 22 94 135 390 293 242 445 354 155 134 94 124 48 224 127
34 296 130 270 186 233 159 231 238 73 264 87 64 105 298 206 237 211 269 254 261 202
12 31 10 32 142 92 231 109 113 25 164 213 13 121 251 178 147 5 289 41 90 87
120 135 257 140 221 227 324 12 122 253 144 46 264 18 125 115 137 169 262 275 943 180 294
112 174 94 99 178 18 234 24 223 93 16 6 205 213 29 241 29 199 25 29 192 490
3 22 44 48 236 297 187 169 21 179 227 272 153 229 292 279 175 96 286 275 234 256 253 64 282
41 200 212 265 185 192 88 266 286 58 54 200 4 295 190 229 211 53 245 182 215 36 157 6
18 26 180 110 170 290 258 184 266 242 105 38 112 222 208 143 197 274 155 35 88
49 153 238 120 104 206 178 195 211 139 186 218 92 284 222 98 32 108 152 24 27 177
165 218 237 287 120 158 29 259 298 283 263 225 288 121 274 1 223 115 251 8 176 201 98
174 263 279 162 4 129 260 273 49 88 124 287 240 280 120 176 229 41 222 152 70 195 7
134 186 219 171 244 236 8 82 109 113 20 248 17 250 32 231 282 134 101 35 84 179
6 246 280 11 260 133 278 159 148 223 113 139 46 176 45 253 104 59 193 201 13 122 32
24 118 240 237 90 85 140 33 159 3 88 111 70 154 165 21 76 274 89 107 265 20 80
78 91 258 250 156 203 39 174 225 278 130 181 27 183 108 232 91 267 226 192 196 259 186
163 174 256 269 109 114 147 288 156 37 115 18 73 211 190 141 231 137 170 169 180 115 986 73 139 136 247 296 48 182 198 298 75 274 263 63 255 212 162 217 20 53 123 103
137 203 240 285 92 133 68 219 157 156 40 90 2 230 166 76 275 19 204 169 117 214 146 242
39 3 102 249 2 29 189 1 195 260 143 115 243 168 70 74 113 294 134 255 49
118 237 55 262 172 12 9 45 294 181 164 148 33 158 291 264 108 143 62 280 151
2 183 232 37 82 95 159 275 140 298 201 181 295 124 242 293 50 390 48 129 127 246 354
80 2 264 88 201 285 282 186 122 250 121 159 155 286 292 83 161 280 129 194 184
207 245 32 136 3 253 281 193 47 212 259 30 80 231 205 137 106 79 210 184 141
30 105 268 95 178 102 294 218 111 49 151 167 122 74 1 212 145 51 238 235 220
16 109 117 171 287 26 183 182 152 204 188 248 35 209 235 257 69 158 295 90 137 269 168 141 78
179 238 63 8 53 83 68 42 241 208 6 111 117 182 268 215 239 69 132 278 184 29
81 103 115 131 986 233 267 127 253 278 258 289 12 291 262 180 137 986 18 231 875 115 943 169
2 30 49 108 213 240 299 114 88 174 148 152 231 51 303 94 530 49 232 129 209 15 61 52 291 54 18
253 20 177 10 107 136 219 34 75 167 166 51 161 25 70 2 267 185 278 101 208
142 121 217 131 187 82 252 67 94 114 49 246 132 6 161 254 263 1 148 98 249
22 82 91 247 61 56 183 297 221 32 192 25 67 93 176 211 125 81 226 64 267 84 35 284
25 55 83 124 279 131 87 133 136 181 29 289 154 155 167 126 240 199 268 259 266 2 237 78 272
12 138 160 22 154 112 150 3 225 268 13 141 134 124 7 14 174 283 243 42 147 218 275
167 172 236 176 191 68 190 236 214 130 285 91 261 159 152 256 16 184 267 272 53 181 137
45 280 0 215 258 79 42 200 211 117 239 187 28 69 66 167 142 71 279 243 90 263
95 88 34 221 226 254 37 19 296 209 246 179 230 218 43 122 195 263 276 64 268
127 149 102 140 168 259 294 79 146 204 174 23 155 107 208 283 130 132 89 184 243 154
296 81 204 254 110 145 111 224 65 248 85 14 10 162 86 277 212 141 149 16 210
26 65 196 258 266 85 20 289 187 73 70 236 295 209 93 211 32 262 41 181 299 118 178 199 265
24 65 146 210 257 162 247 194 282 158 65 90 86 127 103 149 281 80 253 185 278 147 44 140 110 247 217 160 24 125 10 52 115 68 121 156 225 292 152 266 158 205 79 85 111
20 195 247 90 41 76 135 44 89 58 51 224 175 239 262 245 211 180 118 86 29 60 179
46 64 204 80 87 17 297 145 119 229 230 286 147 86 252 210 239 140 11 189 170 82 160
19 176 14 11 90 288 91 92 43 290 97 114 117 293 18 259 63 233 3 41 84 133
182 41 89 265 276 10 49 229 39 80 202 224 124 152 293 295 181 27 194 64 298
59 123 197 213 189 103 72 183 239 80 200 56 242 44 19 141 127 123 250 170 62 289
47 255 165 172 5 299 267 296 103 240 85 82 39 111 250 206 262 243 45 130 27 158
32 178 179 271 226 87 33 67 298 98 232 203 147 285 211 106 64 20 155 162 140 59 207 112
39 214 297 196 262 164 67 174 245 215 239 12 195 58 82 23 71 180 42 80 148 283 203
161 189 124 25 75 237 148 97 19 59 236 186 165 11 99 137 238 73 163 262 296 125
17 98 172 226 286 133 102 220 230 12 231 198 151 196 87 228 215 158 295 25 251 116 94 267
116 153 183 247 278 285 131 53 141 65 10 128 2 264 115 119 210 147 89 192 270 101 116 43 286 114 71 126 134 194 195 78 61 102 291 75 132 15 54 94 530 61 18 129 204 466
112 130 131 274 284 163 107 61 6 200 110 13 294 119 28 103 241 231 201 106 12 122 225 118 66
99 100 292 969 87 46 240 189 242 7 231 48 201 19 293 211 210 152 142 123 3 21 50 265
46 174 203 204 110 16 10 265 63 75 186 175 95 92 218 18 144 190 54 203 53 145 96 187
