18 51 258 440 11 28 119 267 732 872 40 159 200 250 269 290 172 112 616 84 677 524 991 169 44 10 816 403 507 577 980 81 386 968 318 260 12 169 77 195 55 175 88 217 285 124 86 235 165 200 274 128 19 299 246 149
8 870 48 684 829 3 465 520 772 337 856 83 932 521 809 342 324 751 161 947 630 375 916 52 20 240 74 5 42 279 87 294 72 13 98 124 270 234 165 75 41 117 33
23 109 118 127 159 193 33 55 57 102 129 182 28 233 243 801 89 169 214 137 287 270 180 85 452 178 777 603 406 881 261 145 30 203 96 65 230 19 153 275 240 194 69 131 59 231 271 103 101 296 252 0
193 215 344 255 4 188 54 187 14 284 204 152 84 3 275 134 298 192 218 136 277 273 29
188 250 260 202 11 14 222 52 199 106 274 248 245 92 155 139 29 277 219 141 103 156 100
541 770 90 243 267 81 250 278 118 187 92 275 122 237 147 34 22 280 64 197 142 65
89 258 223 76 218 153 143 219 96 89 31 103 30 242 46 100 5 282 292 157 173
569 145 151 147 48 5 270 162 15 173 293 208 8 156 69 140 297 2 13 131 19 118 159
747 118 184 290 244 239 172 12 242 174 223 105 184 141 173 270 4 241 15 196 246 263 106 37
65 69 49 121 278 283 246 258 123 241 199 193 255 139 40 40 1 223 48 48 170 958 293 60 172 428 65 232 178 238 279 88 52 218 243 23 194 143 186 159 202 140 152 165 145 170
96 290 40 241 63 191 9 189 210 142 146 76 240 54 92 165 73 251 182 151 195
500 261 126 137 288 272 123 159 256 145 253 105 59 199 152 18 172 241 107 162 132 81
0 46 164 96 241 92 142 210 191 182 416 84 603 57 319 30 344 278 403 34 172 151 232
67 113 185 6 31 284 148 89 166 183 47 145 208 187 43 87 226 280 16 80 167 269 294
2 212 168 30 253 105 237 282 286 175 259 119 141 125 101 55 73 70 287 11 188 78
60 170 99 64 2 157 61 283 76 31 140 70 45 280 247 40 211 60 256 150 77
75 108 201 110 224 215 165 13 218 292 264 295 9 62 296 119 159 29 46 149 154 116
60 69 141 239 244 272 68 71 79 178 221 286 60 150 273 13 216 111 234 28 4 701 81 266 185 586 61 20 254 59 59 227 92 291 271 12 129 112 46 213 60 437 252 917 606 204 190 196 154 969 140 243
87 108 113 186 217 254 297 132 197 25 238 40 224 33 225 145 262 163 268 235 93 83 234 218 220 275 49
416 14 58 71 147 239 264 282 223 14 77 250 122 158 76 25 94 206 35 134 272 72 216 284 155 119 289 85
13 287 175 276 135 137 108 129 246 169 94 158 288 186 119 57 8 281 96 76 54 71
18 231 258 403 109 229 257 3 71 108 237 260 227 50 99 295 143 231 201 167 61 586 81 254 150 171 83 228 72 274 189 28 67 168 249 170 119 193 231 180 128 36 279 96 76 216 187
29 35 44 88 138 172 257 174 180 157 284 190 77 55 218 287 43 5 268 245 216 227 164 10 259 192 143 137 83 170 240 164 35 178 90 188 65 93 161 62 298 153 141 276 204 95 84
23 31 262 277 241 29 263 117 190 237 9 246 164 297 23 185 289 104 235 276 226 102 118
15 214 218 214 221 180 274 30 163 17 6 156 209 286 239 240 271 134 50 48 135 231
45 51 105 150 242 8 292 98 95 102 209 191 44 174 148 269 238 2 37 146 241 206 132 72 89
66 107 221 35 84 156 293 76 154 297 73 25 37 221 34 252 58 51 192 234 196 102 122
848 214 181 71 214 117 53 138 75 242 246 221 7 254 49 167 241 287 272 230 60 239
52 54 60 188 82 257 73 200 41 2 83 35 226 192 258 288 264 47 147 290 126 21 109 260
133 240 255 42 73 159 196 251 79 186 237 24 92 59 180 264 279 218 191 72 171 59 254 20 123 206 150 185 285 244 89 265 154 117 254 13 130 102 176 234 68 259 221 171 72 47 188 224
41 52 111 120 198 247 94 191 92 81 132 67 180 127 294 244 204 145 228 159 235 152 76 7 5 28
0 3 57 75 201 204 211 244 21 146 107 275 111 152 68 104 269 179 125 291 137 174 77 132 16 54
76 135 198 274 282 290 201 214 158 155 121 194 250 18 141 243 295 2 179 287 254 123 71 248 25 38
848 199 281 40 105 262 87 29 71 97 30 183 123 135 206 175 46 57 232 6 205 195 145
747 27 84 86 198 36 7 17 153 162 4 267 23 183 140 66 226 164 204 9 56 112 38 168 40
182 94 293 233 196 215 167 35 92 217 184 262 220 297 159 102 278 214 258 142 275
114 156 58 210 239 174 214 117 284 195 95 92 163 139 67 63 246 41 248 215 192
130 220 266 179 251 252 205 40 195 50 100 213 154 198 226 114 7 37 230 149 33 235 104
31 68 197 199 207 11 57 9 92 146 208 147 71 52 263 160 183 969 437 140 333 190 128 678 708
460 1 80 85 256 282 61 223 257 9 254 5 182 34 166 161 171 102 279 71 65 17 12 129 286 143 86 294 52 118 161 26 126 111 56 50 166 243 232 71 215 27 156 10 194 137 198 80 37
112 121 191 266 181 228 143 198 84 100 2 209 99 95 255 140 116 133 130 81 199 98 49
45 60 154 226 279 75 273 285 42 60 88 179 195 54 180 263 293 8 265 20 171 206 72 200 150 79 185 1 149 173 145 23 203 85 260 82 86 152 174 265 92 28 204 120 55 156 299 231
140 142 264 39 44 180 230 208 95 184 251 170 261 127 65 91 102 86 17 286 52 88 129 172 263 274 228 262 144 241 93 127 113 243 96 288 235 67 289 27 2 189 44
129 178 211 140 249 216 222 14 133 122 114 266 259 64 286 135 50 214 280 187 197 98 109
284 200 95 169 263 261 223 133 75 110 25 268 296 112 42 287 135 79 243 19 89
416 157 97 19 152 273 42 146 35 62 281 107 190 245 207 7 206 130 143 31 248 47
124 189 227 16 80 210 86 64 163 286 77 53 54 220 491 217 13 488 379 185 253 669 171 63 188 189 73 251 283 148 183 107 15 178 281 113 267 52 134 142 293 198 27
72 100 180 177 102 33 254 118 143 276 210 286 89 231 119 9 10 253 91 94 97 209 298
10 93 184 256 67 403 12 76 228 132 180 194 228 226 175 491 175 3 27 669 379 220 488 25 54 294 10 52 253 261 150 100 55 234 272 217 176 68 251 139 131 193 282 97 138 237
176 188 247 292 293 403 8 293 211 199 15 105 84 248 171 197 160 245 247 44 205 93 137 299 99 250
4 72 158 204 217 187 73 235 155 143 65 218 68 134 259 186 111 172 283 46 99 198 23 123 132
3 5 40 155 255 140 276 216 219 221 260 0 290 225 22 284 14 226 265 240 295 20 257 11 199
13 60 257 207 231 264 168 246 282 133 200 164 158 259 125 22 181 43 126 52 104 262 167
14 37 78 106 98 223 113 95 40 42 47 49 297 16 281 110 90 196 48 294 146 34 115
7 156 207 91 154 172 287 199 88 223 298 250 201 34 166 200 31 24 285 189 9 231 77
38 141 206 254 41 157 158 252 195 102 59 155 280 128 156 74 87 96 60 206 221 238 262
747 154 143 200 171 157 206 158 10 162 192 62 59 283 21 105 4 218 240 293 239 244
170 294 238 124 49 222 233 277 147 137 204 216 120 296 77 280 203 115 52 76 31
94 150 212 218 89 167 123 147 129 210 234 188 126 186 68 185 106 284 19 60 241 98 5 161
416 30 64 151 170 174 151 274 298 403 27 173 403 16 276 222 157 11 64 67 95 195 16 139 77 189 40 40 48 200 241 267 162 237 119 279 81 80 17 84 103 226 2 46 140 223 85 53 260 238
237 261 279 233 146 210 46 71 75 200 34 250 232 203 153 42 271 143 258 205 68 150
6 195 239 269 254 110 108 41 7 158 94 236 259 112 187 118 246 231 252 213 20 267 157
26 71 77 57 87 51 171 235 48 208 79 35 225 83 189 192 158 52 197 63 32 165
167 236 271 5 133 222 86 50 289 58 131 223 678 10 778 708 204 8 190 969 128 333 917
30 70 172 29 237 280 14 44 122 166 17 21 68 135 548 207 988 467 264 89 15 184 592 750 104 223 269 195 288 68 20 271 267 292 270 165 52 250 276 262 208 146 12 240 15 89
80 286 150 200 49 145 251 214 76 111 195 114 66 296 24 43 290 40 13 37 206 193
128 153 248 288 286 133 12 172 298 98 249 235 188 122 20 75 26 284 213 7 161 113 211 165
747 205 291 125 82 122 155 88 98 193 248 23 100 250 186 64 152 20 112 197 61 79 59
43 143 217 403 710 0 154 166 241 123 130 30 17 227 75 182 171 254 81 206 201 59 185 1 293 20 191 83 150 238 192 252 168 68 118 265 114 109 80 236 230 146 87 58 153 44 50 271 77
15 39 88 273 157 93 62 23 42 91 261 125 185 201 40 101 258 206 207 75 184 121 36 60
32 184 217 117 176 28 220 132 260 217 138 225 188 192 134 237 298 127 113 38 6 170 157
770 16 82 248 20 101 173 181 299 97 165 11 74 208 220 68 80 105 109 146 170 137 275 171
17 83 201 120 73 206 136 56 143 35 218 163 226 252 34 258 78 135 259 152 10
81 199 251 213 198 275 206 185 149 151 103 236 49 97 125 105 86 239 130 12 144 248 188
88 272 292 256 168 219 20 139 178 275 150 268 39 245 117 129 103 257 182 132 215 209 187
89 130 138 230 167 247 102 110 135 91 214 275 127 161 117 274 293 185 246 254 46 297 171
38 101 165 223 2 243 226 273 192 174 41 254 182 238 270 333 140 170 708 190 8 969 155
94 97 158 180 239 261 291 150 139 243 275 161 157 131 108 262 154 26 183 173 25 260 17 20 116 76
236 49 120 18 99 16 62 232 211 221 205 144 13 72 215 9 199 38 295 274 69
10 153 278 206 38 45 198 131 118 162 123 104 253 138 142 289 117 221 238 103 56 1 175
416 43 108 193 225 237 15 164 235 271 174 77 227 63 16 213 1 57 238 59 80 23 298 214 2
0 228 266 139 248 116 129 17 126 34 63 6 109 97 256 57 32 291 9 151 275 257
770 104 151 179 249 279 66 150 2 22 131 62 226 289 132 41 245 290 215 75 7 185 34 260 273 235
6 215 193 47 202 101 24 41 205 198 6 287 250 52 274 251 123 110 144 235 257 204
35 195 296 161 118 268 83 160 298 22 248 100 295 424 40 808 37 100 747 253 227 281 171 380 160 240 33 270 166 264 179 223 7 34 220 234 164 185 294 89 257 246 150 69
255 155 245 107 282 58 182 166 82 65 126 161 146 71 158 192 87 299 132 237 234
9 120 131 35 195 296 161 171 295 160 270 747 248 991 84 90 403 172 416 146 777 747 592
46 87 122 279 144 249 97 199 8 123 281 162 201 107 143 66 34 187 185 183 5 274 220 125
104 119 150 226 228 232 293 177 50 291 21 131 189 114 195 170 280 110 76 113 257 88 143 18 244 26 259
12 142 214 286 88 0 38 233 176 142 84 201 261 143 240 101 31 133 100 6 92 290 167
48 69 77 81 212 265 294 17 9 186 136 218 28 187 101 263 143 153 277 258 182 173 113 291 22 207 213
6 144 170 135 160 65 75 157 221 88 216 264 195 42 83 277 165 3 106 107 282
416 770 3 61 73 76 142 125 102 47 208 248 289 258 37 235 276 281 237 150 254 267 5 119 249
85 142 147 173 234 38 50 63 104 179 224 24 81 121 133 198 108 261 264 111 271 140 264 15 171 198 750 198 467 592 223 122 9 6 232 111 59 94 156 166 1 260 170 180 56 114 160 265 49 19 211
225 233 126 240 251 283 150 227 236 278 120 7 264 190 56 241 287 173 101 202 118 403 361 9 120 56 286 124 118 14 66 32 243 161 216 37 239 242 196 149 195 43 172 87 86 140
33 101 234 61 117 51 120 299 277 27 100 52 152 171 190 161 266 118 185 87 282 125
46 48 237 254 281 403 241 15 275 66 19 57 205 81 263 231 37 17 84 65 202 5 290 261 34 179
14 37 143 254 270 153 78 291 38 201 169 8 273 75 49 111 68 253 30 259 16 69 6 248
100 403 1 68 58 181 237 275 116 159 43 272 64 163 128 221 268 259 208 39 23 144
98 166 26 63 234 272 56 81 131 62 69 23 488 22 145 27 294 253 403 669 13 217 226 17 34 168 156 132 24 68 82 129 69 159 145 287 290 32 51 212 89 271
78 82 132 165 203 76 201 189 262 299 169 215 192 119 125 10 266 28 256 25 158 78 270 129 3
254 288 137 246 68 1 83 17 63 241 53 224 235 199 231 79 103 197 234 154 77
142 12 0 32 284 213 64 22 39 156 207 195 276 146 94 90 288 257 215 212 133
11 53 133 82 125 280 52 47 212 134 35 229 239 123 167 30 219 18 78 157 160 99 211
74 75 153 171 209 250 293 237 4 117 257 13 219 3 152 138 132 72 262 144 54 17 201 251 213 84 25
18 46 62 92 110 143 215 10 4 63 59 259 245 287 175 167 288 238 236 151 232 210 89 217 269 47 92
770 27 75 197 291 275 92 26 286 235 82 86 295 42 273 10 68 258 88 237 109 193 40 209 261
45 54 58 274 237 70 60 45 299 36 67 109 277 50 137 51 273 65 193 220 221 181 191 176
13 52 108 166 219 177 246 244 131 281 186 66 101 31 2 265 107 250 98 253 238 142 188 79 251
121 237 171 87 265 292 231 242 143 273 85 52 191 205 284 46 225 161 13 154 256 65
747 10 21 155 250 233 200 163 76 202 189 244 284 37 106 128 180 183 231 166 43 94 58 7 265
148 152 239 279 289 266 136 99 133 6 40 61 198 32 92 248 148 86 103 161 231 200 175 210
2 15 46 219 460 12 19 75 255 276 403 147 229 214 121 117 183 27 127 275 88 109 102 12 141 177 294 286 207 71 86 282 275 88 228 191 99 51 266 4 67 277 147 202 173 291 35 245 181 250 260
48 277 252 175 240 259 98 199 121 123 32 232 246 40 214 14 31 149 78 88 248 127
241 163 16 252 55 219 216 292 126 33 275 238 156 109 13 202 246 57 250 147 207
8 101 103 135 144 344 770 97 246 106 158 221 120 19 295 4 58 264 141 88 52 143 12 109 127 286 65 109 71 195 152 141 193 50 113 207 253 72 140 227 59 88 226 78 107 101 278 21 31
770 215 101 179 189 285 103 12 99 280 235 275 293 254 201 171 59 79 123 185 1 163 75 27 227 286 144 173 137 272 98 102 295 62 226 293 20 94 294 53 18 35
12 42 295 403 13 56 253 63 23 279 37 136 298 231 275 48 256 143 138 152 2 71 234 185
710 8 229 23 50 101 136 272 5 42 55 131 262 290 263 182 283 154 150 232 808 227 380 40 424 277 171 94 20 104 43 50 127 41 275 204 286 242 250 83 102 99 81 48 0 256 157 243
91 48 49 182 200 212 241 49 83 95 291 693 273 290 237 193 11 101 267 253 37 808 288 171 872 281 380
18 22 42 89 168 251 255 30 47 211 293 83 295 272 100 292 358 250 282 167 65 426 232 519 460 419 12 183 296 75 160 184 225 245 111 120 0 130 5 108 23 48 235 295 81 291 276
43 59 205 49 7 118 99 148 108 162 121 137 123 120 30 47 236 124 213 17 293 81
105 219 298 87 297 229 48 211 282 43 106 15 204 21 7 142 66 254 37 12 190 256 146
281 167 70 117 6 90 55 147 285 240 96 131 283 266 54 263 44 4 229 143 122
228 245 43 248 26 237 38 163 105 245 149 150 3 71 162 52 36 165 101 253 264 84
553 43 184 250 112 178 54 118 114 9 117 186 168 81 69 32 12 149 119 72 17 91 297 230
81 144 178 234 243 271 250 180 223 74 278 259 200 293 141 214 274 234 131 271 84 95 62 124 276 39
66 67 106 131 140 50 107 235 262 74 21 251 180 57 282 2 842 221 288 271 275 987 156 509 374 30 403 44 89 33 150 59 126 0 190 180 210 225 119 66 132 57 116 99 243 250 205 135 114
247 416 0 39 61 127 145 212 280 51 230 46 59 127 156 191 25 175 171 27 185 220 669 3 217 905 403 379 145
92 166 261 275 247 264 298 140 25 548 171 223 592 82 264 750 104 25 160 747 15 962 133 35 198 166 213 181 176 151 119 211 134 62 10 149 186 164 172 26 94 158
553 102 137 145 187 277 135 272 292 289 267 2 281 24 40 52 160 174 21 202 249 48 187 168 50 117
94 189 240 71 77 198 284 206 132 73 163 31 7 200 79 173 191 83 150 206 163 20 254 201 81 123 66 167 186 150 181 204 90 158 83 235 244 27 200 227 112 79 260 216 56 118 45
34 76 117 20 133 73 60 9 50 228 221 269 246 87 45 37 48 148 2 280 150 42
179 226 252 553 62 152 194 38 79 99 150 251 147 281 167 299 65 62 102 127 177 71 141 86 109 207 294 116 144 171 130 15 90 230 56 42 245 299 174 212 1 275 67 147 62 259 3
129 168 292 138 146 176 275 79 25 190 200 262 106 140 252 969 170 708 678 437 10 778 128
24 44 45 54 23 146 20 138 168 106 73 49 60 261 271 297 81 72 109 39 142 133 187 251
92 226 233 258 275 293 295 98 258 87 206 143 81 228 117 31 192 238 95 7 180 204 264 257 282 175
111 272 251 295 124 206 126 16 230 165 291 150 157 119 18 122 297 239 175 259 146 254
99 30 83 126 231 218 139 214 175 26 241 88 207 71 109 143 109 52 102 12 129 150 263 112 134 108 17 246 207 221 191 268 37 90 270 4 53 86 230 210 234
747 65 120 138 141 162 200 30 281 108 171 59 280 182 259 247 149 237 88 69 215 136 271 133 154 75 169
60 255 280 126 205 284 184 174 79 88 68 179 196 72 127 258 114 117 289 266 161 191 222
23 78 111 175 238 57 278 193 33 181 59 65 32 210 263 66 177 64 54 12 184 131 60 173 14
553 82 114 210 223 238 290 136 138 268 234 93 96 43 127 134 254 151 260 101 113 149 97 181 77 59 58
12 210 250 23 78 111 175 238 210 57 177 278 184 60 344 146 403 26 732 151 232 777 592
109 214 240 24 185 113 118 198 255 40 248 47 105 217 210 256 237 116 287 75 167 99
26 68 98 208 112 24 83 227 245 136 238 224 159 207 104 264 184 96 155 68 77 30
17 81 97 189 99 93 23 125 36 149 284 97 98 205 31 16 18 178 34 39 191 96 117
16 74 151 206 214 271 228 229 265 180 86 98 270 92 283 200 209 102 154 260 150 268 255 297 89 263
65 74 100 277 229 77 22 40 12 6 82 129 94 71 293 62 253 294 141 37 200 159 266
183 216 168 128 50 255 170 127 157 188 2 164 9 160 126 41 235 133 261 269 44
28 75 193 212 177 195 245 99 157 150 148 94 130 38 291 216 22 30 225 268 181 100 50 18
226 67 135 82 299 14 63 117 268 47 51 98 220 254 253 176 199 164 278 184 84
85 264 185 93 8 112 206 291 17 0 168 239 114 160 149 100 96 4 6 91 148 263
46 224 191 299 230 292 21 55 121 224 36 135 11 76 280 25 254 116 275 47 61 160
193 65 276 43 79 92 235 268 193 277 210 10 263 181 249 40 231 174 176 166 187
31 97 255 111 161 185 196 220 228 136 120 36 133 78 57 83 81 201 20 254 173 83 171 293 191 221 194 212 249 241 239 293 278 42 288 291 193 155 47 168 43 214 220 255 242
130 115 58 229 6 209 135 279 70 12 190 38 105 138 146 113 178 252 7 76 78
710 130 250 292 276 55 182 244 188 163 258 249 77 167 263 241 10 213 268 148 134 297 79 95
20 130 182 209 293 117 281 153 207 1 275 104 212 234 45 101 80 286 268 141 259 252
80 137 233 283 38 87 148 252 186 243 115 92 102 45 15 171 1 196 195 34 91 61 201
111 127 201 222 96 186 4 198 171 209 33 95 7 77 78 282 246 287 184 285 61 298 188 194 236 47 180 62 286 155 113 193 154 46 140 110 192 276 220 227 226 172 31
32 67 143 222 30 130 232 228 17 209 33 156 202 237 244 75 236 264 67 119 11 150
42 62 64 65 216 219 232 86 116 151 117 179 185 70 55 157 194 195 54 190 87 261 163 89 214 97 65
41 66 93 186 157 178 267 170 201 298 31 212 252 166 181 283 74 2 154 226 163 269 110 200
28 136 234 263 288 403 40 257 29 284 242 98 162 4 251 17 24 104 85 271 169 58 105 30 184 288
