49 84 504 636 129 265 993 91 143 138 696 638 295 373 742 575 802 568 848 108 243 958 343 21 623 971 437 129 533 5 178 51 134 273 8 213 92 53 131 161 200 81 16 168 114 112 172 151 211
70 196 20 162 67 12 288 27 225 238 33 177 181 151 234 228 239 14 71 147 28 133 151 112 200 174 211 204 88 135 267 42 92 189 126 127 214 33 228 138 122 118
167 223 61 80 237 52 60 58 985 765 78 233 278 72 111 276 28 28 297 663 243 343 223 625 542
561 689 696 141 151 188 260 85 277 836 375 77 372 51 878 285 851 505 623 696 381 477 138 26 802 214 214 145 196 187 214 261 146 132 50 280 32 203 105 253 16 134 268 11 18 162 94
8 126 215 242 118 158 130 286 37 212 107 118 163 128 330 44 73 181 69 699 207 434 968 598 128 69 170 229 135 37 204 266 224 288 263 226 67 212 129 198 202 89 151 20 160 271
62 86 182 284 203 81 26 115 217 226 248 176 79 274 260 241 113 263 296 268 210 62
55 123 164 165 224 230 289 56 42 145 117 195 229 259 281 27 186 199 276 209 270 172 212 224 110 113 5
169 119 46 132 96 253 45 103 236 282 259 95 19 207 279 178 187 205 31 234 148
561 168 192 201 7 162 186 4 330 200 182 70 27 237 268 40 30 376 636 278 227 26 295 214 207 279 562 219 229 286 14 70 198 199 117 3 233 34 57 20 242 232 86 115 156 26 245
70 84 292 167 244 49 14 17 228 146 208 296 32 9 46 218 173 180 126 148 25 22 283
12 57 119 139 231 235 233 102 83 142 265 14 183 86 71 58 174 3 139 161 293 45 221 236 46 62
722 169 289 295 77 122 190 210 86 219 115 273 103 74 257 363 216 207 109 214 260 113 43 220 179 298 226 153 270 204 92 240 88 230 228 284 178 276 60 62 19 173 268 192
52 63 134 195 209 284 61 147 233 73 201 2 8 257 199 279 115 135 189 164 195 278 21 205 30 39
132 133 26 181 238 262 156 220 160 40 266 186 49 69 264 167 184 213 267 293 168 185
146 247 62 25 197 299 163 237 28 60 214 45 131 276 115 99 221 245 282 78 72 58
152 210 217 150 103 51 16 137 74 143 164 140 160 213 104 111 163 266 246 136 230 39 56
723 104 242 84 157 126 125 59 52 132 19 273 193 254 99 163 236 24 82 244 220 174
723 25 29 130 263 281 689 19 72 140 235 273 278 189 275 193 185 255 79 200 118 279 51 831 151 402 188 220 917 272 136 281 411
723 230 134 176 246 295 107 65 266 23 246 19 461 43 206 58 168 130 202 332 196 925 55 69 243 25 5 58 26 84 49 80 183 237 186 189 195 216 274 240 184 79
16 93 39 30 207 29 114 17 203 144 20 131 271 53 299 150 269 122 118 199 94
33 121 142 227 293 72 179 125 119 172 145 247 24 127 206 284 298 136 285 281 231 161 103 53 248
14 80 197 129 257 275 160 262 17 21 285 247 159 124 253 65 4 77 116 183 272
561 30 176 202 180 245 149 79 186 29 246 4 237 203 133 228 130 105 108 280 83 290 91 120
561 22 121 157 165 248 208 42 91 141 33 187 54 237 106 116 212 179 195 111 90 235 115 189 230 210
951 142 128 123 219 160 283 276 209 175 162 211 137 291 62 118 65 171 23 117 124 227
191 194 291 198 112 248 279 289 135 161 258 254 162 140 240 151 225 283 158 156 183 232 157
723 90 154 245 243 94 154 44 62 254 128 61 232 126 0 280 289 77 147 241 282 91 6
561 90 129 190 288 158 232 100 110 7 207 116 211 97 166 173 40 298 95 289 258 18 222 156 248
25 238 285 260 102 35 278 232 106 207 174 234 51 61 81 7 166 296 21 163 116 126 129
1 245 152 126 85 196 125 292 5 112 249 133 183 130 43 157 1 103 13 221 234
722 723 33 90 96 120 73 94 238 252 261 111 242 143 44 289 144 247 81 84 133 187 76 298 201
66 124 200 275 148 267 238 13 75 73 162 85 125 113 203 66 215 65 128 78 89 234 197 189
13 70 79 284 160 85 124 114 226 143 225 70 299 171 230 279 233 197 16 72 246 83 277
88 111 193 205 257 209 202 228 5 96 121 169 236 131 154 237 223 182 120 19 232 250 167 135 187
66 143 274 185 65 295 116 131 136 109 251 22 164 89 258 127 117 212 223 84 166
723 146 181 246 48 166 234 135 275 97 115 87 118 280 255 244 241 40 203 127 185 12 181 98
15 67 121 211 246 6 158 54 242 99 110 45 30 153 144 216 74 203 231 284 146 113 299 150 130
54 92 8 90 172 2 150 223 202 159 225 187 164 81 91 270 50 181 178 74 244 158
19 118 165 3 150 299 78 162 212 51 238 91 243 39 120 214 156 144 87 288 283
4 80 104 130 106 145 228 153 43 124 84 290 104 256 78 216 213 49 234 235 113 294 296 77
61 179 193 282 187 190 53 100 150 88 232 151 66 260 242 243 288 285 36 84 108 228 143
57 162 120 23 287 55 141 22 3 133 284 247 57 237 53 87 112 18 8 110 289
59 164 175 190 126 156 227 177 165 176 137 23 274 235 46 240 234 107 113 293 211 286 181 202
537 31 98 138 47 161 268 220 193 186 204 98 266 238 211 3 8 59 76 237 273 65 121
61 96 268 166 271 125 232 26 165 169 27 120 161 56 111 212 272 117 108 265 151 250 191
5 22 215 50 133 156 44 144 93 264 259 186 274 233 293 245 127 64 46 266 275 37
621 951 83 248 284 25 138 30 77 167 37 59 140 204 229 255 44 244 93 296 24 234 55 185 221
182 125 2 279 27 179 195 0 273 68 221 261 242 223 226 176 16 30 8 147 46
17 140 171 262 281 106 73 78 10 66 191 133 268 138 279 134 195 280 212 146 113 246 186 68 199
48 112 123 44 36 164 10 122 162 259 118 246 80 69 224 237 281 257 109 64 9
74 236 30 133 85 101 229 105 151 295 3 227 236 269 92 28 158 169 176 86 166 41
114 153 169 226 218 146 14 144 86 211 120 222 253 277 97 163 278 205 55 196 282 4 124 262
537 25 187 61 47 163 85 222 71 173 89 73 106 135 129 239 258 230 270 149 21 4 98
221 82 231 218 273 299 275 51 130 34 216 155 7 220 9 167 52 58 293 183 61
137 53 166 270 286 122 242 144 285 227 72 97 207 165 115 120 255 225 131 179 102
537 136 186 224 287 106 79 163 192 21 213 25 172 76 65 140 147 148 206 48 204 279 56 176 85
951 43 205 193 112 270 251 184 18 157 295 34 266 56 254 45 134 221 86 149 268 110 245
248 285 211 282 97 116 224 47 44 291 209 170 258 271 114 231 127 152 177 43 42 81
722 1 132 296 62 96 185 103 202 34 138 168 246 224 161 119 155 255 85 227 209 111 237
621 185 261 272 71 155 194 63 256 189 118 17 270 135 8 77 173 46 239 222 113 166 243 168 156 103 211 227 218 201 28 253 71 228 225 96 186 95 74 105 110 202 78 115
696 159 281 199 253 272 194 278 166 76 12 222 170 188 86 217 247 13 198 112 178
31 66 228 269 96 256 251 232 62 140 274 197 295 902 274 207 214 642 202 626 425 103 40 197 268 275 235 162 196 247 81 258 193 248 107 104 296 170 293 101 157 20 186 262 145
66 258 95 268 58 32 285 57 208 233 8 229 189 242 38 50 289 180 56 1 249
561 219 252 168 31 221 131 130 262 202 112 11 127 266 62 42 283 167 260 48 183 4 19
561 621 722 13 63 73 274 293 190 2 24 201 250 86 139 277 156 267 112 206 168 240 80 288 266 95 1 55
214 20 147 96 14 266 193 226 195 132 125 243 122 105 189 248 82 205 288 34 264
5 109 122 189 171 21 158 55 218 170 288 120 265 230 144 296 266 17 19 113 168 56 53
125 188 34 297 240 83 122 253 98 257 46 108 131 212 22 207 28 121 232 251 208 211
125 218 258 128 290 124 228 3 78 18 138 163 60 61 76 132 77 177 111 92 69 22 94
12 23 64 87 175 287 173 58 239 284 199 251 189 249 3 88 294 102 74 100 108 72 220 212 248 55
148 256 45 67 173 165 285 143 1 87 77 43 14 119 1 87 279 158 32 38 281 402 188 128 197 142 264 123 203 160 175 68 128 176 108 295 129 50 22 294 265 154 13 20 29
11 270 72 55 182 146 199 78 108 287 148 176 106 288 269 186 297 4 40 143 225 162
251 247 224 110 264 55 107 216 75 17 139 204 253 103 152 14 227 286 93 184 149
116 119 282 34 222 242 81 190 227 166 14 90 202 233 274 425 902 562 626 207 106 268 284 6 236 223 100 49 238 89 270 298 273 194 14 102 162 118 249 135 193 95 219
14 84 209 201 96 192 29 90 277 200 93 6 5 136 129 110 281 227 41 99 194 12 145
6 53 274 175 242 293 215 239 20 231 112 122 44 155 223 263 200 271 214 211 163 18 237
1 75 86 723 11 244 23 85 282 298 190 186 155 264 1 461 80 192 48 20 35 48 252 143 250 461 114 148 145 74 233 12 84 96 240 112 67 46 57 60 270 262 119 9 72 166
88 217 10 82 229 135 149 216 156 132 206 251 232 267 48 172 112 70 152 131 159 167
537 14 94 120 145 168 265 63 211 119 180 274 203 174 207 220 69 93 152 159 254 81 109 235 224 122 12
537 696 189 205 238 187 224 118 83 135 146 293 155 1 197 239 14 125 141 86 80 206 212
38 68 76 175 251 40 297 89 209 85 271 109 150 11 288 94 290 126 77 95 258 131 241 130 275
113 150 167 184 192 247 259 204 104 212 199 223 244 282 290 198 289 89 8 190 116 49 106 232 71
231 248 271 78 243 246 98 58 174 230 131 127 21 241 144 187 214 281 261 18 272 14 279
722 11 63 94 265 267 279 14 83 285 47 229 154 137 210 204 44 61 142 291 190 239 106 105 227 278 98
24 65 951 34 140 79 150 172 24 111 294 219 54 300 562 54 274 197 902 214 207 284 626 30 268 261 228 88 103 154 4 239 14 106 0 117 33 230 104 144 226 133 30 31 77
722 723 951 46 142 161 295 20 88 23 146 217 195 11 299 9 274 199 238 53 38 278 179 85
24 77 119 297 189 12 61 75 265 141 31 187 81 132 122 186 298 257 36 261 109 142 288 164
77 246 284 160 212 45 273 100 223 135 108 272 192 20 163 292 233 4 82 275 43 164 41
94 96 195 35 191 95 103 66 73 208 241 205 244 259 269 22 100 266 181 246 123 196 18
696 951 86 101 132 137 202 208 254 232 109 244 2 41 141 197 137 57 242 160 281 75 83 215 280 114 201 209
3 214 1 250 233 166 57 261 42 88 12 165 115 101 163 223 258 175 26 148 118 268
115 172 184 222 229 20 292 249 268 226 290 287 108 34 41 291 264 177 126 139 162 22 235 154
85 235 276 246 77 244 175 143 104 42 72 52 186 110 61 3 140 153 81 109 22 156 145
73 146 274 286 200 293 77 148 281 211 78 126 44 193 183 36 252 87 175 30 278 16 223 124
465 621 27 64 66 12 126 151 228 262 284 56 78 97 120 16 105 294 40 233 268 642 562 284 425 902 197 202 26 54 207 233 228 192 29 187 183 297 197 124 122 194 19 61 260 78 214 136 185 227 245
17 97 271 119 63 275 276 150 22 27 30 64 76 58 190 38 56 292 130 268 68 12
12 1 77 141 258 116 279 208 7 270 238 178 68 143 90 260 220 137 99 71 115
36 44 126 171 123 210 222 270 208 166 129 151 0 14 219 37 201 71 40 291 251 293 170 269
68 112 145 211 40 161 232 65 129 26 63 85 22 176 642 214 274 106 626 30 284 54 233 562 202 197 902 104 120 6 72 50 249 155 234 272 269 198 149 195 176 15 93 276 55 183 239
74 76 97 150 264 114 77 203 181 186 170 287 83 249 110 270 207 22 39 230 25 23 82 201 125
36 134 166 167 30 92 223 226 122 167 57 98 241 17 131 118 192 80 264 94 270 35 461 143 48 112 48 252 238 202 18 272 159 73 190 240 31 144 15 242 120 108 67 130 48 191 198 157
28 63 96 215 90 111 4 5 237 43 70 82 135 290 226 248 19 96 134 286 99 83 76
196 284 27 177 57 220 96 209 232 221 103 246 39 212 194 287 264 149 178 132 229
621 696 157 200 77 120 137 78 164 277 59 110 291 73 251 235 131 231 204 221 223 190 273
16 169 263 118 121 172 207 254 27 139 235 147 185 212 211 224 172 87 58 206 48 461 67 35 264 192 270 38 247 23 47 194 237 31 279 125 294 36 249 49 215 93 122 289 293 62 98 11
85 177 232 18 199 19 289 252 192 119 237 286 42 253 202 35 181 158 297 131 203 88
21 148 233 265 280 145 99 28 121 108 258 185 208 207 273 233 256 64 116 193 120 230 50 180 8
260 209 83 239 210 14 224 198 39 3 226 77 257 216 101 23 72 242 167 296 241
111 113 127 81 71 140 91 35 125 75 103 161 134 187 160 262 223 44 256 189 191 175 289
465 138 173 175 148 295 178 129 156 217 72 46 69 121 99 242 10 48 169 249 142 31 140 211
131 286 245 123 205 77 132 105 177 84 226 191 201 276 103 117 99 10 290 253 255 158
465 723 200 210 124 148 13 30 292 225 121 89 34 36 48 106 902 274 233 202 295 207 103 425 642 268 281 24 20 231 138 240 75 253 9 197 44 118 145 255 190 204 4 12 27 261
46 70 150 172 185 154 33 152 288 89 173 65 5 38 27 218 52 245 145 281 217 8 293 1
51 66 234 265 293 81 186 288 91 72 235 241 136 224 226 101 243 135 17 70 35 163 113 90 114
123 138 294 49 241 151 70 143 121 244 235 288 272 231 20 13 45 165 283 271 119 41 124
34 231 235 223 39 187 113 144 143 62 140 72 76 73 49 221 10 90 87 119 25 130
152 211 179 98 144 44 172 52 55 122 54 6 145 238 103 79 216 48 286 124 91
25 247 291 263 183 133 189 281 149 258 123 138 28 137 236 25 250 57 260 297 230 90 194
723 58 76 216 90 214 158 136 159 129 110 54 40 111 175 74 151 153 15 172 278
164 77 245 122 19 201 208 27 69 199 172 81 108 18 127 11 188 281 0 136 57
33 51 100 191 193 197 223 246 63 186 281 266 45 262 117 48 28 230 74 253 91 6 257 114 0 18 273 58
147 152 260 110 92 136 87 8 53 267 63 236 189 159 65 180 217 166 277 183 125 73
723 24 37 73 244 291 122 98 232 212 275 251 54 202 144 139 193 169 289 249 4 1 143 293 243 247
21 39 67 84 106 151 53 284 95 99 147 230 254 7 5 129 79 6 11 220 128 32 917 402 1 136 158 831 135 28 230 127 47 71 86 183 90 22 187 106 185 261 105 8 197 131 241 69
154 277 282 271 70 15 251 49 68 100 281 31 215 14 152 244 171 278 151 203 80 123 51
722 6 140 259 290 96 201 133 228 134 53 225 42 215 263 105 70 205 295 34 193 32 17 177 2
50 80 94 153 164 212 147 246 155 126 141 86 40 117 28 92 218 223 195 264 49 294 183 4 57 6
107 190 292 114 13 277 70 70 170 282 44 126 216 98 290 63 55 148 536 1 298 700 261 246
18 193 276 293 144 9 66 122 143 5 199 136 128 197 281 402 25 24 291 279 87 220 32 158 286 258 124 266 191 186 22 75 71 46 203 123 284 215 184 89 171 117 259 129
561 25 80 62 6 239 32 82 95 290 40 114 179 136 132 292 113 286 35 102 4 160 233
117 262 235 146 101 219 255 162 290 152 54 88 215 15 95 196 165 202 69 230 120 226
465 236 290 143 26 119 80 145 50 60 113 236 148 66 108 79 205 283 37 210 16 137 43
112 120 162 175 190 289 298 241 78 276 286 144 18 82 181 244 178 142 87 290 112 160 118 170 93 295 75
122 172 147 61 199 143 137 246 117 40 177 151 8 222 136 163 91 34 44 248 285 65
187 256 275 94 191 99 82 200 161 207 72 70 119 125 9 16 141 74 213 187 201 282
951 106 221 244 251 72 206 184 24 286 63 231 11 278 85 46 74 259 264 283 149 90 280 151 94
104 47 132 144 145 187 256 165 209 233 261 255 224 6 199 118 295 689 461 264 143 250 861 192 38 252 35 141 224 240 191 2 113 76 187 29 242 130 126 178 64 162 275 174 18 177 96
722 8 96 141 141 231 167 168 97 107 111 37 36 46 77 42 34 197 402 220 279 32 119 25 87 104 240 25 136 9 29 8 251 278 153 171 237 112 28 284 222 186 185 152 50
120 165 176 181 258 211 67 157 49 184 197 41 120 31 123 203 16 222 276 116 284 127 146 122
2 229 233 42 289 213 184 161 284 171 239 194 154 153 247 172 90 3 209 60 287 61 110
159 168 180 279 59 213 223 250 6 262 151 13 163 157 114 119 239 5 126 56 11 37 195
621 951 298 26 259 217 204 273 184 205 254 13 176 262 37 298 16 33 57 110 85 86 1
119 190 237 237 139 129 1 47 107 128 96 257 25 287 90 297 80 68 217 219 279 124 36
7 52 75 254 238 6 261 237 130 109 64 267 240 211 216 146 134 7 108 49 173 209 198 145
10 131 136 183 222 240 243 35 125 169 255 274 299 50 95 238 232 284 4 48 67 270 461 192 689 143 35 220 270 49 37 238 25 50 251 293 117 9 62 80 186 8 151 253 289 81 213
16 72 83 207 265 292 37 169 176 278 84 102 171 240 35 4 243 89 192 180 143 20 67 264 112 861 689 94 252 192 239 25 218 97 176 123 70 178 134 223 215 187 146 32 142 191 273 170 79 263
137 210 142 136 260 219 32 44 68 107 80 177 16 299 51 274 175 214 245 263 170 200
109 150 223 277 36 298 150 236 296 288 41 289 191 16 60 152 194 11 131 204 167 24 28 163
15 249 290 216 42 261 186 96 298 225 29 114 64 284 219 62 40 237 145 26 185 196 8
621 971 72 112 147 199 94 969 295 128 197 86 126 115 38 402 831 158 279 119 1 220 188 24 281 291 83 97 268 71 77 155 31 227 248 164 261 75 32 245 293 105 189 251 17 171
57 230 9 140 244 285 295 155 299 14 169 38 21 225 34 917 279 220 87 158 402 197 24 128 274 38 136
91 188 225 253 146 88 0 49 172 133 425 902 295 626 268 54 233 30 214 274 26 642 280 282 261 256 229 205 190 75 147 126 165 4 191 251 177 159 83 270 7 96
696 25 178 266 299 145 147 187 228 215 238 149 59 57 165 25 294 190 55 198 157 102 14 207 297
186 537 63 139 129 220 254 171 209 144 113 69 136 402 831 1 279 24 274 38 119 128 158 25 99 260 291 243 290 154 52 108 140 124 160 110 268 298 166 203 51 170 36 150
20 35 48 129 251 277 272 220 232 178 168 269 226 112 288 3 48 228 90 201 185 169 62 191 84 219
33 124 187 199 216 289 13 286 67 193 93 152 177 82 64 90 230 42 52 171 25 192 283 284 126
722 82 163 187 201 235 178 231 238 203 69 119 265 148 182 268 98 282 212 109 149 294 122 287 206 68
537 7 15 30 269 234 216 297 127 31 188 83 198 18 22 266 166 19 21 91 55 73 11 20 168
537 3 234 239 62 231 199 169 297 167 56 284 259 83 65 11 27 118 26 60 286 69 87 132
48 217 13 76 106 37 176 47 258 177 5 129 72 26 209 133 52 20 88 170 4
89 238 156 67 257 70 216 263 267 228 142 296 51 176 32 212 290 256 244 81 161 170
61 92 167 199 229 22 167 261 102 148 74 127 163 225 42 280 103 32 152 200 154 37 120
46 58 85 209 95 169 284 106 53 129 91 225 99 207 165 144 138 134 122 270 42 186 282
179 252 261 135 206 282 37 125 55 147 165 97 227 61 249 62 149 31 177 81 151 112 223
31 142 131 239 116 137 296 98 83 193 77 40 48 229 64 357 147 85 626 178 7 192 298 110 57 191 161 265 248 95 166 174 135 105 232 80 25 8 215 297 203 182 106 198
585 621 11 139 202 261 262 266 185 290 122 13 211 130 256 257 137 22 237 210 221 21 135 145 200 161 37 82
92 103 120 172 205 254 296 126 180 188 139 177 69 119 294 217 239 166 143 183 211 203 283 39 159 81
64 160 286 65 99 222 138 291 172 18 184 121 46 239 178 254 202 135 255 130 87 75 269
696 30 39 62 280 30 239 286 58 277 75 222 271 162 4 60 230 216 95 91 261 46 27 236 144
45 128 276 60 289 25 263 218 216 57 251 273 254 261 127 98 18 64 105 43 38 241 173
