17 27 52 163 182 202 297 15 59 144 269 291 532 252 271 504 910 581 808 845 995 312 694 96 661 553 790 953 384 392 878 390 941 97 726
59 87 287 343 281 838 182 581 913 364 907 831 156 965 398 853 703 543 177 141 426 706 432 293 33 273 47 125 114 103 72 78 129 256 267 149 73 126 77 102 64 110 58
532 25 28 134 275 214 247 276 141 167 215 248 920 55 16 315 154 444 186 322 365 616 977 143 522 542 616 2 119 93 153 51 225 179 113 55 250 197 218 280 44 193 288 236 223 42 200 254
22 39 293 96 144 147 14 203 31 289 264 212 548 108 218 895 48 48 199 87 133 550 114 150 40 114 241 27 267 160 200 238 156 133 21 254 11 256 124 228 39 173 272
2 39 68 93 153 243 265 126 84 0 144 90 281 175 232 46 228 82 168 6 206 227 215 71 96 231 292
58 261 173 234 168 39 89 109 138 184 8 118 46 38 20 244 170 60 218 0 100 237
98 112 189 194 211 298 47 134 208 44 109 92 71 54 256 5 175 141 12 66 15 98 40 84 24 55
729 59 66 222 235 78 107 204 146 45 296 67 210 69 260 212 89 47 66 63 2 37 113 56 290
46 140 192 253 182 120 211 177 245 108 136 234 101 209 14 143 167 221 154 80 216 72 166 114
70 122 180 96 51 21 93 116 244 56 132 27 48 95 155 287 209 190 237 278 71
273 117 217 268 232 40 23 122 25 172 223 254 280 195 19 63 259 157 75 91 278
113 246 247 55 131 10 201 299 95 110 8 186 180 5 237 160 123 165 158 27 244 258 74
128 255 165 36 240 189 104 87 60 61 171 125 244 18 115 151 121 20 42 52 11 51
5 89 91 112 175 50 47 133 227 177 76 224 176 65 37 161 16 99 214 25 298 11 85 74 260
41 103 147 149 108 96 136 195 161 297 95 287 248 183 250 229 122 266 55 12 272 283
3 29 105 151 295 1 121 90 30 74 85 76 54 183 2 272 45 279 57 89 133 240 23 144 266
85 214 289 184 107 297 277 182 134 105 127 42 233 176 259 86 117 150 231 104 138 122 23
232 287 36 115 278 256 280 107 9 295 260 168 228 1 5 145 187 146 140 96 119 240 260 144 133 141 118 188 299 100 84 194 87 123 125 263 251 249 2 109 285 195
17 88 101 200 248 75 120 150 275 227 211 121 126 143 243 27 92 220 242 285 295 166 2 70 186
79 87 161 215 133 291 50 242 247 169 40 251 232 257 76 116 138 134 6 194 108 223 62 89
55 94 264 155 132 98 184 219 59 199 136 290 111 48 64 99 55 42 105 93 145 223
86 183 186 234 199 195 63 290 267 275 19 248 281 239 232 180 38 133 192 295 80 274 23
26 96 97 148 205 143 21 138 245 31 287 0 45 213 4 263 234 108 41 164 282 109 270 173 9
260 29 38 238 250 273 289 41 206 224 145 170 78 240 212 245 282 844 147 569 126 154 237 73 15 129 239 247 125 176 109 288 128 177 181 104 236 186 40 253 141 9 42 233 195 223 105
83 261 139 174 210 269 96 206 14 153 60 232 186 296 106 81 249 4 287 48 115 278
86 208 219 230 51 249 141 100 279 295 277 65 101 121 0 139 246 197 193 17 288 21 222 261 171 16 164 24 22 135 115 217 105 251 150 224 79 137 67 264 210 123 297 294
21 24 30 89 200 221 241 32 219 264 284 205 252 236 293 14 53 166 214 282 4 233 178 844 237 218 289 339 15 154 73 71 162 139 188 177 195 262 59 57 113 169 84 39 92 129 0 212 95 66 79
168 233 264 266 110 265 294 153 124 254 274 52 192 244 260 273 19 26 247 40 222 149 146 100
156 180 206 128 158 30 186 33 167 161 83 299 118 46 76 162 150 92 12 5 77 58
2 87 125 155 185 142 235 282 109 154 280 164 13 8 147 261 92 213 223 113 157 178 80 265 263
61 186 278 64 279 91 180 280 228 22 159 144 185 110 42 227 3 28 71 203 253 252 218
47 95 263 2 40 241 234 272 294 79 149 85 125 155 249 127 255 140 117 61 138
13 152 153 297 145 184 146 27 56 223 128 109 100 243 97 181 34 233 256 197 126 24 143 234
56 80 142 153 296 22 151 112 181 263 171 25 250 246 288 193 299 202 8 58 158 88 289 47
3 75 161 193 157 8 263 156 28 170 224 254 167 184 295 36 232 70 106 218 154 287 116 100
24 247 12 169 247 119 239 37 19 50 22 224 157 177 233 53 139 200 105 245 89 128
18 39 284 224 196 252 57 102 71 31 53 172 87 124 6 139 116 18 147 272 25 24 293
112 225 45 10 192 128 247 101 135 86 174 164 11 150 214 272 255 15 291 167 253 127
252 253 150 98 47 64 144 242 294 197 21 239 228 26 208 290 171 55 259 189 6 20
23 112 198 234 27 11 168 266 215 26 28 108 128 211 187 75 239 189 296 82 202 67 267 135
523 1 184 67 180 85 260 285 149 93 9 152 167 145 243 288 298 138 293 230 209 8 64
44 145 235 44 180 184 78 40 60 134 243 234 176 100 201 115 41 229 260 63 290 297 170
75 85 244 19 105 127 155 50 24 174 257 27 242 112 331 295 412 182 909 320 158 99 572 118 717 336 188 41 211 276 17 298 249 183 22 184 242 155 201 227 169 226 13 140 86 253
70 74 127 259 282 412 291 281 144 28 237 134 11 12 217 92 235 133 196 114 116 52 93 88 203 21
80 171 90 160 145 114 17 61 155 57 121 277 287 47 132 270 179 278 186 256 285 91
246 165 299 25 108 112 209 278 216 153 66 106 61 291 81 245 217 253 64 87 65
92 101 139 230 209 150 210 126 34 58 175 231 111 38 64 197 57 170 279 232 240 266 47 155
35 106 175 5 128 113 110 121 255 295 242 130 297 66 230 239 115 112 88 232 18 294 64
92 218 286 57 165 49 89 130 282 162 17 46 265 110 264 258 76 195 269 187 181
60 170 198 269 199 5 92 94 11 33 23 108 219 215 68 150 170 277 172 197 30 287 258 160
23 25 203 210 295 77 165 48 83 274 187 231 104 71 175 65 81 227 74 263 111 283 86
20 412 44 220 56 50 254 80 210 188 63 85 294 84 290 174 49 212 272 176 250 178
6 49 65 222 22 232 269 109 102 158 17 104 67 281 97 179 11 243 201 92 253 216
58 79 236 245 240 12 262 193 69 88 67 107 79 214 273 106 180 292 118 63 221 226 259 72
153 170 265 282 127 57 134 238 99 14 283 263 33 12 162 2 270 112 109 22 84 229 260 55
13 100 147 154 266 89 183 232 12 296 279 214 0 294 897 186 6 234 114 13 47 116 277 175 65
184 54 263 281 56 157 169 245 219 297 662 93 205 79 190 98 219 78 3 179 167 135 113 176 2 22 211 64 87 148 1 169 129 15 57 85 215 141 166 171 158
913 115 117 276 261 278 144 55 0 262 184 47 139 126 12 127 52 247 226 26 76 18 89 39
115 157 280 52 65 220 116 28 80 186 67 58 276 207 166 189 187 98 15 71 104 196 266
112 145 257 31 205 1 196 169 23 73 201 0 268 221 100 15 135 188 65 145 94 218 261
71 78 121 171 252 254 265 21 163 1 88 103 120 139 204 44 156 240 3 181 182 242 205 98 3 219 98 78 123 3 212 284 50 147 109 236 239 183 93 187 255 241 225 227 10 228 82 195 270
77 102 167 255 216 43 154 253 231 115 10 191 236 264 185 81 193 139 58 1 259 271 98 164
9 25 216 262 65 34 80 155 199 12 257 4 17 184 203 35 218 116 71 103 140 44 97 124
20 125 132 107 103 139 104 187 98 30 127 278 202 267 277 37 273 222 161 8 125 69 65
1 61 219 230 232 279 285 16 7 270 85 141 115 9 95 118 293 88 120 136 212 121 171 93 295 27 149
5 61 65 237 45 167 204 227 188 175 34 106 237 270 104 117 71 172 248 88 103 231 297 150
0 46 203 24 138 49 38 275 188 147 89 196 257 162 245 117 37 10 174 169 231 13 11
87 294 39 191 110 226 169 83 278 20 252 238 168 274 184 136 249 19 24 89 98 220
194 51 83 298 263 136 103 185 162 222 214 250 251 4 71 47 294 238 252 100 233
27 46 140 214 176 151 68 31 286 178 131 164 213 15 241 200 45 196 104 63 74 229 165
166 167 35 129 191 70 192 11 181 93 201 289 212 166 103 193 110 175 65 9 126 13
137 178 45 7 291 98 31 120 114 91 161 179 203 2 113 191 216 57 173 229 133
43 148 78 177 219 93 286 146 296 245 204 212 214 54 131 47 178 72 130 112 153 119
64 234 287 203 23 26 178 206 272 236 260 122 299 62 73 97 160 152 94 219 290 289 245
1 239 412 179 32 39 155 44 105 181 287 22 65 169 171 249 93 252 227 37 148 102 256
35 125 124 218 263 192 30 29 194 93 2 119 120 61 277 64 261 15 218 129 147 138 126 154 239 219 299 52 162 235 284 71 153 40 21 266 85 211 28 275 131 111 102 100 222
72 109 132 262 41 117 167 295 50 175 244 232 183 165 42 92 219 242 79 123 179 38 93 211 98 662 205 957 296 125 212 193 38 198 260 194 152 53 77 36 197 119 287 281 276 154 47 104
42 129 23 125 137 284 94 149 236 187 277 267 177 157 112 195 0 208 106 113 209 163
240 297 12 28 193 293 93 70 99 162 123 8 74 239 126 277 14 55 248 44 34 296
203 273 162 143 8 85 214 179 114 247 70 25 256 14 191 108 289 37 176 236 144
52 185 221 213 2 260 237 231 115 154 239 148 141 151 196 276 13 59 140 107 19
146 164 246 254 284 84 199 10 256 133 130 86 215 159 274 243 1 218 223 219 182 127 17 230
138 168 191 250 297 198 180 44 212 18 299 147 240 49 128 15 252 260 251 227 0 146 68 19 275
75 3 108 120 145 12 95 48 55 24 231 150 105 180 62 91 160 232 127 142 173
39 64 128 174 182 206 174 293 234 168 206 275 231 21 31 200 173 198 271 151 299 246 72 262 274 85
59 207 257 260 280 291 49 138 69 282 226 26 124 153 3 85 209 124 270 137 182 193 297 269 48 269 242 84 149 287 74 91 109 95 263 223 127 262 36 96 153 233 133 253 83 140
163 284 287 137 230 121 239 11 146 74 113 232 172 242 142 102 129 130 165 287 110 268 104
16 64 163 178 266 227 0 226 155 176 289 106 130 232 288 49 196 57 219 267 153 163 77 166 112 21 245 175 129 56 251 292 110 79 227 57 52 131 130 250 295 126 293
70 204 193 70 45 221 132 191 110 254 161 299 235 241 127 231 27 77 233 91 5 85
25 29 198 263 275 103 114 66 161 256 57 231 82 206 156 297 41 292 162 298 17 60 18 294 185
108 192 205 46 2 85 18 235 261 151 120 263 136 299 65 38 91 231 35 101 154 190 178
25 133 152 18 223 292 130 153 272 3 146 179 59 116 63 277 227 243 208 114 66 285 115
101 177 296 190 90 92 276 263 264 101 157 259 200 271 260 228 36 80 202 12 167 227 21
235 282 285 139 59 105 240 22 103 90 24 159 230 280 175 241 266 106 126 245 127 164 130
27 184 51 297 169 167 128 233 286 17 198 263 148 124 174 82 123 55 8 119 80 215
126 163 229 264 271 267 123 297 127 257 246 158 264 261 66 199 224 255 209 55 150 279 250 44 144
1 68 140 213 254 246 21 163 288 110 206 218 261 121 47 7 177 171 11 266 209 187 293 94 155
179 274 60 64 35 61 153 3 42 51 48 269 123 284 14 216 257 19 140 10 196 155
20 44 1 103 121 168 229 267 784 85 135 171 63 99 278 4 339 233 178 154 239 844 126 138 218 147 248 264 183 49 142 174 75 91 292 3 201 196 299 48 278 298 19 172 137 108
20 36 58 100 123 177 219 68 218 243 269 286 97 170 92 110 91 31 36 114 66 61 164 257 51 259
85 156 238 253 289 290 262 96 165 245 216 200 75 183 146 133 260 281 125 50 19 150 6 31 275 297
206 276 92 171 188 258 205 260 36 12 119 148 228 177 262 91 268 254 277 9 106
185 223 238 273 86 274 290 35 58 277 170 67 56 229 264 119 243 225 118 34 221 252 25 131
2 200 284 157 260 187 8 186 117 77 80 115 270 166 63 159 200 61 52 258 149 218 290
120 133 170 16 218 17 116 27 290 182 28 144 31 202 147 294 34 151 293 154 188 87
16 216 264 208 243 43 31 165 90 89 51 147 45 221 276 62 68 248 134 191 217 121 25
34 183 247 329 135 16 26 194 212 126 174 201 272 32 84 197 124 38 11 119 292 117 7 10
19 121 412 232 61 65 24 39 121 80 294 125 247 261 170 204 15 55 1 237 144 66 203
186 215 6 160 273 208 287 449 190 288 282 33 240 92 116 897 37 65 47 186 114 580 985 6 170
165 15 118 212 249 201 126 165 47 208 162 65 170 6 93 374 37 186 580 609 609 94 130 137 0 53 197 244 1 249 186 135 161 76 282 252 206 97 248 200 124
0 11 48 131 225 255 159 248 255 284 45 60 219 259 232 189 128 165 191 279 171 297 202 716 156 28 423 124 156 156 56 232 7 1 12 163 289 155 161 249 90 281 5 94 131 14 234 27 50 154
30 115 151 182 283 106 58 181 20 265 185 292 160 232 10 233 74 236 177 171 29 285 28 4 253
143 149 237 239 47 38 110 267 126 113 107 33 117 187 121 1 148 111 149 83 53 218 195 203
154 189 202 138 52 284 168 176 4 249 19 103 35 164 90 260 236 68 63 254 272 1
81 169 259 254 29 78 117 251 79 71 84 1 119 233 278 74 0 57 3 236 222 158
243 164 52 74 264 215 207 37 172 16 146 296 161 28 59 19 139 236 240 80 251
30 104 138 161 83 235 181 277 140 298 297 32 241 269 267 278 186 76 118 99 169 273 119 80
99 183 242 158 148 250 261 165 278 38 288 233 144 20 264 265 21 72 59 121 178 134 221
45 222 42 206 216 264 272 106 166 178 72 256 69 97 184 280 129 45 109 12 243
142 143 149 166 159 24 278 77 280 39 30 119 165 44 132 122 23 103 121 256 75 42 238 244
134 227 251 41 174 95 142 293 91 220 100 199 127 270 289 218 282 147 126 339 844 4 237 233 73 150 8 78 169 97 9 211 12 240 275 27 3 107 68 214 235 294 261 23 162
2 28 15 0 185 91 130 194 76 229 107 171 263 14 67 157 241 191 45 3 243 9
129 204 244 220 6 285 190 1 7 224 44 267 129 133 153 265 22 14 49 67 8 143 41
1 59 211 228 269 25 53 251 215 156 98 34 168 242 15 124 123 238 35 129 128 19 47 214
53 171 179 267 208 222 223 274 105 50 158 197 44 65 98 662 179 548 38 93 79 20 957 242 16 218 271 197 176 154 38 200 272 180 282 151 292 193 0 210 258 251 288 192
72 83 98 160 246 157 86 56 154 122 264 150 65 99 253 226 288 173 44 212 123 129 48 191
63 104 122 134 138 167 192 260 32 290 195 262 64 122 169 95 274 285 957 78 123 38 3 190 548 205 20 98 167 98 224 131 0 47 256 269 212 84 138 162 220 158 186 222 126 110 56 208 36 125
100 136 239 279 245 25 246 143 204 151 50 236 226 21 48 68 115 30 266 270 51 73 24
101 258 145 184 207 220 282 151 242 180 230 162 77 232 181 265 137 30 94 187 279 168
40 62 142 298 63 132 135 176 287 125 104 116 255 294 39 80 61 229 205 170 28 275 295 101 258 214 254 113 160 137 183 167 50 294 11 163 276 126 298 148 106 172 235
32 55 99 264 60 216 199 255 182 240 242 162 257 164 291 144 106 34 29 210 198 126 100 30
913 164 223 227 230 293 8 14 268 58 118 61 213 144 188 148 258 284 252 229 220 274 36 231 202 256
18 37 70 90 140 297 22 176 96 89 19 58 90 173 191 10 67 224 84 88 33 227 225 205 82 285
105 110 116 147 148 913 73 108 12 14 38 66 209 172 189 37 221 66 24 179 3 78 957 167 205 548 199 219 143 270 84 271 29 101 76 243 172 97 1 75 74 262 59 200 229 60 253 150
222 227 168 27 199 284 157 126 112 75 295 220 260 178 235 277 173 240 155 83 213 105
219 132 248 189 36 234 261 246 108 169 165 271 201 97 223 252 77 119 54 275 192
41 46 83 136 194 180 85 192 118 229 186 41 105 145 49 26 282 288 168 174 290 126 34 82
108 217 258 289 278 13 166 7 158 184 15 188 54 55 167 84 51 221 115 38 241 57 165
79 80 136 191 225 246 257 131 104 249 3 67 186 241 1 288 70 169 153 191 259 206 66 275 221 44 69
13 31 287 181 128 58 33 229 176 258 3 227 36 35 151 263 114 210 286 0 264 277
3 108 169 276 17 24 268 1 145 264 267 116 177 118 66 271 167 193 85 137 181 269 96 273 2 209 269 227 64 183 115 190 214 264 94 109 273 29 178 90 23 73 46 287 33 249 233
173 286 225 163 197 18 278 172 48 38 271 115 127 2 207 276 169 117 83 9 261 136
29 165 175 292 294 20 241 71 216 145 35 29 152 276 219 26 10 247 52 55 48 14 146 54 69
913 199 216 100 18 160 60 168 204 58 86 222 37 298 238 68 256 74 251 289 69 299
30 70 115 268 412 250 164 17 257 147 93 149 71 84 172 194 259 120 40 94 30 10 89 80 193
33 124 153 263 36 9 251 95 131 122 107 91 93 162 137 136 17 120 148 23 293 240 143 201 183 160 284 210 10 108 236 33 130 187 278 156 169 99 254 165 294 141 241 188
11 55 87 153 184 241 24 44 263 146 206 240 137 49 225 92 7 246 234 103 216 45 8 70 148 9
163 278 139 287 265 257 53 45 279 158 7 266 181 61 43 226 46 251 27 58 244 66
17 130 194 91 22 239 170 54 24 201 231 292 275 298 149 172 158 33 122 112 84 131
13 21 251 273 176 155 127 94 84 180 201 57 275 268 16 199 158 164 225 299 34 64 280 217
114 206 228 248 285 60 93 112 215 214 192 88 26 2 183 182 174 24 170 187 143 227 117 213 232
284 195 208 252 135 115 240 175 50 96 32 134 78 203 77 59 255 40 244 98 61
180 285 209 30 227 37 220 181 38 135 197 4 291 34 88 259 141 77 180 269 75
110 82 187 221 116 200 276 123 259 120 158 139 83 59 193 161 278 141 24 210 265
171 276 289 237 0 112 155 71 172 19 171 298 129 87 29 130 124 163 64 113 215 84 250
913 73 147 284 12 224 271 105 273 57 87 135 97 190 160 238 245 274 86 281 255 249
107 193 240 217 261 215 270 177 46 19 258 249 167 148 103 172 124 208 142 61 78 10
25 84 130 200 262 270 66 142 298 164 286 245 292 98 34 176 287 67 186 218 109 5 230 132 43 110
55 157 214 412 76 221 161 291 237 206 262 97 43 112 217 175 57 13 106 134 164 160 271 246
33 149 154 267 268 120 233 92 289 84 243 58 266 54 83 169 294 207 14 123 136 178 12 272 102
35 80 190 244 119 95 22 107 155 127 52 102 289 83 151 7 37 131 46 264 84 203 115
55 219 52 236 258 38 239 218 42 141 228 15 73 844 569 138 289 178 154 237 239 129 126 233 256 32 283 88 173 244 50 134 71 5 297 97 182 15 161 66 113 90 208 258
89 251 262 144 280 20 274 236 277 81 132 47 65 66 186 50 254 193 101 62 103 88
64 108 187 211 201 279 83 54 251 186 53 146 47 278 267 168 237 196 77 253 242 205 185 112
118 253 180 65 293 136 155 175 72 278 56 249 127 13 178 193 242 58 52 121 194 290
9 153 252 273 184 1 231 299 173 77 93 270 242 20 167 123 190 98 98 548 211 219 3 93 38 36 13 281 105 150 110 62 265 103 271 183 122 270 239 258 230 206 228 276 137
2 20 72 139 142 158 250 253 218 233 16 64 110 59 184 21 128 87 162 163 49 253 188 28 56 204 191 280
0 39 64 99 168 165 228 20 210 136 200 169 281 87 150 119 285 43 37 86 29 176 83 196 76
65 166 91 131 133 294 205 179 147 258 274 58 96 269 85 182 130 269 297 3 0 181 193 209 2 48 229 69 19 95 111 253 64 72 119 252 31 245 236 155 166 96 116 262 94 296
40 43 88 120 132 219 282 104 35 179 232 134 288 295 160 66 151 230 262 248 229 53 112 227 292 110
138 250 151 62 144 196 175 72 69 207 57 243 252 61 140 170 14 73 146 24 111 158
