18 38 158 224 53 66 95 98 108 49 220 152 34 33 240 154 177 19 191 294 91 37 56 286 143 78 187 117
24 96 156 718 106 10 14 60 247 206 296 78 221 77 234 278 181 196 44 119 4 165 213 297
240 250 141 218 129 217 145 227 22 290 100 41 294 195 27 115 52 110 57 1 17 3
36 205 47 49 276 184 96 129 80 9 79 263 217 42 55 278 17 155 151 50 157
24 39 61 144 113 184 151 105 60 71 72 125 85 130 167 247 114 9 143 190 218 123 64 188
20 247 73 92 28 44 118 124 252 127 11 193 119 39 43 257 109 10 40 215 18 274
187 211 91 84 269 154 170 67 123 20 224 126 191 108 121 142 153 7 273 231 221 125
107 116 173 296 233 36 24 140 173 191 148 250 274 56 264 245 122 286 81 26 50 13 275 119
44 175 268 54 103 69 7 198 248 201 77 23 269 156 91 71 15 119 192 157 177 162
180 183 226 261 270 112 125 188 226 230 182 63 114 142 95 163 136 246 75 40 233 101 288 3
182 187 239 100 24 33 25 49 168 202 150 53 95 295 36 44 192 160 279 217 196 191 139
807 155 25 73 212 134 246 150 217 160 280 161 55 182 231 76 105 279 197 174 91
272 265 169 55 86 5 201 176 298 88 151 281 163 261 255 1 179 11 47 109 266
236 264 26 257 119 201 112 205 179 137 128 210 249 19 118 0 191 56 173 57 174
43 70 193 31 200 234 127 8 4 281 239 298 140 246 0 230 162 244 213 109 216 142 283
54 215 264 283 92 257 26 232 95 19 161 172 77 112 234 66 213 115 123 268 159 238
169 432 221 149 293 104 67 85 261 205 19 77 156 30 94 100 282 210 28 184 9 102
9 215 189 43 131 133 169 271 177 221 42 288 153 62 72 160 66 191 246 145 112 244
58 172 198 256 223 159 297 228 15 227 94 4 154 246 277 149 207 107 236 214 30 126 294
21 30 63 69 205 13 284 19 136 15 22 234 18 64 161 293 66 122 95 289 222 116 171 204 137
10 155 230 255 158 12 276 237 98 75 259 242 203 211 121 153 248 0 103 255 154 269 45 41
36 133 139 293 25 28 85 102 153 220 165 221 114 141 77 113 194 245 260 46 155 284 150 208
97 244 283 106 247 183 39 25 258 98 46 70 164 111 19 61 211 6 44 257 87
193 259 273 31 109 230 131 276 185 151 96 3 236 176 52 124 290 160 210 19 70
71 80 137 293 216 188 271 80 101 254 266 81 151 210 10 28 273 242 249 54 8 27 286
154 163 166 244 250 288 62 96 122 140 272 282 9 264 188 250 33 227 155 148 224 112 208 194 46 141
31 80 200 213 278 2 69 263 215 188 30 52 110 33 3 167 116 93 221 36 201 276 132 66 51
105 299 177 256 77 69 76 240 38 85 80 278 156 213 136 246 297 14 184 128 154 81
293 157 201 8 233 265 98 70 247 170 97 294 68 173 214 284 231 296 113 139 183
59 88 108 199 268 71 128 290 70 243 205 181 278 104 137 288 296 13 221 267 294 272 66 97 77
29 185 196 282 86 291 250 119 298 0 219 158 280 257 137 172 176 177 210 175 204 227 67 265
16 44 98 143 298 155 157 211 26 25 77 37 162 138 110 235 132 165 150 120 224 251 149 274 202
223 298 207 234 265 132 112 110 209 266 177 57 95 78 267 23 231 211 264 155 249 98
52 108 109 173 197 212 71 58 12 211 286 40 95 230 172 205 141 254 55 7 194 174 19 127
284 235 247 272 293 85 236 169 298 71 194 262 31 93 294 24 123 106 274 35 195
260 281 99 217 218 283 164 29 211 168 33 291 180 190 227 37 76 70 88 112 236 48
90 230 75 86 251 199 102 243 16 193 114 177 235 64 262 195 168 77 17 141 190 23
125 131 142 162 282 73 136 259 53 103 122 255 282 117 138 234 241 171 231 144 86 253 135 239 196
100 270 127 29 67 263 237 261 117 54 47 26 231 151 200 156 250 133 63 90 17 43
210 214 217 754 121 92 167 170 64 243 113 126 53 233 195 21 101 106 5 89 79 220 118 108
129 190 221 178 296 187 175 147 135 142 105 67 111 211 288 166 168 9 79 297 122 107 270
185 239 807 111 25 54 122 261 78 223 180 246 214 211 289 156 174 103 207 201 62 26 173
147 237 38 208 47 123 128 223 121 244 76 248 96 235 126 88 268 289 82 273 65 53
15 20 173 225 253 287 29 115 216 215 51 207 224 46 148 208 293 133 155 194 468 114 270 284 718
143 248 178 48 150 14 273 211 285 263 132 127 55 96 72 253 276 68 39 206 15
5 138 241 185 113 67 43 276 31 118 238 95 103 197 286 214 30 68 38 212 270 23 110
84 128 275 30 226 161 173 184 110 230 143 146 278 287 210 113 168 47 31 163 63 148
182 295 754 14 230 74 115 197 136 92 238 105 174 259 137 39 254 138 289 100 76 110 88
6 15 41 38 211 49 90 264 282 209 26 187 268 250 152 4 28 196 137 297 228 18 140
157 256 292 205 231 229 289 272 103 269 204 17 54 159 295 241 56 69 254 199 59 80
46 72 137 193 34 287 213 232 25 225 175 135 38 167 33 78 256 45 284 176 174 46 124 84
258 141 235 248 256 140 30 244 272 78 70 124 215 171 138 47 41 19 296 208 238
0 32 285 4 155 105 79 254 277 231 257 106 297 56 268 96 183 22 263 279 197 137 167 75 5 154 209 110 206 11 19 99 148 163 9 197 40 187 194 261 15 256
221 260 151 97 281 124 145 165 173 87 184 142 283 280 1 7 193 69 148 2 99 40
139 174 292 280 251 152 271 224 153 286 138 223 229 25 162 234 35 66 26 68 276 215 140
69 158 288 7 3 209 62 124 82 206 68 263 53 45 130 237 249 193 156 56 15 275 94
283 807 192 106 199 226 27 291 98 230 252 259 285 44 142 185 125 45 276 219 127 113
92 140 31 263 273 56 169 114 119 198 38 153 127 270 223 39 48 287 178 30 297
198 283 754 262 63 161 134 160 148 175 285 257 173 101 97 41 105 142 145 180 284 136 229
172 261 110 268 54 20 19 226 194 170 48 12 238 33 248 75 173 78 44 236 278 69
51 69 135 273 51 259 113 23 77 233 213 271 136 59 125 279 89 32 215 275 100 63 132
38 54 278 167 110 169 171 264 165 131 240 58 22 83 177 196 210 178 277 209 251 297 14 14 17 201 249 107 259 22 195 245 155 113 52 148 77 284 194 270 46 133 468 12 132 263 11 214 154 16 38 238 207 1 280 224 103 86 22 124 129 147 186
155 177 220 253 170 138 105 215 109 158 35 45 24 171 272 19 226 282 203 140 298 293 66 169
202 0 135 195 34 56 98 1 2 44 252 80 130 298 49 54 28 124 141 137 50
235 242 249 134 68 8 187 59 287 37 119 297 189 296 205 278 265 23 58 73 139 121 188
12 94 162 221 124 60 86 213 105 196 270 149 178 54 247 173 46 292 63 167 293 101 144 120
152 190 234 204 284 242 86 31 232 39 263 8 161 280 191 116 1 253 209 80 117 259 283
4 10 47 184 184 93 251 82 166 240 14 20 167 44 249 85 80 213 37 191 270 28 179 66
40 154 183 185 235 289 296 53 194 256 73 204 205 68 261 250 32 279 6 23 114 255 3 247 157 169 135 276 196 108 168 186 287 70 241 1 163 76 178 229 115 94 274 233 207 270 35
104 129 199 241 163 70 165 73 105 299 262 201 237 16 258 298 51 206 126 103 225 49
211 279 260 179 218 42 276 87 243 79 15 152 258 141 59 8 282 234 115 232 66 125 158 277 175 270 83 173 63 119 141 163 257 198 151 183 293 135 143 15 161
21 245 168 97 191 239 127 35 237 15 16 183 105 148 176 284 289 22 165 276 196 40
7 153 209 280 185 192 48 134 230 68 173 54 196 233 207 156 157 62 13 140 174 41 225 94
27 41 76 94 175 181 64 42 193 228 2 167 234 127 297 5 18 112 168 241 22 171 85 54 149
2 40 84 137 159 238 162 144 63 109 243 229 287 62 158 209 79 124 157 216 191 250 93 125
55 185 39 243 261 192 273 162 64 193 154 81 182 100 216 113 5 221 72 201 252
90 171 284 255 217 143 200 129 43 188 92 156 100 271 0 149 166 256 108 288 82 35 295 160 228 4 33 299 21 766 38 153 263 167 175 179 69 268 254 289 32
19 38 62 89 105 222 62 244 220 217 275 298 284 252 124 82 236 211 88 46 210 129 9 170 260 114
76 97 98 142 259 4 58 20 148 247 124 277 246 8 85 225 107 137 280 96 158 17 88 254 44
11 137 207 230 267 221 90 205 206 187 197 255 258 240 193 82 115 118 156 179 18 252 278 25
127 157 293 53 166 54 21 60 255 6 264 34 124 216 284 260 143 281 237 41 291 13 218
21 90 121 122 274 229 286 12 145 55 282 23 34 62 223 265 289 193 142 40 81 211 215 89 56
77 92 96 290 189 172 240 280 275 244 61 13 159 6 7 121 9 251 103 104 86 263 283
123 125 186 263 286 127 205 15 103 96 91 112 115 268 135 176 190 181 58 76 47 226 59 32
3 210 284 25 206 147 188 293 115 30 264 41 91 13 75 207 291 261 172 166 123 222 231
100 172 200 223 230 310 8 91 26 221 13 142 47 135 194 268 82 35 80 185 245 159 152 14 244 199
9 119 212 284 236 5 102 219 108 111 123 14 211 33 188 132 263 129 96 177 146 280 4 208
3 7 129 145 51 147 95 126 198 165 130 231 94 256 125 70 143 128 172 284 200 173 53
129 162 214 25 219 197 174 101 288 253 208 226 177 150 225 117 268 155 160 118 282 75 103
19 49 258 194 17 252 4 278 259 101 9 24 188 5 20 108 204 154 251 74 3 54 80
73 74 102 107 175 202 206 212 23 180 256 13 265 276 164 52 166 766 32 254 149 720 38 56 179 158 103 263
63 74 153 216 254 129 280 230 40 84 97 4 70 139 58 286 221 166 218 55 54 135 94 240
205 246 266 282 807 187 251 12 46 180 87 234 25 143 196 145 90 207 199 32 223 221 239 243 117 195 180 169 15 299 147 94 125 161 47 71 48 16 277 40 284 83 186 80 226
68 70 133 180 193 243 291 807 158 36 238 225 145 224 155 43 29 10 212 121 272 134 1 32 31 89 87 114
9 63 225 248 77 98 58 120 13 97 210 87 108 236 156 275 18 26 176 200 137 44 36
66 292 39 190 276 278 123 213 37 5 250 51 283 287 121 284 125 53 202 157 256
146 151 172 4 226 233 212 192 169 15 19 129 17 185 182 125 64 111 51 235 95 165 234
184 209 259 807 154 111 77 39 224 250 131 211 269 98 212 33 62 26 293 101 252 32 178 191
93 140 225 262 269 292 290 202 271 57 275 285 286 76 101 118 136 48 132 49 222 161 119 204 242
26 98 108 244 298 272 44 179 148 227 254 169 173 167 38 263 175 153 69 190 179 103 32
4 42 82 265 277 27 228 239 92 50 188 32 83 285 186 24 77 152 209 116 296 140 49 180 266
213 24 29 98 113 171 280 99 173 103 720 190 38 32 149 167 289 173 158 254 169 116 144 259 71 287 34 274 283 277 174 106 226 32 48 127 201 141 142 107 270
5 20 39 68 292 130 176 35 229 97 111 280 270 284 143 239 218 20 30 200 39 297 110 142 174
76 276 126 216 180 11 235 269 53 2 96 20 22 35 28 124 146 256 298 72 266 37
271 290 60 65 254 77 192 174 18 38 183 124 82 283 159 268 25 185 218 259 106 29
81 254 43 256 283 216 5 130 203 29 129 258 11 261 8 160 195 74 221 21 298 276
78 159 245 130 94 150 247 136 47 264 44 98 258 55 100 116 175 213 159 249 273 204 261
35 157 210 285 186 65 278 298 49 169 162 20 86 286 110 102 148 216 150 284 62 234 133 48
24 32 47 29 101 36 97 51 248 67 260 238 229 132 254 144 171 32 220 146 113 19 222
17 112 31 15 68 51 57 123 259 139 101 100 121 61 37 50 2 270 132 176 118 78
110 141 265 201 156 250 136 226 54 108 243 61 105 100 92 299 295 44 280 6 189 195 166
150 264 274 298 92 82 58 240 212 37 70 100 201 270 42 210 259 105 229 180 228 3
166 159 7 145 206 297 118 208 243 56 11 126 2 194 182 67 263 39 12 31 49
56 135 299 266 23 66 105 37 203 229 40 52 46 224 260 132 200 41 180 221 124 233 119 114 66 168 267 137 29 80 135 25 187 210 101 45 221 34 91 218 180 291
69 106 257 157 218 200 266 127 227 101 267 228 242 260 250 191 265 134 58 256 130 214 278
59 101 202 229 60 163 282 30 136 211 131 44 254 32 149 56 38 766 153 169 190 167 103 69
129 310 173 252 279 152 27 91 232 87 148 114 155 293 150 270 208 113 52 133 284 224
109 141 143 188 243 28 95 131 123 93 236 38 120 71 140 167 227 192 2 208 200 202 74 17 3
13 66 259 272 109 5 259 220 141 11 208 108 168 142 288 63 1 4 182 61 140 275 100 22
144 283 80 97 136 179 68 63 194 141 82 157 23 65 138 210 283 126 163 29 19 233
96 151 162 187 254 137 255 113 109 19 176 151 101 272 27 11 44 232 227 177 292 294 61 58
17 49 77 161 241 16 84 114 57 96 19 270 113 227 51 61 162 8 33 154 272 261 223 1
29 86 119 152 236 208 4 179 109 155 123 190 42 10 81 262 241 80 8 222 286 74 270 240 284
165 77 244 33 71 64 31 111 294 296 225 210 219 167 276 72 281 209 87 195 213
67 183 223 284 92 181 222 78 121 189 129 160 3 260 218 11 86 152 263 15 234 13 289 137
46 75 292 255 250 129 285 77 75 152 165 70 112 118 69 211 40 273 280 257 8 5 262
119 129 144 158 197 285 229 159 79 162 217 268 182 101 127 78 210 75 135 246 143 213 49 98 85 289
99 196 277 222 85 238 99 200 64 119 220 79 55 89 160 111 175 190 296 30 130 149
40 86 131 240 283 248 35 30 258 166 201 294 192 113 31 7 4 212 163 32 229 217 92 57
156 187 299 50 263 214 4 11 107 243 294 185 73 184 119 157 262 158 260 238 224 160 35
39 129 170 200 754 224 293 296 98 86 288 271 175 186 18 24 279 150 202 276 99 252 97 25 195
41 62 195 220 257 262 79 258 189 183 77 128 3 34 5 172 66 95 99 243 164 271 6 115 106 28
69 221 105 189 291 75 281 36 147 160 208 99 198 158 286 70 238 258 176 164 167 188
68 71 74 111 154 222 257 58 85 182 284 135 80 288 261 279 32 14 254 194 59 35 234 164 50 165
37 53 81 277 83 81 189 214 181 55 77 56 6 219 274 259 64 263 119 298 166 48 127
154 807 56 298 10 92 206 133 33 165 156 158 181 130 200 3 83 237 60 182 43 27
116 159 220 168 123 259 285 139 190 64 18 212 14 286 2 262 10 180 99 299 121 153 93
17 69 103 284 42 184 68 287 73 25 267 6 227 186 236 117 21 244 138 11 57 112 195
147 174 17 231 258 223 130 23 296 92 240 127 192 98 106 73 48 100 219 97 83
167 171 150 31 102 241 236 278 197 100 174 239 78 250 288 10 106 153 163 17 218 61
21 124 294 4 28 23 67 126 118 292 84 108 135 181 123 79 159 283 61 44 76 104
244 267 96 278 8 146 200 139 159 141 224 263 157 256 283 3 202 116 212 291 39 222
81 84 285 238 142 262 169 236 146 232 235 225 183 148 112 57 298 84 248 293 11 25 294
9 108 294 298 11 4 243 286 234 14 57 207 48 20 132 134 70 170 138 184 290 244 120 248
221 9 110 60 40 170 50 198 66 179 296 12 6 158 126 270 72 52 56 207 28
30 116 123 214 262 200 58 123 176 133 206 22 270 247 92 122 233 223 62 114 39 4 137 146
199 131 228 230 92 180 207 140 18 201 24 287 85 76 165 68 258 97 190 146 235
14 44 50 243 231 210 36 30 18 19 94 31 141 179 88 281 180 105 33 230 115 284 90 221
170 171 193 194 113 267 101 98 298 19 293 253 234 118 164 281 99 126 216 235 20 258 195
84 233 238 242 189 57 222 113 77 234 239 291 226 294 15 119 215 114 218 11 3 40 263 91
46 83 118 148 266 288 193 140 114 118 298 28 252 220 38 7 262 289 49 105 274 117 206 137 18 11
62 299 212 149 247 218 105 159 118 89 132 18 44 79 178 28 248 138 31 287 19 4
26 256 62 195 201 72 104 17 277 291 256 222 284 185 176 138 250 179 151 191 233 255
8 74 256 102 54 150 274 249 185 99 213 137 289 253 88 210 70 53 111 245 149 6 0
41 87 240 244 198 206 132 146 2 280 232 41 111 221 236 265 205 202 56 173 136 176 48 97
69 77 146 164 32 151 277 18 73 103 78 98 31 46 76 248 224 145 144 142 45 30 166
31 186 282 258 213 77 187 148 29 173 63 191 67 160 90 239 231 115 192 1 0 242 34
99 754 3 173 232 245 168 184 110 119 273 22 274 100 262 202 29 33 131 201 192 52
70 212 25 169 124 29 205 84 279 193 152 267 177 153 6 187 266 70 88 53 30 65
80 171 213 190 102 106 24 86 45 244 227 197 3 5 39 103 89 12 282 269 192 37
57 74 142 46 128 104 259 120 144 199 27 237 37 284 122 171 30 0 216 292 265 210
74 159 182 238 69 229 126 154 15 148 16 238 55 28 14 284 178 176 214 204 264 185 260 26
44 79 102 194 234 274 172 5 11 48 202 227 81 287 255 109 54 209 102 146 23 17 157 199 293
120 15 274 0 233 273 204 240 143 254 275 124 177 84 283 4 164 87 5 208 258
74 116 255 261 295 204 249 52 190 146 75 89 178 4 291 57 16 59 132 166 7 158 194 236
76 277 283 183 226 34 244 127 93 25 149 112 150 46 224 148 293 114 133 78 52 194 718
43 178 184 262 263 294 74 15 65 141 128 102 6 297 279 284 195 140 244 88 31 289 271 161 127 83
132 222 241 164 6 62 144 12 66 51 95 261 36 234 5 254 198 162 18 147 91 168 55
24 68 117 211 217 17 227 237 239 298 147 149 273 120 235 14 9 107 46 33 21 25 165 67 74 283 225 164 276 108 0 101 82 8 213 148 67 37 194 62 38 159 243 258 171
70 78 114 241 262 754 89 217 250 159 134 147 271 257 18 78 224 194 150 718 155 468 113 46 77 284
85 183 246 260 140 15 196 187 149 157 277 222 9 178 290 204 85 256 12 247 188 65 118
74 119 172 180 183 197 238 35 235 139 173 243 262 285 96 58 260 60 133 113 89 144 292 70 36 28 297
238 279 754 55 118 295 294 145 95 81 158 42 263 149 289 158 443 268 179 169 103 153 190
153 203 247 283 299 108 181 100 127 29 182 153 275 92 159 72 148 216 274 166 13 283 84 1
274 290 120 185 222 16 208 82 110 201 274 151 193 181 209 174 251 235 276 45 94 218
7 17 40 50 180 184 262 46 147 256 286 196 162 77 241 265 129 69 6 176 15 111 140 194 126 170 105
29 95 235 158 227 188 72 122 235 152 237 68 29 222 70 299 124 142 37 44 283 67 253
59 92 120 169 293 754 170 125 111 235 225 100 221 194 203 181 110 126 229 152 279 67 259 77 242 232
2 201 151 110 250 287 127 49 230 171 113 99 177 269 170 208 124 118 239 139 184 31
217 276 80 75 263 227 70 63 260 34 87 115 179 225 7 228 189 44 50 84 77 128
24 194 272 119 143 245 181 85 108 235 125 251 185 100 189 148 79 293 132 278 248 174 284
31 96 163 174 240 130 214 79 213 221 42 19 275 264 84 256 157 260 104 287 36 74 14 6
754 56 208 134 286 274 116 108 158 146 244 210 46 201 195 52 152 133 109 88 172
26 70 74 226 754 47 214 162 161 257 12 245 70 5 165 11 297 44 181 51 238 63 37 223 30
22 233 256 9 142 295 200 37 182 126 196 243 129 35 28 165 234 38 249 240 83 92 281
52 189 213 226 254 262 230 193 125 38 4 35 180 245 285 82 208 107 39 60 239 76 222 277 275 287
98 124 176 50 164 49 189 261 295 84 260 130 176 215 293 208 194 155 293 52 78 46 245
7 147 244 275 2 215 294 88 11 234 55 266 286 273 202 63 185 288 85 235 193 180 46 249
