28 148 177 180 255 362 490 941 12 98 203 274 274 136 500 920 114 475 662 30 285 659 765 543 327 542 240 994 587 533 72 53
29 261 902 324 156 280 389 586 905 770 820 761 44 254 358 30 94 700 496 563 104
68 102 217 294 247 273 25 118 45 268 41 264 916 532 731 820 982 712 369 916 982 418 947
58 61 150 155 261 116 157 275 663 359 41 26 419 731 511 433 134 991 976 146 713 404 713 991 687 196 273 82 222 163 252 158 68 136 270 271 201 56 42 266 152 227 255 162 230
25 203 205 291 239 219 199 188 17 160 138 46 159 296 73 197 247 183 211 157 32 167 175 266
99 158 208 251 182 189 296 94 53 30 12 320 218 901 73 461 901 3 460 894 547 73 121 469 219 129 64 48 244 44 149 261 251 258 5 199 50 30 152 237 292 130 200 17
107 131 320 65 45 61 126 127 66 196 262 183 132 11 163 226 134 70 209 194 52 164 19
39 60 70 224 81 45 224 79 296 231 119 173 23 230 261 155 70 242 192 216 221 276 287 147
9 69 206 247 39 23 172 246 241 170 179 1 109 234 279 194 60 283 118 197 206 129 12 36
71 123 240 143 253 56 237 34 299 286 53 162 47 109 26 124 103 74 12 186 137 289
666 2 144 291 184 133 108 244 149 266 290 21 124 168 141 118 180 160 246 182 89 113 186 144
242 244 31 84 223 203 270 483 36 258 26 682 101 709 625 488 281 12 460 545 512 315
666 182 239 289 31 163 23 30 180 174 220 47 166 156 189 150 58 198 278 43 217 171 296 91
73 78 126 227 20 136 280 296 148 217 224 15 30 187 287 271 119 242 170 200 95 246 284
629 0 10 233 125 133 284 253 68 168 291 55 138 222 288 209 0 8 120 277 26 261 197 254
5 36 92 119 232 252 104 202 15 118 50 207 89 179 210 255 128 299 182 54 16 211 155 60 189
72 175 192 77 38 231 16 96 129 225 295 190 79 143 165 289 134 234 149 268 251 23
629 664 90 166 49 46 203 28 124 9 213 70 279 110 277 226 86 265 199 217 20 104 156 238
70 38 299 229 63 270 198 154 31 103 4 35 165 66 32 254 155 97 253 202 241
629 44 78 106 122 185 196 15 103 278 288 82 188 180 240 119 290 148 61 210 267 284 189 30 235 297 84
40 219 88 56 141 174 243 70 245 113 263 287 29 277 54 131 106 155 27 255 31 238
36 139 140 226 263 280 285 281 206 286 210 106 136 132 72 65 31 83 234 20 288 205 192 177 69 32 44
35 126 279 250 181 49 41 272 30 252 21 180 117 193 194 255 95 205 274 92 52 136
666 10 43 45 215 223 238 242 102 157 140 253 55 73 162 265 28 259 130 169 161 194 295 47 125 146 98 229 265 82 249 243 11 48 191 83 152 8 94 220 87 56 262 138 4 12 17
171 170 245 268 283 54 272 162 250 70 185 206 104 216 59 292 289 135 203 222 189
80 166 278 6 41 145 49 143 65 19 26 164 274 696 241 289 754 129 214 123 60 132 142 131 289 87 167 19 147 114 138 33 163 150 20 172 15 46 53 202 110 104 60
142 157 173 225 23 101 186 293 269 47 250 213 73 122 166 45 18 4 17 72 236 283 6
711 127 177 204 166 181 116 223 109 15 240 298 198 186 63 295 86 234 53 227 247 70 164
117 181 85 89 99 214 12 192 281 185 137 143 114 144 20 199 288 169 129 11 59 256
711 24 220 157 192 124 126 65 14 128 225 244 4 183 131 26 239 110 32 91 215 20 278
47 274 64 134 196 130 51 214 210 282 189 66 78 141 55 242 153 262 283 43 96
629 711 24 41 74 129 144 244 103 121 110 82 63 199 232 174 3 166 236 277 9 122 151 124 203 175 263 299
20 41 148 147 252 59 270 108 262 258 264 196 26 114 24 267 72 269 1 15 125 56
97 103 119 257 245 38 212 58 44 225 62 210 36 5 22 35 218 72 191 43 183 247 246
75 76 22 106 276 164 247 42 142 48 214 218 213 274 180 225 44 232 277 59 37 220
133 207 253 288 141 93 197 23 146 163 94 199 229 88 84 165 252 180 64 37 125 103 195
47 61 135 171 244 46 54 114 237 216 15 283 22 248 44 108 261 66 136 150 42 122 84 271 252
253 291 292 298 5 74 94 274 66 127 224 38 268 270 642 902 626 284 207 30 197 54 268 202 425 103 189 144 37 31 166 10 278 134 58 117 128 192 148 127 126 92 77 199 205
5 60 232 3 151 266 101 102 138 8 103 292 206 81 236 214 46 25 70 86 230 128
664 17 19 41 286 232 176 40 293 75 79 213 226 125 67 80 241 196 186 175 158 58 60 215 36
75 96 192 108 2 291 117 96 66 3 119 294 191 290 92 258 132 120 52 145 104 248 216
94 284 45 169 153 167 26 67 150 65 85 168 299 136 106 206 94 183 269 282 154
78 120 152 247 176 48 34 66 208 282 192 239 51 120 261 100 86 109 207 249 130 157 76
194 275 142 38 269 289 169 174 294 195 39 253 130 219 153 100 172 21 159 251 1 60
1 118 141 142 204 237 32 105 234 261 142 292 122 54 267 151 77 200 263 257 141 215 162 125 15
4 217 236 264 56 263 126 186 24 249 190 120 138 199 216 247 124 251 219 152 194 53 172 177
34 64 248 256 136 121 59 248 236 287 154 116 125 52 238 82 240 70 134 109 270 108 188
128 217 220 168 58 135 107 108 36 196 199 144 160 271 283 299 23 27 162 278 138 45
92 172 214 270 295 277 267 240 46 212 86 69 91 62 114 273 282 237 230 204 231 278 223 262 250
62 288 68 161 109 291 195 293 17 167 15 34 268 143 14 247 222 10 270 229 275 289
12 225 263 29 49 151 195 283 84 87 113 260 71 19 49 141 56 18 879 224 153 131 39 102 220 233 315 670 187 55 102 96 147 52 106 116 290 203 230 56 183 239 285 75 214 28 165 195
216 120 100 64 65 213 116 20 33 2 15 201 95 35 244 106 237 242 248 1 137
30 191 282 189 6 150 180 266 23 160 181 52 245 244 152 173 127 124 214 80 155 258 100
123 129 98 101 79 253 228 30 185 74 48 105 66 160 87 244 138 140 47 173 29 196
9 85 249 238 19 104 149 228 115 133 17 240 197 141 114 233 134 161 70 246 2
21 210 247 122 184 93 96 68 42 101 115 286 145 247 94 107 136 228 231 185 16 97 162
209 65 133 94 77 86 46 67 15 245 220 96 269 228 183 53 71 55 52 291 6
18 125 179 187 65 96 224 159 285 190 232 184 147 36 14 145 210 205 191 20 98 76 244 174
711 89 99 181 166 250 64 37 163 239 157 167 233 262 150 84 85 285 175 154 48 265 192 204
138 187 223 296 236 269 129 261 255 211 175 277 189 32 14 254 102 136 144 208 2 30
69 218 177 266 214 152 64 185 55 36 118 33 206 106 195 202 10 25 32 240 154 99
74 183 60 53 140 32 222 201 128 39 289 3 246 142 148 15 171 85 226 230 173
93 262 59 55 218 39 130 36 249 64 211 169 115 221 154 168 43 217 57 185 222
75 107 227 96 244 163 259 193 118 206 14 161 247 179 8 242 81 136 182 106 286 90 236
629 664 9 50 154 220 272 15 288 247 136 284 202 277 150 155 16 76 140 83 0 25 243 246 280
144 177 269 255 281 184 236 115 18 51 85 215 268 204 17 36 49 146 87 73 166 169 284 252 285 159 187 295 191 156 237 29 163 256 87 48 220 251 150 275 152
53 81 255 170 253 50 53 8 155 110 219 153 272 151 107 216 197 237 38 130 149 17
50 122 136 284 250 161 43 291 295 106 153 154 134 71 170 193 139 63 107 156 274 219 227
102 144 284 92 135 152 222 82 261 22 65 191 196 53 26 291 223 90 83 158 297 194 114
8 19 132 100 283 46 167 70 123 68 150 59 27 163 271 13 191 298 149 56 8 213 190
37 71 202 287 12 111 78 100 200 246 113 83 226 175 255 41 76 244 144 278 140 268 279 5
183 188 83 85 139 104 5 264 246 38 75 93 223 175 117 56 279 162 217 115 270 177
196 292 267 253 235 63 132 203 97 249 288 68 40 147 209 125 110 28 141 42 204 178
85 94 127 61 131 39 89 191 14 202 92 258 262 289 233 562 268 902 207 626 106 202 26 40 274 252 109 84 161 27 154 46 45 163 289 114 5 99 168 41 62 91 71 175 267
234 265 290 35 255 294 248 299 109 246 222 57 86 140 124 9 242 99 5 229 89 44
40 72 171 219 236 264 263 106 128 226 9 77 184 20 79 160 80 298 269 275 68 297 43 289 25
149 280 283 220 223 289 106 115 105 170 178 253 116 213 129 237 233 249 254 127 84 182 73
51 96 124 165 45 85 286 107 177 290 135 197 241 158 9 29 288 173 153 90 283 277 7
2 84 209 232 233 297 4 192 121 282 106 179 143 84 50 76 212 34 196 118 113 214 107 102 27
19 202 217 115 190 69 1 160 271 112 205 231 41 198 175 246 3 33 203 180 296 222
133 208 149 163 57 18 58 47 164 224 158 17 237 40 110 129 83 211 116 50 293
38 136 65 238 246 26 232 215 233 162 258 225 68 99 224 273 78 163 208 280 282 223
1 260 266 245 62 9 72 6 70 189 121 141 153 92 38 218 264 269 228 107 293 194 162
104 123 276 77 116 169 149 4 261 11 283 110 214 246 294 257 226 255 85 74 210 273 46
33 72 97 218 278 198 104 27 292 28 128 215 126 3 32 115 285 92 237 148 119 187 230 0 219
14 140 269 280 198 184 66 269 114 7 194 188 38 2 105 111 270 139 205 249 166 144 91
629 203 294 81 214 188 278 52 298 146 92 169 28 94 33 274 34 233 193 8 160 176 220
9 38 97 289 194 88 29 173 12 141 293 182 206 127 91 181 117 189 67 106 148 34 272
39 150 122 17 103 244 143 15 124 80 128 293 164 59 224 290 21 37 16 38 261 176
126 129 207 57 62 166 26 120 196 298 123 13 151 90 97 117 43 154 146 262 85 2
25 231 50 145 149 158 190 197 107 246 79 92 96 266 4 111 259 174 159 233 248 256
157 289 252 132 243 48 143 184 266 92 93 299 51 250 149 251 131 101 264 140 111 10
218 235 77 182 239 200 219 299 255 84 153 170 134 109 231 201 138 137 234 195 181
67 109 170 213 175 267 123 120 142 15 5 237 191 55 17 282 224 255 104 213 180 228 153 119
114 160 295 114 287 228 30 0 297 252 77 282 247 173 152 289 49 99 279 198 98 47
229 272 204 256 92 4 141 51 174 25 261 214 270 202 281 32 268 198 229 150 123
89 170 127 100 84 162 104 205 296 267 260 65 39 272 264 238 12 200 293 176 160 77
111 122 145 210 256 93 231 52 134 193 212 291 214 71 73 185 270 10 174 144 228 222 69 206
68 176 202 229 205 219 10 174 22 84 65 3 73 74 294 68 57 189 181 272 152 33 89
135 215 191 15 293 151 174 39 34 102 184 103 162 133 28 214 243 253 82 10 256 282
22 41 231 289 214 49 207 46 80 147 47 146 66 15 145 118 143 195 32 239 174 293 210
53 261 271 92 127 10 104 178 191 84 80 216 170 215 24 46 123 69 218 1 128 220 202
23 100 130 137 273 190 4 199 272 268 249 230 130 162 45 285 87 293 186 121 217 97 261 282 75
65 72 172 52 114 266 66 4 144 179 219 123 124 137 259 261 89 281 102 131 106 97
16 110 169 245 298 188 158 118 78 3 145 244 246 7 278 240 114 221 103 184 242 122 32 248 160
195 243 133 134 78 31 56 103 260 112 33 270 53 165 117 140 153 152 138 299 54
664 2 28 188 196 118 29 1 213 196 202 154 72 133 0 235 245 84 121 52 190 97 35 193 63
102 125 294 58 182 30 229 113 65 50 12 159 180 119 134 162 202 9 226 45 87 157 193
101 274 91 63 65 221 0 277 170 42 260 195 147 140 252 116 129 94 228 80 192
252 218 182 162 227 126 293 246 34 269 2 172 111 50 140 78 27 18 12 215 39
629 15 132 60 57 95 106 76 295 266 43 248 174 138 88 230 4 46 223 217 197 115 221
179 188 252 189 123 179 226 86 171 235 140 67 62 261 286 203 44 40 278 56 139 130 296
14 262 269 294 244 222 213 264 262 6 135 281 260 164 35 48 124 247 34 38 37 297 263 229
78 202 176 109 122 103 106 137 100 286 144 124 161 87 197 282 130 22 290 58 209 277
57 114 119 86 133 1 70 117 180 183 181 215 167 272 213 232 130 62 145 196 289 174 291
200 250 186 152 262 279 146 87 75 63 226 232 60 234 187 275 202 162 249 112 271
111 167 145 94 171 179 24 281 88 40 3 83 38 272 195 86 116 19 72 276 77 60
60 65 67 101 283 124 35 109 261 279 132 32 242 290 92 31 265 244 81 258 47 121 94 222 97
3 66 80 215 273 163 155 227 72 45 8 137 89 244 68 23 20 298 95 133 55 65 52 172 5
129 165 273 236 298 26 230 217 181 23 141 160 82 222 214 239 29 170 241 208 93 100 265
60 76 148 39 35 23 81 120 192 161 76 160 101 257 289 299 214 147 99 44 158 3
96 132 223 264 17 105 120 216 292 13 30 292 225 121 89 34 36 48 106 902 274 233 202 295 207 103 425 642 268 146 37 120 54 68 20 177 34 5 185 104 169 206 121 158 82 297 97 0 275
7 19 45 179 251 271 297 267 209 107 223 159 205 22 230 218 105 1 118 14 185 71 288 172 9 240 164
20 93 284 141 199 127 80 6 10 217 233 243 4 151 33 37 14 125 287 135 265 259 202
32 79 214 287 64 20 283 190 56 155 76 45 164 82 224 46 92 172 10 54 192 208 274 169
17 29 107 140 233 103 183 268 123 288 235 102 26 284 42 259 280 169 121 151 158 204 59 78
112 151 4 240 217 25 94 144 176 246 253 242 7 135 128 174 51 159 283 102 275 110
81 158 268 136 68 102 121 36 293 85 292 275 86 60 141 28 184 167 66 30 297 227 196 244 19 88 233 127 231 43 14 59 121 82 281 147 152 179 16 25 246 30 216
5 211 161 247 242 292 5 275 297 199 258 12 174 41 217 32 141 10 163 45 257
21 139 228 237 210 185 234 292 181 248 113 149 294 156 169 125 150 17 192 154 73 117 176 50
629 41 90 172 244 250 1 214 132 205 236 145 21 144 46 155 88 220 299 31 11 95 230 123 37 146
60 229 72 26 238 217 191 212 270 66 102 128 196 203 124 98 177 15 75 215 180
45 99 134 153 176 105 57 256 74 183 24 41 251 54 290 25 99 69 206 17 244 23 205 242 6
59 118 127 128 212 242 3 246 183 244 157 49 144 201 44 163 273 250 177 53 254 12 135 126 61 39
31 110 146 176 205 255 231 96 50 149 105 290 227 282 253 93 214 87 167 103 107 180 237 45 56 278
10 149 219 76 27 69 108 283 120 274 174 68 200 84 235 199 166 275 21 16 0 57 98
123 155 179 12 136 292 161 203 38 135 151 92 31 290 192 84 163 79 103 259 198 0 117
104 192 278 90 228 159 194 290 99 37 259 44 211 223 140 138 155 218 113 92 256 19 65
86 246 261 277 197 44 208 9 137 103 57 23 123 232 147 140 52 235 199 253 42 117
0 7 61 150 192 217 45 11 217 274 161 84 281 42 167 28 151 14 256 137 225 117 207 277 30 293
170 281 20 28 153 8 29 101 79 5 134 90 160 80 36 250 123 261 92 222 199 209
32 200 206 86 270 117 50 126 210 144 155 151 295 197 164 105 141 263 92 226 278 174
274 92 116 76 274 155 286 187 257 16 261 15 175 126 168 297 43 109 50 137 235
3 46 200 134 206 8 166 197 127 234 286 6 249 80 141 102 236 137 277 180 226 79
9 16 57 96 194 241 100 7 279 238 2 233 83 168 243 110 291 135 41 142 240 113 126 160 216 86
65 189 208 221 251 232 265 6 194 26 238 242 7 77 209 249 78 171 79 128 290 202 176 266
100 208 220 234 264 270 111 268 159 203 123 135 252 25 97 18 228 221 144 139 291 130 255 45
32 35 152 58 81 151 158 162 146 270 30 79 180 88 425 106 642 626 268 40 214 274 902 295 207 80 163 243 33 117 227 72 76 185 200 36 299 241 235 16 14 180 218 222 204
469 158 228 262 298 185 100 154 30 223 23 283 111 32 11 116 210 285 222 219 241 163 142 48 286
0 35 169 241 262 133 93 104 113 233 157 187 218 37 212 155 9 128 7 95 165 61 241 48 132 22 127 126 96 50 243 182 51 230 5 206 151 121 190 124 179 128 91 161 63
6 39 222 53 41 299 43 225 182 2 91 277 177 75 208 115 290 46 23 39 287 237
87 89 127 142 198 285 277 280 99 49 275 138 149 175 267 222 204 46 116 230 70 41 51 195 161 219
629 273 294 206 270 297 153 10 149 287 260 275 902 284 295 642 40 197 214 106 268 103 30 72 205 212 127 294 120 152 230 200 35 15 41 51 96 121 100 193 257 143 279
210 5 180 273 188 231 205 248 4 216 207 26 103 197 214 642 233 268 106 562 40 166 157 141 246 165 224 295 278 86 112 40 169 187 284 191 80 110 298 92 238
100 138 275 280 14 288 123 64 292 24 54 69 101 50 143 195 240 140 132 77 184 27 138 167
25 57 77 295 144 10 238 39 213 50 210 81 203 34 183 41 0 97 265 68 169 291 233
23 91 229 283 78 188 271 150 134 57 155 289 89 103 234 14 39 133 294 101 202 267 80 139
175 203 233 136 82 201 1 149 178 115 119 240 223 21 9 166 69 42 248 171 105 93 261
258 38 276 236 46 284 230 248 21 189 261 267 152 9 123 91 151 190 266 156 155
30 81 133 186 108 54 292 293 159 247 49 140 263 189 213 195 239 142 58 202 156 197 28
24 198 209 79 174 178 224 72 223 154 166 217 18 29 10 206 222 268 71 205 219 246
106 182 289 276 69 3 134 163 142 238 287 188 44 181 216 64 267 4 135 279 253 127
15 25 38 59 71 196 89 184 281 200 204 116 92 179 48 289 14 27 174 151 96 117 70 140 26 44
72 152 23 181 140 89 94 172 97 126 164 199 77 37 186 117 167 289 29 272 134 71
63 91 86 174 246 177 277 260 55 124 117 234 264 26 203 189 152 78 243 116 43 257
99 221 81 211 273 195 281 132 204 83 203 139 247 104 291 289 46 36 250 160 38
294 140 192 65 77 58 205 240 54 279 66 270 183 259 185 213 245 96 226 118 25
9 255 172 42 46 238 66 207 69 148 280 125 53 31 175 8 270 234 192 33 67 119
31 120 167 233 123 285 190 149 156 48 234 192 229 126 163 210 96 42 114 140 10 104 49 295
193 65 0 118 60 116 99 139 277 86 58 282 11 30 158 109 285 108 73 269 287
32 146 66 141 121 85 235 55 48 172 67 247 249 42 185 144 155 3 246 279 290 39
70 104 132 243 247 221 11 230 79 277 1 192 274 261 222 209 111 294 114 140 199 267 250 46 174
664 28 76 89 127 178 196 18 12 120 278 250 141 47 279 207 178 180 10 60 190 201 29 211 232 245 113
25 125 240 47 56 70 295 126 41 228 112 9 34 54 221 174 266 101 69 235 207 23 270
242 173 55 246 73 102 241 142 27 189 182 282 234 87 34 172 289 242 39 99 171
101 270 253 138 146 158 84 209 124 219 69 34 168 72 222 25 141 272 263 60 166 201
169 239 252 297 210 238 220 166 25 156 268 205 69 179 93 9 203 255 107 292 219 262 212
96 212 219 114 198 231 146 21 48 15 149 287 140 213 88 154 167 292 221 14 45 273
24 140 225 277 206 268 199 270 87 269 8 170 223 151 62 226 118 288 95 217 10 131 68 187
51 76 94 155 252 261 76 16 121 288 251 2 170 290 182 68 30 127 15 180 71 119 115 178 222 225
690 233 174 30 226 280 229 4 41 17 276 215 231 9 272 132 153 68 158 23 187 114
664 13 127 169 190 103 88 5 130 183 289 281 277 184 129 295 108 175 187 226 80 63 223 0 57
80 229 296 152 128 262 263 201 33 43 81 297 248 155 179 15 52 215 60 267 254 12
38 89 194 219 238 292 46 238 110 71 162 295 98 173 242 147 214 95 160 258 168 117 290 223 169 276
