87 176 281 208 218 296 0 222 290 424 598 2 593 342 217 213 412 153 321 625 765 353 398 382 761 108 978 146 582 441
862 144 191 234 243 193 261 489 676 892 345 468 8 553 765 944 509 59 743 441 189 62 326 361
114 275 376 229 286 479 182 224 36 273 741 58 601 457 301 113 345 345 955 996 729 322 996 181 122 173 93 155 45 25 49 65 67 246 280 3 1 51 247 111 74 225 168
7 14 69 231 203 214 296 217 144 19 70 143 258 141 247 74 160 5 236 113 103 102 212 293
54 262 407 108 127 222 228 250 353 14 279 83 149 139 542 919 192 155 25 290 878 542
18 34 270 290 5 114 193 454 166 246 333 83 48 25 139 113 647 680 542 743 192 542 778 155
173 631 276 11 171 72 172 23 184 5 126 270 139 18 204 242 207 3 219 283 104 192
21 30 112 227 189 114 262 51 40 188 213 155 30 17 42 257 274 190 280 226 87 64 61
806 269 187 3 265 84 128 49 46 76 150 7 245 134 209 194 16 154 225 40 271
77 143 271 287 53 276 190 56 5 164 192 88 213 160 134 202 95 119 35 253 234 270 130 92
227 244 161 205 65 137 14 207 286 285 72 89 51 257 16 251 289 252 181 57 94
69 101 280 241 67 75 267 123 239 296 217 104 90 127 205 118 107 253 237 61 132
41 47 60 138 192 298 202 27 87 176 219 139 66 248 37 67 162 217 136 185 223 152 100 273 7
60 68 144 160 250 78 238 46 152 205 255 47 199 217 213 181 100 208 36 6 279 258 274 225 275
87 104 168 209 238 206 98 140 137 225 189 268 203 136 30 250 77 236 133 86 123 282 48
51 98 278 133 280 1 76 86 31 21 96 126 246 207 192 135 286 165 256 105 97 60 16
17 19 66 120 258 45 269 297 251 218 293 253 79 177 22 59 25 223 266 239 222 101 220
25 167 175 210 134 4 152 225 15 236 17 267 31 103 23 98 49 185 141 233 144 181 138 44
18 75 85 229 267 21 146 244 33 21 187 226 171 201 211 80 171 39 171 194 19 5 11 86 67
139 185 212 228 89 131 119 140 256 142 201 196 211 87 290 48 141 98 241 79 228 212 204 208
18 79 74 182 62 195 240 96 24 265 66 150 127 4 273 64 147 6 290 167 115
184 201 227 145 149 83 242 120 53 269 184 29 129 134 126 113 278 209 248 12 211 13 187
9 75 84 384 210 125 114 180 213 105 241 164 57 217 82 9 97 13 80 47 293 276 34 93
285 295 384 265 271 30 145 103 138 32 59 88 167 154 22 238 226 231 155 247 219 257 289
109 125 137 145 100 104 5 215 171 112 212 218 124 262 293 168 142 97 283 122 94
84 119 133 182 233 76 236 273 200 280 288 269 46 139 211 113 264 95 193 295 9 152 196 203
34 114 120 180 186 204 254 238 89 173 211 25 212 125 95 295 149 209 172 81 235 61 3 19 255 1
62 105 255 291 17 65 87 108 37 116 283 100 297 106 279 102 184 253 73 119 144 130 265 274
1 122 168 171 172 230 264 289 138 45 200 44 53 15 257 160 14 232 120 4 149 278 73 152 63 170 176 76
144 270 278 279 211 119 245 89 131 294 205 267 176 6 244 134 239 277 111 154 258 247
196 203 80 260 66 252 53 4 227 125 268 117 91 298 175 285 173 9 280 127 288 0
98 9 105 138 8 53 168 72 145 214 111 197 134 19 98 211 52 128 194 289 888
65 100 164 217 243 384 234 2 67 222 204 11 238 274 195 281 187 240 134 221 224 89 57 131 211 97
77 121 160 605 85 273 217 127 192 240 143 81 75 230 208 120 169 96 89 211 88 292 164 94
77 101 96 283 225 146 3 17 199 171 253 62 234 142 20 55 4 289 280 155 165 168
862 297 261 141 235 252 86 3 21 102 43 222 34 237 265 246 249 277 233 171 137 6
10 137 188 229 155 238 213 266 136 199 246 72 5 32 289 140 126 244 13 101 89 177 206 138
66 137 174 244 138 120 220 287 258 32 139 8 5 88 70 72 252 58 189 175 198 177 227 280
26 40 102 119 157 200 292 234 41 155 85 146 112 298 275 206 83 5 17 10 255 115 241 203 183 16 25
67 195 199 201 291 28 295 203 269 122 142 34 245 51 186 273 297 214 249 123 298 187 133 104 219
13 270 207 202 282 44 7 9 39 223 131 138 72 278 206 212 27 153 104 54 46 20
62 31 40 91 59 286 20 221 214 56 284 97 85 39 120 293 132 261 172 143 90
238 247 86 202 64 8 163 232 196 24 276 32 7 280 135 189 23 234 9 150 209
181 250 109 83 16 244 44 262 270 119 292 123 239 223 2 79 40 287 35 168 22 114
7 55 109 384 19 162 159 123 16 47 37 133 157 256 1 219 64 295 169 207 14 31 92 15
124 280 68 157 123 137 26 98 158 14 273 248 78 231 235 83 163 107 292 8 239 39
262 243 153 279 14 224 54 201 49 16 150 228 235 275 88 99 76 20 59 218 213
16 86 104 275 186 161 44 17 75 175 265 70 198 248 206 282 59 261 33 49 213 264 209 158
70 106 128 186 79 136 21 146 70 126 222 171 163 27 288 165 127 90 119 0 95 61 173 290
24 90 196 287 297 220 284 86 221 61 3 206 165 270 147 12 32 65 80 293 44 193 295 208
106 187 248 250 289 164 123 17 101 62 177 203 256 191 39 16 105 53 254 218 99 86 206 230 200
32 106 173 194 205 233 251 296 99 212 243 639 0 69 102 208 44 178 55 241 77 112 109 100 94 45 128
48 104 140 269 115 169 170 50 18 197 30 281 254 86 7 122 60 247 15 188 91 261 143 221
15 82 112 276 281 94 7 121 284 176 179 127 79 99 163 78 259 144 53 82 71 85 252 37 225
117 298 92 275 90 221 133 56 12 278 31 119 273 207 255 291 159 49 181 65 59 177
48 77 109 243 155 8 184 225 121 186 271 171 118 157 27 201 270 67 35 11 124 98 246 59
201 104 235 248 196 145 229 148 218 259 59 78 288 192 124 43 50 172 106 176 294
18 88 251 254 144 281 111 82 156 241 116 154 8 218 181 219 19 205 125 297 287 14 280
94 210 242 114 248 207 232 261 129 157 275 215 294 0 113 173 219 98 180 82 127 210 266
126 248 257 161 266 243 263 245 284 34 275 19 174 84 211 221 197 39 179 116 124 32 54
14 146 234 258 95 200 165 297 17 120 212 90 68 91 246 181 127 232 111 66 256 267 109 102
10 270 155 292 138 279 264 5 163 165 6 9 226 43 22 10 74 118 184 238 191
27 134 279 289 384 33 21 32 166 232 117 287 41 261 104 126 233 203 108 274 107 295 57 253 82
862 177 279 280 200 215 218 74 294 277 157 252 272 193 93 274 26 80 257 220 171 58 42 266
5 52 147 148 222 256 265 44 237 36 234 80 1 216 39 117 152 212 263 268 20 158 123 79 197 97 240
125 146 181 206 215 222 94 219 294 46 75 286 101 198 45 186 239 98 184 209 115 40
210 298 126 68 216 196 269 204 230 36 83 198 80 26 138 218 170 72 14 117 228 5
61 220 272 520 109 94 35 166 57 277 129 59 204 296 219 167 123 299 128 173 287 237 126 255
115 156 289 134 253 4 26 187 101 247 165 262 179 70 162 139 60 236 141 272 120 240
89 82 274 146 196 119 203 47 248 169 118 50 105 158 161 167 223 116 78 87 62
56 79 184 188 146 157 82 273 173 152 153 194 86 62 95 126 201 56 94 45 254
38 177 205 62 236 299 199 162 84 193 7 203 3 64 187 222 263 137 232 129 200 53
97 185 41 180 153 109 46 277 123 47 158 148 36 227 107 237 53 39 185 1 289 29
22 194 213 216 234 225 228 165 184 238 109 182 76 82 56 101 81 180 36 136 33 40 223 64 287
54 234 287 134 115 214 38 269 146 160 260 190 37 216 43 206 15 49 77 152 172 121 110
14 59 237 296 293 205 156 128 188 200 123 202 57 184 93 68 120 250 8 297 112 58 101 148
97 125 128 153 270 188 7 71 154 181 3 160 128 262 162 184 62 31 288 50 297 58 51 282 118
36 43 55 120 155 30 245 170 201 87 290 267 125 34 114 59 94 66 253 76 293 31 242 145
239 87 82 283 98 6 85 40 114 187 55 146 16 2 166 7 101 26 53 267 251
205 289 152 1 267 56 71 32 183 98 217 20 126 261 266 59 170 194 280 128 119 7
7 151 292 1 207 64 145 180 295 131 92 172 156 113 140 30 34 242 0 35 19 211 44
93 183 288 27 218 241 203 34 158 175 251 219 297 208 107 204 190 62 149 29 47 39
172 220 280 290 87 275 128 115 236 81 137 190 67 281 76 273 183 55 91 127 213 19 62
32 99 107 109 174 222 252 253 36 154 63 38 137 127 78 177 209 52 74 276 155 20 24 40 94 39 81
3 84 143 182 187 781 212 295 83 206 252 245 99 162 253 112 899 45 283 184 100 295 95 241 134
29 92 147 170 241 256 277 65 185 136 147 118 161 226 72 174 114 229 182 216 285 283 215 75 8 263 71
22 268 49 84 189 86 194 193 299 0 131 199 157 249 133 272 277 88 294 90 52 251
6 283 17 141 190 33 246 290 208 187 69 888 289 173 5 80 128 19 137 39 126 171
185 100 159 217 27 134 227 26 252 150 250 200 101 160 154 206 272 57 85 248 110
81 93 195 224 81 297 102 72 259 282 112 158 190 34 148 113 85 146 216 143 77 205 196
102 272 143 293 78 35 151 121 195 208 98 207 285 127 264 248 57 249 162 184 177 128
226 27 118 176 222 270 289 131 233 121 120 253 162 45 95 112 100 241 94 80 899
126 127 138 178 208 272 298 67 186 33 224 116 240 163 261 13 18 278 292 64 182 283 190 88 89 138 90
81 42 182 212 218 68 137 13 115 67 176 53 296 178 256 140 27 55 266 37 263
131 150 124 180 22 134 137 152 26 3 222 229 160 116 253 122 72 216 179 221 168
160 230 232 255 266 134 147 128 218 233 264 53 96 151 185 149 4 64 25 66 34 119 202
157 170 180 384 293 167 46 45 13 39 243 105 251 64 124 254 56 55 176 59 152 234 73 42
3 35 213 194 32 38 196 209 235 106 245 29 230 3 30 217 104 168 117 279 193 10 260
22 27 160 185 204 220 245 224 261 217 18 100 122 7 38 158 248 6 290 152 168 115 291 62 195 196 298
65 164 310 8 26 49 273 232 228 230 127 124 30 223 226 153 282 88 70 23 219 265 163
90 239 97 33 242 224 157 259 64 84 207 186 22 289 115 183 225 295 296 69 277 250
143 217 219 280 229 182 160 59 65 242 92 90 200 57 114 0 260 154 203 25 190 157 238 171
25 54 57 168 271 281 127 46 288 81 225 95 206 31 290 234 96 157 172 54 264 270 49 254 42 88
206 520 294 101 66 139 9 18 165 284 146 223 48 65 75 172 228 105 243 63 120 207
111 182 228 236 4 70 10 98 86 178 116 103 255 269 22 59 94 286 212 201 277 215 123 217 239 282 92 16 260 26 35 238 247 125 105 112 145 203 173 75 234 236 118
68 120 257 181 42 122 182 106 236 148 292 253 117 264 163 18 96 62 268 2 72 25 294
48 151 157 286 520 67 16 245 173 183 64 230 95 148 143 186 174 99 48 268 130 134 178 87 57
101 172 233 220 80 201 91 198 21 188 101 98 49 169 92 199 40 0 278 147 259 26 287
54 102 104 117 143 213 270 87 109 273 190 90 228 151 154 94 217 108 59 61 236 125 214 211 204 45 122 96 56 18 162 245 89 260 186 54 216 7 239 201 47 285 165 82 188 99 15
16 51 133 167 37 208 152 244 85 211 22 249 48 114 69 265 43 175 73 8 158 151 78 25
118 198 209 249 136 212 5 33 63 248 66 80 272 105 203 10 276 268 76 67 61 155 277 172
250 259 122 3 178 16 209 9 276 74 184 260 4 40 252 254 94 42 159 79 285 31
242 172 89 141 93 101 185 273 113 175 271 195 278 164 192 230 272 258 9 288 1 49 98 235 82 290 209 163 159 296 104 5 6 178 204 12 58 16 194 269 280
78 291 4 39 9 181 198 26 237 112 252 54 108 110 25 254 77 249 185 154 129 38 58 296 88 2 159 107 29 228 190 42 251 212 202 95 237 4 274 128 293 204
31 160 196 245 263 280 90 215 92 109 98 33 22 157 67 299 158 142 176 267 81 12 95 73 47
154 187 126 263 39 243 60 146 143 55 247 192 7 121 57 177 239 90 20 185 3 222 48 165 3 286 231 146 270 226 128 269 75 249 280 50 288 191 234 202 49 179
152 154 261 211 285 236 76 232 258 99 133 70 12 132 36 139 33 270 198 194 212 181 21
14 52 95 105 112 282 32 189 240 31 85 261 52 277 274 43 241 39 167 160 150 131 250 148 271
16 248 269 37 111 180 95 6 49 184 207 258 194 186 26 47 150 123 228 58 224 75 61
93 243 19 188 220 196 7 228 273 62 251 221 51 45 283 155 32 286 93 104 122 295
60 119 140 144 250 141 246 44 51 259 256 208 10 94 95 109 112 253 100 45 200 100 162 77 128
146 164 142 123 85 198 266 293 15 64 105 121 25 215 133 260 236 67 30 169 40
6 133 175 207 24 195 199 123 272 293 265 18 23 291 47 188 183 178 26 91 212 197 270 25
232 111 148 161 54 250 246 292 123 142 112 98 109 122 60 23 270 224 106 97 158
1 36 103 182 191 520 22 14 294 126 131 267 8 217 37 121 57 264 54 105 56 82 46 87 263 162
109 214 252 209 45 107 200 223 122 19 101 174 7 121 204 247 229 263 201 163 106
77 97 106 246 281 106 121 209 251 198 229 138 180 267 154 290 261 208 11 165 86 243 18 252 266
24 93 124 216 217 104 12 201 80 87 70 190 193 131 42 9 199 205 278 6 244 119 233 31 44
2 67 107 110 158 178 212 257 286 266 202 111 45 260 245 76 223 98 68 148 252 9 83 115 209 183 166 276 123
201 208 92 81 58 146 49 217 229 142 65 231 284 151 133 241 278 177 296 170 242 255
161 184 225 176 64 99 86 18 185 183 97 17 177 77 166 241 91 249 167 149 221 54 141
112 177 194 289 44 118 221 268 34 44 40 26 241 155 100 241 253 134 45 77 185 295 200 899
17 182 241 245 272 158 50 211 120 148 250 10 234 213 31 70 123 84 100 51 282 111 210
97 384 298 46 72 186 244 86 106 296 226 100 237 198 190 35 259 230 245 158 285 43
39 142 147 169 190 205 73 184 94 36 291 156 70 65 78 271 276 280 216 33 159 198 259 86 142 164
288 384 128 284 203 241 182 295 257 110 58 11 78 93 81 244 37 77 218 230 209 104
55 101 107 228 263 189 152 3 33 92 145 295 171 161 225 2 218 101 164 26 270 230 130 281 216
25 109 178 181 218 162 225 219 48 114 37 252 264 128 7 221 139 20 63 27 112 271 2 67 189
145 240 279 41 291 275 187 148 112 95 198 197 103 220 128 203 34 216 39 181 253 77 15 5 127 260 182 28 113 37 107 50 100 183 197 53 123 268 270 78 179 240 177
132 134 166 174 227 16 7 134 22 15 206 218 81 212 275 226 113 236 102 96 60 148 268 181 126
67 13 231 72 238 264 210 188 167 202 113 138 245 133 274 46 285 93 284 120 218
23 68 178 192 232 240 257 103 100 50 110 132 190 224 294 173 262 275 38 87 79 128 277 204 270 207
142 227 74 22 12 188 246 81 206 9 229 219 34 286 72 213 235 272 93 158 129 2
24 59 184 228 229 31 170 249 12 84 70 94 200 283 253 295 100 109 45 241 184 899
124 520 196 283 222 71 106 19 115 182 284 33 107 294 77 39 252 66 180 233 17 59
2 49 120 199 266 9 190 97 76 281 245 177 133 187 40 33 37 268 3 38 51 238 191 204
187 256 194 122 157 215 255 244 73 246 76 294 216 132 120 155 89 24 224 57 259 71
61 65 342 184 283 277 5 190 163 69 114 186 254 115 85 75 40 183 88 243 196 269 267
215 224 185 196 129 200 69 207 208 225 172 281 211 236 293 212 288 38 24 210 240
149 256 275 290 293 68 111 61 85 121 161 179 232 205 260 236 183 284 189 198 11 74 286 100 221
99 281 146 196 208 6 9 110 38 100 241 109 77 45 162 80 899 128 112 295 95 185
86 130 136 172 235 279 63 90 92 184 231 203 290 86 74 194 120 205 18 20 132 168 43 237
116 223 273 120 75 183 82 177 261 294 201 206 163 199 168 60 4 65 111 51 195 47 71
93 104 126 184 196 205 216 283 41 186 59 129 120 61 266 284 221 69 210 184 246 83 192 78 145 205 199 196
89 91 191 266 176 9 192 188 134 247 131 94 258 120 211 296 128 214 154 88 264 282 125 114
4 71 75 130 16 50 212 62 95 228 244 203 72 185 86 250 51 199 84 94 280 274 91 124
174 257 89 267 177 47 233 186 230 169 279 135 66 14 70 160 57 51 239 139 128
25 64 144 279 34 66 61 206 72 244 178 95 103 117 67 237 243 152 248 64 57 262 80 85
88 125 167 175 241 278 43 203 65 103 165 208 177 77 228 149 291 134 85 22 131 279 246 210 295 243
76 171 224 245 263 289 4 187 211 215 57 128 56 9 173 94 45 200 95 162 184 253 80 100 899 185
25 118 121 494 254 170 239 146 40 210 97 275 112 31 124 92 289 162 151 240 25 288 57 20
12 70 151 154 222 233 76 29 250 64 82 289 204 183 235 192 121 32 243 296 26 0 75 229
124 205 212 287 226 199 282 13 17 32 293 207 28 145 244 150 86 216 245 166 53 61 119 214
168 170 206 179 209 40 263 293 199 0 252 55 292 265 166 289 29 248 228 188 288 16 89
43 150 204 605 216 253 72 76 54 17 97 133 79 119 136 144 177 6 7 68 48 274 67 18
61 165 205 262 237 32 136 202 115 188 195 143 114 296 264 104 144 260 235 111 127 22 189 269
157 18 292 107 48 31 288 245 155 264 297 43 199 26 163 165 108 169 115 269 207
86 197 271 26 89 232 230 218 123 262 138 211 141 281 87 176 251 0 106 237 40 80 212
13 45 84 196 219 121 247 257 86 145 190 295 100 162 279 88 293 9 63 3 199 153 289 42
19 38 61 68 234 283 287 112 126 253 185 161 240 245 125 207 110 229 295 1 258 17 280 45 25 187
88 163 278 255 288 60 266 113 46 42 241 256 140 212 41 228 120 253 252 85 277 198 71
28 128 209 264 169 273 234 215 200 241 75 180 294 77 13 208 152 53 97 295 101 139 252 257
206 253 195 267 154 38 173 28 230 282 124 264 2 231 246 202 237 194 11 29 109
14 179 219 280 70 47 62 116 181 285 190 258 72 126 108 42 107 52 223 123 289 24 247 287
150 237 162 23 198 222 0 83 77 38 85 156 280 230 99 143 176 196 274 113 178
185 209 260 297 65 240 172 220 128 141 88 90 174 262 203 189 117 263 206 171 252 55 249
885 72 211 243 208 26 144 147 71 138 43 124 189 66 79 297 65 296 68 246 67 210 78
43 272 284 286 48 21 29 30 140 269 136 256 299 242 220 210 114 265 163 200 201 83 147 73
186 261 31 246 106 16 213 45 192 238 286 170 275 52 126 167 209 245 117 115 140 182
158 605 2 235 33 252 119 287 238 125 99 86 251 104 11 90 185 113 288 182 108 72
176 494 284 23 145 203 99 100 193 116 136 248 274 227 230 273 132 267 211 10 151 65
862 24 25 26 190 278 281 154 63 58 264 43 119 267 13 12 262 47 30 135 251 241 168 113 260 24 130
58 98 141 143 261 122 254 82 279 285 206 33 202 117 266 235 299 11 238 251 246 228 134 36 207
6 15 169 262 57 30 213 87 43 276 150 227 158 148 126 88 79 29 266 90 41 202 28 236
166 184 196 246 293 82 4 205 174 237 233 134 32 86 190 241 290 224 94 235 71 31 133 135 73
115 147 176 191 263 67 135 227 217 201 284 192 241 156 216 257 159 164 115 105 191 42 14 274
3 24 163 119 42 295 243 299 197 91 156 195 83 67 85 218 257 63 230 121 289 38 68
30 258 16 218 184 131 17 183 114 81 75 223 273 190 292 207 102 78 291 280 161 277
62 207 217 249 83 176 95 252 99 7 197 274 192 299 149 158 175 39 123 126 189 208 48
176 206 236 251 290 125 197 185 167 178 192 71 202 218 102 168 254 176 228 289 10 252 19 222
182 611 263 274 298 118 23 59 79 128 96 162 200 899 77 128 95 184 80 100 100
