9 184 256 266 983 39 297 108 165 686 19 109 935 71 769 666 461 132 410 17 598 551 139 906 9 902 399
439 153 296 67 4 250 135 55 113 151 64 189 294 7 106 166 291 267 23 61 68
107 264 439 85 4 126 225 123 213 117 26 158 132 89 226 29 50 282 219 233 283 34 7
10 271 4 258 168 293 66 736 758 332 629 411 668 517 596 485 689 955 238 299 540
123 129 290 396 70 196 239 33 214 238 133 211 902 504 786 407 132 888 138 260 49 213 958 114
7 107 293 102 101 273 297 248 202 190 250 32 291 62 131 207 188 59 34 28 58 140 271
20 31 63 67 228 297 72 282 92 269 178 195 250 276 285 63 278 140 162 117 34 149 199 296 32 177
159 179 242 143 65 207 191 27 19 1 4 193 227 24 23 150 217 297 124 34 80 114
237 288 275 101 109 188 95 126 224 150 121 282 153 219 7 207 116 67 269 75 213 68
5 64 93 205 255 123 297 4 94 143 38 241 170 240 274 249 275 97 104 227 62 293 5 209
10 33 38 198 90 281 225 220 53 73 92 282 123 267 131 253 2 128 144 149 136 5 6 65
13 152 273 294 35 55 116 165 226 287 48 109 171 285 519 210 28 62 165 88 72 62 257 26 214 231 294 2 272 363 224 33 207 69 192 281 13 17 257 56 136 132 211 67 95 157 103 4 45 64
76 133 24 131 110 269 290 9 273 64 4 91 43 215 280 204 15 30 141 6 274 179
128 162 220 207 251 52 93 202 229 124 224 60 278 46 35 262 285 63 248 34 42 171 33
83 280 86 213 47 198 172 164 226 259 242 149 83 87 88 102 138 85 26 245 193 215
93 252 155 47 207 79 10 66 50 139 157 102 198 151 237 3 98 257 72 159 253 30 151 54 129 93 95 139 96 280 263 203 247 119 162 51 69 30 273 115 244 41
82 192 67 50 30 283 267 155 118 249 96 91 258 145 293 108 295 94 3 42 216 260
94 281 134 137 220 36 217 163 121 297 0 40 170 198 245 283 49 85 291 293 275 199 182 112 113 103 116 18 201 84 8 172 276 32 204 248 176 241 236 184 15 175
52 87 171 215 262 621 30 26 136 158 69 25 193 159 81 161 278 191 225 288 199 216 133 118 160 169
126 176 64 270 61 214 55 134 286 75 197 25 130 125 163 247 156 139 264 185 119 20
101 131 196 249 272 224 241 248 177 194 37 89 195 275 272 216 109 136 113 62 26 91 43 363 177 435 155 230 212 67 134 298 62 276 146 168 52 93 240 144 98 122 254 75 129 101 57
47 207 130 270 75 89 283 39 263 295 238 150 168 170 246 25 227 154 33 298 261 44
123 129 161 214 258 282 161 290 185 208 241 210 18 295 100 92 297 207 70 168 26 280 202 153 242 43
18 108 144 158 233 249 42 39 30 296 119 233 287 22 246 76 40 156 125 93 240 222 60 157 54
21 110 198 227 229 113 99 13 20 291 209 277 243 196 193 96 53 26 199 258 84 144 184
186 219 267 294 116 9 197 190 287 262 137 126 21 182 278 19 272 276 83 80 249 100
54 57 69 110 201 183 133 111 198 33 225 165 82 62 138 28 264 135 243 216 278 35 139 29 210
106 156 174 259 287 252 172 0 128 1 207 143 250 106 254 27 43 104 4 293 275 169 278 162 199
7 216 298 298 142 251 12 252 36 101 261 111 21 22 72 116 279 54 8 52 170 29 117
136 189 262 195 70 187 57 24 286 142 83 116 212 67 120 198 264 118 193 91 292 134
111 154 175 288 47 175 247 291 202 134 115 276 0 204 255 46 10 13 77 116 238 37 126 197
38 150 173 216 5 26 127 285 181 105 87 215 277 72 27 147 243 193 230 145 152 79
10 38 17 34 166 53 167 285 63 215 144 48 160 134 296 19 80 89 259 39 243 78
62 66 108 154 270 250 114 274 286 116 173 221 134 182 184 57 269 298 49 170 30 289 272 251 133
174 251 105 255 189 23 9 221 184 268 279 157 275 74 160 59 170 30 93 81 249 138
134 165 209 281 152 228 282 8 249 174 91 66 161 196 119 251 26 33 216 275 126 233 19 85
69 118 195 251 263 91 82 280 250 249 130 192 200 245 290 86 37 182 215 274 78 287 16
198 216 169 88 112 294 144 26 122 110 44 47 8 1 3 55 173 80 282 96 83
64 93 294 36 180 118 229 78 161 18 205 41 292 168 126 272 105 244 248 129 7 163 138
57 96 137 187 236 136 62 6 286 26 91 28 214 27 123 236 255 64 251 165 50 285 295 217 175
17 95 124 213 216 221 232 257 216 157 140 9 57 291 63 289 268 237 176 35 155 69 67 152 31 197 159 3
3 8 73 78 140 257 250 126 191 106 14 157 1 23 2 130 132 45 273 120 263 247 61 95 123 152
275 143 119 206 17 176 191 102 113 290 285 193 178 214 125 173 182 75 81 244 254
275 621 218 22 28 133 30 256 32 279 271 5 223 123 200 124 152 81 207 242 233 208
105 298 115 44 105 241 120 23 30 266 118 226 77 86 246 296 6 89 4 298 216 239
138 205 67 147 79 217 278 193 275 66 29 80 93 62 212 201 196 214 246 118 220 163
20 83 178 197 72 126 138 39 195 247 222 78 140 180 71 224 255 51 120 157 11 229 66 169
29 37 190 289 199 255 222 167 122 251 293 13 27 124 75 110 34 218 190 193 123 294 116 30
116 147 295 34 78 102 113 15 67 229 106 281 160 256 155 299 195 62 136 18 26 238 154 26 122 295 181 158 31 61 46 126 244 29 170 227 123 154 211 269 285 47 275
57 266 269 279 98 253 57 264 259 11 208 293 209 219 199 73 90 116 187 210 10 18 74 2
165 240 93 107 18 242 142 220 108 58 185 160 35 268 186 79 223 222 133 199 72 267
44 59 82 129 268 621 296 153 275 125 144 2 222 101 239 78 124 191 33 172 228 295 183 247 180 110
5 178 211 297 217 224 45 167 40 255 237 284 110 25 126 64 6 60 8 295 3 105 247 194
81 129 153 280 235 82 104 176 153 298 192 127 236 129 274 84 267 170 144 29 3 9 140 237
96 104 259 286 127 35 280 234 214 182 288 137 86 233 207 170 106 168 144 41 18 164 211 92
88 122 131 157 127 6 269 226 207 18 227 178 275 3 287 132 163 103 49 98 22 65 219
148 43 229 247 63 162 185 45 160 249 216 24 274 261 299 253 95 67 5 212 260
141 252 256 280 76 30 108 206 122 260 33 201 71 83 123 82 220 17 87 149 198 245 98 52
91 299 137 128 130 282 288 54 238 87 142 204 278 116 14 261 212 224 203 298 58 201
3 138 83 280 278 60 281 195 267 244 252 279 105 171 192 14 25 17 115 0 90
201 280 190 180 151 120 92 227 44 163 35 249 95 145 51 280 118 201 85 164 37 30
142 275 29 224 114 49 151 109 181 42 36 288 225 240 51 254 280 237 44 82 216 52
88 222 298 8 40 92 68 267 45 270 122 50 12 287 33 170 207 47 69 296 6 124
108 179 191 71 84 291 163 2 128 119 172 136 116 180 107 207 54 76 78 230 225 58 89
2 103 220 55 258 18 107 42 74 288 280 104 62 119 195 114 14 230 176 124 15 164 2
180 183 220 241 207 164 248 122 17 172 220 153 187 83 239 298 1 209 5 51 188 59 105 129
87 183 76 156 227 149 99 111 234 163 71 257 18 100 91 62 435 177 155 272 256 136 299 111 88 137 49 77 222 263 36 260 133 22 32 225 280 186 259 132 190 240 3
261 172 296 265 163 209 212 235 233 86 120 273 141 7 110 158 111 146 113 143 98
13 40 277 280 74 9 10 64 296 8 205 224 233 83 299 121 116 76 34 13 219 105 137
27 49 91 124 138 197 115 151 266 121 182 119 136 154 195 18 26 91 100 257 299 155 122 177 435 107 259 260 164 275 114 102 202 228 63 151 22 76 248 240 6 190 283 286 253
47 97 273 298 76 216 22 69 15 200 74 272 199 8 156 161 257 43 221 59 193 270 78
30 37 170 213 245 176 18 61 113 208 149 278 94 3 42 156 60 96 1 294 86 118 260 290 242
28 113 199 227 49 108 199 213 282 236 288 68 264 102 279 273 122 263 127 250 179 191 254
83 256 206 288 237 75 225 28 54 82 88 47 116 182 216 181 42 90 195 166 297 246
185 227 206 151 60 108 126 31 81 294 75 214 177 29 287 246 179 166 156 15 3 56
45 168 41 269 201 16 252 89 244 189 12 93 143 198 3 25 211 50 87 293 30 290
153 176 232 218 28 184 221 188 268 107 244 93 70 242 163 6 209 288 262 56 140 99 136
63 96 112 221 229 258 41 124 95 259 244 118 292 2 189 216 1 57 171 120 245 291 263 146 202 165
43 57 132 211 215 246 280 184 208 244 105 276 265 70 11 143 63 168 226 210 281 241 176 201 159
144 172 254 214 270 289 142 189 251 70 174 248 272 229 97 109 39 198 3 92 27 155 192
14 139 259 276 6 128 74 288 78 33 253 103 221 171 135 65 92 275 90 193 184 219 207
114 157 205 206 246 288 57 291 297 213 164 149 71 129 232 141 124 216 163 268 158 139 113 65 50 156
63 200 6 201 94 121 23 137 100 10 148 32 254 143 87 218 34 298 160 232 217
43 105 190 286 226 284 127 298 165 273 20 44 14 77 7 237 235 34 178 299 172 73 13
45 65 107 244 247 258 197 295 109 3 65 106 225 165 90 270 125 13 96 263 81 51 30 151 290 12
63 152 272 49 63 258 288 215 279 75 98 0 94 102 285 239 137 124 227 170 289 132 160
42 116 203 168 182 271 178 220 241 273 113 26 127 246 132 224 133 179 34 287 67 225 265
12 46 48 102 155 216 52 278 87 4 122 94 138 235 120 56 192 146 16 37 215 23 225 164
192 242 276 14 224 155 266 199 114 192 57 162 285 77 84 229 242 133 63 56 131 39 197
260 124 75 250 80 57 212 295 155 102 24 153 292 26 260 206 202 77 105 209 177
93 248 214 134 193 18 35 248 92 245 11 66 271 178 291 259 285 250 41 8 62 195
44 53 69 159 227 238 35 7 54 156 245 235 169 172 142 230 278 93 162 218 148 173 203 122 265 53
17 298 212 169 174 2 125 288 293 203 1 56 250 235 294 23 12 71 182 296 223 244
105 155 257 159 144 241 240 101 99 116 26 276 27 45 154 278 216 146 167 294 228 93 259
15 38 201 73 53 222 55 159 90 190 201 40 261 103 97 134 60 235 252 32 34 61 51
145 262 241 123 237 116 151 246 278 8 163 114 252 15 280 170 20 93 260 23 193
88 114 139 165 264 279 119 150 128 79 115 266 125 251 84 298 65 120 107 30 184 225 75 260 159 77
0 125 253 63 108 34 258 129 65 285 144 121 251 53 117 196 284 292 75 265 122 181 256
101 102 162 273 82 174 135 12 272 100 5 167 298 247 249 112 66 253 61 1 3 68 284 176
37 92 120 132 276 35 218 90 55 110 217 15 295 128 155 224 166 142 143 204 131 22 103 89
16 72 279 71 133 124 79 112 147 199 234 289 72 152 116 10 25 220 57 295 197 119
110 135 256 75 280 286 115 66 60 110 10 268 155 240 206 95 204 294 122 7 260 281 242
6 199 267 58 288 229 26 166 17 84 10 275 51 138 69 220 253 151 72 214 287 33 113
21 26 139 299 293 112 232 154 11 56 53 75 253 13 224 95 284 279 130 38 165 146 221 109
147 157 187 273 101 80 8 269 113 93 57 105 224 169 147 175 192 75 227 11 45 15 162
22 71 242 72 58 29 131 111 103 133 177 99 17 204 197 3 142 40 253 21 255 23 178
24 120 269 295 132 291 249 27 143 201 38 229 93 134 102 222 83 127 179 65 286 297 97 299
99 154 194 202 259 201 219 113 170 273 64 191 125 164 120 134 128 45 292 213 53 67 95 66 91
82 114 225 293 157 256 216 4 190 212 114 259 74 76 28 174 272 226 258 67 251 196 113 175
117 232 272 262 171 210 185 123 279 248 85 70 255 65 193 47 289 202 284 169 258 7
166 189 232 244 247 257 113 287 261 54 90 226 102 173 265 12 106 36 219 138 171 248 169
20 30 170 176 248 286 161 140 62 277 267 223 67 144 117 40 3 199 77 11 129 232 245 248 185
30 42 141 113 134 48 173 49 290 221 46 213 278 63 273 196 148 20 240 117 77 15 149 108 230 149 128 185 61 34 139 107 10 118 144 38 286 89 268 45 137 200 85
77 120 161 193 179 17 121 181 67 145 23 220 183 122 254 91 140 43 262 62 81 284 238 54
43 226 258 90 37 190 45 179 258 27 135 76 266 86 96 16 129 158 134 247 206 4 39
14 38 121 130 206 162 9 217 292 222 23 118 51 135 90 36 84 101 197 25 299 207 263 68 296
136 38 281 288 6 114 184 62 121 182 0 236 176 241 71 110 265 270 189 167 177
287 298 299 14 156 214 38 84 264 41 25 49 122 100 195 136 62 18 272 231 155 435 177 256 91 279 159 133 154 209 183 140 33 290 234 263 87 85 221 252 251 111 289 198 174
11 98 146 289 292 16 182 0 288 226 209 127 206 43 27 147 17 62 284 191 30 232 253 157 153
57 125 258 296 187 39 3 198 239 241 271 179 154 142 98 5 253 202 263 269 50 152 229 4
21 116 133 150 161 75 184 296 241 226 95 187 92 297 222 207 116 279 130 149 205 281 293 144
122 194 197 279 75 3 147 150 0 156 25 127 114 94 89 123 236 146 201 135 16 285 122
85 265 291 52 219 19 168 191 101 210 122 119 154 17 65 35 10 61 135 45 223 132 286
140 66 220 293 33 203 200 120 243 246 281 146 141 13 137 105 131 149 27 128 292
154 156 158 163 187 256 62 208 176 72 52 156 38 276 299 62 100 435 177 91 155 238 272 136 18 122 257 129 16 119 180 53 42 52 31 154 269 194 235 58 239 18 275 186 17 297 173
0 25 82 174 160 228 180 271 162 240 85 106 297 31 226 22 156 231 28 89 58 236 257 110
21 43 63 286 295 109 155 285 92 19 75 279 15 41 178 176 133 79 84 119 16 246 245 67 138
104 159 268 268 81 28 295 147 207 165 123 208 13 219 40 27 55 129 23 244 175 17 116
22 144 158 159 212 237 167 172 261 8 223 62 234 162 197 194 123 15 17 191 190 129 124 46 113 218
289 9 34 189 138 150 223 31 268 92 127 60 0 212 166 260 198 27 292 246 58
25 184 220 244 230 76 261 207 222 33 80 32 172 47 293 126 25 283 168 211 122 36
75 153 169 211 240 24 153 162 244 273 73 122 17 172 51 188 77 114 189 39 5 191 223 49 225
4 151 202 274 299 272 136 80 205 270 211 265 54 269 77 243 256 174 25 81 52 223 161 298
190 283 94 31 166 56 230 209 18 119 206 22 145 51 288 141 285 123 85 234 80 254
151 238 247 295 210 292 152 114 68 298 156 296 249 48 61 246 167 286 155 107 1 224 238 177
73 110 187 39 189 255 101 145 204 144 216 60 69 124 86 193 209 296 218 13 125 270 241
145 151 162 241 83 119 258 84 45 243 43 22 265 219 186 131 238 129 297 254 77 125 124 92
164 88 96 74 24 102 11 246 227 173 156 296 295 40 29 43 293 224 69 32 64
54 128 279 68 203 274 147 154 240 40 87 13 133 132 275 256 299 214 257 91 272 136 155 154 62 26 260 204 183 197 246 112 225 235 5 230 35 82 45 164 292 36 201 156 253 257
52 53 165 243 192 119 187 199 45 112 213 180 194 281 153 89 30 41 158 101 32 184 268
45 111 158 221 246 130 50 76 277 98 226 121 26 86 109 3 16 46 292 220 61 234 24 90 111
4 15 19 120 285 227 89 27 88 276 220 138 290 80 30 270 119 124 283 181 142 215 229 287
119 259 159 32 139 97 93 175 114 246 215 149 255 21 238 281 141 6 65 101 106
68 177 257 266 275 289 144 244 55 222 208 231 33 181 183 125 74 299 18 297 158 213 8 76 47 232
23 101 240 280 40 192 28 288 60 259 54 198 43 114 190 222 294 206 80 143 5 56 146 255
60 152 185 193 204 191 152 183 132 113 80 71 208 57 164 264 65 270 255 142 39 49 74 24 87
201 219 58 79 191 197 175 130 84 95 266 241 144 139 240 38 209 131 194 277 248
52 73 193 298 247 74 13 227 25 232 34 0 111 292 127 110 204 68 297 15 278 99 254 293
139 190 223 129 17 291 284 150 94 96 173 51 49 119 162 136 15 288 8 191 48 12 20
253 129 104 131 30 291 124 235 295 218 94 253 229 143 141 275 267 159 31 210 11
151 253 200 59 75 287 68 39 42 129 252 10 110 186 249 240 206 218 82 241 63
147 210 263 26 240 258 224 181 30 79 195 1 293 31 198 140 11 106 200 201 6 125 108
74 118 196 157 51 172 159 47 62 27 81 196 142 147 158 2 219 267 98 170 299 117 150
66 188 201 158 219 109 55 153 242 62 236 285 72 167 129 185 80 267 261 289 43
141 189 269 198 163 253 88 190 104 207 31 238 189 272 42 209 133 264 256 127 268 194 103
50 55 62 189 161 265 181 156 131 108 253 37 3 291 150 176 272 160 33 269 134 230 190 184 22 140 194 249 126 44 26 266 268 34 89 112 134 33 200 52 73 51 201 67
172 621 113 219 168 171 71 81 3 127 198 114 64 50 19 106 156 116 40 89 28 252
119 215 256 236 209 19 261 42 67 113 58 266 149 279 249 244 273 265 77 110 23 18 153
14 69 259 280 187 235 288 5 181 215 91 55 213 156 97 167 242 274 4 276 265 30 164 35
128 187 231 233 34 71 108 149 35 244 259 249 76 218 288 189 289 43 265 92 282 109
8 42 262 271 246 37 277 160 174 137 261 0 14 222 67 247 294 166 131 153 61 134 219 20
82 89 156 210 46 45 225 133 58 272 113 40 62 121 190 264 219 299 102 248 152 81 221 168
64 122 145 77 8 221 96 169 188 168 30 243 239 66 251 89 107 83 139 219 275 235 27
76 87 281 201 51 240 110 218 192 36 264 275 294 93 74 244 208 278 169 104 48 68 190
207 281 272 101 61 2 195 26 268 133 48 102 25 5 69 95 150 59 260 65 282 259
233 198 39 239 83 251 122 80 37 64 193 61 94 73 44 84 286 164 102 89 177
71 175 233 30 250 20 39 213 111 37 177 242 277 196 117 225 239 86 98 41 154 61 53
54 266 250 74 131 143 0 196 226 242 175 272 153 270 215 161 105 258 3 22 218
31 37 621 82 295 215 61 69 293 19 150 137 9 85 55 108 297 25 125 154 78 285 271
241 263 225 259 261 2 197 235 11 85 163 7 75 181 77 238 119 137 49 232 164 125
24 82 134 296 189 188 180 3 198 2 275 156 250 212 128 132 158 33 138 202 38 66
52 148 187 251 4 296 107 133 183 44 216 245 91 17 13 199 158 250 52 108 30 200 82 110
17 42 46 71 260 279 97 180 81 94 159 131 153 144 246 85 201 245 149 34 21 298 2 218 284 73
256 3 60 79 269 17 213 223 237 172 256 299 316 91 195 18 154 272 177 642 238 171 122 286 178 142 165 73 248 290 103 16 67 168 141 126 278 94 180 265 78
78 79 91 299 191 93 279 267 287 225 80 281 127 178 216 134 265 170 273 12 49 30 166 10
8 100 234 135 277 211 298 127 43 208 157 249 224 106 173 264 226 49 73 115 5 10 285
162 200 84 68 112 294 200 132 60 56 69 215 210 63 39 285 40 278 277 79 271 90
139 168 286 244 77 154 288 270 170 157 190 147 278 163 24 95 272 174 249 230 289 264 130
153 106 220 239 172 66 274 27 111 135 126 19 112 269 84 162 283 257 122 225 52
92 138 260 140 71 164 298 49 247 172 108 74 179 106 269 265 14 35 267 206 211 134 288
248 274 270 59 176 105 227 126 295 206 22 14 194 70 145 196 121 280 2 118 293
55 110 152 212 17 228 200 119 117 9 80 0 99 139 281 36 191 219 263 143 185 108 209 94
84 109 199 293 29 126 61 241 209 101 199 93 100 257 216 219 90 5 223 66 218 261 9
33 131 151 212 278 58 278 192 297 165 149 206 8 27 170 169 33 26 2 193 280 72 66 213 56
5 104 140 161 201 47 286 27 79 145 253 28 179 9 260 199 98 180 60 274 148 43 275 178
