38 53 135 277 366 3 77 168 211 595 59 542 1 515 659 615 689 599 591 190 273 209 317 909 102 914 919 356 368 935
11 151 206 525 662 295 146 292 160 192 123 193 240 251 54 282 15 20 46 243 225 161 117 84 25
595 60 93 153 410 199 185 131 170 182 271 793 171 198 312 394 303 735 906 645 735 536 603
12 93 21 228 251 897 414 290 191 575 324 78 864 60 897 686 60 143 114 970 69 526 189 116 739 240 563 255 840 278 512 69 135 912 620 233 200 431 988 174 104 943
5 95 187 239 299 294 7 34 43 171 246 113 124 151 19 288 169 179 16 14 117 112 68 111 22
39 17 98 71 157 77 79 117 231 218 241 67 256 154 53 124 169 119 263 296 166
32 174 190 219 246 130 173 202 991 163 182 287 262 177 61 89 159 149 56 491 242 993 128 492 201 85 253 257 48 124 65 128 95 173 61 150 122 27 127 271 586 252 290 132 134 121 292 103
32 174 186 220 282 1 123 183 217 297 89 159 196 91 88 185 277 263 262 291 169 38 869 367 243
38 215 870 156 276 258 243 248 199 142 59 60 172 45 227 34 251 136 27 70 186 256 294
34 46 78 115 141 182 233 251 659 184 219 220 408 13 158 207 283 46 168 147 12 189 686 137 266 69 133 32 33 170 114 12 861 186 132 218 136 24 82 150 113 37 202 115 99 46 145 155 47 114 25 116 256
52 202 106 112 162 129 276 286 192 271 32 287 169 115 190 22 297 41 10 136 161 13
2 102 124 153 250 152 173 280 204 189 249 56 31 188 240 7 198 135 134 80 60 210 238 99 192
134 147 181 30 42 76 152 288 149 127 113 3 35 244 241 188 605 229 31 79 392 12 216
134 259 40 223 217 145 171 241 12 261 103 213 271 199 288 295 117 132 87 94 226 104
142 277 285 140 244 283 69 226 170 97 160 112 74 255 281 864 171 210 324 156 516 194 578
24 192 277 230 19 30 218 1 51 81 235 129 117 53 128 75 241 88 243 297 291 83 276
139 264 293 249 32 209 113 164 96 183 279 159 246 56 71 70 148 132 252 167 119 283 298
134 278 578 88 69 287 25 127 178 154 200 28 239 92 96 247 47 6 159 80 0 276 213
39 298 57 166 200 55 85 138 49 65 133 178 268 240 18 119 160 29 81 273 54 243
100 289 149 179 216 172 224 139 34 207 210 287 11 288 63 291 260 266 120 28 203 270
82 146 11 136 190 195 290 291 87 256 275 288 208 144 127 91 135 171 266 45 170 181 686 34 130 805 112 33 211 76 207 246 31 158 74 296 199 4 127 239 229 299 78 205 201 114 209 214
158 228 14 30 134 47 29 40 160 171 119 231 150 215 165 126 76 120 65 154 135 88
1 23 45 156 172 263 264 287 221 33 104 106 136 242 226 108 153 227 57 131 45 39 238 196 290 62 109 116
211 235 26 31 70 264 206 138 7 157 299 290 46 686 266 32 522 92 156 805 212 33 170 367 12 45 226 287 151 209 162 106 9 182 164 172 57 104 203 91 170 86 35 225 278 111
134 147 179 207 249 24 17 216 30 162 243 266 0 206 116 108 81 205 167 139 80 134 171 51
3 170 195 223 240 226 5 36 157 214 274 209 40 264 180 222 133 9 142 49 212 191 236 1
196 43 70 111 160 162 252 208 15 291 43 36 49 33 181 92 112 32 686 156 69 175 3 21 110 25 27 288 180 223 70 92 187 201 191 198 49 19 277 185 136
13 33 166 169 286 141 77 54 68 58 191 119 296 135 297 110 70 14 1 134 195 200 295 140 226
6 62 117 137 103 77 42 31 283 211 116 79 146 6 115 69 67 14 296 178 203 270 240
23 28 55 99 151 249 268 45 129 23 154 53 115 279 110 209 294 116 31 274 284 258 5 144 146 292
91 101 248 278 5 74 132 296 106 283 183 86 27 1 153 255 216 181 29 88 229 54 95 55
71 41 236 132 129 168 128 133 100 194 201 216 21 5 240 294 164 291 11 244 123
164 342 153 269 143 169 218 1 292 288 148 204 159 111 90 242 71 115 192 48 164 246
34 78 141 214 217 292 161 160 267 52 94 30 111 153 179 225 199 190 212 290 112 83 188 33 70
82 227 141 176 217 264 37 26 67 273 4 11 0 278 27 53 51 105 66 97 270 190
286 289 25 210 171 204 87 163 68 120 71 131 157 221 281 264 39 251 249 10 57
87 207 194 118 19 190 220 31 227 8 263 69 94 30 279 111 181 96 43 265 213 142
189 71 297 172 3 265 113 114 206 188 259 291 249 243 195 106 236 233 67 250 24
61 87 88 172 284 223 35 237 191 210 9 227 253 207 14 251 64 195 259 202 220 270 68
35 48 291 81 254 124 255 71 145 280 22 213 194 80 162 218 277 158 239 252 63 292
74 140 235 290 202 166 177 43 186 119 68 258 133 246 81 78 135 248 2 159 60 5
40 96 162 226 258 105 257 14 10 13 136 205 188 294 94 266 45 289 79 49 167 191 61
198 248 190 294 203 272 113 37 145 69 149 165 180 270 104 249 257 215 205 82 138
0 17 53 64 68 72 98 169 212 235 274 97 241 243 133 37 149 58 128 145 65 79 38 179 153 183 229 271 257 269 108
111 136 175 151 0 109 288 35 70 189 106 18 15 292 122 240 4 180 201 12 141 26
144 284 263 142 270 187 145 82 103 74 57 13 25 262 279 242 131 245 138 50 283 181
70 103 107 1 173 197 342 71 215 222 888 71 266 83 147 13 145 96 686 367 34 805 212 130 176 181 69 97 72 54 287 38 222 294 152 160 201 218 167 85 100 33 236 34 136 20 184
11 177 186 286 297 130 58 24 27 3 82 136 144 162 135 6 51 244 225 97 299 91
44 47 61 167 223 160 85 123 23 163 172 37 246 103 38 293 10 279 6 272 185 268
15 231 262 293 50 211 205 298 31 154 220 244 32 127 230 240 139 189 296 42 11 80 19 133
92 112 135 25 112 65 218 79 268 137 145 99 118 190 16 2 130 86 30 156 47 76 85
94 109 123 258 221 220 272 84 258 264 141 257 10 136 245 282 275 56 50 256 74 169 31 219
72 196 223 178 78 91 103 114 48 259 289 236 252 100 255 163 291 204 244 148 61 66 142
39 146 288 293 235 56 79 206 42 211 221 283 155 55 40 208 244 231 126 44 271 174 282
1 15 37 253 122 250 108 261 27 251 158 144 71 207 255 244 184 258 7 277 23 129 66 204
23 208 243 135 92 13 1 240 110 65 259 60 59 145 222 296 270 2 298 9 297 278 116 1 191 181 282 188 278 65 222 283 182 180 240 218 28 92 84 160 62 247 0
47 275 130 69 36 287 252 100 88 183 79 214 240 139 60 228 98 273 288 52 73 229
140 187 128 256 212 30 44 150 33 181 125 287 127 113 210 206 176 7 35 102 110
18 35 97 124 65 286 144 119 149 28 88 72 6 234 152 156 7 24 209 29 176 221 0 16
11 60 71 155 276 224 105 242 73 269 196 123 35 126 95 33 226 277 0 48 83 65 271 192
93 223 111 277 113 94 120 142 251 154 108 255 186 289 229 70 18 198 132 146 284 24
25 219 265 62 17 178 209 21 239 235 106 253 149 289 68 59 293 211 191 93 26 252 27
69 85 161 287 110 190 282 299 236 234 29 183 160 82 206 158 269 156 43 242 16 237 77 267 221 68 212 269 267 5 175 103 127 280 86 213 104 230 53 114 107 35 294 34
40 211 277 213 119 204 137 45 255 176 275 54 78 186 141 49 15 242 138 288 293 38 264
10 36 104 216 139 197 144 247 167 195 16 287 118 19 154 198 50 145 121 281 228 249 193 155
12 38 97 270 112 274 188 271 212 206 74 242 102 258 234 30 23 42 80 136 26 228
9 17 32 246 166 217 240 136 137 293 8 123 220 60 198 37 239 279 26 65 213 181 207 238
4 86 274 108 248 122 249 91 245 65 29 216 278 149 282 84 6 182 293 48 10 275
92 97 148 189 274 12 205 200 110 139 161 151 263 197 171 154 204 109 289 145 234 184 291 223 272
2 31 47 297 256 181 140 95 131 114 57 107 288 141 100 98 184 3 139 241 213 180 66
286 171 267 269 53 247 134 56 287 277 175 122 240 244 90 103 271 25 85 77 37
1 177 206 264 267 24 64 218 32 50 196 39 75 215 140 143 14 114 55 233 1 33 169 211 28
242 179 238 115 230 17 52 4 278 119 125 157 13 266 269 177 132 138 274 146 162
41 71 131 203 295 153 267 7 147 51 189 271 158 155 258 174 283 58 119 178 185 187 130 97 126
164 178 199 235 13 1 194 95 84 227 112 99 299 232 35 281 57 2 118 204 123 68 268 159
96 187 282 229 234 189 268 271 291 286 95 47 220 263 112 37 264 170 83 215 134 23 272
224 282 283 62 221 99 169 264 277 71 170 83 171 60 213 133 209 105 298 238 293 25
161 118 30 153 95 215 146 107 178 284 125 158 296 108 177 211 174 196 0 73 224
17 167 193 217 142 47 259 161 154 105 223 88 285 292 123 186 226 172 238 196 151 23 156 157
75 176 296 179 143 226 48 96 262 45 288 261 272 299 246 247 49 113 13 94 204 69 154
71 130 174 284 287 293 180 51 128 40 205 131 241 249 221 82 271 59 294 177 133 264 98 254 163 239
169 172 230 246 219 296 188 160 285 81 116 112 40 251 192 191 62 236 104 77 174 38 277 114 227 191 253 29 273 236 199 55 177 64 190 40 94 201 182 237 88 209 281
26 103 245 258 86 207 169 105 20 229 31 69 200 204 256 295 155 42 90 85 26 173 170
70 162 164 215 263 73 251 217 86 180 82 130 229 23 83 201 38 216 270 268 153 164 51 283 204
16 66 111 212 277 177 117 244 62 26 207 86 267 24 111 116 254 98 195 31 261 142 296 152
55 184 178 100 92 154 78 30 205 169 282 162 49 199 219 61 131 283 274 114 223 93
163 196 96 238 209 201 64 45 127 290 34 46 198 275 276 88 15 42 159 130 110 266
143 238 193 94 119 64 133 49 204 191 53 177 110 241 242 41 228 141 268 98 19 81
69 275 34 250 48 94 288 25 20 64 291 31 255 161 214 7 184 210 33 67 135 70
27 28 236 241 290 0 68 194 125 116 228 60 19 220 28 67 101 296 62 265 186 151 246 8 224 244 161 194 118 226 55 286 88 49 191 57 85 242 111 187 148 44 63 185 167 225 212 265 42 202 45 59 289 247 187 171 62 164 6 254 278 270 136 92
224 18 125 82 174 192 159 122 134 47 238 163 212 197 269 211 73 37 146 245 85
27 133 299 228 181 180 158 31 262 106 292 167 32 247 116 172 251 121 55 195 111 202 207
23 205 36 18 150 194 188 290 77 91 223 100 205 172 234 61 75 88 33 198 270 102
29 97 113 200 208 200 201 102 139 171 224 259 79 278 284 184 256 262 204 3 282 154 265 142 247
269 20 257 264 117 299 121 271 85 29 219 273 45 81 202 236 180 149 127 68 233
192 77 8 215 241 63 94 130 25 184 284 213 204 228 132 230 288 70 234 134 133
61 123 156 213 87 118 46 104 193 83 33 212 228 251 49 128 32 65 56 96 216 124 41 57
188 234 110 32 34 28 209 87 273 195 11 241 187 263 82 268 280 285 141 150 122 199
72 272 282 23 39 212 64 29 83 129 249 130 44 131 17 172 121 285 299 240 69 234 87
42 48 51 85 243 276 196 98 51 145 73 88 49 75 139 67 101 81 183 299 11 186 221 0 32 195
3 146 36 198 156 257 91 21 168 110 127 273 252 181 69 25 82 3 170 221 269 287
3 83 133 136 183 226 257 196 135 297 165 229 13 147 1 88 191 222 59 57 65 3 244 15 39 84 241 277 105 143 248 42 38 140 106 274 298 175 237 23 218 83 2 87 169 247 187
70 176 298 277 223 94 195 216 74 261 254 221 262 97 227 40 42 281 263 62 70 215 53
184 194 289 200 112 17 60 163 289 54 119 101 274 237 61 165 78 256 31 192 109 176 136
157 297 145 60 173 143 47 39 228 62 192 263 79 40 14 104 35 151 0 180 17 163
53 188 47 88 53 9 70 239 183 186 182 281 178 164 244 172 15 246 62 230 298 284
83 143 16 42 120 109 228 201 59 265 230 49 227 254 172 107 162 35 264 85 203
24 77 105 168 73 41 29 293 111 101 221 21 195 201 248 152 235 49 2 26 210 44 266
78 112 223 342 269 154 225 193 214 195 294 134 247 182 281 127 147 186 57 99 103 259 98 235
133 169 209 230 88 137 187 107 283 53 25 144 79 216 170 233 197 15 267 120 227 13 218
93 107 189 198 224 232 93 3 291 135 104 148 33 121 220 16 250 99 37 62 101 292 123 248 39 124
120 276 142 77 150 37 185 96 15 98 109 263 2 266 217 238 114 218 174 225 216 208
91 242 278 272 117 176 250 262 111 241 151 77 285 103 230 16 54 113 135 184 178 180 112
33 213 157 171 71 156 254 289 281 131 103 39 60 23 239 153 65 200 283 164 104 248
178 213 170 200 7 149 263 235 13 105 139 283 217 3 298 201 234 41 8 240 218 72
97 223 201 46 176 75 81 43 283 203 30 15 234 5 78 110 158 162 65 119 164 77
4 41 51 241 254 66 196 83 73 231 142 122 176 297 126 276 131 27 141 221 243 28 186 234 40
9 236 238 138 5 293 221 214 276 167 18 286 118 59 207 257 34 16 210 70 174 228 180
152 224 230 253 22 109 253 103 234 52 102 228 46 82 45 112 241 248 111 30 99 279 174 127
85 167 54 38 108 196 298 253 123 36 14 281 103 197 235 205 105 74 11 30 166 73
193 193 291 21 242 191 47 117 234 4 119 251 272 151 89 252 143 85 90 192 145
10 96 121 203 342 273 290 173 137 283 257 279 276 139 197 96 43 296 27 212 179 236 145 162 130
47 118 142 234 58 59 52 257 102 191 240 106 213 17 231 149 221 247 12 186 79 169 18 206
36 50 89 256 24 40 96 64 258 85 240 216 160 121 289 179 214 31 198 46 125 14 184 168
49 143 152 94 170 203 102 89 284 198 87 48 161 147 11 59 134 135 16 109 139 204 229
204 276 126 124 82 76 176 220 132 192 125 155 140 165 214 270 16 195 128 295 39 95
5 89 117 140 265 19 163 188 86 222 292 207 221 236 230 149 64 142 106 206 239 196 114 81 94
0 92 150 281 152 190 115 204 148 128 33 102 247 171 24 156 54 295 201 222 85 133 127 236
53 110 214 290 114 13 190 275 86 57 204 208 226 142 35 251 264 241 128 155 182 20 283 64
5 59 194 207 263 294 68 257 161 97 25 37 137 228 140 67 46 131 45 249 5 22 51 229 262 134
7 35 172 135 159 10 214 92 120 163 110 94 73 81 46 171 294 291 265 268 246 274 208
21 292 2 55 196 293 146 151 1 275 36 146 132 173 69 181 176 34 170 522 266 96 33 130 124 112 276 156 100 71 251 79 135 239 56 30 237 243 85 115 290 233 248 18 125 53
100 102 108 192 218 50 94 108 241 100 224 69 88 20 187 107 176 246 258 295 158 283 120 174 62
174 1 20 93 174 254 142 151 115 124 198 113 660 134 60 109 725 110 143 526 895
80 128 130 178 255 181 101 10 266 230 219 223 63 201 122 167 90 208 298 268 71 273 283 3
35 136 154 43 62 103 245 197 98 186 49 133 83 1 132 226 274 254 13 63 125 88 118
43 82 130 210 98 166 265 238 104 139 88 64 269 277 41 296 146 2 23 206 3 50 211 280
73 206 55 216 125 2 35 217 44 267 99 84 202 241 243 27 48 123 234 220 296
117 163 207 284 215 179 39 57 74 199 34 149 3 208 287 109 96 183 80 155 167
15 59 68 106 234 279 273 110 19 270 152 298 58 213 75 52 244 289 195 165 136 277 266 249 77 160
69 127 160 142 0 236 203 50 287 115 24 89 87 116 167 262 64 80 56 280 110 216 237
17 232 187 32 176 204 184 125 39 164 151 166 182 259 226 63 250 272 2 142 135 108
130 163 203 251 265 299 56 225 163 201 121 214 119 176 154 184 275 267 217 243 295 167 80 138
233 220 44 116 108 215 93 66 266 198 232 211 299 79 145 196 184 129 159 151 51
158 211 118 268 39 203 143 297 229 147 289 3 223 149 254 214 152 182 120 54 176 287
46 76 245 127 264 275 51 118 147 86 292 198 239 146 6 15 62 56 98 35 242 0
129 112 262 108 241 285 35 298 106 19 24 96 154 54 204 101 126 125 215 243 128
50 155 292 296 284 43 100 179 62 68 60 271 0 128 241 127 267 99 50 108 82 57 137 150
45 139 161 268 89 46 221 211 27 50 23 75 141 228 240 28 102 111 98 268 77 69 207 29
92 289 295 13 206 59 92 229 214 244 60 143 281 44 151 140 3 275 117 223 218
62 137 299 276 115 37 260 55 108 219 275 163 38 53 48 291 46 299 136 134 84 257 126
1 112 288 124 244 203 73 142 138 174 150 69 12 200 275 273 64 219 166 15 128 262 274
237 280 342 72 122 164 264 163 64 79 179 230 203 195 65 285 13 174 289 213 231 126 234
79 179 194 248 189 14 253 34 73 184 111 37 43 199 235 50 1 229 194 239 85 66 212 247
93 147 26 55 262 181 38 44 169 99 260 5 112 235 259 220 92 141 127 90 155 88
31 51 198 230 299 149 91 223 152 75 227 245 289 166 279 183 46 272 247 226 133 235 186 126 159
128 197 231 90 279 125 65 164 231 69 91 37 157 242 144 7 216 78 127 204 132 117 88
51 174 214 288 188 75 253 83 177 254 275 142 297 9 149 11 28 27 233 87 196 190 113 111
94 236 291 136 85 98 52 276 48 170 39 12 273 171 288 11 141 155 201 127 222 114 285
45 88 106 275 279 297 189 8 168 266 93 253 61 74 89 265 256 163 188 64 62 72 276 65 47 271
209 231 287 297 5 258 108 1 98 209 122 148 174 88 20 269 146 218 65 201 292 33 116 289
128 201 15 280 177 16 139 11 107 88 67 28 53 269 50 243 129 24 253 27 259 49
32 177 182 195 342 186 146 201 218 78 296 268 204 161 245 299 83 29 8 190 72 13 4 124 192
276 156 256 95 167 279 234 116 215 29 23 274 230 185 217 259 4 111 273 275 151
5 109 119 167 223 293 176 263 34 219 239 72 80 101 113 168 158 260 180 171 82 66
11 140 282 295 57 172 269 34 253 0 16 270 71 25 175 284 215 152 275 51 249 287 235
88 172 274 61 167 223 215 128 14 163 217 56 280 175 181 71 76 142 241 73 19 265 95
2 240 219 44 115 34 78 264 274 22 188 53 259 260 107 298 159 137 152 58 114 127
255 202 1 170 158 130 190 24 192 112 4 285 233 249 182 80 156 217 125 98 180
13 241 243 279 38 53 267 4 274 259 144 244 212 192 211 6 112 123 155 295 196 145 204 200
102 103 124 192 193 44 93 75 27 215 1 127 37 147 110 216 99 6 266 2 195 154
251 262 116 291 209 90 103 113 150 155 91 142 259 256 5 67 245 3 128 92 106 181
105 275 44 46 98 130 122 222 55 153 173 126 14 183 114 237 161 28 88 36 95 226
7 23 195 221 244 148 228 153 36 43 18 55 45 253 220 250 71 129 174 290 23 242 140 10 241
181 287 292 73 240 217 187 202 284 57 58 232 154 77 126 221 61 141 135 268 234 186 78
11 129 230 287 275 112 234 215 145 186 191 258 142 292 249 115 59 210 97 244 152 260 259 76
53 113 183 182 192 201 213 151 250 128 79 139 108 117 57 205 178 238 1 255 42 260 130
30 43 165 70 174 203 24 241 75 128 179 111 78 137 175 250 228 170 274 245 112 9 210
116 278 88 161 12 48 30 292 37 187 260 19 84 229 50 4 7 210 106 221 202
55 229 240 263 50 262 178 23 101 108 124 163 212 201 82 42 231 187 248 250 36 151 199 146
215 141 214 116 213 81 262 167 77 296 210 170 108 195 139 275 298 72 186 286 53 122 23 212 151 101 207 88 56 282 233 176 21 251 163 197 166 162 112 95 0
1 86 171 260 194 295 142 37 155 32 254 232 266 41 61 106 1 73 243 190 271 44 226 122
8 37 166 96 73 234 191 223 253 188 97 130 20 151 131 116 237 72 216 70 203 27 176
