36 116 174 283 119 246 547 921 207 727 977 417 769 51 744 371 296 998 943 2 305 363 76 302 914 614
15 118 149 203 254 700 204 325 652 393 939 522 917 414 234 216 111 184 558 667 424 629 378 84 372 116
102 118 267 268 273 127 279 70 97 3 169 18 72 34 136 17 152 140 82 62 51 249 236 224 151
24 60 186 226 711 51 778 241 268 733 771 37 122 7 538 219 49 193 469 66 114 76 114 367
85 245 419 15 37 17 71 183 287 10 81 213 101 244 226 246 272 119 55 96 2 230 58
189 206 239 246 297 587 195 250 51 56 164 110 234 213 246 116 88 273 158 32 243 26 172 44 198 162
8 46 161 109 65 200 61 63 43 11 235 26 74 69 287 160 46 189 220 104 5 3 73
53 104 196 9 213 218 74 256 288 40 266 139 63 7 0 109 13 19 86 297 134 59 192
9 54 21 29 210 85 135 127 28 285 30 193 121 860 119 122 52 414 45 906 47 134
256 860 15 296 185 218 80 188 214 289 117 292 232 170 127 153 187 111 0 28 220 114
108 177 293 5 70 20 169 174 299 168 106 184 119 215 103 282 273 234 10 295 290 36
201 265 284 292 89 221 190 70 74 202 126 87 146 249 166 131 312 22 299 266 192 993 266 201
587 110 263 127 167 140 247 207 135 144 212 171 226 233 51 10 67 214 191 278 186
19 92 782 251 98 184 181 114 4 198 106 220 100 266 60 90 117 218 144 263 25 152 250
111 214 244 299 163 166 129 147 281 205 135 229 109 226 248 197 268 185 199 142 46 15 238 204
68 144 240 136 14 9 243 83 59 20 27 39 34 264 155 64 45 2 53 113 15 85 16
118 202 241 71 93 163 197 130 196 204 294 112 41 205 280 268 95 164 125 255 30 21 35
89 153 98 194 179 92 15 265 114 176 74 127 171 196 164 149 51 297 183 278 37 20
49 53 95 162 45 190 69 299 158 24 278 31 91 37 68 156 40 96 250 293 143 189 176
132 174 188 189 235 286 292 34 152 166 41 293 95 71 89 144 232 167 143 54 104 259 139 257 195
161 155 248 282 129 134 33 109 68 15 197 21 18 160 99 166 227 130 8 133 293
54 70 145 161 201 25 82 188 112 206 252 148 219 28 143 297 166 7 189 31 154 236 173 240 37
56 86 217 123 148 4 48 65 225 223 151 42 246 158 214 287 285 217 186 59 6 255 262
280 181 229 140 83 293 188 80 186 285 95 235 87 162 173 8 41 256 145 27 255
16 38 76 115 233 759 273 8 229 185 192 71 117 74 260 6 32 242 9 91 116 139 223 20 183 69
115 138 161 298 275 207 273 44 175 34 126 125 43 224 63 59 192 100 193 267 168 281 26
218 227 94 71 287 273 215 33 137 197 208 220 70 59 172 98 144 41 121 95 150
99 261 140 192 247 274 284 189 137 24 866 233 256 76 26 299 244 286 244 127 269 235 55 236 266 178 137 78 298 101 118 668 163 119 26 136 281 298 106 280 54 206
22 115 158 200 232 57 225 280 183 151 223 31 13 248 175 174 115 28 95 83 87 125 51 205 150
40 168 230 262 273 759 212 171 19 258 38 192 193 216 256 196 197 174 75 167 22 9 188 208 217 202
12 52 53 72 149 217 24 233 92 122 252 141 158 37 105 268 135 165 1 257 17 240 9 56 280 170
1 90 119 135 208 218 128 269 262 161 97 83 255 223 51 185 72 297 260 151 240 211 29 127 189
42 137 269 153 257 9 215 152 285 18 275 134 17 115 42 135 31 117 189 295 97 122
114 44 206 225 275 191 72 42 37 49 13 251 47 287 78 57 26 45 189 230 145 240 288 97 185 114 191 144 102 141 212 120 131 255 129 75 148 290 159 253 68
70 191 204 56 83 2 17 255 111 132 150 254 866 233 127 213 260 220 162 269 299 19 244
24 30 104 250 230 182 72 29 229 61 137 285 185 190 95 201 114 296 191 98 206 85 74 221 209 81 291 11 100 136 240 91 165 27 90 272 137 238 113 164 237 199 210 296
107 196 264 63 118 208 215 87 125 226 292 32 105 151 234 230 173 250 178 216 210 224
101 147 168 174 197 253 52 5 212 15 146 167 12 137 278 248 191 214 236 118 25 294 0 289 48 99
9 66 137 247 194 275 274 283 243 206 37 177 38 44 280 117 173 21 179 139 156 83 181 191
285 93 291 67 102 287 265 208 140 44 28 74 117 20 254 178 269 194 107 129 78
26 37 75 168 287 87 243 285 135 147 264 102 79 89 233 98 27 236 73 70 109 216 228 190
128 242 265 268 135 207 251 170 121 25 188 31 267 236 226 5 241 291 17 33 29 262 94 61
58 144 287 293 229 102 17 135 158 156 43 287 152 139 115 267 246 42 208 266 210 128 163 95
933 79 87 257 48 67 287 120 121 213 60 101 149 113 232 164 40 29 81 252 195 139 174
291 233 43 48 200 274 9 69 120 279 102 203 208 230 165 109 130 46 175 226 181 210 177 284 93 116 190 26 153 22 85 120 209 197 40 43 133 162 29 48 13
16 75 117 176 175 186 262 55 243 91 148 289 220 163 271 260 177 195 74 127 188 156 33 272
72 121 191 248 149 140 177 120 98 2 0 28 69 210 34 95 1 23 281 205 271
117 128 294 260 293 60 125 92 276 283 148 123 136 132 184 152 44 97 38 120 75 86 257
15 130 147 247 229 236 79 67 270 137 118 28 220 102 163 168 111 298 225 24 89 101 299 143
17 76 190 213 150 28 139 176 199 173 45 198 222 189 52 90 212 20 84 263 151 158 281
11 135 247 237 36 126 26 297 53 246 59 269 223 127 173 234 183 235 89 166 178 274 100
110 233 76 290 259 247 156 296 67 100 121 224 169 96 115 215 255 199 268 248 145 216
111 214 242 47 238 31 72 84 237 70 60 88 20 176 130 29 169 35 116 104 68
25 36 69 293 47 173 263 161 11 110 167 229 259 58 262 187 24 68 92 63 50 215 176
0 8 95 207 3 13 114 95 299 232 189 173 298 137 255 2 214 176 37 234 220 175 193
47 143 175 261 151 216 179 159 242 142 128 120 265 80 94 165 66 139 240 152 203 31
32 183 273 94 164 275 47 0 56 162 142 234 156 253 111 72 132 278 281 50 124 35
122 199 266 17 182 237 179 16 150 130 240 58 235 165 37 140 137 189 157 201 281
55 110 142 159 167 233 187 182 162 117 115 96 79 294 65 222 253 299 0 15 92 143 13 271 243
56 189 285 142 238 27 151 275 227 104 145 130 283 156 121 236 294 253 292 210 96 10 92
61 169 185 194 587 5 34 64 192 187 101 196 26 114 106 72 0 61 182 290 210 141 283 131 43
71 76 100 188 187 99 232 221 170 140 221 83 70 92 273 178 286 194 76 213 26 162 260 254
6 146 132 275 48 290 266 67 113 299 155 172 120 242 203 84 285 170 218 292 187 61
81 179 186 209 587 236 124 205 97 225 86 148 24 156 46 248 171 160 126 103 251 220 107 198 217
17 282 9 242 158 69 291 174 253 8 285 195 179 19 296 152 196 150 67 161 18
37 135 141 109 187 269 74 7 167 69 181 8 104 38 106 108 48 75 399 86 134 59 284
27 59 64 209 285 96 161 27 86 47 222 97 274 36 168 4 219 120 289 31 79 44 49 59 281
2 3 24 96 108 146 28 268 165 267 138 84 183 274 111 202 235 12 205 190 99 227 289 251 130 112
125 128 151 239 106 101 145 293 60 53 43 88 20 141 158 258 146 228 99 80 63 250 191
5 75 181 239 254 66 9 126 252 106 110 98 104 79 127 272 222 273 53 102 270 52 20 3 63
181 282 286 296 252 166 124 114 230 153 294 1 68 253 195 287 185 150 193 297 212 250
60 246 4 139 125 130 246 87 294 5 37 223 175 154 58 70 36 181 278 291 20 227
22 134 194 154 266 22 224 129 283 124 57 201 275 92 214 264 51 194 246 153 219 270 272
145 162 276 37 72 183 228 262 274 32 67 288 54 100 234 106 255 119 30 668 206 280 216
0 35 218 264 108 117 131 135 97 267 6 277 21 39 27 268 65 165 272 155 14 38 75 95
190 260 268 89 209 254 108 46 187 162 283 37 103 156 52 12 54 130 151 170 36 38 39
20 30 122 163 167 587 759 28 292 91 90 285 267 33 45 194 19 244 233 127 299 150 244 260 235 866 220
126 134 199 93 31 82 273 9 195 172 262 277 1 56 248 233 244 184 18 80 61 287
45 67 87 163 17 286 253 231 48 22 138 201 212 263 195 44 237 156 102 281 20 21 65
147 247 273 293 115 11 114 162 284 60 87 23 58 48 186 154 156 51 163 4 229 5 133 297
72 190 241 58 137 94 24 156 177 157 173 199 216 130 287 215 118 70 211 20 209 42
22 284 168 13 198 293 160 47 203 65 166 38 292 256 208 299 258 75 190 71 269 53
0 87 184 201 266 278 164 31 182 209 126 172 78 8 193 73 210 200 2 208 124 108 277 247 52 138
61 229 292 298 157 186 292 57 280 15 258 210 88 193 263 232 199 1 69 192 76 174 130 33
79 192 146 203 238 255 125 74 22 252 115 9 217 296 54 114 47 197 95 40 90 43 160 234 189 176 298 112 224 111 165 271 245 178 167 33 107 225 183 252 93 272
6 10 129 170 200 247 181 16 294 172 37 267 287 299 220 260 235 213 150 194 866 76 286 254 162 244 267 30 20 282 91 210 225 19 16 247 133 244 281 86 37 28 59 122 243 146
6 108 128 289 292 60 211 295 29 138 202 263 191 173 73 296 112 101 79 276 163 114 52 85 75 19 159 112 57 277 274 142 99 213 285 253 211 114 103 220 26 202 151 82 47
27 45 116 150 167 295 35 131 257 95 214 261 287 290 89 37 23 170 184 239 126 152 164 269
8 245 92 260 227 5 297 271 146 244 104 120 11 143 22 186 154 205 184 166 140
10 70 104 116 3 166 177 163 297 236 298 47 154 280 125 668 216 163 241 206 30
50 64 419 759 291 40 270 179 119 268 102 80 186 146 8 265 56 175 222 67 5 216 9 209
16 130 414 759 11 169 183 166 83 296 225 86 21 68 188 56 8 274 266 181 256 227 1 73
218 231 46 96 250 251 240 30 80 156 241 195 244 194 76 269 235 19 26 244 220 299
4 200 292 53 286 6 152 168 7 125 61 160 118 25 74 223 217 176 178 58 167 36 131
188 78 121 122 287 35 151 59 292 241 63 75 205 196 259 83 134 43 124 91 183
251 273 148 95 256 144 254 168 252 140 177 158 241 164 29 98 167 34 106 199 155 139
9 46 65 137 220 92 128 139 280 87 258 203 97 91 155 240 197 270 132 108 95 289 198 50 297
113 117 170 68 10 180 284 195 133 292 250 146 297 273 52 36 22 120 266 276 190 20 28
52 229 294 203 60 87 149 56 11 206 201 67 42 83 21 169 32 136 152 216 296 94
99 243 213 7 1 24 101 40 276 211 63 229 224 149 82 240 31 257 55 142 32
54 161 190 419 113 90 285 107 299 102 199 163 58 138 72 109 250 45 49 214 189 106 272 142 243 61 258 291 52 120 190 36 163 116 122 289 174 204 41 217 87 180 141 237
39 131 186 190 221 190 298 287 201 191 160 17 85 71 212 77 273 159 280 257 156 133 150 155 184
63 163 139 225 142 140 236 254 191 288 252 171 207 4 68 84 242 156 251 97 287
182 205 283 249 285 102 162 183 98 47 120 22 264 137 121 38 272 145 71 111 14 45 68
4 33 57 144 202 268 113 2 294 245 130 61 50 253 135 228 22 151 282 28 251 20 214 11 59 134
97 189 187 61 125 255 290 246 173 207 253 138 113 74 174 112 129 292 67 216 27 132
52 141 291 35 148 59 57 178 288 249 126 38 196 129 205 297 40 4 131 181 217 200 92
43 109 163 241 134 120 146 185 177 46 289 170 249 8 258 20 53 268 256 82 225 111 223 7
103 414 142 23 257 114 94 69 153 192 136 201 287 271 40 15 7 163 166 288 231 189
118 167 183 219 135 142 254 115 220 210 15 95 199 79 203 169 202 280 230 24 287 145 48
36 119 154 259 66 113 224 40 294 280 190 23 169 112 245 223 200 265 3 61 12 214 282
155 242 197 155 224 10 253 232 32 118 279 101 157 50 221 116 132 213 265 173 23 119
4 46 72 140 202 121 207 227 166 17 100 271 290 78 88 181 185 130 89 110 236 209 136 4 291
20 188 102 243 142 30 220 234 149 89 182 20 159 33 37 235 214 133 181 191 297 208
74 266 86 178 126 176 70 254 68 101 261 43 94 205 114 128 3 192 293 277 158
12 17 57 69 224 251 36 58 164 67 84 246 70 140 208 49 209 93 198 7 47 10 18 73 16 290
37 46 85 120 174 211 219 43 99 251 44 117 20 72 135 282 73 219 264 189 6 286 55 109 250 45 64
73 204 242 146 261 59 116 13 100 263 228 231 178 290 122 131 96 71 140 196 49 220
39 92 152 164 132 115 30 261 66 293 37 122 109 76 112 278 198 31 146 70 271 105 65 59
71 264 283 5 288 216 119 115 238 206 186 262 1 224 45 120 32 211 71 277 127 196 147
95 168 291 281 258 6 127 206 219 145 289 136 264 0 275 57 32 53 176 260 142 83 33
47 74 110 165 250 158 65 43 280 163 267 30 148 273 275 93 13 153 288 279 107 147 264 24
68 118 191 202 182 235 280 71 38 200 189 295 37 133 77 106 240 241 164 63 130 286 137 149
31 90 97 110 782 53 96 101 86 139 5 275 157 194 2 214 200 64 246 242 257 189 144 205 1
224 38 101 40 5 262 106 64 107 58 97 226 52 82 200 240 160 98 17 63 253
48 139 122 136 245 85 105 211 197 217 194 159 280 176 52 235 70 25 27 212 285 153
40 78 162 269 298 12 79 232 44 139 239 96 246 131 191 213 54 135 113 51 183 6 240 26 156
33 64 100 253 267 587 213 294 296 91 191 25 197 93 126 79 141 140 50 105 22 15 233 92 27 40
106 146 198 200 115 94 123 68 285 258 24 4 108 88 151 234 246 156 20 62 235 220 266 8
267 782 131 289 111 197 151 213 15 252 92 281 100 265 156 205 162 178 250 188 283 134
78 91 147 163 283 197 283 180 153 271 31 169 291 166 140 225 253 298 114 22 223 231 72 45 60
94 98 173 241 196 61 261 187 210 130 127 54 24 117 135 216 209 244 143 90 109 299 26 171
12 164 287 150 57 238 160 146 12 65 58 104 59 137 94 37 28 163 171 10 128 16 175
3 37 220 218 75 80 204 99 213 112 13 85 270 181 39 158 34 210 28 288 175 55
45 127 181 190 271 291 223 103 129 294 177 164 105 24 115 35 3 142 215 171 153 251 207 12 137
18 67 104 206 194 149 207 142 233 199 35 136 107 275 49 17 269 250 5 28 191 247 155
120 165 212 237 295 237 76 23 279 211 8 118 15 107 9 264 95 37 218 282 131 256 210 49 181
46 293 36 245 165 35 219 33 128 109 227 216 31 226 254 266 249 105 75 190 189
933 171 111 23 136 295 186 11 276 273 35 272 245 93 9 50 240 118 201 144 59
291 27 178 55 277 279 293 31 62 40 8 141 9 228 86 39 163 183 292 20 240
127 171 250 281 14 22 49 155 259 79 139 215 193 126 81 241 282 101 11 205 164 32 204 176 110 188 136 268 41 171 128 154 236 70 261 18 49 155 131 291 253 27 81 168
177 239 62 83 68 45 48 10 218 78 135 19 207 97 104 131 190 44 120 272 35 102
138 56 30 277 60 187 51 14 165 111 216 100 7 219 16 278 116 179 94 294 137
6 81 100 49 197 178 239 191 188 43 11 240 134 87 75 131 183 174 107 166 37 3 69
252 272 419 58 154 6 233 161 211 105 42 218 225 215 101 299 261 169 73 121 279 297 176
198 265 291 90 188 255 140 7 164 74 50 29 154 47 125 216 668 30 163 54 298 259 255
12 40 108 211 587 7 253 92 180 289 113 105 95 260 110 144 168 19 130 69 57 292 163 51 204
58 80 89 107 129 158 168 92 147 153 1 298 45 14 119 41 13 101 39 129 53 9 179 136 139 261 281
127 190 204 235 15 35 76 260 1 116 186 23 70 281 3 170 60 125 160 27 202 269 205
63 196 237 35 202 181 290 253 57 178 44 211 32 149 117 105 17 10 278 173 36 95
31 150 246 7 278 207 236 187 36 269 35 99 260 294 124 54 216 280 178 158 89 230 62
48 118 160 116 267 16 237 253 170 72 188 104 138 57 23 140 266 216 227 235 220
45 759 203 2 82 170 266 272 270 73 137 8 30 295 58 44 130 98 196 188 18 133
16 208 255 94 264 37 233 160 88 77 135 38 3 291 156 211 278 199 258 90 16 192 288 48 292 262 77 184 28 8 291 263 13 65 249 150 273 153 127 182 239 241 140
47 69 151 282 280 288 146 91 39 45 254 124 163 133 53 156 224 111 225 10 188 169 250 246
89 118 190 123 246 129 17 162 105 104 250 271 44 290 258 249 289 295 299 119 3 160
119 179 195 244 232 23 187 234 41 204 47 199 177 274 4 163 0 296 294 257 191 237 284 31
246 290 782 268 227 72 76 35 52 126 296 112 59 295 194 196 109 77 252 24 192 71 54
9 188 192 297 166 128 135 207 119 235 170 196 58 29 287 90 292 138 262 183 169 129
291 64 81 289 33 152 293 76 257 234 267 101 240 78 273 184 124 49 224 153 156
933 78 117 160 16 81 38 252 14 227 73 101 174 216 45 185 110 223 179 51 207 257 262 215
44 247 218 159 198 90 147 292 129 22 2 251 188 92 39 20 254 50 119 239 250 284
81 84 227 204 111 171 217 298 296 203 87 47 230 190 288 95 231 239 21 115 83 222 279
274 285 215 1 9 159 60 234 287 57 22 227 188 101 233 47 109 141 209 33 214 156
10 61 68 146 95 224 269 194 18 150 163 164 141 117 6 278 284 96 15 4 181 134 3 158
48 118 50 288 172 115 157 204 1 268 40 212 247 297 95 118 90 138 102 233 175 5
59 83 228 164 34 134 226 282 205 32 144 33 153 275 120 188 122 254 59 228 82 58 132
33 100 259 278 234 211 186 280 3 105 160 216 228 188 78 159 297 53 92 61 116 135 0 22
3 134 145 234 264 233 274 214 189 63 54 245 176 134 84 293 267 71 79 50 103 270 299 199 7
104 107 135 271 587 131 38 82 107 35 204 191 36 201 284 183 31 34 243 89 148 40 1 134 165
115 177 134 28 203 202 11 78 240 39 157 249 164 121 41 262 57 209 239 208 137 193
69 216 42 58 200 204 122 48 218 46 161 34 125 61 259 136 281 119 668 241 30 47
103 204 279 299 419 23 76 100 202 254 102 233 299 87 74 78 91 195 88 10 151 210 198 214 177
26 81 120 142 190 419 244 247 280 202 88 222 191 118 251 69 166 132 298 229 59 91 95 182 238 92
933 60 71 158 199 265 95 118 100 164 271 86 233 234 99 140 153 188 299 7 678 14 25 848 196 860
45 102 143 193 237 161 5 21 222 263 269 155 276 15 77 203 0 147 207 201 95 55 195 279 289
281 76 1 246 38 113 168 241 75 210 204 23 166 201 230 267 236 95 264 288 167
19 109 163 278 232 201 149 239 288 289 234 204 229 6 125 92 256 17 36 57 86 226 172 56
933 47 78 83 276 44 27 281 178 108 76 89 19 182 286 2 247 120 255 190 298 158
121 179 276 290 298 759 199 182 150 205 151 35 2 264 43 36 97 261 217 131 158 66 108 250 124 167
243 92 234 55 170 156 266 244 124 11 270 238 258 51 246 38 224 274 239 6 228
51 295 214 138 157 16 135 55 162 291 285 107 220 111 133 6 150 68 48 202 233
15 33 98 109 236 294 171 92 21 32 233 296 208 262 89 134 49 200 65 126 232 154 36 12 41 266
52 70 214 249 68 183 297 134 229 104 77 239 296 7 231 9 125 47 216 154 259 106 280 30
14 157 15 59 161 214 36 74 77 96 72 141 80 226 14 45 163 237 38 130 224 27
933 58 59 118 240 112 193 198 240 247 218 172 43 137 249 268 120 241 238 217 139 79 242 252 211
39 53 160 255 262 281 137 244 83 101 245 97 214 38 104 205 261 211 127 226 35 156 8 155 284 188
47 146 201 282 78 51 233 107 22 299 5 283 87 292 123 30 84 63 101 296 114 290 264
