34 49 91 93 113 184 230 988 340 362 343 220 118 679 186 575 861 715 166 275 453 964 156 630 69 499
56 147 161 191 204 734 448 133 400 399 868 247 64 521 201 200 889 671 41 117 687 806 583 385 761
126 169 19 299 134 157 1 76 60 168 72 157 291 232 442 856 337 249 663 917 151 894 293 178 161 67 7 119 149 70 58 216 290 93 148 133 123 77 241 201 64 247
180 188 202 270 107 169 270 37 52 100 148 263 274 251 106 774 875 209 925 445 218 901 192 403 819 650 838 245 248 142 161 16 235 132 111 281 275 141 89 272 15 31 105 88 25 222 98
247 57 110 115 235 238 130 245 269 79 255 220 81 230 16 32 29 121 198 243 232
76 126 133 177 241 267 214 149 38 228 194 283 85 183 80 220 175 4 107 196 290 30 2 86 116 89
16 32 40 171 113 267 167 176 39 214 93 98 82 134 266 278 220 55 247 165 202 127 219 177
48 77 200 172 285 142 185 259 298 187 291 266 229 89 158 186 1 276 128 212 59 248 45
72 184 214 217 274 295 214 132 209 107 220 148 53 58 31 202 135 165 287 285 32 264 152 56
96 195 244 286 72 263 218 113 145 134 162 130 60 241 214 283 194 227 37 171 188 112 131 228
3 288 293 287 74 162 17 243 211 55 299 229 4 128 44 97 58 117 110 160 24 56 59
166 213 169 139 107 264 246 237 103 137 188 85 170 0 36 112 289 184 221 266 293 117
106 108 258 269 249 60 207 54 5 221 111 289 31 223 262 65 173 116 15 74 18 176 56 194 85 261 214 119 199 84 211 38 250 135 136 99 19 204 97 244 6 152 298 87
48 129 172 267 291 11 10 211 46 224 139 138 178 292 33 233 40 95 276 273 13 215 136 110 194
86 88 188 126 177 181 66 11 172 192 293 80 257 86 150 225 209 89 50 114 117 72 221
1 94 100 293 11 89 49 226 71 28 66 157 46 43 244 192 148 52 9 22 135 93 205 98
6 25 155 243 272 76 10 288 186 218 211 94 171 129 246 292 225 38 52 274 31 128 204 78
51 55 203 51 245 155 127 200 26 164 82 142 282 52 92 285 237 185 157 120 225 241 253
21 79 81 150 299 35 79 283 25 247 63 93 216 61 208 81 131 265 197 32 82 5 23 178 43
216 222 146 275 68 136 209 10 81 138 103 240 272 127 17 99 170 50 218 177 96 196
271 170 152 269 18 260 74 100 119 213 56 81 136 109 242 204 79 222 214 239 80
21 98 120 178 268 260 175 228 32 73 67 217 23 250 276 112 179 10 211 101 245 28 36 291 257 191 170 275 41 195 19 198 124 18 278 77 51 265 291 87 102 262 258 10 269
17 42 65 100 138 167 248 108 23 56 128 85 169 168 109 152 215 221 262 165 231 30 278 228 203 117 73
138 199 221 251 283 71 24 82 44 224 245 237 107 11 50 266 155 248 289 146 257 160 112 150 290
55 124 170 243 228 237 71 223 299 298 176 42 53 104 31 36 69 296 82 46 77 295 147 49
875 0 13 35 56 80 272 83 240 17 8 264 160 96 202 170 189 80 165 121 105 104 293 172 101 167 85
228 85 211 37 295 38 151 252 266 105 191 96 12 194 26 63 166 104 74 128 70
49 122 7 69 76 293 268 239 11 215 237 207 211 60 89 109 214 52 176 157 191 153
164 9 223 241 64 291 110 242 111 13 148 264 155 930 9 210 134 873 68 143 94
4 109 181 284 201 82 39 74 280 29 245 277 243 18 189 71 203 176 123 254 202 265 238 291
17 262 169 248 237 286 13 212 188 265 294 175 256 98 21 109 79 63 38 77 181 30
31 146 241 40 169 243 285 282 223 277 288 45 136 275 12 85 269 76 11 194 135 7 46 205 55 80 286 256 186 154 128 90 195 73 248 84 293 233 59 75 207 138
426 241 271 194 84 223 58 49 196 20 70 272 197 112 239 265 143 235 40 175 297
255 269 4 293 65 101 77 44 62 45 54 91 189 120 63 16 168 81 295 75 179 18
86 245 268 170 60 171 175 123 221 63 5 154 243 273 200 164 235 288 225 76 151 109 216 243 196 222 99 191 276 241 3 224 147 122 177 40 166 182 117 171 168 138 206
131 243 251 277 53 216 34 267 196 257 133 294 256 195 109 84 241 131 198 117 90 204 286 222
17 44 55 78 221 248 85 75 7 97 201 102 106 227 116 76 233 197 113 41 20 221 214 154 68 23
21 242 291 170 263 10 131 100 237 173 260 175 250 83 291 194 0 259 80 227 116 63 146
277 298 164 131 76 19 65 179 73 27 100 269 245 262 180 253 24 128 218 176 254
296 266 130 282 21 193 262 121 115 141 241 240 59 228 292 199 257 268 29 189 278
23 103 212 285 286 190 106 291 275 20 28 197 113 273 202 54 57 203 141 164 70 134 280 267 189
13 157 267 33 94 9 153 34 208 190 89 1 253 264 268 91 290 130 280 235 57
11 137 162 219 190 171 179 280 204 194 8 132 168 109 186 273 206 245 37 4 19 147 51 211
7 32 103 152 166 1 83 154 152 205 43 29 70 126 139 4 281 96 36 10 19 185 186 157
97 238 242 269 126 144 41 26 50 62 214 299 160 277 254 249 215 276 52 15 18 8 71 63
40 63 157 191 198 57 275 282 25 146 45 225 273 209 105 130 22 211 203 126 4 222 166 88 138
48 93 98 175 250 292 251 221 21 252 19 119 280 69 44 147 191 196 96 168 204 64 178 112 98 213
28 72 84 287 69 22 184 197 165 236 144 13 283 204 294 260 279 240 88 57 297 122 241 136
19 182 208 298 141 60 234 171 14 208 9 38 37 215 130 230 198 245 145 116 44 126 169 279
85 118 123 149 152 231 149 31 70 68 292 220 197 146 9 100 265 202 67 258 271 155 72 216
136 77 141 104 81 223 229 135 17 227 91 152 134 5 277 154 244 86 22 150 84
113 177 241 260 280 201 267 206 228 63 84 9 67 59 200 73 107 288 100 129 208 172 89 37 177
102 273 278 247 237 201 152 177 108 12 153 155 163 291 187 157 25 202 241 293 188 144
202 234 240 222 72 147 198 23 120 297 237 87 49 270 55 21 46 25 195 275 4 179 290
29 68 73 81 102 166 203 235 241 263 104 62 276 218 17 250 267 117 191 204 297 183 103 166 8 76 256 244 178
6 32 85 141 149 144 239 248 224 20 258 35 11 232 14 109 53 286 162 167 191 244 157 29
79 136 182 211 283 117 274 83 293 68 159 184 260 288 139 175 209 213 241 173 116
59 104 195 246 269 241 226 273 167 295 35 249 259 141 147 95 32 148 292 112 133 27 266 15 149
105 177 240 40 242 253 178 50 180 182 163 299 86 110 114 92 273 32 123 71 115 298 29
117 62 137 133 187 19 52 299 195 21 34 253 100 211 226 144 242 279 222 298 136
130 194 258 261 164 121 138 229 220 135 256 1 209 93 29 107 122 68 217 167 79 166 78 84
94 260 296 203 99 164 151 23 218 56 84 242 98 24 125 180 206 76 7 131 14 293 171
69 272 270 286 133 161 297 47 28 257 222 200 70 124 167 26 219 249 13 195 132 65
426 98 267 28 195 12 144 143 92 191 272 134 227 221 296 145 127 154 253 198 15 228 291 149 150 197 15 121 147 14 134 228 106 37 200 69 67 180 71 92 186 284
26 178 207 293 175 248 109 214 298 187 0 32 204 250 291 87 151 224 92 97 253 223
8 61 92 253 42 99 1 63 233 123 207 147 88 135 56 69 214 36 37 287 189 53 16
69 275 239 77 12 234 62 283 76 109 247 246 130 54 120 156 197 251 17 181 56 16
72 95 166 233 212 150 294 260 10 24 84 120 81 255 34 211 98 77 290 228 97 197 252 208
79 129 199 72 243 191 155 27 38 234 224 212 246 91 201 213 175 282 87 44 278 12 152
111 144 276 85 209 134 24 102 47 267 272 65 165 216 76 208 250 164 113 50 88 202 46
25 128 171 200 44 107 279 189 289 223 84 237 162 167 75 52 174 58 151 284 124
245 59 101 51 24 110 161 294 264 187 134 221 260 196 191 19 145 286 16 72 293
0 118 125 284 273 260 229 200 123 160 95 153 259 266 239 219 183 47 36 90 208 149 242 103
116 237 155 123 279 195 296 89 283 289 79 214 15 294 213 38 271 58 115 169 75 262
196 231 186 257 71 149 64 217 255 49 211 166 201 164 191 61 297 209 200 177 168 84
191 231 246 294 109 112 148 186 2 286 27 253 281 225 100 25 233 159 291 263 261 241
727 77 211 10 278 154 252 138 73 43 238 44 61 201 13 47 55 268 124 214 148 120
9 75 123 198 163 1 90 129 171 116 294 291 103 275 109 29 185 122 280 12 63 97 135 4 230 59 150 156 241 107 176 36 104 5 62 61 228 140 14 99 118 185 53 74
42 209 233 9 6 208 163 188 135 198 194 216 158 232 244 132 186 240 93 137 143
38 70 147 184 280 296 108 22 294 86 31 270 94 269 283 162 257 137 96 296 238 178 135 245 159 171
63 293 272 238 226 103 225 44 95 137 277 19 265 130 22 129 236 47 30 57 101 218
72 100 157 295 126 248 281 225 259 284 205 120 63 99 288 161 102 31 30 229 145 216 42 223 301 605 217 127 9 136 287 238 92 94 135 84 32 284 114 292 273 270 155 175 235 228 193
5 36 173 253 227 109 18 123 118 138 171 292 119 137 190 65 110 60 113 216 63 179
75 127 249 146 30 124 106 283 137 55 82 202 190 19 112 164 54 101 205 257 179 117 70
426 16 222 78 215 197 129 63 269 201 144 22 217 237 86 89 280 183 118 140 211 213 266
55 202 250 216 288 226 237 145 40 282 49 126 7 271 111 152 156 115 273 200 59 105 43
125 268 169 254 73 44 141 234 243 19 605 301 53 102 145 223 217 196 31 216 161 247 188 81 211 153 74 22 23 261 197 281 3 118 203 35 142 235 207 258 190 293 124
38 55 150 207 262 274 495 212 56 173 213 94 215 145 137 53 299 229 31 230 30 161 102 131 223 232 201 234 27 293 47 143 292 176 141 196 139 39 268 140 285 204 86 258 50
198 235 246 247 252 44 290 129 5 130 296 132 85 264 229 20 16 239 92 269 218 111 249 66 204
41 79 133 187 197 26 133 68 196 171 262 233 185 119 251 261 108 273 74 38 106 0 67 114 54
101 131 195 262 150 28 163 164 256 76 155 296 68 270 213 267 214 245 172 8 63 215
87 256 293 258 181 128 283 269 215 193 149 251 218 169 177 246 161 279 69 261 207 54
25 78 82 244 266 281 157 193 207 1 147 84 83 91 118 15 283 130 6 53 286 275 67 178 19 10
113 180 223 54 186 230 246 278 150 202 59 166 281 223 161 188 42 216 247 217 230 102 53 286 267 295 220 227 228 265 30 262 48 241 28 264 881 210 476 144 188 873 795
40 253 271 233 252 79 261 248 64 13 204 27 171 120 203 267 74 154 17 2 151 69 184
83 90 119 164 177 192 193 236 297 46 202 70 164 255 82 107 235 93 178 274 197 219 62 190 76 287 124 240 25
45 62 116 181 233 167 100 258 93 246 142 160 42 84 2 172 194 296 193 56 293 177 85 129 292
50 99 283 190 11 258 261 30 7 126 125 205 294 9 292 137 286 87 133 117 284 282
251 255 192 199 107 29 135 266 268 5 109 122 208 61 145 69 259 280 113 89 87 226
15 83 134 149 175 198 23 11 20 167 47 217 10 218 244 147 107 179 274 170 148 146 189 2 270 109
16 66 103 271 250 218 0 106 48 1 147 110 255 203 180 141 56 79 187 191 156 158 247 159
37 77 205 2 210 95 201 59 245 247 205 229 239 10 66 28 181 281 288 249 25 54 227
110 149 190 199 250 259 110 246 205 135 176 291 214 80 5 262 292 113 20 193 286 86 185 150 288
70 76 186 222 232 71 21 139 156 174 93 296 133 3 293 131 24 8 267 137 58 172 80 34 141
14 49 78 126 146 216 285 153 189 276 149 261 295 3 190 40 185 279 26 161 158 296 101 148 152 150 110
857 50 144 202 291 222 231 31 177 276 218 268 94 62 148 259 4 105 242 251 247 277 17 111 149
47 150 246 63 108 28 71 178 78 252 16 281 145 51 14 263 165 102 12 114 217 222 19
39 54 210 267 237 30 152 11 132 129 226 112 109 27 141 241 103 214 56 212 75 233 93 155
81 238 299 216 100 136 87 218 245 113 137 163 81 246 201 45 238 237 115 24 138 150 229
14 61 80 87 92 192 201 205 113 229 203 133 263 88 90 179 5 127 256 209 77 1 236 176 26 47 275
121 133 182 238 96 74 276 23 187 18 184 218 244 82 195 30 196 294 73 45 36 181 53
46 189 266 274 180 97 239 21 285 115 229 245 88 219 170 32 192 74 112 161 238 2 159 3
95 164 239 266 270 259 166 26 245 0 264 255 36 293 266 23 80 105 202 16 47 48 116 140 258
273 236 175 87 49 19 96 134 138 151 237 51 113 27 99 260 18 267 192 163 239
109 154 165 123 19 215 80 82 89 79 186 4 269 109 177 78 31 150 255 96 211 107 274
113 129 192 233 5 221 96 158 266 177 104 106 167 279 100 273 209 161 243 199 201 234
105 198 190 128 202 219 59 174 6 154 263 68 62 237 131 55 295 274 90 41 228 18
11 34 137 211 247 271 283 215 35 196 277 297 43 120 171 229 6 159 172 129 20 272 32 239 273 197 135
141 259 289 15 147 243 175 177 171 220 283 299 186 232 179 31 143 148 294 261 168 23 287
83 293 274 126 117 140 294 172 251 79 67 160 286 156 202 145 269 234 158 236 147 240
71 86 253 132 69 60 172 196 279 221 192 282 11 9 204 80 234 4 185 239 127
284 29 179 259 94 294 38 59 160 203 202 263 108 264 192 182 286 292 261 295 10
15 42 265 19 197 224 111 199 67 285 273 119 13 136 17 79 188 257 191 236 6 255 281
165 231 114 210 230 65 247 149 12 255 217 256 217 340 145 53 161 131 137 196 229 42 299 230 31 210 58 243 273 133 173 268 167 236 226 29 39 125 234 118 114 82 106 13 71
25 41 118 236 264 33 72 298 238 78 264 15 18 285 9 67 268 274 237 27 38 203 37 42 36 78 156 240 82 177 286 175 63 241 36 97 160 223 23 81 56 27 211 252 21
274 217 236 132 66 18 138 248 278 37 187 185 51 106 285 41 79 151 162 88 75
116 220 225 282 120 25 38 188 168 63 126 125 249 244 52 187 204 140 157 139 277 164 265
94 269 277 199 30 191 69 135 162 127 250 165 44 101 203 123 187 14 28 228 154 5
14 184 178 208 195 143 148 295 207 0 254 196 118 36 16 84 77 155 256 269 286
153 220 107 289 93 225 27 280 35 6 198 199 217 96 201 298 44 103 248 124 179 211
1 54 244 127 126 24 254 31 124 120 237 156 289 88 95 114 68 245 205 64 191 140 161
193 169 292 291 105 81 0 19 104 295 239 166 256 148 80 60 125 30 186 279 285
210 289 41 274 185 224 140 151 37 95 105 158 211 290 125 168 191 109 156 97 220 261
16 27 62 89 161 299 65 48 205 85 136 113 87 124 212 146 168 131 75 62 283 223 105 183 32 197
114 256 50 27 114 89 197 247 281 69 80 298 289 20 206 47 288 67 164 293 51
139 210 185 24 201 244 123 258 61 207 182 62 36 120 75 144 7 122 125 174 161
161 222 4 221 58 108 75 296 81 188 231 287 88 240 19 95 38 91 225 11 242
18 95 110 154 66 159 8 145 78 231 220 273 109 127 234 35 169 229 38 288 139 80 33 37
138 214 146 128 275 88 194 240 183 106 283 13 265 52 37 120 71 193 97 236 90 169
111 145 153 233 106 229 219 125 25 155 18 11 134 283 24 276 116 298 73 202 174 105 130 284
857 266 48 183 79 255 110 118 273 80 77 100 162 217 27 51 115 242 198 152 40
144 72 157 18 52 80 109 26 115 81 4 192 149 112 298 169 13 134 295 183 54
73 257 288 174 65 246 198 163 116 52 197 185 94 53 147 209 283 154 155 158 273 113
190 260 172 58 208 105 203 108 299 38 199 50 271 150 70 140 18 22 202 2 161 279 278 4 18 55 125 156 237 60 221 124 209 63 180 25 32 248 174 235 148 131
857 271 36 26 123 169 163 245 168 178 29 153 280 2 57 192 147 251 107 294 284 4
75 109 153 293 37 135 132 232 240 92 253 206 121 150 119 60 3 152 97 11 192 34 66 289
52 32 86 219 115 159 255 263 152 108 185 183 142 100 49 14 3 64 68 97 198
94 175 184 227 214 51 183 222 163 184 7 207 107 221 18 237 102 161 229 83 230 196 264
20 51 76 107 167 242 6 78 221 22 88 29 130 97 284 40 160 232 166 290 271 30 53 70 282 281
53 114 127 207 150 22 178 235 249 142 251 174 45 102 181 4 227 160 1 170 209 256 197
1 61 297 64 125 49 272 39 186 212 18 273 222 91 209 167 32 274 166 234 204 29 173
4 98 175 229 24 219 215 87 284 224 44 100 14 164 107 205 175 195 239 113 251 136 23
22 84 150 224 232 265 175 87 158 145 221 229 120 213 97 129 2 108 100 112 96 244 50 231 239 249
857 2 75 180 201 75 195 43 82 54 219 94 28 8 245 63 296 140 151 240 52 202 23 253 228 212 264 244 219 23 295 209 97 176 146 263 131 40 280 287 257 69 99 108
73 205 14 53 186 3 43 249 212 38 280 161 21 204 239 47 132 244 27 149 201 281
3 25 266 78 58 272 22 248 108 296 14 143 6 120 77 192 179 107 213 134 231 156
78 86 146 254 170 134 58 298 204 196 21 263 272 284 281 4 253 118 74 162 256 260 126 60
857 212 121 250 172 11 218 211 52 20 120 237 22 240 0 153 126 82 125 66 160
196 235 216 201 101 191 155 250 184 296 175 210 166 247 219 20 227 193 196 254 288
90 165 297 199 10 210 154 298 107 285 46 202 41 227 231 18 187 120 244 243 3 274 190
80 179 186 78 171 192 294 240 116 122 261 151 297 201 14 181 221 173 97 25 132 184 86
101 213 297 247 129 200 8 107 9 141 250 55 121 296 278 126 26 274 259 207 297 167 156
35 127 214 283 85 279 191 201 149 131 150 35 255 73 96 248 295 270 187 235 240 176 278 44
67 119 124 145 117 36 266 223 21 65 173 30 169 17 23 258 233 31 212 127 106 263 252 147
48 270 193 275 22 278 146 276 72 128 237 65 284 178 285 30 270 208 288 51 200 3
116 230 298 234 211 247 12 243 200 33 85 264 202 77 242 19 103 64 221 223 230 269 68 98 146 19 278 70 29 103 134 30 297 292 118 175 135 43 253 129 92 204
6 105 143 168 278 292 96 250 244 29 185 61 266 189 236 169 270 22 180 245 192 193 278 280 154 15
55 105 213 174 64 270 204 214 164 272 295 36 213 68 209 271 8 187 189 77 137 89 93
109 177 286 197 274 174 281 292 207 204 41 13 233 34 102 47 145 249 82 118 243 244 144
85 188 80 177 91 170 32 214 258 106 264 238 70 281 23 156 2 179 86 83 239 185
13 170 284 263 173 187 243 0 178 114 3 272 126 209 150 110 197 138 19 125 63 261 225
875 15 272 112 295 216 103 164 131 265 55 56 14 152 257 278 128 251 210 171 11
31 165 278 227 115 67 276 231 3 289 246 195 173 1 247 111 105 54 252 224 104 201 29
57 204 215 11 69 104 115 82 291 184 130 9 875 210 188 144 234 91 881 77 143 873 904
30 254 234 146 200 286 135 78 28 161 156 125 139 181 152 288 108 170 293 280 10
112 292 100 270 192 5 43 186 55 293 67 204 119 144 26 267 273 278 158 142 104 151
55 150 92 39 80 228 5 29 134 215 74 229 296 3 149 203 108 235 124 49 139 271
138 210 267 271 113 88 59 276 20 253 273 157 71 251 176 9 114 102 240 69 220 294 86 24
12 90 97 132 194 128 161 293 267 275 277 248 245 188 270 142 213 132 118 214 186 224 60 146 209
104 166 178 228 105 89 67 77 282 127 26 103 229 122 175 7 112 38 2 241 155 151 80
129 191 234 65 60 137 144 142 124 105 164 20 297 101 222 132 217 166 276 280 155
