261 37 82 169 267 5 108 180 204 231 952 254 67 368 985 631 583 200 644 748 323 628 194 936 534 678 407 282 484 143
865 940 24 54 148 175 177 227 279 405 57 460 142 395 449 739 819 658 959 311 827 813 794 962 989 69 377 301 931 693
6 40 121 136 23 192 448 139 169 186 308 745 600 880 354 610 936 282 678 644 583 748 952 143
19 102 793 86 117 210 260 253 182 180 110 226 248 276 34 31 34 185 30 939 603 133 54 21 218 290 246 216 177 271 292 156 165 278 220 163 222 250 242 188 80 257
9 50 65 80 82 246 130 215 264 101 84 291 235 187 261 60 156 274 214 293 147 79 85 61 265 174
678 712 930 46 89 274 695 23 99 177 69 231 71 175 277 77 286 770 123 431 533 164 17 216 241 148 209 257 261 230 37 0 187 160 169 189 2 241 229 95 108 192 144 69 200 216 111
71 165 99 186 264 250 232 251 211 41 40 106 86 184 10 234 33 173 240 114 188
153 253 21 164 74 73 207 221 72 131 274 126 273 52 130 39 187 1 247 233 54 60
108 132 144 187 142 40 199 146 51 256 110 67 201 284 186 121 24 46 76 278 298 104 237
283 286 178 196 54 158 112 58 189 285 111 206 143 265 217 159 231 152 145 210 74 51
118 262 173 6 52 29 156 282 142 95 152 261 81 175 107 286 119 135 144 50 288 283
525 157 185 101 11 142 125 193 55 83 53 15 80 165 290 187 298 161 243 203 54 170 195
5 181 219 163 80 93 22 149 236 267 162 81 69 234 193 23 288 222 7 142 4
96 296 94 185 228 210 288 24 112 136 114 135 2 257 105 297 108 226 153 186 19 142 152 216 127 262 214 215 194 122 153 283 269 113 173 40 240 71 14 277 234
21 130 168 191 276 136 194 241 258 175 244 97 197 120 82 198 14 33 176 87 160 227 198 205 90 270 1 30 267 165 77 91 35 201 4 234 162 32 175 53 6 98 20 160 213 57 211 52
29 266 140 200 156 54 246 226 151 20 50 176 195 82 152 186 120 161 28 275 171
46 53 87 206 293 28 252 221 98 79 30 37 251 91 191 222 249 72 15 132 198 237 102 127
150 222 205 251 0 42 282 64 59 108 187 134 57 92 231 278 234 153 259 2 298
695 155 76 148 253 193 137 250 225 90 214 119 60 124 215 121 48 120 190 72 223 159
42 50 103 107 137 166 207 211 276 312 77 240 179 194 7 27 247 154 271 251 239 150 230 200 192 121 69 265 105 147 269 146 28 209 126 59 64 74 55 17 275 235 134 242 54 135 90 187 103 106
26 2 33 286 298 78 72 7 84 156 271 92 226 175 135 220 153 290 297 251 258
110 13 32 64 221 271 252 299 215 248 199 121 232 508 51 150 448 26 218 198 19 63 196 45 133 118 229 286 55 51 280 39 28 254 220 15 44 279 100 204 237 261 40 106 109
11 50 187 8 165 9 149 184 21 208 268 240 192 29 95 40 281 155 274 299 272 253 282
158 224 292 28 13 260 272 209 166 11 90 74 242 171 95 138 102 64 35 163 39 141 273
88 131 140 274 159 181 61 239 48 208 254 36 186 60 6 267 262 116 209 266 251 289 111 162
123 271 295 312 259 267 225 40 130 66 68 166 248 64 204 6 123 243 257 203 162 241 148 288 261 0 111 39 176 291 134 90 220 159 163 156 265 22 215 153 165 195 278 289 286 48
2 4 98 140 191 100 277 199 192 23 285 260 32 131 145 85 94 6 237 266 55 153 225 299 98
93 189 46 152 66 30 218 259 265 183 109 212 102 15 253 242 3 77 103 185 89
931 61 298 149 4 92 68 174 25 45 189 221 125 122 197 70 26 212 226 80 54 35 61
157 200 61 163 233 213 67 194 207 6 27 169 81 242 167 39 63 133 0 7 209 176
130 136 194 103 164 0 38 146 193 190 56 163 138 183 110 258 109 48 119 42 125 18
82 92 251 26 168 129 106 97 46 32 204 145 62 221 219 201 124 15 117 89 164 104 139
15 58 140 95 20 286 85 235 193 183 246 69 292 96 75 45 293 73 72 54 208 114 236
189 288 5 15 287 160 199 38 255 68 174 194 299 289 168 249 150 16 134 57 72
41 108 188 235 264 76 223 296 19 224 1 137 236 163 66 244 249 29 97 250 289 59 65 91 46
84 291 167 163 42 103 276 36 299 165 3 31 2 290 284 173 166 218 67 281 147 192
70 77 133 137 189 218 241 250 141 258 120 51 113 19 100 178 206 253 256 139 185 231 4 271 103 104
931 123 246 268 229 225 204 290 269 282 150 136 122 288 13 262 1 63 41 184 189 206 213
129 177 185 205 0 85 243 167 139 116 41 14 263 55 294 140 157 79 96 266 25 276 80 248
91 188 168 95 43 70 16 154 37 211 127 83 226 63 145 12 277 234 114 86 292 201
571 21 106 183 94 89 61 168 274 258 2 65 284 115 101 64 231 70 71 264 9 40 220 90
31 259 216 299 267 82 297 170 162 236 222 253 288 73 123 14 135 156 241 99 76 50
166 236 227 3 177 136 29 165 193 213 23 63 279 32 66 290 112 239 249 88 294
52 88 125 267 148 38 49 177 230 185 225 106 7 238 226 229 257 134 116 284 139 30 72 193
204 280 290 232 84 221 54 158 280 61 241 82 27 87 137 148 66 275 90 62 264 210 124
110 154 155 272 107 91 146 289 281 30 168 11 34 267 268 243 253 159 101 297 35 291
73 198 251 258 262 263 53 161 17 285 135 119 271 205 175 227 268 36 212 179 146 233 172 72 279 19
82 165 240 93 217 187 156 36 25 31 33 242 278 107 3 243 128 59 64 139 23 299 188
51 98 127 259 297 135 216 215 190 74 200 85 203 272 208 231 188 16 63 194 78 181 127
281 3 77 159 288 73 201 297 289 285 131 65 81 248 54 20 117 6 243 0 165
121 241 286 38 221 172 94 138 2 14 162 219 46 136 67 1 154 147 18 164 9 179 240
114 126 2 218 288 13 138 144 287 86 226 181 23 245 187 216 227 163 121 184 191 95
174 264 153 2 145 81 174 86 248 121 268 294 164 106 75 224 93 117 264 109 150 146
112 121 122 123 147 195 220 265 73 35 216 120 276 93 148 172 71 133 45 274 62 186 231 296 205 213
7 214 253 134 171 178 203 98 220 78 240 293 202 112 244 167 208 77 57 48 105 24 61
695 30 183 275 51 229 125 98 84 132 153 222 95 64 219 246 180 221 96 273 109 145 55 170
55 169 299 141 92 160 271 53 262 23 142 200 291 193 205 94 290 207 19 36 96 109 242
774 178 286 222 240 230 182 107 158 157 63 98 64 73 125 248 119 71 105 140 72 12 259
552 571 68 191 284 64 82 274 160 272 123 292 295 271 244 56 41 0 152 221 166 77 73 281
78 86 111 86 216 98 230 188 208 249 269 70 11 143 156 4 273 51 263 189 120 199 58
571 69 135 234 135 172 101 278 271 93 108 229 282 184 7 188 24 153 194 92 196 27 221 10
139 194 122 198 202 208 282 233 47 256 226 293 201 288 53 48 113 125 50 287 181 104
8 39 106 111 151 189 194 241 152 93 155 142 218 232 268 230 8 43 1 122 198 90 254 205 127 227 160 267 156 135 161 30 67 167 285 199 246 65 4 86 119 145 245 227 25 268 190 231 235
36 74 76 80 184 224 116 2 24 149 212 239 80 163 230 59 174 193 229 12 157 55 257 287 112 1
29 69 89 109 106 220 60 235 133 61 37 147 124 181 242 90 170 266 161 115 156 209 239
931 84 203 161 236 232 99 163 113 284 212 123 96 34 278 74 189 0 75 71 103 22 180
525 70 102 192 190 262 36 186 52 29 4 298 201 219 189 50 47 203 93 96 87 245 39 94
10 20 34 75 92 100 104 90 246 208 289 91 190 193 97 4 51 281 55 105 47 145 215 114 49 295 256
13 92 135 93 141 172 257 20 226 103 8 269 120 231 24 102 10 250 203 169 136 129 83
148 181 209 237 291 225 149 189 21 42 127 220 103 271 24 141 104 9 12 26 202 249 156 291 287
40 224 525 774 72 163 168 170 188 312 261 278 203 160 71 59 141 224 90 267 254 43 1 63 205 78 127 128 122 271 76 41 101 90 13 236 22 3 176 67 222 74 218 86 91 203 238 277 59 278
93 186 240 182 202 82 171 68 34 59 204 4 132 2 221 164 121 269 116 280 113 114 158
107 163 290 10 73 285 90 264 192 267 144 145 265 275 111 98 184 239 64 49 109 112 191
85 159 208 224 250 91 66 1 273 12 53 237 280 197 26 51 133 245 208 88 290 191 247 46 282
210 211 241 16 298 184 173 290 28 295 194 1 142 121 86 165 115 175 66 78 106 222 210
43 260 249 92 24 171 107 201 108 188 227 264 122 263 83 228 262 35 18 124 94
7 77 103 137 246 268 312 107 225 48 228 178 39 77 82 64 293 176 33 65 119 275 184 192 219 221 180
115 203 255 230 274 250 21 165 33 128 193 263 254 134 273 262 190 11 210 242 123 244
571 7 14 17 58 68 154 230 276 165 248 249 268 813 60 72 274 74 247 219 179 65 156 46 218 236 150 133 26 51 198 233 159 176 208 165 144 298 81 12 35 292 200 140 103 241 158 161 182 223 270 59 94
46 91 174 181 188 256 30 285 26 198 186 296 43 281 242 17 143 105 204 104 53 160 291 157 127 217
128 24 81 262 42 125 140 154 232 291 188 293 249 68 290 22 45 261 90 133 55
24 79 277 73 114 102 210 169 40 43 261 13 153 240 95 209 177 31 81 122 74 72 236
525 81 204 288 293 312 222 36 134 28 176 104 53 146 285 77 86 220 101 179 231 27 126 71 277 286
73 285 79 266 86 36 141 62 214 139 259 255 249 149 29 93 175 122 138 198 235 136
268 290 82 286 15 131 248 53 149 179 79 4 77 203 221 13 294 207 56 108 223
132 180 205 210 236 67 249 185 178 195 266 148 204 80 200 230 91 110 292 27 85 279 198 72 26
101 161 189 220 274 286 52 39 34 175 35 161 294 141 164 109 282 124 122 247 5 229 24 196
28 107 151 174 217 49 222 135 18 12 104 144 150 106 39 254 164 148 166 17 241 140 242 64 178
525 1 5 32 187 59 188 98 48 209 284 223 10 117 230 106 292 275 273 108 221 125 99 16 5
136 205 56 69 260 199 32 225 195 187 233 64 46 248 3 134 38 137 252 224 59 47
96 123 230 296 120 112 167 297 289 279 8 227 123 277 241 161 251 149 50 219 202 94 34 266
279 169 18 150 44 242 216 125 57 207 256 155 294 61 16 238 192 107 0 130 249
84 163 194 199 226 79 133 269 275 253 266 106 298 185 153 199 7 183 287 15 238 128 267 43 1 78 90 205 156 4 129 188 139 48 238 44 286 261 269 33 243 70 57 134 257 287 183 8 230
37 99 258 284 199 254 29 82 60 252 28 65 211 86 107 172 125 44 62 151 289 162 72
29 78 116 145 232 52 82 53 240 239 276 177 184 88 25 298 135 259 285 145 16 122 250 12
28 135 290 248 9 55 226 203 25 202 86 36 48 39 68 127 266 26 251 2 83 242 264
60 79 179 197 63 110 295 250 151 38 236 84 205 58 243 156 231 263 131 157 168 35 37 292
123 126 165 187 200 288 37 200 197 123 271 274 282 236 195 174 15 58 179 276 106 115 273 238 168 296
20 31 58 101 220 236 62 78 85 107 232 281 162 179 209 8 62 2 235 29 163 205 156 271 78 13 160 122 267 1 43 198 95 140 228 178 66 47 173 64 162 115 131 139 43 62 11 63 196 195 23 124
93 294 14 73 51 240 230 89 298 285 188 132 68 108 253 36 103 101 4 40 134 154
1 258 286 194 22 248 276 231 133 291 128 150 251 139 228 216 238 191 149 285 94 188 105
20 111 198 237 217 125 296 99 84 46 34 9 240 254 216 131 261 246 129 142 281 57 263 137
46 95 127 178 205 182 10 137 262 3 57 219 99 185 48 257 101 67 36 104 46 152 42 4 73
774 24 39 47 236 257 245 88 263 169 235 239 188 71 43 213 197 215 155 232 299 148 177 115 159 280
19 103 144 215 225 91 171 195 53 21 141 255 122 219 29 33 295 46 28 251 104 41 13
61 106 279 69 78 293 143 180 224 78 126 251 29 297 176 204 190 261 168 21 148 185 162 257 6 288 74 64 16 230 202 102 299 11 261 241 275 250 10 142 182 71 267 173 43 166
67 71 149 172 198 240 94 162 267 138 27 122 245 32 121 23 8 140 232 100 10 200 51 182 192 137
49 85 52 33 44 137 183 238 128 43 213 187 295 141 50 45 91 283 220 162 39 186
525 17 26 145 279 159 230 44 42 214 90 216 277 81 252 221 198 203 47 100 57 50 199 147 19
250 265 64 295 90 41 77 35 88 190 8 227 220 89 72 238 15 127 151 258 29 264
13 64 181 251 133 255 217 88 89 121 169 44 228 19 127 31 47 219 263 58 192 57 212
126 194 229 248 261 250 164 92 287 121 209 263 24 273 173 293 39 112 240 135 244 158 239 83
40 85 217 251 237 21 82 20 70 264 63 164 58 51 123 188 174 95 216 291 16 225 78 106
227 213 31 115 109 290 101 262 280 174 19 129 187 83 16 162 199 71 225 1 49
164 225 248 101 218 267 279 157 29 177 295 96 267 227 63 128 90 156 254 1 271 83 160 288 110 115 140 102 253 93 258 176 194 91 216 63 185 165 55 16 276 245 214
172 281 291 187 27 68 39 296 266 107 244 145 272 32 133 105 119 232 224 59 197 23 94
92 128 184 252 74 81 0 178 18 158 175 83 112 250 38 24 32 56 57 89 285 93 219 275
141 165 114 52 148 266 249 189 291 4 207 170 164 248 288 123 130 223 166 173 160 19
65 133 298 286 50 270 63 234 27 33 86 98 16 142 188 176 129 289 237 156 273 196 102
41 84 142 31 175 40 8 212 70 165 18 263 217 230 58 153 82 104 232 98 88 130 57
16 58 190 197 278 239 240 98 30 16 197 295 44 247 299 69 26 265 256 192 24 37 257 13 46
85 221 257 254 85 283 210 237 57 17 42 238 63 299 45 33 188 211 247 84 145 179 5
64 133 251 276 148 100 13 218 17 136 121 184 240 195 86 258 20 291 21 49 18 133 292 237
21 143 169 251 173 48 204 25 45 224 234 116 249 67 256 270 86 12 160 88 222 90
695 226 284 32 173 62 147 216 70 69 88 239 105 59 267 126 103 183 140 250 168 23
2 203 278 294 79 106 290 219 80 174 157 299 148 224 285 183 143 37 146 276 11 263 154 165
16 153 162 231 275 131 190 6 211 156 230 288 125 296 77 241 117 146 90 61 272 118 197 124 154
178 273 186 230 122 279 190 260 179 209 264 252 292 19 91 170 15 16 236 121 228 248
12 112 137 260 20 201 242 249 28 204 152 154 63 38 276 133 4 6 2 284 208 47 35 170
1 199 239 278 293 155 210 13 24 215 222 218 244 123 54 99 83 26 35 150 133 46 149 227 159 19 508 77 11 298 27 213 297 210 14 287 174 76 206 121 96 156 204 241 172 116 197
17 95 127 139 219 220 243 36 271 39 270 156 72 234 104 117 268 217 210 87 81 57 233 241 97 230 163
86 167 214 251 257 258 63 229 99 221 222 36 128 228 77 68 139 35 133 10 198 149 233 26 236 19 51 46 260 33 20 116 210 1 251 143 266 244 24 126 239 76 96 23 140 228 268 134
17 158 192 207 229 122 71 170 145 220 78 61 229 271 107 186 15 87 263 147 21 85 105 210 36
98 253 263 282 56 286 70 128 230 21 201 44 173 270 283 205 35 269 198 145 229 39 256 10
525 71 73 149 298 13 193 253 270 83 2 243 194 103 201 265 228 12 111 137 271 114 39 129 127
525 52 188 203 119 224 131 265 70 47 254 260 217 62 156 200 196 229 219 14 287 130
232 238 111 59 29 234 282 118 181 31 283 129 92 144 34 91 61 284 153 262 159 107
525 1 35 132 213 255 263 159 194 84 24 211 18 166 236 111 203 229 121 21 187 230 199 191 184 224 15
76 77 157 272 104 175 143 207 173 109 33 180 267 116 69 46 102 152 195 181 280 282 3
931 53 83 105 227 95 179 229 287 291 182 71 200 163 19 188 219 28 165 108 734 262 212 486 950 12 218 34 7 136 196 276 53 208 22 192 91 12 143 221 140 68 211 165 2 152 102 241 83 60
774 17 98 127 215 290 179 246 264 217 33 18 262 213 185 123 204 289 0 288 21 17 162 257 123 261 198 212 222 48 22 286 297 265 89 262 261 196 146 3 206 158 285 1 90 77
115 124 211 170 219 219 60 105 251 100 289 213 285 245 38 210 232 51 196 104 159 133 508 448 227 66 183 119 6 228 108 107 132 80 32 268 220 240 52 72 264 143 224 270 266
1 52 280 184 199 289 5 191 112 970 46 221 46 198 236 63 104 233 227 448 218 508 823 217 72 4 153 283 42 169 61 258 89 266 25 5 181 220 31 27 138 110 48
54 94 105 204 213 226 22 160 90 49 23 71 189 119 191 52 34 199 216 45 236 201 113 268 262 285
4 99 211 247 60 271 192 62 258 171 277 55 10 91 39 69 178 193 270 157 217 293 274 179
774 85 222 137 199 250 180 63 183 16 18 208 205 240 278 274 263 77 186 40 275 203 50
36 45 150 185 86 64 225 58 194 94 37 73 255 77 83 3 257 22 21 206 97 59 89 171
571 119 178 9 157 117 195 131 54 57 167 275 125 90 63 84 87 202 13 255 246 296 110
18 206 281 288 571 12 261 16 41 144 58 224 141 291 4 159 63 198 150 233 19 10 133 236 104 448 46
2 96 102 204 67 24 267 182 227 389 289 34 79 88 291 255 160 163 267 227 254 122 43 1 94 168 270 156 67 40 101 241 170 183 17 93 198 285 151 290 154 201 260 105
16 161 220 287 151 166 91 277 92 107 37 26 10 212 17 114 148 3 8 209 18 86 264
269 165 122 131 107 207 173 145 80 36 222 168 268 160 221 270 13 94 127 269 287
1 48 154 295 74 283 298 177 78 233 176 9 53 280 59 83 119 4 58 178 258 11 229 265
103 161 263 107 59 182 161 54 98 103 196 97 183 176 188 34 140 238 16 87 17 19 22
1 41 142 143 230 283 107 222 55 0 49 247 276 104 208 204 275 277 299 156 83 21 132 130 243 195
571 223 290 12 215 161 5 122 35 117 228 57 227 236 46 218 448 196 198 133 35 823 150 233 51 220 205 189 92 240 96 185 267 156 49 74 272 76 21 41 243 112 18 119 191
224 120 275 264 285 94 260 206 92 272 25 110 243 71 299 247 296 140 39 244 156
37 103 161 220 240 250 39 69 287 49 174 24 92 211 183 144 52 37 21 215 19 168 81 260 94
58 110 274 121 269 29 199 6 276 292 11 219 122 239 157 241 91 185 234 243 57 257 198
198 245 76 17 194 104 20 226 291 13 140 129 96 159 200 173 58 229 124 109 29 217
76 77 125 105 152 231 79 30 200 238 139 117 196 281 138 209 120 75 88 150 286 219 12
110 76 293 190 238 270 136 31 187 171 55 291 196 280 213 278 271 24 96 265 165
175 199 226 227 4 270 122 135 220 277 116 64 18 95 2 49 178 112 79 189 172 123 111 44
81 94 106 116 145 291 140 109 259 53 130 24 147 65 116 186 121 154 141 271 105 266 298 212 119 255 56 294 283 280 260 176 123 166 17 203 252 96 27 163 276 264 189 181
80 82 97 98 42 238 182 282 119 211 222 49 176 95 6 231 13 165 114 30 280 180 279 26
42 110 137 164 231 249 291 94 176 148 259 298 134 183 117 171 251 131 290 58 211 89 296 118 286 265 273
525 151 180 215 99 160 227 258 252 231 34 78 196 131 64 295 177 4 291 218 287 79
14 72 145 158 43 245 88 80 101 57 157 96 134 87 299 95 147 102 200 58 232 89
9 74 214 295 254 9 108 268 62 79 222 50 158 166 132 270 129 68 224 45 263 192 184 44
18 37 288 54 85 133 134 137 65 90 112 387 188 267 205 77 85 21 243 289 261 6 162 204 64 148 21 241 72 181 192 221 94 295 121 111 104 263 187 265 178 238 100 51 288 62 53 179
58 63 142 299 122 157 129 194 39 149 224 25 143 59 276 214 114 12 152 168 90 64 155 62
126 141 222 233 241 253 54 6 182 290 55 261 95 180 223 141 115 79 193 191 72 164 232 105 86
43 63 113 145 144 23 269 293 103 83 112 162 283 98 29 275 78 180 125 11 74 207 208 9
35 124 149 201 61 284 231 88 249 271 250 191 27 282 50 172 16 170 220 36 207 236 49
