113 116 276 189 257 52 105 150 445 305 496 949 581 327 678 113 910 148 692 703 576 857 90 117 495 464 942 72 194 43 103 281 222 278 100 211 144 215 133 64 59 262 195 274 118 117 104 88 219
786 28 44 113 126 134 290 379 52 114 298 199 149 242 423 96 67 527 256 877 769 441 473 192 487 807 347 111 960 565 54 170 53 54 20 146 266 126 189 235 214 132 278 89 137 257 172 171 129 18 225
156 152 64 167 252 214 86 225 49 77 269 107 129 179 3 194 79 83 29 109 222
19 176 272 865 929 135 155 26 106 146 16 105 115 223 389 896 692 820 225 464 386 46 109
61 110 116 129 254 262 99 221 166 59 159 202 98 112 85 264 121 56 267 297 242 186 109
71 138 156 288 9 95 180 240 25 242 163 248 77 236 132 110 277 67 227 116 119 64 187 216
592 30 179 299 222 46 298 63 250 214 291 280 216 121 174 194 236 92 107 212 274 98 51 39
39 155 69 253 5 3 53 103 109 138 95 220 108 255 43 274 92 257 294 287 283 179
42 266 191 144 237 94 233 155 230 80 178 12 47 151 102 34 204 54 139 28 31 246
60 204 219 54 47 135 251 92 259 238 298 132 281 42 184 227 257 201 235 89 236 55 280
76 118 124 148 204 157 97 11 156 80 121 108 134 196 79 287 209 294 235 126 171 269 286 284 211
8 94 100 165 204 16 28 271 114 294 53 285 218 277 22 183 23 156 169 179 261 9 49 159
592 59 83 139 161 176 399 178 211 273 70 19 268 49 81 43 32 266 52 131 222 39 297 22 31 253 118
36 153 279 294 240 246 187 27 172 173 56 245 201 116 69 24 76 95 169 36 184 131 42 139
48 235 311 284 6 266 260 38 155 151 8 184 86 342 187 278 362 111 71 867 32 49 809
17 188 248 282 110 274 81 260 48 237 234 151 164 159 267 258 224 227 49 65 74 111 126 40
79 247 32 76 107 153 37 102 246 129 170 62 207 49 1 504 184 71 845 809 286 925
230 176 231 290 197 240 96 40 12 77 171 111 68 250 243 42 64 47 16 121 298
24 284 237 47 123 20 280 231 287 26 151 218 24 157 234 7 106 250 291 252 112
592 61 231 190 114 106 271 194 209 281 133 266 107 236 160 77 131 92 215 6 178
83 98 211 260 248 200 252 51 295 163 268 176 27 159 197 12 160 158 109 258 89 297 233 90
94 187 202 219 257 274 183 175 4 231 26 214 154 268 28 148 257 294 184 48 70 210 279 271 298 203
39 75 117 190 159 254 234 135 97 14 122 27 268 249 160 266 152 110 229 227 56 228 260 19
140 158 257 258 262 164 1 65 32 292 219 224 216 178 124 256 238 250 114 61 213 35 63 31
15 152 250 200 159 151 61 252 89 215 143 176 47 39 225 142 14 263 74 290 62 253 36
140 142 153 167 176 201 225 265 279 55 152 32 222 68 270 201 14 99 37 239 217 101 196 121 128 95 237 118
103 166 177 234 259 222 139 23 217 34 110 144 262 251 141 276 114 78 122 105 291 62 252 228
125 239 192 10 168 247 68 236 276 96 50 31 141 134 0 17 122 213 98 165 267 273
12 273 49 44 65 52 85 241 285 225 191 198 158 208 34 118 133 108 58 9 177
51 133 252 7 32 37 74 82 114 4 162 280 191 43 161 238 52 252 245 104 286 267 221 191 197 13 245 34 127 94 194 99 265 3 122 111 39 224 48 4 235 45 158
217 235 255 182 80 91 123 269 298 223 151 83 139 172 54 95 264 77 168 126 87 119
9 40 191 139 4 50 39 185 252 142 295 190 18 49 79 7 75 104 264 30 180 125
205 92 197 268 25 174 52 290 21 275 216 171 293 168 242 76 185 2 154 110 220
48 269 95 238 50 0 70 38 93 39 126 128 266 83 255 124 157 143 185 294 108 247
196 35 84 222 200 216 139 37 14 186 163 199 277 162 123 50 59 237 106 169 147
15 30 186 281 193 269 98 45 181 78 163 153 27 249 73 276 13 259 35 56 223 277 253
138 205 224 243 208 179 200 184 94 96 278 37 86 243 55 176 271 138 121 0 198 277 189 117
109 149 40 2 261 147 8 210 98 62 227 182 202 211 124 190 125 209 177 203 145
592 39 124 250 88 177 249 216 58 183 79 62 47 193 200 286 148 263 103 90 86 188 53
4 90 107 188 260 297 264 100 42 147 218 80 281 52 294 198 84 289 65 155 110 40 57 295 27 98
66 125 184 201 165 234 269 158 102 296 4 78 235 1 24 278 194 291 98 196 236 227 191 265
118 129 210 273 88 105 148 56 271 279 153 12 125 38 142 180 74 257 269 156 51 244 188 44
18 127 148 166 236 210 230 931 122 203 268 154 44 261 84 241 203 239 114 108 267 244 157 192 10 242 71 84 135 87 40 155 95 204 170 172 36 158 116 73 93 256 129 26 298 82 28
228 249 159 0 208 288 117 116 21 10 128 177 36 119 295 12 275 254 139 99 6
165 255 268 263 148 239 138 163 107 172 278 195 19 143 70 220 37 79 13 57 168
9 18 63 163 175 244 47 136 218 225 64 253 105 235 190 12 137 176 35 163 78 90 202 168 61
293 287 16 51 201 270 237 173 202 177 263 14 245 131 67 219 9 236 122 132 110
746 124 230 568 100 199 248 114 81 32 281 193 108 66 117 21 157 267 242 212 192 71 104 296 43 210 254 40 67 111 294 183 231 186 61 77 94 149 11 228 154 263
136 105 284 55 277 266 75 227 17 25 137 120 283 99 101 228 51 127 215 48 253
65 98 267 264 199 85 4 126 118 15 48 43 210 167 169 107 63 229 216 250 142 243 130
5 134 218 273 399 264 103 29 83 139 265 210 147 298 191 11 218 60 22 34 36 204 261 6 89
96 114 121 213 1 51 65 281 242 277 130 98 234 243 78 224 295 239 254 4 282 257 132 249
111 120 124 293 149 160 298 191 180 84 17 254 87 128 185 226 286 32 264 125 229 284 250 105
26 59 67 84 171 210 251 146 46 160 114 64 162 194 155 27 196 180 210 40 239 172 80 59 177 29
7 100 143 212 223 234 279 426 254 87 264 283 84 26 139 117 265 291 173 71 174 255 206 114 225 212 60 131
746 94 399 148 156 48 298 206 137 1 103 266 264 74 174 287 235 240 169 119 140 60 19
690 71 289 198 172 197 74 108 182 127 1 4 60 278 207 195 2 84 175 201 231 223 98
19 77 115 132 149 169 249 93 279 207 77 19 219 176 198 250 185 124 122 56 94 42 127 277 243 182 295
49 80 263 84 160 16 98 227 192 264 8 41 64 252 26 196 295 273 25 68 291 47 78
163 250 267 149 51 248 146 42 20 9 240 31 258 40 252 139 7 241 159 279 206 161 136
39 85 193 242 264 164 237 43 262 165 116 145 94 221 159 239 107 225 100 154 39 127 35 81 50
5 15 399 282 44 21 17 86 93 123 146 109 213 167 206 121 67 265 68 51 220 189 228
30 125 130 140 201 228 194 25 276 259 84 249 268 243 224 83 264 258 54 199 214 292 86 12 33 275
690 96 244 246 278 193 50 11 84 145 217 107 209 92 227 198 88 67 54 81 89 240 178 126 29
13 70 297 249 105 52 141 233 251 299 66 258 8 278 153 152 202 167 58 248 131 156
144 154 218 279 2 39 170 209 51 117 267 276 28 268 83 127 74 263 26 84 295 486 187 381 129 568 664 270 18 4 41 245 174 274 203 147 3 90 72 62 17 210 53 11 187 155 118 293
14 105 126 119 153 95 258 212 200 226 88 170 56 183 34 168 2 37 267 124 282 67 143
158 524 169 226 207 27 258 177 264 235 257 174 79 99 162 237 274 221 104 173 91 222
690 159 170 215 217 254 128 202 75 228 291 100 23 187 231 22 28 267 13 234 184 262 64 265 154 60
215 154 234 181 79 147 59 280 256 115 103 224 283 298 226 268 246 180 208 72 132
6 40 59 172 232 284 41 186 46 106 82 28 74 54 299 128 199 196 221 210 241 290 187 99 103 207
135 118 80 51 68 18 71 20 82 259 97 147 177 211 201 253 160 27 143 199 225
60 121 19 227 29 274 74 285 291 113 8 98 37 260 247 185 283 264 196 7 138 220
130 140 399 112 41 158 272 99 96 190 273 299 23 2 163 292 141 114 166 265 94 242 209
11 51 73 160 0 60 82 8 45 20 254 228 248 84 252 261 229 87 16 207 218 56 178 173
163 229 278 267 179 36 254 1 122 26 173 85 116 112 119 255 142 95 281 111 295 265 234
156 217 231 266 177 12 0 36 43 158 272 60 156 281 3 220 274 216 237 9 113 154 66
11 51 125 241 245 296 135 176 264 256 252 227 49 43 125 163 157 207 111 57 179 362 182 187 71 9
216 110 130 213 127 7 89 0 232 215 12 258 118 40 183 31 298 157 205 155 63
209 227 241 920 11 25 264 50 203 13 217 14 88 157 86 111 184 93 9 57 925 163 182 240 286 28 139 254 182 282 134 269 196 231 185 209 93 71 92 109 31 201 12
168 124 14 5 19 165 90 127 145 151 183 32 192 121 86 290 162 287 281 102 256
48 426 43 136 239 280 59 268 136 274 71 174 182 595 93 111 925 56 179 49 86 362 267 229 115 272 80 203 178 141 84 22 15 55 127 91 118 140 78 296 139 24
233 270 271 225 86 272 34 107 24 33 139 280 74 258 0 89 236 279 185 48 289 182 65
699 130 149 200 255 285 857 262 131 17 188 192 184 137 73 148 254 3 166 126 404 268 121 127 713 336 142 244 25 291 7 120 147 143 140 119 0 256 4 44 248 269 240 64 90 261
50 83 139 221 235 116 245 181 18 2 163 295 258 86 252 111 262 151 202 225 195 1 232 263 178
10 99 131 223 145 81 282 185 161 88 57 74 41 245 208 27 192 49 279 114 215 115 84 5
19 69 92 115 289 84 275 87 15 182 7 162 292 177 60 221 276 230 199 91 266 136 37 20 14
4 73 279 47 223 30 17 220 194 268 123 69 49 216 66 25 15 210 29 106 197 45 191
746 155 169 19 211 184 269 247 104 285 287 60 37 22 213 151 182 169 180 100 77 27 209
146 150 166 167 169 236 275 256 265 31 71 147 224 37 193 127 61 32 174 187 185 9 138 81 211 153
592 63 96 138 96 20 197 77 71 216 122 41 132 233 294 27 292 193 225 8 249 3 14 268
35 221 241 243 18 115 201 283 217 76 219 15 204 270 49 182 179 595 184 86 157 57 163 925
280 11 211 259 138 131 12 264 35 100 78 216 84 91 153 177 241 109 256 234 221
592 184 238 259 261 187 217 91 12 107 60 97 73 1 198 61 222 48 9 164 69 29 265 148
66 94 113 137 177 258 285 12 184 208 246 70 285 71 118 213 267 36 107 240 185 131 293 127 229 203 9
8 24 73 178 292 80 47 236 39 114 116 263 292 170 248 98 230 257 227 83 64 289 231 167 106
240 247 399 216 266 171 262 120 155 41 267 275 71 122 53 229 223 128 55 6 26 180 232
71 128 163 197 109 228 257 177 68 275 187 232 14 49 187 56 207 93 182 111 157 595 179 86
93 173 200 426 87 237 133 276 35 138 209 96 50 43 86 134 176 299 76 284 256 230 253 88
43 249 161 148 108 43 129 220 91 152 232 18 35 128 93 246 282 103 292 289 62
109 151 229 185 81 125 248 18 40 106 141 123 122 24 170 187 200 70 255 146 147
220 184 255 192 96 278 251 111 49 925 174 179 157 207 9 1 184 56 595 182 57
163 270 17 248 59 236 174 136 221 94 21 291 155 89 185 82 115 199 41 81 19 209
259 399 283 95 73 15 136 224 104 151 85 119 20 152 272 114 108 248 61 245 216 210
60 225 254 143 185 177 8 217 63 175 97 208 25 78 220 58 207 120 248 87 187 57
22 187 196 193 245 266 10 26 237 43 73 90 173 121 86 114 254 178 111 62 225 104 167 136 147 83 102 146 169 278 10 156 0 144 219 140 170 247 246 78 240 115 207
53 169 174 227 71 104 172 192 42 329 97 82 79 181 95 290 52 105 183 130 238 491 104 233 52 199 254 97 138 200 144 299 208 240 63 172 27 60 284 102 223 258 96 158 261 1 190 69
592 699 100 181 253 180 37 191 284 218 16 156 134 267 63 293 198 286 273 118 7 268 45 226
105 206 275 299 141 184 195 146 142 222 207 179 7 52 82 129 64 152 23 48 90 159 244 295 277 100 266 64 90 278 164 237 71 110 7 179 78 11 65 2 193 20 134 246
84 135 151 260 295 266 189 196 258 143 73 22 116 32 44 117 283 26 159 274 292 213 185 70 272
592 223 247 179 162 47 172 151 282 181 125 265 241 129 197 67 198 110 100 65 157 160 123
28 215 224 231 11 125 9 123 79 56 53 293 141 158 92 283 193 44 73 292 258 166 263
42 52 102 121 192 690 31 81 63 70 80 134 295 203 96 180 144 239 168 10 527 267 193 114 192 117 212 281 47 296 190 162 271 127 76 93 187 209 98 167 19 255 140 77 299 149 1 55
15 76 168 190 243 297 272 239 250 285 42 47 141 93 261 224 102 287 17 214 75 2 260 200 231 245
399 426 21 119 242 89 149 96 33 91 110 270 103 164 260 223 292 42 266 111 177 85 170 137 182 253 296 67 211 221 157 270 50 189 195 9 60 177 210 55 131 276
157 166 190 283 185 208 85 287 157 251 97 62 25 250 207 71 198 66 43 53 41 38
35 90 98 132 156 255 277 136 244 118 185 124 117 299 115 37 101 154 226 247 137 45 148 74 233 284 191
61 77 106 170 184 268 294 279 104 281 161 92 97 61 137 243 298 57 285 54 239 240 14 252 21 202 72
51 138 183 278 282 149 160 244 175 180 127 188 186 189 220 135 155 139 42 105 182 84 255 185 299
788 21 112 236 524 276 220 265 275 169 3 141 88 18 243 214 186 112 58 225 15 250 201 188 38
101 138 140 209 186 133 233 114 299 155 144 84 103 212 206 229 85 271 149 61 154 100 106 249
126 143 173 197 201 211 169 38 12 242 138 279 270 24 35 297 151 45 110 90 93 245 62 293 280
139 426 172 207 200 104 29 187 220 223 117 239 50 78 59 31 116 71 58 39 208 222
117 139 172 247 21 30 173 141 159 171 291 49 266 242 237 214 211 140 60 184 34 125 221 284
17 95 210 140 152 133 164 16 35 5 204 198 96 217 246 80 240 193 102 157 143 22 150
592 20 49 214 262 71 97 258 100 201 242 38 192 290 247 131 278 184 199 105 130 97 221 609 136 286 104 183 287 82 144 171 292 167 32 57 274 276 66 226 146 283 75 232 141 237 197 22
26 179 203 271 245 164 89 100 200 173 53 247 179 174 283 0 187 118 267 271 147 101 92 205
280 234 4 222 112 269 84 116 160 38 91 134 159 99 180 143 109 105 6 206 8
51 144 220 263 271 235 89 189 59 24 86 19 8 5 286 52 298 260 176 11 106 239 143 241 211
592 113 167 293 197 253 146 171 294 27 251 10 241 103 190 24 123 17 61 160 3 234 165 258
2 29 122 181 198 280 159 93 14 270 100 202 185 164 207 160 19 106 44 277 273 10 95 47 157 63
218 247 265 283 59 183 148 200 175 123 179 251 97 67 81 202 289 217 214 269 236 252 32 1
179 261 254 291 173 130 139 296 30 273 298 102 259 179 77 91 60 244 153 287 13 35 106 11 154 174 20 93 197 157 145 167 40 282 279 292 110 188 15 116 148
13 592 136 213 238 241 278 37 67 238 80 45 90 193 155 230 244 157 568 66 192 10 242 281 117 114 193 2 268 277 220 136 242 216 227 57 93 157 86 184 9 595 207 362 57 111 71
62 101 174 293 34 50 63 74 154 160 210 248 43 107 109 238 297 164 240 20 296 60 96 193 98 21 212 242 168 157 114 108 239 70 178 183 184 45 289 117 157 278 5 123 149 275 122 25 141 118 215 191
62 96 128 95 54 173 175 38 262 224 71 177 101 113 82 118 129 192 194 30 44 265 35
139 73 113 155 99 104 105 109 93 289 78 123 34 177 51 94 178 19 46 102 98
74 89 99 219 123 41 249 10 145 102 19 174 49 235 65 121 155 111 64 247 71 115 48
135 181 199 226 233 250 37 134 46 158 44 55 131 28 229 175 121 99 169 71 95 94 286 88 127 1
43 285 50 116 287 63 110 150 29 42 189 139 1 231 275 51 241 2 9 67 23
66 182 282 25 224 269 279 148 241 200 257 252 165 112 278 139 195 164 135 203 65 231 197
47 74 212 25 193 283 45 143 8 26 228 120 113 4 211 105 225 297 292 270 183 0
193 202 181 224 195 182 218 199 229 252 39 278 34 30 155 46 139 150 115 114 58 90 9 166 182 7 103 63 273 139 271 58 64 17 205 163 162 116 3 267 235 222
690 133 149 163 167 175 222 260 296 294 133 158 258 1 248 195 76 68 213 197 174 26 5 242 89 18 169
9 52 154 252 399 44 125 220 136 229 45 166 98 273 93 78 189 139 11 146 242 159 296 135 234
97 241 247 242 252 39 77 49 224 235 124 131 152 3 271 72 265 266 240 174 60 88 262
4 47 68 291 43 180 104 66 68 248 131 162 282 215 135 151 232 201 15 184 274 95 270 133
31 21 264 280 286 116 289 230 191 234 263 17 212 245 76 197 207 178 231 254 243
28 51 57 60 154 79 180 198 241 230 33 95 72 131 99 215 212 165 139 102 129 222 27 150
3 114 290 524 157 26 33 295 273 158 7 64 251 142 118 221 105 163 115 133 77 167 30 83
11 49 86 129 212 41 122 263 243 112 238 262 212 69 208 269 267 19 229 25 220 286 4 125 294 12 69 106 242 80 239 109 124 15 164 108 67 144 264 165 93 1 110 54 228
19 24 69 221 247 145 226 283 48 258 29 92 91 59 132 186 85 117 265 202 229 185 159 15 0
105 148 167 243 190 275 109 266 57 176 84 54 93 111 157 163 362 174 71 184 1 187 56 57
123 141 271 524 114 173 195 161 139 49 192 77 269 235 6 97 205 64 21 167 93 132 282 163
149 200 191 45 184 285 35 6 99 16 226 296 281 172 209 201 46 183 170 245 109 275
3 164 58 4 11 157 204 266 231 144 288 70 282 235 160 135 53 178 46 258 68
188 24 35 3 201 30 211 64 263 49 10 231 261 248 220 283 122 215 232 129 109
23 42 160 257 88 89 112 126 72 264 124 42 96 245 33 101 203 217 230 77 121 64 23 258
592 82 273 281 86 29 53 75 229 165 122 151 196 244 110 126 22 256 106 9 185 83 13 23
66 231 269 399 3 269 179 24 194 264 143 245 123 201 221 61 239 163 65 56 119 91 66 58
39 283 284 11 151 233 104 94 72 210 274 2 169 146 41 240 286 152 51 93 10 134 264
35 128 216 219 399 251 126 279 170 104 73 101 175 5 127 84 164 46 188 273 100 51 38 203 67
79 173 190 68 113 47 73 276 125 89 33 9 296 143 234 105 271 85 134 16 260 254 128
788 187 426 191 293 63 145 120 69 203 151 282 118 40 64 133 222 103 25 239 284 229 200 117 161 285 156 163 8 139 260 173 239 95 227 108 80 169 23 34 106 296 168
173 181 177 54 170 75 44 239 176 250 191 179 101 220 5 200 232 275 229 274 286
22 33 240 81 101 107 164 224 130 272 132 61 86 239 27 170 64 286 194 55 217 215 48
9 34 44 214 240 257 124 174 195 240 100 16 44 55 9 362 49 57 184 182 595 925 111 1 86 187
33 38 122 168 272 29 232 72 264 131 116 40 233 109 146 177 56 242 115 60 269 272 284 236 194
257 275 295 149 135 2 295 279 91 232 46 30 75 55 112 60 168 239 231 284 253 224 145
788 50 70 115 268 231 194 35 186 40 116 273 236 192 185 21 164 208 272 155 246 48 103 78
121 187 234 269 120 17 218 57 291 169 156 83 238 215 67 122 112 114 3 182 149 12 109
7 9 30 88 115 139 191 207 241 260 72 293 299 135 4 289 160 108 24 75 201 285 281 33 50 234 5 96 272
51 57 290 282 119 289 106 74 101 30 292 112 262 243 188 229 41 44 205 193 272
116 699 48 253 269 274 26 82 267 27 36 259 86 181 137 244 242 267 21 168 192 193 239 114 66 212
248 11 34 267 126 122 193 142 87 21 193 527 71 10 267 66 108 117 212 168 98 207 84 215 114 191 178 26 275 253 286 109 222 299 197 60 33 277 256 288 78
67 155 175 22 46 96 236 191 285 229 74 151 226 124 237 225 178 119 282 101 125 239 254
