267 527 704 44 46 65 129 11 39 99 184 158 6 299 149 167 267 257 62 189 163 203 74 193 281
3 6 85 134 223 142 77 721 995 572 684 845 698 621 405 711 749 692 468 956 183 362 99 876 6 264
707 1 22 121 152 169 77 721 995 572 684 845 698 621 405 711 749 692 468 956 183 362 99 876 6 264 192 148 30 105 129 295 6 40 157 299 71 96 227 76 232 280 13 272 54 241
170 2 4 87 296 150 104 563 173 66 204 18 281 69 234 742 71 728 278 650 958 313 35 127 964
17 78 124 140 229 620 112 24 232 438 100 15 158 285 55 224 260 693 227 224 623 67 560 175 290 217 21 215 293 290 282 12 230 265 71 165 72 115 227 50 256 254 68 54 24
269 14 932 64 121 110 206 219 958 517 31 141 742 233 95 19 186 522 132 322 893 365 60 144 181 42 137 236 59 249 256 174 25 129 31 39 28 125 231 227 85 68
35 83 139 122 288 292 142 156 41 21 12 163 264 153 52 167 287 231 54 83 7 224 88
181 254 147 13 62 299 193 94 283 171 51 47 835 191 941 406 94 223 45 339 150 159 34 20 53 286 238 18 30 37 298 49 225 273 65 211 236 148 14 78 281 190 91
9 75 102 98 14 50 81 126 173 200 80 296 86 132 12 167 292 246 269 5 37 179 47
157 214 136 115 61 286 98 134 110 182 121 89 191 188 229 240 47 50 284 239 28 259
953 150 34 292 121 176 40 37 158 65 154 279 182 288 164 114 253 141 116 285 3
100 143 210 201 41 198 196 3 30 111 104 138 7 207 233 148 143 218 141 69 246 49 44
269 127 243 16 30 296 259 94 50 278 110 286 743 192 656 980 692 68 499 117 179 93 540 74 159 115 60 215 153 41 170 277 108 4 250 116 154 257 219 131 272 294 248
41 56 277 106 127 51 201 185 168 41 94 140 34 207 406 217 286 191 293 339 150 532 116 206 188 129 266 171 58 273 228 172 42 251 198 67 285 265 213 189 30 28 104
59 112 252 11 77 281 38 170 208 254 235 161 62 32 47 211 43 167 101 294 116 123 95 659 203 109 126 25 160 110 220 165 78 24 47 253 228 274 171 250 95 15 273 164 82 226
284 134 129 271 116 145 102 167 60 175 1 203 289 294 37 113 243 103 78 207 52
26 27 51 68 77 198 216 259 220 139 46 122 56 65 128 173 254 196 148 112 291 132 91 219 218 206 252 128 189 158 276 198 220 171 178 147 77 212 154 239 273 130 293 94 278 17 80
192 249 274 173 234 5 227 252 291 34 68 262 214 275 165 110 172 92 125 78 196 218 118
11 139 200 219 202 130 157 230 47 185 264 274 13 171 107 173 197 208 56 187 207 255 214 205
19 135 228 260 296 77 222 269 69 258 6 180 139 275 154 87 207 779 39 13 286 532 116 140 191 146 339 34 256 244 233 101 229 115 89 202 232 152 3 294 145 33 37 17 181 132 142 270
157 233 299 123 137 258 134 204 162 297 73 75 150 114 105 952 158 143 236 285 64 203 158 96 188 204 227 133 75 183 29 34 64 59 106 67 247 296 83 272 256 16 140
8 32 53 66 205 206 36 274 234 258 266 48 224 40 73 209 95 157 197 281 296 165 201 70
404 158 287 227 244 17 15 155 253 129 52 192 283 246 169 199 98 275 159 279 60
166 227 200 231 98 47 248 45 60 29 4 30 188 242 127 37 162 289 196 117 221 159
29 36 53 78 55 105 125 14 265 107 228 53 291 26 176 77 205 233 6 203 183 24 135
28 61 95 218 213 125 144 44 148 105 228 160 209 54 73 192 102 11 261 251 281 208 110 295
13 44 48 151 299 251 166 157 70 49 221 256 230 169 293 101 66 47 266 120 90 259 13 112
128 177 225 230 95 62 278 164 238 286 17 228 229 181 297 168 246 160 203 90 72 92 225
34 61 81 60 42 259 95 51 204 101 46 180 27 145 206 186 143 58 72 219 151 228 218
217 67 268 193 14 278 88 248 261 188 203 172 9 212 217 250 284 199 205 198 142
67 91 241 270 126 292 255 199 176 285 151 287 269 85 5 19 258 158 148 34 23 264 293 67
95 106 85 205 131 46 250 182 124 212 178 179 157 188 283 281 274 209 78 84 64 284
282 299 246 188 61 275 138 235 266 252 20 220 62 100 110 255 3 170 234 291 198 180
4 92 155 198 294 128 100 298 31 130 63 2 216 114 221 255 40 242 258 76 122 247
45 146 212 255 57 287 168 71 291 36 268 117 286 25 269 204 74 149 234 177 227 184 210 112
23 67 163 164 248 266 160 235 263 55 209 255 189 183 112 178 199 282 52 117 181 25 266 47 31 46
9 114 223 100 162 51 143 147 136 64 150 177 0 178 232 93 234 167 118 242 175 83
4 10 22 219 260 25 108 36 1 80 291 91 297 188 130 232 10 116 293 247 213 118 59 296
46 51 65 183 215 243 224 272 209 183 51 267 103 23 193 222 159 201 244 130 253 81 184 22 254 220
43 49 72 81 213 275 15 273 145 170 19 228 118 260 261 87 270 127 37 241 4 154 257 220 203 136
47 92 187 253 268 299 216 201 140 36 21 147 194 31 117 221 134 19 252 277 44 182 247 69 176 145 216 51 32 118 262 205 71 27 207 123 114 69 143 268 115 156 128 269
74 870 289 198 260 3 274 231 245 329 217 45 56 88 167 499 126 656 493 142 743 285 102 123 117 143 122 191 270 251 54 228 180 177 230 267 34 50 132 271 154
244 335 226 34 275 233 88 215 130 202 225 9 91 165 288 258 207 49 6 290 133 36
163 169 9 85 65 104 201 98 243 239 224 94 54 45 207 293 34 286 217 779 116 191 610 150 163 81 106 252 180 269 270 103 43 140 259 15 54 109 243 105 104 5 44 271
165 280 163 272 102 244 286 108 288 117 282 226 116 266 265 231 14 247 81 189 212 98
65 212 238 252 196 292 248 134 10 160 77 244 1 120 262 87 161 293 162 20 58 141 101
151 224 290 148 207 129 218 252 39 295 242 95 191 241 135 130 23 21 118 248 261 176 144
1 41 119 184 253 202 198 115 94 183 132 289 187 256 25 136 188 165 276 38 201 181 224 287 109
127 150 103 156 168 177 36 209 213 254 91 47 70 192 499 980 696 540 743 127 493 656 117 160 68 264 140 198 258 21 212 13 274 235 4 183 55 113 191 76 194 282 281 197
180 37 28 152 15 165 269 297 161 284 115 144 146 235 288 137 243 68 25 289 245
21 251 218 16 12 71 52 172 299 112 2 30 145 294 168 282 266 225 262 141 27
189 249 33 108 216 237 133 279 245 20 247 50 191 293 251 610 207 27 45 150 116 34 153 238 255 66 235 129 46 236 141 239 179 99 264 51 293 76 94 247 175 220
203 251 259 53 29 186 134 37 283 33 214 70 262 116 10 0 190 266 15 172 139 280
117 143 3 10 299 228 75 168 231 97 275 15 95 198 96 113 255 237 155 163 70 222
1 58 102 123 148 167 259 62 14 215 63 66 9 132 218 35 289 123 193 41 295 98 109 158
13 50 122 241 164 91 75 13 58 189 87 65 184 54 198 107 255 192 167 297 1 283 63 44
54 249 299 106 71 163 188 61 53 125 16 147 149 42 262 7 21 192 220 85 51 90 200
195 156 154 119 34 166 128 284 199 170 200 140 73 66 3 137 151 178 68 36 105
243 174 267 291 30 57 271 5 182 222 284 142 96 9 105 155 91 233 60 72 236
9 25 64 122 163 221 198 12 17 57 69 248 44 76 23 252 280 157 91 130 42 190 194 4 33 290
63 115 141 297 252 60 254 275 70 37 280 261 227 272 7 189 281 262 4 117 30 190 42 36
68 276 148 232 12 287 147 61 161 178 251 284 236 199 277 108 27 247 131 142 33
2 208 251 214 116 64 2 107 14 195 276 158 290 22 102 177 233 215 216 208 20 191
105 209 217 65 94 148 275 37 104 87 2 61 69 190 108 285 187 54 112 179 277 276 260
131 256 272 108 240 245 101 292 34 131 97 290 243 233 235 112 37 227 61 177 195 249 183
102 219 240 286 106 270 173 190 180 94 248 177 169 121 14 57 247 132 181 55 238 187 41 122
2 5 114 255 293 251 183 210 287 102 78 21 217 58 146 135 36 54 180 273 47 281 211 142 258
12 176 200 145 51 128 164 22 253 173 67 119 181 154 155 209 89 286 58 206 60 82 14
28 34 74 157 164 169 195 222 187 13 127 283 164 207 277 298 122 65 237 135 169 144 131 176 97 100 40 105
1 22 24 142 148 187 235 151 155 95 103 150 162 118 240 138 51 25 88 171 21 228 9 131 166 236 82
36 159 258 201 2 70 224 164 208 186 226 111 14 126 22 31 178 47 12 298 222 189 103
202 217 241 245 146 28 76 213 236 120 72 10 17 183 272 249 74 40 189 285 9 65 138
72 216 52 36 145 237 185 82 6 128 102 110 69 264 19 258 265 54 299 101 53
97 238 167 81 234 290 289 248 176 122 291 9 226 5 3 133 72 56 55 164 62 106
131 238 263 246 203 40 0 138 262 132 17 208 69 93 25 288 115 188 254 79 51 10 190
263 295 270 29 74 197 58 222 187 186 185 38 245 252 254 123 66 286 269 144 226 203
86 258 284 127 70 21 241 95 45 31 164 211 264 87 93 73 221 274 82 185 242 197 199
84 112 130 277 292 4 52 96 237 273 76 82 184 254 269 36 234 107 289 181 247 140 54 610 207 293 532 116 34 103 91 266 116 213 299 234 19 272 155 100 24 103 25 217 254 111 205 79 59 232
35 73 143 148 250 262 335 53 93 157 239 187 134 44 200 193 114 175 105 269 40 12 194 155 287 59 4
3 45 82 124 168 280 335 175 182 41 68 6 155 250 255 19 279 75 276 92 37 1 111 225 108 63 143
12 220 101 103 217 8 150 119 2 171 72 94 532 207 150 98 779 610 251 52 45 103 106 195 255 62 201 97 80 258 193 75 137 13 226 196 74 18 58 220 273 72
12 69 97 262 38 286 194 203 284 144 137 74 45 120 183 2 223 225 41 133 249 80 208
0 113 150 274 87 150 262 108 228 268 229 144 280 272 284 115 294 950 203 52 203 266 43 65 123 109 3 201 140 65 22 230 80 98 175 73 224 108 17 149 296 78 194 109 57 155 41
41 47 99 244 271 287 184 81 147 5 101 63 86 84 266 208 17 286 33 278 228 97 244 199 105 149
61 97 176 238 256 270 209 297 74 190 217 132 144 13 298 194 213 268 252 10 284 280 154 41 102 232
126 187 241 47 221 13 39 38 296 125 262 250 177 129 111 108 130 148 44 289 274 257 232
64 90 126 161 221 115 179 114 256 8 104 263 249 273 143 213 153 133 139 103 74 248 71 239
0 27 32 33 241 251 292 235 38 86 233 200 194 221 247 276 182 215 211 266 224 294 79 126 189
150 164 84 221 256 245 242 74 274 62 153 288 125 285 297 95 215 279 76 44 61
3 38 162 291 147 218 179 296 263 98 171 162 114 17 194 79 14 187 56 247 129 47 52 205
91 286 295 71 141 291 253 263 75 80 1 20 275 165 72 264 140 8 274 76 177 207 184
72 76 138 335 116 87 202 136 50 11 51 206 295 288 109 275 20 205 294 226 106 32 210 176
4 40 86 92 105 19 30 40 71 105 245 130 142 95 122 146 180 1 58 123 109 101 294 95 73 950 3 52 116 167 659 284 165 224 196 245 181 67 95 174 41 79 60 141 176 25 157 269 180 65 105
20 121 192 145 271 161 67 207 176 7 257 125 66 133 268 296 195 36 245 51 160 89 266 31 168 158 269 74 18 276 217 231 285 230 243 160 159 34 103 169 110 61 242
128 208 282 221 19 273 232 112 167 130 168 73 36 58 205 53 21 115 171 233 157
283 48 275 261 76 243 285 222 241 201 81 167 215 62 168 131 183 84 98 208 268
278 203 244 249 218 176 189 13 271 156 89 85 166 227 187 80 280 215 238 294 266 118 36 177 140 274 37 54 169 215 41 101 198 61 2 29 83 247 39 157 20
104 191 257 214 142 283 177 97 50 81 259 63 248 237 31 14 263 276 129 288 94 244 8
77 119 176 63 104 226 249 189 264 284 227 6 181 74 71 108 33 86 140 209 152 288 299
97 247 99 126 134 152 240 280 201 77 26 214 52 293 27 286 98 532 338 140 54 116 278 164 180 282 159 269 112 72 157 200 87 186 238 257 188 57 52 203 65 19
4 35 268 285 73 113 90 232 262 40 186 198 14 56 83 150 296 237 62 174 180 259 3 151
53 55 229 127 246 183 191 166 181 108 43 33 56 239 131 278 6 151 112 267 32 173
36 221 263 280 7 56 279 96 5 82 120 190 266 127 262 142 178 293 206 149 196 43 172 212
48 187 242 255 246 23 83 164 238 49 231 183 295 262 33 79 219 55 162 249 144 98 194
25 105 133 238 259 94 185 10 9 186 20 223 74 125 270 108 298 239 198 246 86 210 144 99 39
73 157 153 124 247 117 142 259 190 106 214 27 60 84 105 141 198 156 62 295 135 72
17 23 206 288 145 180 81 256 196 154 241 197 51 252 45 217 153 222 194 65 85 228 184 138
31 98 15 33 69 196 278 502 164 48 30 114 114 233 276 244 24 212 267 117 160 499 126 329 88 493 142 5 277 202 201 2 287 143 48 254 15 164 159 197 198 57 172 260 115 238 131
92 266 190 94 191 396 250 107 119 120 136 241 94 150 54 191 98 251 13 45 34 610 286 226 174 108 235 186 28 66 273 94 44 117 183 12 271 92 177 37 142 22 297
101 154 166 212 271 271 291 46 192 148 292 251 230 41 86 118 15 158 34 243 21 12 37 168 175
151 165 99 189 119 174 46 114 81 194 105 104 94 79 13 268 47 211 95 234 134 59
96 181 293 299 1 91 242 219 35 62 59 279 50 33 36 89 173 272 261 48 243 237 271 214
26 56 248 287 98 291 261 138 49 32 223 228 141 71 167 191 77 48 47 195 217 45 102
243 252 107 114 37 74 230 84 26 34 217 162 82 294 273 121 188 20 228 190 15 237
72 229 289 14 58 74 84 266 63 70 201 49 59 293 150 54 45 207 52 27 116 191 103 338 34 140 26 34 67 61 2 36 100 62 23 41 296 251 112 49 248 120 87 27 28 298
10 11 54 139 213 240 253 95 234 178 175 172 283 138 79 274 11 192 271 273 25 238 196 137 57 66 240
139 167 186 207 92 251 5 7 180 43 277 103 280 100 214 218 2 255 49 244 265 299 27 221
109 141 55 37 265 202 227 96 154 83 56 98 153 276 119 82 201 126 30 299 106 211
21 185 201 228 290 92 150 20 51 41 141 149 95 242 170 4 245 81 130 127 203 267 57
38 50 74 104 119 169 288 47 278 186 99 244 257 153 122 172 11 285 212 131 24 241 206 146 176 68
37 151 231 258 231 137 142 57 238 83 8 284 266 135 125 107 2 204 26 74 285 13 145
279 167 155 47 38 287 141 81 162 227 105 5 180 1 289 139 274 232 171 186 58
103 227 289 52 85 142 254 59 38 210 123 273 13 232 94 149 296 288 83 297 295 116 113
10 146 234 244 17 171 26 200 98 151 131 137 172 247 133 68 289 153 167 60 178 228 85
55 72 257 168 137 9 160 235 56 176 270 283 87 130 244 233 228 79 44 113 172 209 59
188 161 123 199 210 298 103 273 107 264 268 165 163 144 231 148 211 214 213 93 172
76 137 154 246 151 237 273 152 136 53 141 163 12 262 156 77 98 144 201 241 259 267 48
82 205 98 256 69 243 289 104 228 25 162 295 193 133 181 125 18 183 241 265 294 275
2 103 225 284 157 221 22 217 258 182 134 100 9 247 33 285 123 62 94 241 28 273 220 54
48 57 65 69 112 262 176 294 214 106 217 64 186 40 175 200 123 15 213 19 163 139 5 29 90 147
291 22 45 66 55 338 246 221 177 143 236 151 103 293 116 286 54 191 610 150 207 338 34 98 202 37 111 123 101 275 169 254 135 147 108 31 67 225 73 292 1 224 206 15
200 251 290 211 224 144 185 103 198 227 46 253 128 72 181 140 147 88 47 83 124
52 229 245 96 177 81 195 158 109 63 251 23 31 116 43 176 11 288 68 106 110 204 100
8 30 56 250 254 165 256 28 74 22 152 156 20 65 90 280 33 99 39 125 166 185 43 79 141
10 45 89 230 49 187 140 129 5 94 206 225 127 283 111 269 67 219 221 149 241 178 259 59
228 89 90 269 258 65 7 151 123 14 67 206 285 172 53 244 10 155 147 280 213
143 168 190 17 256 296 4 244 227 36 107 276 287 270 150 92 8 120 292 138 252 271 38
89 93 101 135 137 282 48 211 83 220 11 266 284 84 57 14 42 50 179 136 229 32 251 277 82 286
11 94 196 214 133 135 247 99 40 270 184 138 136 134 47 294 235 39 256 239 171 101 163 148 194 53 152 126 147 143 102 181 195 186 234 65 139 240 267 146 248 239 259 161
45 162 266 74 110 142 199 12 98 61 289 0 181 240 151 62 194 263 102 220 33 58 248
226 259 26 214 6 16 82 18 252 129 21 32 51 195 160 61 43 113 224 193 277 40
61 240 239 82 232 18 172 183 244 71 91 185 193 88 261 142 213 279 23 46 285 178
185 100 282 16 179 262 244 172 149 110 7 116 136 277 96 105 269 158 163 267 195
25 120 131 185 230 293 0 233 37 24 224 12 131 184 222 160 223 261 217 104 179 239 84 273 94 287
46 118 257 195 57 207 89 241 83 45 61 7 246 249 234 242 68 261 291 211 204 1
123 141 250 289 179 283 268 155 70 168 170 254 73 94 31 264 215 18 296 272 141 167 244
23 40 55 236 246 63 145 211 96 122 266 95 127 288 188 222 27 136 130 293 42 218 33 150 180
72 86 170 188 239 194 31 131 152 153 244 11 41 114 148 254 28 203 386 294 73 43 659 266 950 95 29 180 20 88 166 144 280 284 149 193 81 93 118 220 107 162 281 132 221 129
133 229 263 250 124 210 120 45 260 232 258 190 237 217 184 218 277 88 299 39 259 275 151
14 98 63 159 106 52 148 285 62 217 236 181 17 12 71 108 210 186 235 243 218 233
78 248 5 152 139 163 199 179 193 280 236 188 71 273 41 297 276 61 50 70 95 28
147 294 288 119 133 158 201 13 184 66 60 232 122 1 108 181 211 225 197 34 272
91 155 216 290 40 13 290 94 36 44 23 75 275 132 252 22 187 134 223 172 26 263 180 45
10 24 63 178 269 266 217 258 148 218 55 224 176 256 106 66 220 116 188 223 131 122 60 139
10 54 83 269 180 228 251 237 203 235 1 248 62 132 233 230 96 9 116 128 24 160 41 76
121 165 166 240 266 43 132 221 225 10 64 126 185 224 97 76 82 239 39 126 329 68 499 142 656 192 93 493 70 11 192 145 188 133 219 235 247 135 108 143 162 20 187 60 229 118 64 103 74
93 215 286 238 126 90 254 246 129 255 236 124 88 112 200 227 175 131 71 23 73 50 128
10 180 257 82 68 214 4 274 136 117 9 183 39 224 51 49 256 166 13 1 283
13 30 108 118 188 217 199 121 158 283 78 128 113 159 193 157 114 207 55 276 189 19 26 147 141 88 265 219 198 194 73 250 186 203 76 113 29 0 36 273 92 244 222 239 10 195
231 260 161 85 147 99 204 32 48 56 0 40 68 119 288 82 54 50 279 168 115
49 85 87 160 180 251 128 74 95 84 123 270 139 217 261 194 219 149 29 250 165 60 88 19 138 207
100 160 247 70 177 63 213 250 18 242 240 122 128 258 153 39 126 114 171 131 251 88 56
31 78 112 133 187 214 126 117 182 113 274 11 25 202 231 36 10 209 159 51 20 213 171 294 289
144 200 170 59 32 130 282 50 0 53 92 24 65 234 110 10 158 171 205 263 207 299
72 116 144 275 209 229 189 75 79 202 103 154 281 115 248 164 181 225 44 285 122 110
72 220 256 114 288 279 95 163 232 157 211 208 112 257 130 125 63 243 119 10 161 197 181
53 66 103 115 78 144 22 26 182 56 101 285 262 267 160 24 99 227 65 125 197 87 165 166
82 125 154 215 256 48 171 265 189 144 184 255 285 75 299 127 290 178 214 150 143 110 128
