41 158 208 250 291 25 90 181 211 245 464 51 289 278 222 269 198 226 126 275 113 236 36 253 287 122 60 190 30 257 196
202 110 84 102 25 177 29 62 89 251 292 123 277 214 6 72 205 87 195 16 247
296 254 191 92 54 111 98 275 139 170 8 179 178 243 29 97 16 157 279 226 235
127 187 237 238 274 20 162 175 188 17 126 177 128 95 158 291 201 251 71 209 165 101 153 221 142
49 125 173 241 222 212 14 261 86 46 130 184 207 116 75 277 240 281 156 95 255 296 178 159
70 100 177 183 88 160 207 110 180 256 24 276 215 144 165 15 254 242 13 8 19 275 169
129 264 540 258 294 75 211 123 125 248 262 95 81 250 156 296 135 203 63 153 39 276 51
32 169 187 217 288 141 689 561 696 151 260 51 196 94 696 146 214 902 200 111 278 181 138 118 625
6 78 156 249 174 68 238 195 263 61 217 127 194 101 112 231 132 64 254 211 84 287 226 246
67 273 41 220 291 136 225 61 82 200 199 171 103 186 135 262 222 50 213 258 145 25
65 170 195 235 293 117 170 31 5 189 259 146 15 144 115 26 133 177 190 212 265 284 82 109 258
837 196 209 225 253 164 188 151 221 237 12 130 275 28 19 239 206 199 214 184 201 128
55 210 246 63 33 276 142 221 244 275 269 40 0 270 125 4 205 67 190 251 23 130
9 119 172 272 293 275 80 111 93 123 287 167 159 226 276 255 86 44 49 145 31 134
74 146 234 121 22 181 12 287 249 102 35 56 85 255 297 60 203 178 253 49 144 201 111
16 39 206 166 188 120 161 45 241 105 156 235 137 56 76 87 147 202 196 260 57 65
23 42 93 258 168 82 47 76 268 62 85 35 25 269 188 130 121 42 261 21 119 280 178 186 233 252 223 230 68 247 3 199 161 244 104 217 259 31 81 92 78 91 126
10 38 151 190 63 290 111 263 3 147 14 172 133 79 80 299 267 16 36 45 256
107 134 145 206 251 161 268 51 24 152 282 144 73 271 107 106 249 292 88 86 191 46 208 116
223 254 205 93 160 109 60 168 26 91 177 100 69 254 188 151 35 32 89 193 125 39
26 66 114 159 233 276 286 265 49 291 119 130 273 266 144 92 36 123 218 184 50 116 102 2 261 48 25
120 184 220 277 207 13 112 240 288 4 254 79 287 62 138 195 152 237 18 184 3 153 234 213 79 154 158 203 226 84 260 218 273 72 141 58 161 276 244 27 14 284 67
171 228 46 243 269 32 42 53 132 297 213 82 64 221 178 137 279 44 101 79 76 10
11 28 139 210 72 181 4 114 10 19 26 70 180 176 168 217 95 83 200 97 126 2 197 151
54 109 224 244 216 285 35 14 91 204 13 67 230 236 265 176 263 239 121 172 130 248 37
25 170 250 178 27 49 254 185 289 174 142 47 54 48 151 147 175 111 190 160 265 124 5
61 153 224 289 269 187 228 30 243 110 92 119 75 189 292 32 291 67 65 45 5
5 171 268 207 163 96 142 238 0 170 257 124 87 231 295 291 240 89 34 156 210 23
285 24 128 80 159 193 162 138 101 269 53 255 265 113 156 87 133 215 260 297 210
111 167 208 217 250 109 194 59 58 112 212 222 202 43 223 178 98 189 270 156 261 30 27 295 46 177 93 214 247 59 121 223 85 221 116 238 261 41 222 68 191 27 113 199 184
2 19 74 29 212 86 70 85 127 78 97 215 9 148 96 286 2 237 266 289 168 298
255 272 52 62 34 283 218 98 74 35 169 26 201 248 57 210 212 184 214 143 145 37
98 195 198 240 259 288 13 291 262 98 176 190 211 11 188 203 240 2 180 227 135 225 114 126 214 195
161 74 192 297 73 2 108 6 136 271 135 167 294 18 79 71 75 197 32 145 81
63 81 270 175 229 193 249 112 239 288 163 37 194 232 108 100 230 268 104 245 18 152 286
210 11 71 118 146 270 0 156 155 205 92 59 248 288 22 287 97 94 4 211 199
78 97 121 203 262 188 110 3 200 226 198 135 284 213 270 190 103 48 15 78 171 211 199 271 260
83 200 208 264 47 215 109 59 210 233 276 26 13 228 193 283 40 264 208 180 75 49 177 95
23 285 151 231 105 281 271 144 12 111 232 45 142 37 30 126 162 84 140 228 94 279
37 108 50 180 216 274 140 219 93 201 220 161 248 226 69 222 179 24 4 131 204 173
7 76 97 147 256 234 176 294 265 95 146 61 80 276 266 173 195 7 9 270 180 288 241 6
31 243 44 119 130 222 145 81 215 229 192 97 53 162 210 209 73 161 254 98 69 11
31 41 185 215 231 280 9 268 296 70 116 65 73 42 190 3 281 118 31 38 265 209 286 207 183 163
173 222 245 292 178 63 190 60 135 162 201 85 38 56 195 240 130 25 224 59 269 189 95
65 130 218 241 145 229 267 211 226 1 72 265 183 258 47 37 103 81 290 219 177 159 241 13
164 190 258 260 271 44 57 260 12 239 126 135 297 78 68 21 145 5 22 223 69 234 206 232
40 57 285 79 87 111 119 35 180 135 34 277 62 247 100 176 92 53 289 142 46 208 132
61 83 91 198 295 102 220 117 73 269 118 162 252 207 165 286 234 19 8 94 153 175 115 240 172
45 46 91 100 192 278 22 134 186 59 30 137 96 249 44 286 210 202 76 124 107 52 251 288 43 276
111 201 97 284 3 40 22 290 93 212 15 255 229 216 247 157 227 170 182 225 232 165
85 184 189 218 261 109 126 118 143 278 191 287 206 129 172 147 11 58 284 189 177 81 124 30 42
23 42 129 118 19 236 52 170 107 104 125 111 282 182 191 190 121 93 11 26 241
62 202 251 235 73 128 72 143 257 298 261 8 45 40 169 64 80 272 31 294 275 104 117
100 172 186 197 240 259 299 258 268 108 285 87 44 111 230 41 112 40 186 261 269 270 116 158 1 296 72
108 295 159 146 285 70 102 297 267 72 255 187 134 144 178 59 184 45 288 204 47 64
44 77 94 184 189 240 70 196 291 210 255 164 294 86 23 160 296 137 59 83 167 127 139 280 284
29 134 160 229 152 202 299 55 25 237 38 154 185 205 49 188 47 135 54 102 238 231
21 262 74 276 234 246 194 90 92 143 282 244 273 51 190 98 153 69 252 233 64 50
25 46 95 42 145 299 60 162 178 197 201 263 152 31 36 283 35 179 230 167 186 91 195
21 118 132 152 225 230 258 296 271 157 81 212 274 268 154 185 65 182 89 100 237 95 149 238 269 214 165
540 179 5 288 186 41 283 197 48 209 229 131 44 70 92 122 265 272 214 173 248
152 161 245 123 91 0 86 266 207 1 96 54 203 83 127 17 26 101 229 234 195
10 26 34 65 235 177 292 128 64 281 94 27 159 280 139 36 104 175 287 183 20 198 186 259 224
7 29 33 29 262 10 155 208 106 114 153 141 109 257 273 169 54 190 152 119 85 175 286
108 163 211 254 266 11 83 260 69 52 96 293 122 265 201 24 81 219 279 254 262 136 252 32 235
227 288 282 104 71 31 107 22 164 114 51 247 154 292 100 225 122 254 150 224 168 210
49 72 461 142 234 168 1 159 4 128 9 88 120 144 287 41 212 23 54 28 111 26 14
17 61 134 269 461 692 296 9 203 133 82 16 80 178 271 88 91 53 69 158 103 14 233 85 29 97
10 17 208 279 9 16 205 21 294 160 45 111 94 116 192 121 93 29 206 77 113
172 218 39 83 222 78 216 200 35 99 183 139 29 93 256 231 8 229 90 249 214 275
111 127 175 193 231 232 291 156 72 176 63 232 299 270 272 53 186 32 294 273 250 16 246 211 168 129
50 77 91 115 141 189 204 189 278 293 174 120 211 51 14 132 244 108 213 204 91 103 155 112 53 118 277
112 180 278 263 48 159 258 292 111 153 27 16 9 29 236 78 80 136 49 239 279 217 83
35 56 239 240 265 277 92 213 193 65 242 90 207 228 271 148 129 296 172 235 84 248 98 241 118 159
249 287 111 265 9 115 299 194 276 296 231 2 40 165 0 168 119 147 123 1 223 272
90 148 223 286 262 14 138 34 79 8 122 135 198 160 49 183 263 178 241 238 102 148 171 196
295 144 49 225 273 158 163 2 213 79 87 182 232 93 166 154 295 185 127 206 176
51 215 256 45 2 47 183 286 280 7 60 81 261 264 92 122 40 71 275 109 51 170 216
49 55 194 236 244 283 124 76 77 12 211 132 259 161 217 150 188 215 171 160 128 194 0 134 184
5 44 186 154 143 230 145 244 87 238 281 189 122 34 25 48 188 169 15 128 65 55 59
138 197 238 243 16 149 63 260 103 33 23 57 244 280 271 168 255 297 145 182 30 209 91 49
17 95 119 220 289 146 247 84 220 90 255 229 144 275 263 59 215 101 67 273 245 139 35 136
148 151 98 187 64 79 273 272 228 18 238 264 29 57 267 74 115 63 225 61 158 284
11 93 119 69 244 164 252 262 82 258 298 192 135 108 130 124 86 32 71 33 73 7 83
902 120 561 149 131 152 207 274 160 60 151 67 167 271 217 290 224 116 76 92 83 211 0
125 205 208 245 275 133 60 73 180 241 215 28 151 212 252 240 192 239 9 33 87 246 169 81
101 186 224 284 73 299 37 50 136 61 62 225 218 36 66 104 47 192 127 190 107 116 76 102
28 261 69 146 163 114 267 28 546 646 284 93 160 142 493 138 192 980 127 499 68 682
82 158 208 169 179 203 129 104 17 18 28 214 47 174 117 298 85 38 130 138 20 107 10
138 263 57 65 122 148 227 81 224 178 272 215 207 193 443 5 164 290 52 115 232 222
16 20 25 175 205 210 172 163 298 115 17 10 150 148 289 263 95 250 240 212 182 0 269 174 20 56
57 74 24 202 201 141 119 187 66 238 207 54 174 57 180 151 237 244 167 274 298 133 178 44 184 238 55 81 166 63 41 143 240 278 124 212 179 89 22 210 73 173
52 192 261 146 55 256 94 224 16 287 284 22 251 188 217 179 134 151 57 23 65 20
116 117 182 287 216 186 131 196 75 206 2 134 178 247 1 95 205 113 263 94 151 47 31 91
22 175 120 196 195 16 144 241 218 99 275 22 121 207 23 101 253 208 79 47 211 176
51 165 15 22 264 8 55 108 69 208 85 209 169 17 64 155 75 149 180 297 168
27 107 141 215 295 561 140 29 260 138 99 78 189 80 110 131 6 161 49 127 271 89 97 229 245 215
84 180 258 18 138 235 105 132 91 94 149 98 2 260 42 268 50 58 265 127 113 223 78
115 195 257 216 240 73 31 46 217 246 16 288 207 274 110 230 136 208 40 227 192
11 117 240 277 540 116 246 5 148 178 111 256 199 50 162 37 258 189 275 12 175 255 265 108 121
249 271 208 30 282 99 70 222 40 215 67 122 262 240 38 4 62 224 24 219 130 75
2 19 124 287 293 71 288 241 175 212 120 240 293 179 221 214 283 205 90 131 117 81 229 239 108 81 188 296 175 51 191 119 27 164 73 222 200 90 190 134 167 245 261 142 4
112 155 186 248 263 256 265 15 137 208 74 153 113 92 20 181 227 103 262 219 274 21 271 283 49 20 84 18 190 95 272 119 268 239 141 125 180 245 242 269 197 103 31 296 72
32 34 236 217 141 171 146 252 207 130 66 178 285 242 121 200 129 12 138 166 50 99
138 165 260 130 193 202 240 182 160 286 11 223 293 80 135 268 3 121 220 154 132 178 161
233 263 225 126 238 79 127 78 197 285 220 267 168 99 170 193 223 114 159 29 35 123
10 120 185 262 102 147 263 268 172 22 139 148 242 188 64 97 145 297 240 250 30 226 162 86
218 226 287 49 105 170 14 211 102 267 142 234 278 157 284 183 214 288 73 252 75 149 113
14 65 98 236 34 144 108 131 198 205 49 219 37 18 55 213 287 166 67 25 27 158 45 14
85 156 171 85 292 33 173 216 26 17 158 23 217 186 172 245 14 254 70 132 267 66 177
279 47 29 38 238 122 234 66 84 79 241 48 210 295 50 294 20 230 255 198 19
215 167 30 166 36 223 134 242 157 252 272 191 461 621 70 156 7 137 170 105 971
24 126 219 112 26 160 61 243 0 145 94 132 43 20 221 59 188 17 277 225 31
40 32 280 191 144 85 295 136 186 208 165 194 281 83 178 150 68 54 188 190 164
33 154 182 295 290 281 239 79 39 9 73 209 269 28 154 137 134 206 110 196 157 265 202 72
158 229 216 268 35 121 212 161 149 249 93 155 44 172 183 4 289 122 51 217 252 68 130 249 502 242 92 191 27 298 21 222 115 232 196 5 290 182 212 757 205 193
3 234 87 229 147 214 99 160 120 174 283 181 123 111 241 23 265 41 198 234 89 235
757 14 134 156 50 130 150 177 288 190 182 106 156 11 26 195 257 155 642 122 435 231 154 214 189 242 183 167 26 50 213 210 215 232 191 285 105 275 247 299 144 84 168 186
128 180 271 172 221 251 146 4 120 30 66 195 61 17 133 12 174 159 22 14 289 227
87 97 41 141 77 93 263 61 19 185 102 207 92 242 258 66 48 115 59 286 86 212
8 222 247 149 182 237 241 519 36 290 154 146 234 167 238 122 195 62 18 91 214 256 257 155 272 36 255 273 146 282 10 1 180 247 232 248 145 287 201 268 154 128 246
122 239 281 291 209 236 60 277 199 118 128 259 95 42 104 116 37 36 85 223 249 78 196 99
1 23 82 103 294 256 86 132 170 192 26 290 68 11 209 167 286 62 49 187 250 243 231 273 287
10 228 280 256 120 47 283 290 286 116 172 210 251 148 15 289 42 164 218 191 266 124 222
41 78 287 34 140 219 244 126 180 289 82 47 272 264 243 64 110 143 191 50 258 130 83
5 61 136 280 286 79 209 46 236 228 120 48 123 8 129 29 56 161 118 130 288 153 297 178
35 51 193 85 141 215 172 247 216 254 210 208 258 61 221 157 43 182 238 107 285
21 37 73 226 250 256 264 273 178 38 236 206 39 183 158 187 125 55 215 271 51 232 126 266 129 211 288 84
94 292 32 71 101 97 57 68 26 268 62 272 263 287 252 205 219 224 66 285 39 292
183 267 22 102 225 209 296 43 39 128 0 186 181 51 204 155 133 180 174 1 287
49 160 213 80 217 113 273 194 184 83 7 5 122 45 212 96 147 213 4 282 73 262 57
1 561 202 115 260 295 145 58 12 122 95 262 164 126 284 188 168 113 48 127 193 299
192 197 144 99 159 93 76 176 230 80 140 255 49 50 258 68 285 157 240 172 291 61
207 215 229 74 171 210 278 87 170 71 58 275 117 186 696 274 26 61 236 86 6 681 82
243 294 165 182 114 181 65 279 3 29 499 540 142 493 167 70 160 127 88 329 93 117
43 164 207 543 29 69 195 134 83 231 230 93 174 100 141 292 11 80 296 95 111 138 88 14
154 186 223 280 168 15 248 148 289 77 37 30 281 69 269 265 255 39 220 208 145 144 192 267
116 283 293 160 202 296 66 9 38 163 230 275 53 133 258 154 19 295 239 50 167 76 228
55 119 211 229 238 290 187 204 254 111 217 245 0 2 135 184 99 29 264 142 101 81 67 84 220 219
89 93 161 289 130 10 266 191 274 239 189 226 255 196 13 20 161 31 21 52 122 116 85
18 224 235 277 243 123 71 59 142 156 234 180 252 105 194 7 43 3 85 288 10 130 204
23 104 186 252 168 28 156 213 142 155 71 183 94 10 296 233 35 121 24 169 171 297 62 39
100 112 102 299 237 201 8 90 292 168 238 88 152 30 46 75 113 115 31 243 73 137
62 101 281 207 219 135 12 196 16 17 248 116 204 224 244 225 23 59 171 91 205 183
279 107 182 228 283 57 145 163 12 31 141 136 59 125 156 274 147 49 53 18 108
26 35 152 183 199 204 251 283 93 11 63 13 150 217 18 180 47 58 104 113 17 89 226 133 272 117 173 204
168 185 193 45 279 205 157 143 198 12 165 23 241 64 21 141 283 43 144 46 249 28 258
10 27 63 74 233 284 259 227 31 99 281 136 248 245 63 275 292 47 127 88 117 329 126 656 160 167
80 130 951 106 221 244 251 280 184 63 283 264 85 621 971 7 279 236 95 156 137 170
3 44 198 243 236 214 247 65 290 42 1 128 243 81 101 55 64 30 176 293 62 244 201 275
20 14 154 75 133 116 292 236 62 268 185 56 244 9 45 291 152 233 73 58 127
94 167 28 255 25 190 85 22 142 162 60 286 210 251 49 188 133 208 285 2 139 51
12 106 153 278 243 23 79 41 245 139 241 2 90 98 94 258 292 80 43 57 50 82 11 121
53 166 226 250 267 92 0 172 123 45 190 116 275 217 259 242 221 250 273 8 214 152 145 254 77
98 158 236 51 295 122 91 204 52 110 28 202 108 116 178 72 224 81 238 102 280 34 210
135 162 241 267 193 96 65 112 115 57 98 15 76 80 194 198 71 38 52 191 113 108 58 47
22 104 116 249 261 263 13 243 89 198 115 129 19 274 282 259 195 186 93 273 217 18 105 153 5 91
197 252 150 182 37 5 106 250 11 266 233 192 166 299 27 174 16 165 194 67 20
58 96 242 268 287 69 234 34 121 80 109 95 39 1 79 22 147 213 41 189 18 292
5 222 136 240 131 243 183 62 270 35 238 293 117 116 44 248 142 137 7 621 228
56 157 166 233 296 46 143 57 191 255 162 218 122 246 180 92 280 121 49 104 219 222 275 190 251
21 156 157 9 41 200 18 75 100 49 276 187 217 247 255 156 60 251 73 248 105 79 199
113 19 107 177 270 38 53 261 54 73 290 164 232 52 365 85 806 112 322 182 205
146 219 182 112 131 57 295 54 98 111 178 279 1 199 141 125 236 294 122 28 102 148
561 692 71 298 231 172 265 292 23 271 255 51 149 266 44 198 145 193 289 252 45 269
95 71 180 61 111 241 94 189 235 240 281 125 217 29 283 103 121 184 194 24 146
33 78 106 235 54 31 18 212 185 34 256 64 236 94 279 179 286 137 231 172 191 291 249 26 234 108 263 211 54 27 5 160 10 68 177 150 273 224 236 101 174 175 256 7
104 106 144 174 543 70 108 161 27 243 95 299 147 133 193 251 30 170 202 209 42 102 183 96 149
128 169 170 289 207 86 25 83 170 55 212 23 0 94 182 43 163 274 71 179 29 38 175 266
6 68 298 31 56 134 229 111 195 241 74 13 3 57 209 143 297 61 87 107 38 176 159
142 180 168 50 198 98 82 233 144 247 66 150 115 108 93 188 171 264 206 172 267 122
160 180 246 374 561 182 82 91 34 210 140 178 202 239 165 186 57 179 166 112 156 10 43 51 190
244 148 196 18 140 22 122 132 202 192 98 135 226 126 220 116 223 121 208 50 201
296 52 83 142 198 23 49 38 228 285 19 202 293 224 259 100 235 212 104 43 67
5 113 543 20 260 94 264 188 18 39 282 161 175 52 97 5 291 105 177 47 243 178 285
46 96 142 177 295 23 106 42 194 28 231 94 55 225 178 235 67 29 50 162 81 241 101 244 271
34 108 212 217 22 242 132 10 186 183 87 101 237 214 247 66 216 239 172 229 115 156 252 151
87 110 179 197 230 263 281 41 45 205 96 35 26 262 220 1 97 180 278 92 234 69 212 151 64 139
226 262 267 283 543 231 146 184 160 105 22 251 191 58 24 10 276 162 43 264 290 219 243 74 96 246 11 38 196 63 30 160 208 122 239 213 8 124 71 22 270 45 125 68 240
23 160 165 166 252 129 128 285 62 298 52 151 113 278 249 189 183 64 61 207 107 8 121 268 90
143 55 173 92 260 161 199 126 166 110 35 106 71 234 115 7 15 294 201 88 75
231 52 245 113 174 258 1 203 276 208 277 169 29 74 271 60 91 225 110 189 3
40 99 151 212 239 164 31 94 13 82 261 7 104 166 173 262 29 251 50 64 213 279 9 209 281
105 125 147 218 272 226 246 232 227 259 221 254 153 290 0 184 238 271 136 69 173 189
15 55 97 193 6 204 258 4 275 28 98 291 12 210 151 65 56 251 121 136 128 279 59 74
82 158 226 234 161 27 168 90 56 88 216 204 157 261 180 226 230 44 132 274 217 12 162
295 561 294 114 82 142 183 262 17 187 205 144 39 221 4 289 73 68 295 288 130 137
