62 150 210 221 91 97 202 512 6 20 46 156 210 234 969 0 679 181 359 259 988 383 54 1 13 15 456 486 23 42 499 176 299 102 289 174 134 257 110 86 118 139 54 246 255 98 15 293 219 90 145 132
516 20 55 135 318 272 272 154 193 146 787 130 512 469 633 402 774 64 676 789 774 962 471 774 131 65 175 253 20 12 148 42 46 15 104 87 183 90 134 27 138 29 88 290
81 241 249 7 15 10 41 210 31 260 208 21 202 133 189 42 46 120 108 195 297
14 75 126 131 135 260 609 17 182 274 574 143 100 350 380 896 222 555 285 871 988 303 248 763 378 496 652 5 845 179
109 158 173 248 21 68 79 82 271 120 218 109 259 8 261 165 192 147 209 4 647 92 252 566 170 100 76 59 18 39 199 54 292 0 7 254 138 205 121 48 77 190 26 223
128 149 114 284 206 230 68 27 144 100 213 75 208 179 55 47 46 11 238 201 216 48
135 205 284 9 265 121 246 232 264 75 44 221 208 145 37 266 251 120 83 201 224 277 200
86 158 107 253 203 34 72 173 245 82 160 5 256 136 284 156 16 81 114 8 291
43 170 256 12 36 276 10 27 203 204 226 224 267 165 71 263 274 176 278 167 103 168
24 45 190 236 3 129 170 146 267 276 60 230 240 291 185 35 133 299 165 26 86 114
42 148 55 35 100 1 36 110 203 131 200 292 14 135 229 40 96 275 216 260 107
149 152 203 288 171 222 63 147 71 245 144 17 233 173 76 13 273 252 284 210 101 2 133
74 126 243 291 175 122 205 0 31 115 201 77 186 238 88 37 48 267 67 299 189 194 19 120
123 168 277 297 253 14 270 196 99 168 120 266 132 220 290 60 65 18 259 260 78 32 217 224 153 281 227 102 94 181 178 39 128 2 170 49 182 95 271 70 275 103 219 203
242 38 78 142 151 82 7 239 275 236 186 298 76 130 220 219 66 42 203 273 222
88 186 257 144 160 229 286 46 195 227 92 54 11 38 232 26 210 184 218 161 298
0 7 101 126 189 250 31 243 114 250 53 200 288 220 92 296 179 229 275 18 276 260 257 205 24 91
114 210 276 101 46 156 277 29 147 213 261 199 95 50 9 117 34 112 94 19 31 189 260
78 120 197 90 30 278 266 133 213 169 227 208 1 98 236 79 94 234 121 8 22 287
28 36 91 177 112 275 249 204 173 31 234 124 149 96 232 62 161 272 107 147 208 181 25 103
79 116 121 186 160 239 129 235 279 148 110 156 172 179 296 147 17 194 102 193 165 12 23 187
8 13 53 56 64 127 136 208 224 72 74 125 139 211 281 289 145 173 24 104 125 203 153 94 278 2 672 192 105 150 84 240 52 206 112 256 242 104 126 53 107 72 274 186 93 213 192 220 139 62
149 169 56 233 163 254 223 241 46 69 253 115 280 117 171 292 175 110 23 188 231 269
29 54 224 258 64 258 287 37 46 15 166 30 69 51 13 110 121 142 145 5 252 20 189 278
48 123 26 277 105 184 222 209 298 123 92 256 29 1 281 194 131 282 262 48 144 253
183 240 53 276 113 39 168 26 184 217 34 73 220 185 141 230 167 22 104 269 244
20 89 147 243 144 184 20 131 77 134 191 152 196 205 245 97 33 274 34 1 51 0 90 209
21 201 242 93 290 69 106 197 56 24 75 182 178 147 126 118 144 176 130 206 209 187 296 150 255 149 146 81 170 98 249 259 141 78 132 68 5 216 29 272 245 200 239
32 35 128 164 61 34 28 297 228 250 192 20 211 53 236 117 170 57 36 299 87 75
23 65 158 228 242 15 185 129 172 186 18 245 224 111 49 161 5 228 44 244 256 261 152 63 156
9 28 44 94 239 199 289 41 118 240 108 139 68 112 143 2 69 135 279 33 267 140 59 14 180
140 200 128 217 17 133 136 289 240 241 96 266 19 86 234 292 219 126 184 258 122 114
63 117 119 170 178 28 81 24 57 201 183 149 108 274 200 269 213 68 107 109 214 162 280 163 297
24 29 38 157 34 278 174 240 253 122 41 192 170 23 48 149 277 55 64 73 39 137 156 142
2 75 120 239 110 181 15 287 76 79 59 56 1 152 209 247 156 218 103 50 259 146 9 10 185 40 253 131 53 44 234 43 76 12 246 168 71 180 154 116 48 132 0 229
253 114 249 50 258 248 59 98 54 105 96 7 239 171 112 254 280 117 99 145 193
14 15 20 51 140 204 159 267 196 175 11 29 211 23 3 6 243 124 149 287 246 286 142 208 269 102 86 12 289 84 154 45 160 88 249 294 128 252 182 200 113 172 171 242 243 100
43 19 69 60 12 42 18 46 209 83 121 254 33 191 21 175 205 29 99 68 249
183 200 99 134 51 185 255 256 111 38 215 193 43 29 87 116 211 59 140 296 164 37
3 224 187 57 105 95 177 18 12 43 17 214 4 164 231 225 107 229 69 221 119
136 137 161 198 231 213 81 287 92 29 61 295 106 19 166 230 288 71 112 105 209 54 59
142 194 197 254 261 151 24 227 175 16 249 208 113 182 186 71 195 5 290 178 13 252 296 270 204
69 73 92 184 245 260 297 36 263 274 1 161 208 288 244 106 268 165 43 44 136 282 104 296 33 259 89
91 178 118 213 251 264 296 271 147 56 181 80 158 228 958 672 264 17 636 95 209 105 153 971 2 40 143 290 129 115 87 257 93 152 250 196 10 118 286 123 148 3 166 53 71 112 275
19 86 89 171 229 100 12 28 123 141 83 71 124 258 70 119 174 215 214 56 259 175 78 129 248
289 173 284 91 5 255 226 243 256 195 286 258 205 242 168 202 172 246 53 156 169
182 293 123 109 259 41 297 162 225 127 114 103 90 160 265 236 44 267 126 184 32
8 49 52 72 168 23 277 296 297 57 68 92 146 147 164 255 123 219 26 36 66 566 155 94 40 672 17 105 153 93 89 117 123 252 205 37 161 13 107 214 239 226 243 218 109 3 166 184 144
130 199 134 293 287 112 144 12 98 230 194 15 251 69 224 105 215 297 206 135 94 2
109 296 139 255 220 87 17 54 128 208 28 215 3 120 130 211 88 203 150 93 113 222
28 69 149 95 292 55 285 144 111 99 225 102 118 279 168 166 38 280 223 17 5 158 92
107 146 279 135 100 253 248 170 175 179 299 226 127 15 195 12 123 279 140 88 238 151 113
87 142 169 259 146 104 89 294 179 80 284 51 168 6 279 3 205 145 248 224 236 245 238 124
32 65 143 158 235 247 108 226 149 104 227 160 69 182 279 23 82 46 43 147 231 245 50 246 183 256
113 155 161 200 140 90 44 261 66 259 7 88 208 264 225 63 278 20 89 190 3 87 109
40 64 144 267 32 72 68 291 153 192 215 287 15 237 282 11 172 149 66 248 265 212 187 281
179 114 4 175 48 128 26 259 179 181 69 104 124 190 71 275 195 286 75 154 73
21 267 208 146 82 7 76 211 125 132 232 46 299 204 12 210 115 202 241 133 158 101
5 90 101 120 241 247 22 162 181 157 190 185 251 288 32 188 53 229 104 56 61 59 76 211 278
17 87 134 140 209 251 209 87 292 91 100 18 222 290 25 240 121 260 255 298 187 48 162 236 119 42
60 106 11 114 58 56 177 252 43 105 192 227 63 51 130 53 249 193 121 233 274 184
103 231 240 254 252 138 88 89 214 120 203 148 42 63 182 114 197 80 260 160 218 110 82 56
151 165 83 241 243 66 114 111 41 287 87 62 115 121 255 82 220 281 21 197 55 122
3 185 208 254 278 241 222 266 136 4 56 225 121 38 2 78 29 188 74 220 83 211 187
78 102 140 253 289 250 14 55 87 49 145 66 276 84 288 33 240 174 243 36 219 134 203 63 270
69 84 113 156 273 179 97 87 11 262 108 273 279 5 210 255 246 107 238 116 200 156 192 48 202
103 145 201 214 41 23 267 166 10 32 134 128 38 129 96 232 138 299 139 65 130 140 260
20 134 181 235 266 193 144 124 145 29 6 91 14 234 61 261 276 56 155 196 50 58 19 97
262 250 287 120 134 80 138 52 30 145 104 49 142 200 130 47 194 64 9 252 0
144 298 267 44 39 50 0 68 258 232 180 223 224 213 72 9 111 62 154 119 215 230
62 145 73 239 63 131 149 54 277 138 193 254 284 198 132 75 299 199 169 99 248 95
3 81 179 212 93 87 62 113 146 5 299 133 13 238 239 154 158 174 91 42 110 139 9
22 63 69 89 105 278 231 42 28 103 246 82 239 138 106 179 158 260 74 223 88 259 225 243 244 1
3 143 191 46 2 229 223 231 299 138 56 256 39 168 270 148 88 183 234 246 97 140 220
45 60 100 125 210 195 291 250 168 172 185 298 14 117 258 157 217 262 202 104 158 88 100 28 71
72 153 100 54 23 244 283 164 92 225 38 68 211 104 57 193 18 226 239 31 282 22
137 164 253 293 228 240 0 175 172 234 53 22 166 288 296 139 94 82 184 1 123 146 276 183
21 146 167 210 271 186 266 12 277 81 285 109 205 230 243 132 249 75 278 244 8 137 114 248
22 123 86 298 154 241 56 33 160 120 102 51 167 98 23 17 48 287 21 239 83 42
3 203 212 239 51 29 60 161 225 121 33 66 263 181 91 108 253 68 4 165 211 131
39 56 175 263 45 195 86 109 79 31 12 82 162 165 65 18 247 49 179 236 290 131 204 143
75 161 265 290 178 66 82 192 40 227 201 105 239 127 231 262 155 240 13 91 147 87
209 227 172 75 71 160 10 86 185 264 63 258 291 2 146 292 41 207 142 299 219 89
29 89 146 155 161 168 275 107 254 122 71 195 228 132 189 234 94 45 281 20 106 144 124 158 67 58 257
59 90 113 291 199 190 172 43 185 176 37 112 131 234 100 136 52 74 156 211 292 194 280 75
24 65 119 190 260 223 247 37 249 209 210 227 130 293 161 27 113 0 254 39 100 156 128 91 34
19 36 68 169 277 18 182 230 270 264 80 277 143 34 135 17 226 54 237 212 274 3 287 123 157
9 280 279 170 148 94 99 193 180 103 122 34 242 73 200 228 243 133 222 214 21 71
21 27 52 85 91 171 178 248 290 273 85 234 38 252 107 297 129 67 219 45 2 51 36 202 122 172 33 299 168
13 51 287 295 73 193 184 168 230 6 286 187 16 164 4 183 291 26 275 146 69 281 163 247
196 282 291 100 85 110 261 288 189 245 113 276 272 231 1 62 273 39 154 151 136 19 281
87 82 194 101 142 15 151 31 191 188 268 121 296 76 58 48 242 183 35 57 277
90 105 182 203 39 288 99 253 187 271 170 14 242 136 276 52 294 100 138 202 157 207 47 57
15 192 205 122 195 72 211 6 117 62 63 106 89 271 173 35 100 198 11 159 199 292
54 55 95 167 272 65 42 215 109 240 119 125 50 252 182 72 265 183 96 103 47 271 257 250
4 24 138 17 55 49 195 50 21 210 80 93 132 72 26 175 94 63 24 286 257 69 295
110 234 265 93 86 127 112 97 17 2 266 32 231 287 293 250 7 169 100 241 298 53
53 54 67 103 224 88 271 70 288 270 170 221 293 299 214 82 182 194 104 161 94 173 245
154 176 197 227 251 254 41 194 214 269 58 283 63 69 158 296 20 17 180 36 136 62 129 51 81
34 68 124 207 233 242 136 224 237 226 248 243 284 283 179 242 171 127 36 146 113 227 58 131 299 59
82 142 243 294 245 189 98 202 63 55 121 142 277 291 76 194 110 19 39 160 226 297 261 27
23 176 44 142 186 101 260 39 34 240 201 91 204 222 282 285 264 41 233 232 294 178
169 245 40 235 144 132 65 16 250 146 83 98 179 4 150 133 63 141 35 161 2 44
220 10 221 210 159 246 3 137 251 269 216 169 104 200 17 71 181 168 193 54 117
208 125 211 244 231 57 109 236 100 67 58 82 290 90 66 103 191 42 116 193 261
10 136 189 218 209 243 17 50 227 181 175 120 247 231 32 165 104 43 248 204 296 215
74 102 125 204 232 59 135 80 93 44 13 199 154 213 177 54 255 215 69 101 218 248 258 78 208
50 124 299 239 272 229 257 138 185 273 227 29 225 232 109 214 171 0 268 107 3 276 8
278 84 6 17 259 277 280 169 235 252 258 297 7 97 201 278 184 123 179 90 272
108 200 17 208 70 227 177 155 35 9 295 271 159 185 107 114 228 117 196 255 44 278
10 38 71 139 257 154 103 263 194 58 134 140 7 272 65 21 112 144 82 32 251 116 71 143 285
197 222 284 284 226 224 105 134 213 299 242 289 201 71 126 197 208 210 269 172 92 295 264
89 103 200 221 8 57 86 182 259 162 208 30 201 248 171 269 275 1 136 296 188 27 157 241
118 179 52 209 265 159 296 71 257 57 115 231 53 125 25 263 197 204 181 64 30 100
100 153 43 110 112 244 180 276 287 144 1 124 177 73 162 14 282 245 88 29 213 269
68 150 273 186 199 95 238 147 299 192 226 77 88 193 174 3 123 182 125 261 1 160 198
191 92 242 6 113 122 80 215 33 188 276 206 106 100 277 81 58 108 117 237 114
74 95 144 156 170 213 244 195 8 188 181 142 286 265 115 125 108 127 239 272 147 143 173 172 162 90
36 174 266 201 191 66 221 141 264 175 49 67 134 96 245 186 172 147 232 211 42 291 236
125 139 11 119 236 190 50 10 117 218 52 170 279 185 75 166 113 19 8 85 81 54
135 97 208 229 253 86 23 254 212 206 284 286 13 173 209 150 179 247 293 243 258
82 97 122 156 270 95 40 105 133 110 294 254 132 32 238 214 271 22 231 146 228 4 209 218 157
115 266 88 237 191 117 4 20 79 103 259 200 185 111 130 57 78 294 195 192 85 40
72 92 116 187 190 283 292 170 206 59 116 15 265 39 188 259 47 272 205 56 147 203 98 30 290 29 274
68 179 197 214 69 221 225 276 61 58 15 217 74 291 0 154 72 187 94 46 205 135 19 224
48 96 122 243 273 271 151 70 136 140 232 257 72 116 122 58 109 167 80 179 99 29 223 291
40 182 193 175 140 75 117 157 91 267 264 94 234 123 215 187 223 214 199 268 122
7 0 220 163 256 126 138 290 229 171 201 194 255 114 24 228 134 96 32 145 175
278 292 135 281 285 194 202 31 123 89 181 160 2 236 187 158 5 146 8 1 159 233
134 153 284 62 17 295 216 78 9 91 157 195 33 123 20 12 124 112 161 79 67 249 177
22 40 198 246 23 106 58 113 148 147 34 129 152 169 72 71 24 263 295 70 75 221 68 283
167 271 291 143 270 222 176 86 179 230 269 15 212 288 280 95 214 208 185 112 182 82 272 76 36 201 180 70 230 186 266 287 276 11 192 61 240 13 99 35 209 66 161
24 86 156 176 152 266 171 0 166 192 84 21 242 232 129 294 86 212 186 108 5 213 51 103
105 131 181 183 14 166 81 204 205 127 24 37 278 85 158 132 150 19 263 233 253 153 185 244
127 2 69 84 216 110 172 203 38 133 183 88 236 146 102 294 76 212 134 181 206
249 137 161 290 53 12 223 25 6 57 133 44 283 96 196 38 233 271 21 173 127
222 264 220 165 274 198 297 250 111 193 224 100 264 67 69 241 211 151 251 280 108 299
76 89 90 98 269 249 256 199 28 129 137 218 203 172 217 102 290 204 36 253 201 282 294 100
106 164 214 258 237 236 257 277 253 80 1 139 203 224 90 243 137 103 270 15 41 108 189 268
268 78 200 4 31 33 214 296 284 41 74 234 89 17 67 96 18 7 79 169 268
7 93 130 135 136 182 63 84 203 7 267 79 18 233 5 232 107 138 38 289 251 181 131 174 220 45
64 103 200 136 233 56 229 181 92 178 75 0 131 134 194 64 82 219 137 18 121 185 133
105 152 202 33 183 141 98 200 164 263 106 1 258 102 297 262 39 116 285 272 159 254 211
110 121 123 4 125 185 252 107 27 179 258 211 108 97 115 34 268 138 188 241 51 35 59
58 95 257 85 236 50 233 97 0 25 92 240 296 131 84 40 110 21 234 279 157 281
22 84 179 212 289 98 161 29 84 271 11 125 87 220 10 15 66 229 255 62 55 178 257 52 142
20 69 78 84 156 264 291 14 79 92 292 296 227 121 154 274 189 129 98 167 56 30 83 226 65 29 225
45 67 80 97 299 172 82 204 184 55 222 147 247 31 145 181 224 153 116 164 97 220 4 203
175 176 80 151 169 184 38 266 48 23 255 44 59 238 14 125 1 79 205 237 66 281
8 9 163 20 71 85 160 200 4 69 98 72 143 38 237 245 272 131 12 88 173 22 55
11 35 73 90 279 212 100 131 236 53 261 94 221 263 247 36 175 67 47 277 162 191 206 120 44
48 242 94 254 153 152 208 166 51 118 79 267 38 119 110 194 42 167 32 67 261 275
21 148 121 19 159 1 146 62 217 60 82 131 52 68 4 28 294 175 140 263 95 86
51 89 96 223 242 294 125 244 67 214 123 99 97 171 18 90 299 277 220 147 173 236 187 248 208 199
151 66 213 161 113 114 275 188 96 99 4 146 13 144 45 92 97 118 18 94 230
149 157 205 232 290 129 214 191 5 42 63 12 70 30 268 202 53 16 18 14 36 107 102 145 173
42 142 285 286 151 35 46 227 200 21 274 58 113 212 229 15 122 115 264 67 237 240 183 137
182 107 20 3 264 114 167 61 275 66 283 206 118 125 112 73 232 220 101 135 227
67 209 220 272 116 170 186 172 181 104 195 130 270 60 10 38 254 53 115 113 230 102 255 22
54 64 74 88 101 190 218 133 270 181 49 78 152 221 76 215 26 259 27 253 237 67 96 141 74 151 283
6 15 76 94 209 126 264 88 118 270 97 139 54 37 64 271 289 51 285 291 276 298 35 254 130
169 277 27 75 84 252 200 114 119 35 66 36 296 81 7 38 117 205 2 295 157 289
36 207 210 272 27 144 52 64 147 197 148 10 154 237 228 219 220 108 101 216 167 267 32 96
180 298 98 213 91 252 160 293 52 210 51 246 97 171 157 31 78 191 39 220 206 112
100 213 234 123 218 56 99 282 24 13 2 88 76 44 222 250 225 188 140 128 121 37 216
1 71 124 231 233 193 35 21 98 287 39 60 6 225 71 0 230 63 84 210 117 75 142
64 118 245 86 194 55 278 237 61 288 100 263 273 12 272 256 96 26 122 103 80 29
88 149 251 151 266 50 5 231 278 72 164 36 11 196 51 228 110 2 75 275 204 240 98
106 223 199 31 154 64 104 176 129 94 271 248 261 193 223 77 160 170 238 125 265 256
48 109 277 86 221 154 73 272 13 143 268 41 182 133 274 230 77 12 280 69 211 279 273
27 181 251 196 43 266 46 63 146 34 123 41 154 189 61 168 147 67 235 227 75 171 8
249 208 211 72 88 87 63 214 139 43 38 75 100 162 277 108 287 149 278 132 183
72 152 204 233 112 298 122 155 274 227 266 202 92 284 222 141 98 242 205 289 21 115 220
39 57 72 67 6 297 197 27 209 93 109 285 184 46 38 299 225 131 72 65 249 92 183
104 79 253 136 64 203 83 40 24 92 235 229 265 131 165 243 245 151 27 46 268
138 8 193 84 266 61 244 101 295 220 173 23 89 67 227 12 236 229 110 251 47
84 131 146 259 162 239 161 103 183 26 238 101 76 21 64 197 233 281 227 211 263 184
291 160 10 80 119 70 132 220 62 108 176 129 19 272 233 111 174 146 8 277 142
16 140 246 234 212 193 289 132 215 147 109 89 77 50 135 267 141 112 183 196 66 298 170
66 233 248 299 127 129 141 182 184 251 16 177 242 24 251 86 104 193 41 153 173 155 264 209 94 971 260 165 566 95 110 211 237 164 248 262 131 104 84 66 194 75 281 1 138 146 139 111 160 57
40 89 180 194 236 58 201 45 111 234 33 184 115 263 15 254 270 24 78 208 50 227 282 183 54
21 278 142 100 192 219 173 84 206 211 40 77 71 60 10 45 37 127 46 257 231 41
37 58 122 207 168 165 225 111 41 120 103 71 283 27 291 170 222 40 215 70 233 13 65 163 185 209 292 80 29 193 121 41 161 231 104 210 186 145 57 164 87 182 225 42
99 130 210 229 255 234 289 244 186 73 292 274 109 98 198 149 223 199 215 71 48 104 168
65 90 154 167 292 298 182 144 177 166 273 142 98 115 272 109 84 231 93 161 159 282 246 227 61
