263 384 219 277 953 110 131 281 340 366 782 281 536 747 69 951 748 689 141 603 535 910 112 861 148 591 29 611 111 978
16 228 287 546 95 653 454 681 438 795 630 339 952 345 978 873 499 687 379 484 107 774 27 526 42 112 98 77 259 96 660 511 918 250 313 632 418 20 308 15 409 15 17 238
146 199 204 251 160 90 239 204 194 123 145 61 219 362 171 485 807 959 764 857 813 203 764 201
110 143 153 150 77 45 162 182 275 251 113 219 227 229 167 246 294 56 282 72 241 83 284
39 82 259 265 211 45 194 40 152 144 200 157 296 207 43 76 130 250 156 267 111 126 178 22
142 428 471 82 140 195 39 208 23 60 28 150 103 17 8 138 215 269 37 262 198 32 147
15 16 17 67 241 9 165 163 248 294 244 95 241 34 36 164 196 178 104 118 179 221 254 107 45
104 114 131 33 45 191 100 128 205 187 91 124 324 112 578 891 864 203 516 959 281 775 516
50 158 200 223 2 124 53 0 110 256 95 73 172 187 1 264 283 189 224 75 128 281 199 149
53 58 173 198 209 26 39 54 181 204 223 223 76 37 47 198 155 75 198 108 263 864 177 303 276 285 578 141 25 195 116 91 157 224 218 92 19 280 3 28 60 267 21 120 246 169 254 47 1 13 264
953 25 130 132 201 250 21 122 174 243 184 56 44 23 72 148 113 219 279 280 292 79 75 277 204
100 113 136 182 213 80 89 211 35 170 239 100 161 210 114 290 41 164 138 185 131 8 246 136 10
845 48 189 197 76 111 13 106 116 282 7 93 73 168 193 294 218 291 285 192 78 233 31 287
108 184 99 175 54 31 240 223 80 46 292 3 279 225 90 298 41 12 181 83 42 178
10 59 119 218 278 131 117 81 294 65 189 130 18 157 158 41 47 133 266 94 29 50 292 233
726 84 127 198 213 242 290 212 259 95 115 65 16 294 221 182 145 147 154 270 6 25 46 87 124 227 134
726 172 219 230 229 4 177 670 231 280 280 117 156 126 60 201 249 772 56 45 131 293 839 35
63 150 269 272 280 42 195 245 41 31 223 21 107 55 35 268 139 101 66 229 129 266 178 159 142
34 860 15 169 225 183 290 142 180 220 298 69 866 299 254 162 235 244 127 233 256
0 98 244 223 71 38 85 73 162 183 94 265 54 17 84 271 287 260 96 261 179 272 22
32 74 219 298 13 81 120 266 253 136 107 71 286 191 92 80 246 166 197 200 202 10 124 112
150 286 428 19 62 190 209 133 274 154 182 208 21 59 104 79 98 156 251 240 282 207 24
953 9 180 276 207 87 192 209 273 110 13 86 59 197 36 29 83 131 219 71 291 23 176 106
84 206 211 249 251 266 860 35 38 284 289 288 249 161 195 148 248 213 866 233 220 150 162 26 76 299
131 208 241 36 202 98 213 129 4 143 179 145 55 46 257 230 277 125 128 173 288 285
21 272 273 233 213 182 61 145 89 68 159 45 283 118 48 229 142 133 270 77 248 299 7
101 178 197 262 142 295 244 268 146 149 243 113 43 18 61 92 257 62 9 8 167
68 197 6 37 10 20 91 236 15 270 127 194 73 196 226 17 3 43 297 123 264 205
82 221 355 891 121 197 115 25 236 243 121 138 240 123 82 52 289 80 276 172 77 247 159
773 6 355 166 144 204 46 243 127 13 59 44 98 1 231 234 16 48 8 126 178 67 256
183 236 339 109 112 125 214 228 104 131 38 215 97 35 91 140 95 261 49 82 141 147 168
116 355 10 35 62 137 214 102 256 249 43 37 288 179 251 7 72 41 187 48 250 128
14 65 83 49 202 271 274 180 234 56 193 223 85 58 152 245 0 121 105 72 63 77 259
26 58 94 252 203 249 25 127 208 11 196 52 21 155 210 0 254 240 16 167 244 58
218 237 260 263 284 37 130 177 270 220 145 204 284 43 50 28 293 266 56 772 347 267 249 45 131
63 232 282 355 201 273 124 102 76 245 167 177 14 119 82 117 293 80 41 9 56 78 103 150
6 181 192 161 225 42 852 23 283 134 168 99 17 18 25 103 77 115 37 0 170 271 692
24 132 241 163 292 170 7 179 230 118 286 174 40 265 81 76 56 153 125 48 194 3 235
12 16 38 156 205 180 188 131 232 178 18 231 158 70 83 223 59 270 250 175 253 93 43 106 60
263 252 143 1 234 290 157 242 279 135 15 141 194 73 54 158 114 13 120 176 291
15 85 176 545 251 133 292 92 227 200 101 6 130 124 171 8 203 152 188 160 148 106 247 15
726 54 69 176 193 214 281 355 287 271 46 242 165 290 275 198 93 78 63 151 276 85 155 35 147 87 116 176
74 111 252 184 100 140 154 122 7 256 127 282 294 258 78 126 113 40 295 132 73 98 215
199 88 256 294 132 158 168 191 88 197 243 80 156 180 280 195 74 155 985 50 1 30 53 268 262 58 3 120 57 170 279 187 125 290 258 257 182 280 77 80 113 136 91 63
175 149 153 191 272 120 115 178 40 255 247 150 267 291 65 93 104 173 210 55 92
153 243 87 71 151 102 233 209 122 7 94 148 189 220 244 233 19 213 269 26 150
13 181 248 252 85 57 141 283 28 237 92 197 96 121 16 39 87 260 35 15 72 97 113
237 256 339 223 262 57 235 171 213 221 226 232 103 146 79 150 73 68 271 49 51 172 116
845 78 114 299 149 22 30 27 227 207 189 46 247 200 134 224 81 63 50 259 12 78 31
131 132 255 281 42 210 208 168 202 232 209 103 106 810 269 53 55 255 29 670 699 201 230 95
133 254 124 291 261 34 198 82 114 170 99 692 115 131 0 17 271 646 18 77 170 33
174 188 494 72 253 148 34 271 221 46 67 298 194 153 73 238 132 62 215 17 36 97 286
13 264 101 12 196 194 277 147 63 233 34 26 46 37 164 206 286 70 190 260 283
217 8 147 175 227 231 239 193 23 214 255 196 75 279 181 143 50 192 79 290 168
98 129 178 263 123 175 170 18 102 80 91 291 17 239 256 227 259 127 109 298 275 128 229 112
1 161 4 166 142 104 91 202 27 201 102 88 298 139 113 288 13 203 93 169 230 61 53 47 289 79 243 40 260 26 276 175 157 56 256 272 177 104 215 93 262
3 280 298 378 87 10 267 83 73 269 192 71 189 108 111 14 246 143 81 289 90 196 203 293
60 135 178 245 296 74 258 159 252 51 234 63 49 0 205 9 75 162 94 189 158 149 73 140 240
241 205 96 20 194 136 192 271 13 228 261 110 158 135 276 70 150 152 133 234 299
0 81 172 545 279 163 132 294 184 150 255 263 15 104 298 59 265 257 53 44 30 165 148 137
98 471 202 224 268 65 118 162 211 299 29 5 0 48 147 129 11 241 119 112 169 46
31 89 471 77 160 177 195 272 122 183 161 229 190 290 68 17 274 36 140 19 95 221 234
1 25 50 297 0 10 140 208 90 22 37 130 85 72 283 251 58 209 54 198 113 171 272 42
109 271 202 40 8 0 28 29 244 219 156 209 115 210 69 195 168 76 165 248 25 200
7 62 246 64 30 264 59 142 167 234 56 270 267 209 186 297 92 10 176 72 183 235 12
40 85 125 140 164 218 231 494 56 86 99 193 37 56 105 209 250 231 19 260 220 26 256 299 235 866 254 269
83 116 192 117 69 141 107 76 125 13 103 169 201 186 273 176 12 173 135 23 293 10 178
6 177 269 44 106 184 248 216 295 116 156 215 254 103 195 120 99 220 79 65 22
57 114 168 227 215 223 182 186 278 294 68 173 216 0 176 200 66 213 2 250 45 249 147 280
69 117 133 287 77 182 131 35 20 183 101 236 146 199 139 91 116 216 178 184 289 159 190
26 29 199 248 257 471 545 106 279 94 220 164 221 239 114 244 194 244 866 256 76 235 19 260 299 233 150
197 69 225 120 105 12 7 228 13 204 127 294 48 197 251 31 270 110 89 234 44
20 201 230 201 237 217 78 288 291 231 281 30 83 130 190 183 272 274 112 152 219 263 28
95 289 162 72 94 95 285 265 218 114 116 36 150 61 275 52 264 258 214 6 96 78
57 62 228 471 18 143 283 195 299 169 67 260 35 877 59 249 233 772 104 293 56 182 28 347
8 55 170 252 272 267 66 223 204 69 36 50 200 165 39 73 283 274 188 115 112 56 41 93 154
20 21 134 200 250 272 186 101 188 135 246 236 196 44 7 193 149 297 129 59 283 71 131 180 205
253 355 210 207 78 134 167 197 31 35 132 83 46 95 208 52 15 250 266 24 63 3
74 227 268 280 8 37 80 213 176 171 158 29 20 142 244 71 18 210 35 191 228 280 107 108
94 112 124 177 181 213 271 299 71 154 257 60 49 27 11 88 183 181 136 295 10 30 287 177 5 100 191 76
45 68 146 190 210 534 244 30 70 144 225 6 44 192 200 166 34 197 199 46 68 103 187 63 41 169
865 12 73 218 268 161 133 82 14 263 254 34 260 147 100 287 154 266 74 146 13 59 91 139 114
123 204 34 64 113 181 206 66 12 150 276 290 136 88 32 298 189 247 106 92 223 11
162 164 175 212 236 192 248 33 100 152 154 23 65 52 190 6 255 129 193 205 274 162 209 252
2 23 77 82 63 135 189 19 289 26 229 258 80 212 291 186 280 68 287 288 111 259
25 99 183 193 216 275 284 36 53 189 231 267 287 184 297 285 90 230 32 99 31 278 158 112 96 296
74 81 204 277 18 191 254 139 25 34 104 111 231 186 5 261 123 8 279 60 196 200 80 129
101 281 239 281 4 143 40 194 229 193 77 154 274 78 226 181 222 183 63 254 262 290
79 90 154 170 378 169 140 135 68 265 91 174 101 98 29 93 192 242 38 288 170 224 229 203 244
128 75 138 186 33 109 17 242 63 21 213 36 119 134 261 158 263 258 98 66 130
33 53 234 0 213 56 246 97 292 16 13 210 114 188 290 215 111 167 48 289 157 7 207
154 159 154 163 277 194 51 267 169 243 99 271 17 170 77 33 131 942 25 18 0 487
58 202 276 282 144 75 266 279 236 259 162 19 199 285 134 52 168 290 182 249 281 197 191
214 253 355 124 268 167 7 221 279 263 187 299 178 78 235 246 11 241 108 132 23 93 266
144 168 198 208 277 43 16 283 218 204 191 7 140 282 22 265 276 78 285 268 8 272 80 202 295
72 115 104 171 153 117 17 31 38 73 48 220 22 126 99 42 32 271 132 34 29 200
144 247 194 127 14 30 228 154 155 230 278 20 95 67 296 13 117 181 261 83 53 200
61 85 154 162 130 32 127 245 8 84 215 288 179 183 49 117 42 27 39 132 225 111 258
117 247 288 28 115 10 230 272 258 18 166 274 182 16 6 104 95 201 193 198 179 287 291
3 158 234 263 102 109 49 85 114 11 206 41 185 275 287 146 9 191 298 294 163 203 67 190
142 155 181 244 259 117 7 299 254 27 55 221 86 185 68 71 103 73 60 53 179 45 161 111 193
114 285 61 162 247 42 291 89 131 83 9 161 288 268 98 139 101 103 52 105 55 254
70 94 154 278 156 117 257 58 258 53 107 214 122 163 293 217 7 241 116 12 253 213
145 428 210 33 186 77 262 239 148 118 247 67 249 43 84 149 64 265 211 102 30 225
244 339 275 247 261 185 223 280 199 188 258 240 101 100 182 138 238 178 91 283 10 187
52 111 128 155 170 187 97 43 51 87 241 288 140 196 259 236 229 273 717 593 110
123 190 270 253 34 95 6 32 196 91 18 275 163 59 119 270 123 139 106 157 2 297 7
10 120 164 188 292 120 76 294 197 14 83 219 218 53 137 216 68 244 44 207 132 95 257 93 108
130 163 177 219 428 103 201 203 182 188 62 11 18 92 159 276 241 166 273 231 190 278 30 290 274
25 212 52 109 94 157 121 219 42 230 271 35 150 250 224 234 65 201 13 166 47
62 279 202 39 265 204 229 20 295 42 78 84 146 167 24 181 176 180 27 106 223 242
32 86 269 179 11 64 187 281 90 201 280 22 190 173 16 221 146 29 127 186 103 47 176
16 97 145 179 246 266 288 9 256 83 288 46 670 156 263 143 55 205 42 267 104 45 347 389 266 215 35 63 277 47 255 135 43 126 55 175 16 31 146 222 152 51 81 85 92 129 45
55 192 545 31 283 59 229 235 3 877 283 877 35 28 23 233 182 262 59 45 249 281 347
36 286 182 125 33 258 143 277 76 8 202 216 54 85 152 124 267 217 145 90 45 157
111 545 255 203 229 52 40 199 91 75 295 223 38 45 299 173 108 14 171 82 15 56
84 163 178 115 156 158 31 192 102 196 65 48 247 112 143 220 174 185 73 87 266
68 140 240 267 290 494 160 72 209 226 104 2 249 140 232 265 116 239 287 168 53 58 192 257 66 108
63 91 106 207 212 52 260 177 220 77 194 54 154 149 120 82 72 61 246 43 236 163 152 275 80
203 217 240 246 154 184 119 191 116 136 245 83 148 164 107 38 171 106 23 215 137 270 259 14
21 186 205 220 122 25 261 96 162 104 55 172 38 268 247 188 257 253 226 242 61 236 47 233
123 265 119 73 167 183 150 274 265 241 88 90 120 254 136 143 118 232 72 63 179 126
9 103 114 132 196 217 96 292 193 283 78 258 166 72 124 57 127 203 17 159 39 209 174 6 41 56
0 141 238 196 198 279 164 48 40 94 250 58 183 133 61 247 57 95 163 33 101 221 110
46 31 4 207 180 215 137 149 62 2 239 133 99 196 164 214 92 271 123 211 266
726 92 224 234 293 161 289 236 189 87 257 81 54 66 97 132 108 179 106 71 23 146 116 298 144
5 22 277 297 292 85 200 95 157 27 139 1 188 248 52 249 262 232 144 127 107 170 99 37
80 272 11 39 203 240 249 263 286 534 118 195 2 246 60 288 41 129 30 167 591 53 985 670 74 144 50 191 268 12
4 58 82 104 261 107 389 192 145 1 41 280 166 110 129 790 150 243 295 105 298 868 280 816 598 278 259 3 115 117 47 281 84 171 261 187 299 119 197 274 87 223 54 201 7
43 198 208 180 173 210 186 40 157 94 280 241 292 167 273 158 74 245 288 238 153 107 196
865 18 67 93 110 174 187 154 113 201 126 15 20 84 18 68 28 19 276 127 143 11 219 246 244 194
8 159 257 206 156 127 131 84 66 288 70 115 90 23 228 62 273 172 151 278 197 294 168
146 222 218 109 17 246 146 143 67 28 34 171 164 144 133 255 242 117 275 198 108 214
130 155 229 268 71 243 171 112 299 298 114 291 115 147 266 168 293 229 10 140 245 197 176 216
845 167 248 36 190 135 76 90 101 140 105 132 943 230 147 23 389 267 59 56 772 35 266
36 67 124 93 70 14 122 186 118 278 142 195 31 280 22 32 275 77 204 265 242 102 156
953 268 273 242 103 48 297 79 211 111 33 14 40 92 187 119 262 178 1 116 233
726 71 260 295 203 297 45 31 287 276 237 234 229 151 159 57 73 190 49 32 141 130 24 75 134 193 18 84 11 209 19 212 268 87 196 79 12 42 173 29 255 299
60 69 92 11 195 190 45 43 20 85 130 249 128 104 133 108 27 29 5 152 30 285
70 131 147 155 207 249 260 290 294 64 192 117 156 207 229 288 98 138 70 87 33 216 184 16 272 193 292 15 279
75 118 284 20 86 249 214 104 83 16 133 126 9 18 192 32 78 266 186 25 198 94
865 23 165 295 439 151 260 54 220 52 179 44 128 152 155 15 282 56 8 257 196 4 207 199 185
102 59 298 286 167 265 170 285 145 158 228 160 35 219 18 278 22 231 257 207 21
296 134 256 101 166 131 167 103 64 47 289 138 147 95 258 288 48 75 56 66 109
35 42 227 279 206 207 144 122 190 292 86 38 8 114 224 118 236 104 83 278 297 24 68 244
953 206 280 285 1 233 21 225 185 24 39 257 279 17 178 53 98 105 114 250 270 73 8 287
221 199 101 82 165 259 56 9 71 64 50 63 204 212 141 123 116 51 152 287 6 98 149 280 94 253 167 200 225 105 245 32 106 241 25 171 34 18 229 29 159
196 268 545 3 176 107 288 221 24 0 22 252 117 203 251 146 273 97 284 119 12 282 58
28 106 171 284 8 97 154 39 190 257 268 203 40 143 127 285 171 37 164 277 13 53 78 75
845 108 251 226 27 152 122 289 266 148 273 121 154 234 249 198 175 190 56 140 221 87 241 17 288 108 56 226 258 51 240 281 160 185 1 22 59 30 60 24 78 192 109
78 132 238 238 272 218 169 154 4 12 33 239 160 26 264 91 41 133 128 178 189 288 248
54 160 201 167 197 147 212 240 235 29 215 183 202 26 2 100 132 36 271 198 278 269
8 110 176 193 272 299 189 64 289 109 88 104 110 245 286 205 114 135 24 107 129 190 82 74 177 272
19 102 154 122 136 181 235 246 149 24 187 231 156 41 422 286 299 269 194 233 150 244 244
34 127 232 245 121 44 216 54 111 135 273 73 143 55 162 105 868 243 280 8 150 298 248 298 27 228 210 64 115 191 282 166 19 275 43 59 259 111 236 85 110 78 126
107 281 287 242 292 22 86 294 91 157 160 33 27 236 461 282 243 5 193 71 183 109 73 348 179 188 15 42 21 225 97 184 29 50 114 137 52 253 1 4 24 44 23 243 262
135 153 288 52 214 45 123 198 3 189 5 19 293 212 103 116 237 282 106 272 216 81 249
111 125 244 439 114 139 209 261 271 252 202 86 190 176 33 224 147 298 150 125 243 943 248 816 72 185 270 200 280 8 296 56 284 37 80 103 181 139 197 167 12 122 291 258
15 111 114 190 249 72 201 21 1 246 274 133 137 223 73 90 290 25 282 189 152 139 131 37 26
127 207 232 295 494 277 106 164 48 284 85 278 19 162 237 292 96 288 211 246 179 123 73 74 269
41 123 194 85 206 218 4 88 236 71 127 222 49 242 292 9 5 58 106 47 63 12
51 107 24 165 156 193 207 266 238 167 142 138 78 61 94 180 111 171 199 1 205 65
225 227 77 266 285 107 294 58 126 253 230 155 170 215 148 197 144 283 161 219 214 158
5 120 152 215 42 13 85 251 219 19 692 77 646 487 271 423 271 284 115 131 170 18 25
111 249 298 865 953 19 240 378 432 32 168 210 457 35 273 222 101 281 251 243 276 101 464 943 457 193 71 79 5 275 221 276 155 121 154 178 33 298 198 161 147 159 163 75 90 28 251 139 274
68 220 108 24 38 176 46 114 251 213 59 160 247 64 63 165 58 275 52 159 11
66 73 151 273 290 130 164 153 68 127 196 149 11 104 198 152 240 7 125 201 72 145 114 290 215
189 201 262 432 87 148 224 38 62 132 118 173 182 281 23 59 267 233 215 262 45 772 347 266
129 234 13 62 244 275 290 291 58 119 159 184 347 389 267 281 59 56 293 233 104 262
96 103 212 214 290 167 65 288 249 54 271 188 241 111 219 181 294 154 245 105 27 56 87 220 68
27 42 48 115 282 196 278 124 211 202 33 130 283 11 290 60 213 285 67 50 112 261 41 94 233
17 108 219 161 236 75 269 20 76 195 260 223 111 114 138 104 291 273 15 83 91 7 77
845 157 179 203 224 259 35 90 19 183 246 173 191 279 202 101 237 59 203 147 162 150 238 296 98 195
3 33 91 241 46 274 273 20 27 42 136 162 166 254 118 0 293 189 12 219 34 122 90 155
726 32 49 77 90 270 91 172 282 299 206 215 267 43 118 15 165 107 236 284 178 101 226 58 121 47
127 204 200 123 60 216 181 76 225 89 50 256 106 236 246 87 190 237 156 40 184 39
18 161 223 255 114 65 191 214 166 48 152 8 10 131 12 9 36 215 212 238 200 31 270 194
20 88 130 814 39 231 261 62 237 277 81 154 168 115 37 646 692 942 131 103 170 284 18
210 260 279 534 253 54 127 173 286 101 268 209 132 299 276 50 83 169 48 153 259 932 564
45 180 95 132 104 212 151 176 64 179 172 234 81 15 61 148 201 130 17 92 136 91
166 249 284 29 123 197 233 177 86 38 48 209 149 5 241 289 673 605 564 169 276 24 83
101 134 217 257 139 256 60 263 177 8 280 262 271 146 142 229 258 67 289 228 158 21 93 109
113 177 198 276 298 258 180 173 69 120 195 106 11 277 146 17 75 186 207 62 63 178
292 48 257 195 91 104 66 98 214 198 49 236 28 160 52 96 250 147 210 278 32
48 146 93 201 258 73 188 27 296 224 68 132 212 193 85 1 176 69 210 204 8
