23 698 182 241 119 185 201 46 80 133 160 9 222 91 253 0 158 282 44 122 289 10 295
68 102 145 150 31 83 44 90 29 122 170 139 197 157 18 220 67 132 11 166 142 54 55 245
95 248 283 15 156 261 161 229 113 289 12 29 114 153 49 144 116 159 225 30 65 24
254 418 627 206 114 59 93 281 270 67 37 214 232 54 186 155 294 278 77 189 185 271 249
96 102 111 144 166 172 77 164 76 249 148 269 265 160 110 260 186 169 35 119 136 101 22 122 66 142
156 163 137 91 150 54 169 214 277 234 258 268 107 295 248 153 197 77 281 68 142 210
84 33 44 232 238 254 285 341 979 253 1 43 107 79 255 89 15 985 494 259 129
33 52 102 116 146 189 227 31 78 153 210 179 74 76 293 283 25 69 127 13 29 231 205 299 172 206 20 30 129 46 172 154 168 40 202 81 162 103 150 278 105 189 188 175 222 45 157
21 102 211 113 241 110 230 153 250 132 206 134 236 111 63 131 35 60 276 261 104 18 20
85 205 213 217 248 126 26 231 121 41 5 135 232 38 127 23 60 269 130 227 36 247 235 199
50 79 172 189 12 239 67 30 199 287 288 158 196 107 19 254 21 84 295 915 83 79 125 274
13 45 72 199 232 102 78 2 202 219 123 36 113 140 281 129 100 86 205 8 130 26 182 148 139
5 91 226 284 298 11 84 153 262 78 99 222 66 276 261 22 226 115 10 235 157 234 46
145 155 246 88 222 49 248 18 187 109 199 226 258 6 45 97 134 128 240 215 120 225 138
11 123 290 184 46 109 230 116 50 150 292 274 283 239 234 25 284 7 237 281 38 164
160 199 163 151 276 152 290 156 97 167 207 17 106 48 15 206 212 185 136 37 230 153
1 213 244 257 275 90 253 238 98 86 106 15 37 160 119 42 287 60 93 153 235 33 295 142 212 61 251 267 185 54 7 46 167 169 198 219 63 201 3 274 134 2 189 190 135
17 45 65 281 286 167 94 54 255 282 213 125 44 131 276 227 262 267 77 138 114 186 204 84
22 210 70 49 280 181 131 179 96 41 4 224 35 173 145 140 126 216 263 215 260
6 47 54 69 225 103 84 63 9 219 263 234 101 260 156 249 11 143 243 168 142 160 75
151 280 197 93 285 168 143 67 207 68 206 264 40 115 247 134 72 131 17 70 91 271
268 73 298 123 74 158 231 247 28 260 35 256 170 106 212 287 1 140 242 255 133
55 148 296 57 294 35 90 154 70 187 11 177 239 161 20 61 250 87 110 202 40 69
144 172 74 297 238 245 153 127 13 2 145 80 152 64 111 281 154 236 194 162 198 237
22 30 136 252 17 195 15 16 48 208 9 39 216 103 248 211 56 253 230 149 222 116 85
92 108 288 45 62 130 212 145 263 228 208 25 44 289 75 87 169 177 70 242 183 248 234
210 270 292 193 93 24 126 98 260 84 286 100 270 243 160 121 231 145 85 259 173 169 110 851 16 105 215 283 217 298 46 286 180 34 161 746 66 230 275 185 15 153 253
83 190 91 185 4 160 290 0 58 107 139 83 156 273 277 59 30 62 158 100 209 124
45 286 186 223 263 283 239 135 119 166 103 269 73 976 299 280 157 860 5 929 179 14
37 52 95 123 133 243 192 227 172 265 12 173 156 79 48 165 286 91 175 95 244 223 109 40 194 236
4 56 175 122 214 56 105 107 287 222 78 6 196 155 210 14 130 120 223 172 274 217 162
189 198 255 289 59 169 231 251 65 129 128 137 4 118 148 41 103 233 280 116 5 182 139
209 298 245 103 250 167 37 126 29 157 299 238 179 9 555 25 848 199 929 976 860 678
91 98 136 187 238 270 154 204 118 108 228 95 201 89 284 216 37 47 24 186 207 100 104 141 109 25
71 126 145 220 8 234 108 298 104 297 86 118 80 135 202 224 174 295 155 213 179 31 7 145
24 71 265 273 69 90 180 132 173 243 106 95 197 261 286 3 296 99 84 268 272 199 29 150
194 166 284 11 138 29 30 99 103 18 174 250 177 119 53 283 80 108 278 270 231
49 113 83 293 192 118 183 3 210 73 28 79 171 226 214 76 167 234 248 139 74 218
21 240 26 186 214 151 78 29 208 203 235 14 212 13 279 249 246 119 54 253 190 244
155 170 21 35 2 29 5 17 47 227 113 61 145 181 23 129 22 56 196 133 130 250
1 100 176 262 277 186 175 299 32 165 183 118 293 161 125 80 107 8 9 275 69 233 292 70 290 65 125 4 67 130 148 261 151 295 117 85 105 216 180 189 146 266 264 192 103 277 205 24 45 171 74 231 173 172 26 76 119 79 2 276 81 140 251 47 11
40 92 221 18 137 209 167 54 193 147 29 15 199 106 148 189 25 68 40 2 143 235 101 294 141 292 154 90 266 11 161 158 85 291 254 34 226 17 209 253 188 242 243
117 159 173 213 244 263 293 58 287 80 38 213 122 251 183 225 219 79 61 45 196 143 189 258 270 286 123
254 154 142 204 110 163 299 209 29 84 57 44 95 30 252 229 65 97 89 26 33
154 276 126 130 273 78 155 267 150 32 108 123 48 180 297 17 290 245 84 56 135 127
65 87 141 263 231 152 43 142 79 201 203 180 130 70 13 131 48 10 210 7 14 100 23 37
17 193 194 290 84 172 74 209 272 128 281 260 283 83 137 159 255 229 287 179 129 81 178 107
122 281 291 268 202 87 209 233 239 155 252 243 180 264 196 210 274 287 90 136 118
77 82 209 204 226 27 31 108 265 235 42 153 211 82 259 247 291 159 236 217 32 17 188
0 72 797 1 224 81 249 182 42 90 129 231 66 135 15 161 285 665 34 43 211 275
120 180 185 191 223 289 122 260 105 257 248 55 214 215 293 252 296 160 53 180 15 16 211 170 181 137
20 48 161 194 244 268 248 10 230 18 209 281 143 97 218 93 114 17 52 260 105 206 266 77 11
38 47 216 219 241 15 93 184 102 208 130 139 188 204 212 55 145 108 13 84 190 56 231 181 201
190 288 267 229 201 66 32 150 205 68 271 36 156 85 37 21 238 19 264 0 162 147
34 215 217 172 283 211 114 196 107 53 269 259 24 297 68 32 35 48 54 117 11 134 52
108 263 272 26 129 178 131 48 101 190 181 37 280 259 128 63 295 194 243 137 238 205 199
75 276 5 291 16 209 299 248 193 151 213 241 186 63 217 276 246 31 105 191 256 205
144 271 210 144 10 143 117 281 134 237 205 277 82 27 249 104 84 41 2 98 299 276
10 117 167 194 194 296 228 140 151 180 95 100 156 215 125 152 57 59 241 148 262 35 77 54
9 46 196 239 100 122 178 237 189 68 63 182 126 289 142 213 67 288 41 145 91 248 83 20
25 71 160 254 84 158 199 235 279 210 266 106 10 234 138 264 108 77 82 170 295 259 38 250 167 119 99 3 165 123 153 295 43 80 297 15 161 121 86 242 18 211 157 51
125 136 137 138 218 271 226 230 136 290 283 120 143 70 228 51 131 164 101 58 205 158 15 266 149 142
46 85 190 215 277 264 38 205 62 183 276 58 289 187 185 103 32 231 33 26 128 17 220 290 169 251 288 16 138 29 65 159 275 272 90 4 161 233 182 289 184 153 117 89 68
3 69 175 271 27 183 292 11 201 75 229 134 100 275 153 256 162 77 17 156 174 124 34 31
5 197 236 278 65 148 277 141 190 249 264 62 196 110 116 246 129 195 237 187 64 251 112
0 27 234 290 126 221 41 10 15 74 97 134 234 68 180 196 211 89 125 79 279 225 14 21
202 246 279 23 274 129 247 68 89 48 2 156 270 290 34 114 242 180 4 144 273 179 282 222 298 206 42 218 182 168 78 149 83 171 217 113 290 56 246 158 181 214 3 241 262 210 123 119 69 227 102 105 134 218 71 132 126 253 231 203 127 280 24
237 221 19 136 20 110 48 238 133 156 12 244 47 174 207 145 225 7 167 162 268
47 58 274 327 204 65 7 113 77 140 280 157 710 14 848 555 678 860 199 7 299 73 5 976
19 20 111 166 259 188 259 187 247 113 41 50 225 173 64 34 59 238 262 24 206 234 241 240 71
12 222 280 72 99 124 170 287 204 231 268 126 182 238 111 96 199 260 225 175 28 214
12 205 231 257 27 51 226 270 93 63 285 214 120 46 122 166 77 187 188 217 293 25
36 110 217 242 283 285 16 266 53 36 148 282 31 211 79 34 161 285 135 230 210 665 43 569 231 833
126 169 202 65 41 188 102 99 198 186 76 251 42 62 260 44 71 211 174 64 243 33
122 186 264 285 273 272 225 187 199 44 263 49 35 116 23 6 264 206 244 112 175 171 277
80 194 232 240 43 290 253 207 23 256 251 263 120 176 289 146 80 5 143 223 41 215 54 282
148 242 258 252 261 263 229 196 15 245 161 295 3 289 68 86 53 84 17 29 97 279 280
18 149 214 268 206 99 263 51 284 144 283 225 38 101 187 19 57 241 254 7 55 93 265 157
148 246 160 267 178 278 235 43 250 280 103 79 261 237 2 22 128 112 53 288 39 282
32 55 107 131 151 88 111 291 250 1 9 87 203 216 189 169 53 260 51 35 82 21 196 60 153
227 284 142 147 209 260 282 44 19 50 62 112 20 223 41 7 91 80 279 52 851 140
34 46 134 67 136 185 118 232 234 3 41 230 291 4 191 278 285 157 123 97 164 116 11 291 83 243 282 148 298 118 214 239 101 200 192 211 43 84 2 70 137 288 139
33 149 272 276 61 151 173 232 295 167 275 129 79 289 665 833 185 66 253 231 15 43
22 219 282 268 138 261 128 1 103 79 69 299 50 278 0 10 273 200 259 297 77
19 28 67 75 81 85 88 145 214 68 272 261 129 288 57 69 108 136 143 58 247 238 94 189 100 236 281 11
55 119 275 59 254 294 45 242 100 152 256 191 288 151 73 33 145 7 150 289 132 223 89
211 214 296 299 225 248 126 114 99 238 212 240 179 215 175 243 157 268 189 18 297 98 224 68 237 199 212 291 171 295 145 227 235 205 95 88 45 71 69 119 26
8 29 66 269 209 146 92 81 269 126 234 240 176 296 10 14 108 211 112 197 184 292 130 135
72 231 102 33 78 22 94 264 111 246 168 206 210 275 295 287 173 135 46 224 20 139
195 234 264 296 106 284 91 240 105 96 86 34 224 101 36 146 221 285 135 287 213 232 82 30
20 163 203 175 229 183 123 84 30 138 70 286 23 71 117 59 223 75 40 295 51 18
62 77 119 126 135 147 241 123 141 65 160 110 82 198 196 78 199 273 194 30 89 111 73 269 106
152 167 272 253 261 56 134 58 281 95 282 259 195 234 268 214 114 28 276 9 179 184
91 137 182 284 125 74 3 250 188 38 295 222 75 50 139 101 137 148 181 18 266 286
5 91 230 44 284 83 291 215 54 10 278 209 18 211 108 144 69 111 172 233 269 96
4 106 197 209 10 25 40 198 62 95 264 99 148 114 5 108 113 130 11 296 84 259 6 151
135 265 275 127 43 100 138 259 146 210 186 21 170 33 118 187 7 68 10 278 14 83 275 279 52 177 241 133 76 211 239 246 264 15 182 53 82 299 253 268 183 48 45
244 265 123 179 186 95 2 91 205 230 107 124 200 65 228 237 198 223 5 225 271 99
21 58 236 46 142 50 32 140 122 84 171 209 78 95 298 149 30 101 15 299 235 104 56
114 197 199 217 65 255 295 97 30 89 16 51 243 45 210 165 143 43 106 121 104 287 0
167 118 40 278 128 234 285 52 47 205 211 115 264 215 221 200 38 256 214 167 199 176 117 299 52 204 280 77 122 268 39 75 91 2 179 216 64 160 83 281 74
92 172 188 249 257 14 45 259 205 107 211 71 291 288 91 223 83 145 20 213 851 181 279 67 109
97 230 53 132 115 247 169 225 97 297 141 295 275 233 55 272 62 135 49 256 190 131
153 290 191 245 266 2 150 19 148 85 201 70 28 158 155 283 106 276 123 65 206 87
131 170 175 78 21 155 121 264 71 122 202 285 119 12 6 62 147 100 148 133 245
10 49 62 68 72 85 115 118 262 235 160 60 217 164 236 84 233 250 78 158 226 151 98 93 266 187 7 193
31 110 122 233 292 51 102 14 43 149 185 217 40 135 80 246 262 57 142 71 107
72 201 26 239 261 274 137 88 43 95 297 119 158 50 276 290 272 33 255 201 294 191
34 153 293 179 288 137 269 214 220 201 272 99 245 194 87 142 37 78 248 44 175 264 60
177 200 23 187 101 106 154 100 133 198 173 82 132 7 276 55 134 260 51 203 292
99 135 176 295 162 275 274 123 64 16 12 133 254 129 80 147 187 97 236 139 242 49 179 79
11 87 243 80 77 129 13 278 185 118 251 281 94 190 17 276 75 189 79 23 59 240 170
58 170 270 128 124 22 17 206 293 74 202 251 168 289 253 185 258 51 122 227 71 260 263
43 147 53 107 267 171 140 271 173 241 200 213 63 212 96 292 254 77 99 169 258 117
202 164 113 284 195 287 217 29 282 264 28 219 188 141 160 289 42 283 221 68 149
3 140 295 150 61 218 127 299 91 35 5 197 112 211 33 45 140 256 219 89 156 116 111
19 58 179 119 8 216 71 258 72 166 118 219 61 37 276 24 242 211 163 149 295 196 13
287 63 112 211 136 267 232 157 204 60 66 206 3 292 268 147 262 201 10 18 150
282 191 215 230 64 117 99 195 212 150 163 254 233 258 171 219 51 52 55 172 120
296 67 80 18 94 243 182 62 97 110 85 228 235 265 255 284 112 178 146 140 288
69 80 159 189 262 252 218 75 187 8 250 118 59 288 234 28 270 181 176 202 128 155 60 282 95
98 209 0 37 285 255 178 171 75 239 117 116 224 77 138 196 68 101 250 246 123 283
104 169 291 23 255 122 181 263 86 124 46 164 67 63 163 79 99 287 169 172 268 135 30
83 207 244 256 110 269 80 261 260 55 114 295 171 99 107 210 67 121 1 296 53 196 122 3
74 124 146 184 187 262 148 47 232 28 220 200 227 141 130 66 231 172 193 268 102 73 64 275 134 293
64 109 135 196 282 50 102 124 76 26 101 118 221 295 103 251 250 204 242 299 0 9 291 269
90 206 278 33 75 214 275 143 129 147 50 205 224 678 860 9 14 186 299 7 848 238 199
9 148 140 174 46 151 257 291 287 83 142 285 26 175 62 44 164 233 53 14 22
56 85 146 269 111 73 178 156 276 138 266 192 188 286 221 74 97 55 45 217 189 34 262 154
96 150 242 19 80 228 83 157 236 182 295 11 192 125 178 293 102 270 37 188 211 273 149
74 160 206 38 257 281 253 226 73 54 108 179 106 152 104 271 27 230 249 140 28 125
120 251 22 26 42 148 60 37 29 117 171 106 172 271 13 48 146 58 1 269 202
13 38 87 277 161 196 222 58 126 280 287 57 138 245 289 298 132 92 38 265 94 151 90 51
108 114 207 275 102 236 12 237 206 188 172 258 123 268 263 10 1 105 288 133 48 228 201 291
264 234 56 264 124 108 0 139 101 170 117 258 293 221 271 171 104 243 238 123 2
11 119 166 214 227 32 112 110 163 144 261 207 127 191 82 231 56 169 289 90 60 194 170 72 42
131 49 274 132 250 99 11 135 136 76 182 103 272 248 236 243 17 53 215 37 29
1 4 93 110 166 261 269 210 242 273 215 194 76 270 73 103 59 98 154 134 129 72 250 77 67 287 45
2 7 67 110 243 270 73 99 248 152 269 168 90 79 286 179 59 29 281 107 89 5 146 292 109 148
15 117 123 134 182 252 254 292 63 210 42 8 238 84 255 147 95 19 296 81 177 10 247 196 83 43 99
46 64 115 198 228 266 85 123 240 138 239 40 213 166 145 153 227 181 157 36 67 297 74 287 78 32
24 30 112 214 121 282 205 163 82 48 81 126 159 254 200 267 102 150 297 250 85 1 128 291
201 263 277 61 186 50 176 181 98 17 222 288 258 105 196 247 41 72 235 229 242 193
94 119 150 266 280 200 81 89 149 164 37 116 36 246 185 276 44 90 199 252 202 228 157 146 119
205 261 262 247 64 56 211 112 28 271 180 255 94 105 140 173 104 284 129 122 102 223 67
63 104 264 280 252 105 287 20 25 149 227 107 245 151 289 126 86 261 255 176 235 16 23
170 284 292 42 227 280 211 296 48 53 25 7 189 56 50 213 251 60 180 232 264 219 17
73 192 285 218 99 162 114 28 168 69 198 260 207 134 185 202 257 245 169 102 211 139
0 29 107 232 264 136 25 179 108 43 33 153 161 296 194 26 146 204 42 273 14 229 186 78 206
81 111 134 130 171 152 82 32 141 230 8 259 208 277 46 240 175 281 90 291 196 203 296
53 178 208 67 84 214 7 282 246 206 201 169 159 43 204 106 175 4 129 222 116 40 285
63 146 147 216 274 63 193 60 5 79 254 180 176 58 292 30 26 72 133 128 204 126 264 35 39
1 110 155 160 293 120 278 86 297 177 185 83 21 222 78 188 37 38 254 130 123 63 170 294 157
24 59 104 220 228 114 282 265 139 115 237 46 214 225 257 254 86 23 205 105 299 173 68 135 27
44 129 285 289 209 1 138 131 20 268 225 27 211 222 83 230 180 51 270 145 248 30 224 251
11 35 187 200 239 256 263 233 136 276 0 108 206 132 274 241 66 129 24 154 61 290 29 28 89 287
56 147 179 17 117 247 19 77 127 140 186 182 172 163 268 236 60 265 184 239 255 250 161
124 41 75 224 206 259 191 189 56 174 214 5 12 146 232 215 6 265 155 118 39
2 35 127 145 44 152 265 252 213 86 277 286 73 156 257 173 136 104 194 279 209 15 179 287
8 42 156 104 138 232 247 214 51 261 288 6 179 129 61 48 203 153 124 33 265 282 58
75 103 227 251 287 184 272 232 229 297 242 75 143 100 16 252 214 269 278 70 191 99 22 198 292
103 177 80 167 213 74 77 18 145 268 75 106 7 119 148 189 197 14 260 92 276
54 77 103 129 155 161 187 199 249 250 190 246 197 169 22 210 161 253 79 231 211 569 43
30 37 128 135 209 264 258 251 268 287 134 271 97 119 188 93 291 164 130 239 199 132 21 36 27
151 154 201 272 29 64 69 107 124 156 238 205 264 281 63 290 209 247 103 99 242 112 74 180
90 131 268 92 40 170 176 15 44 281 190 105 55 218 106 54 274 72 214 179 249 123
285 288 20 23 214 255 227 182 45 220 131 181 248 78 239 200 47 13 261 263 113 139
192 193 208 177 248 275 195 44 192 284 228 226 34 129 833 185 231 66 569 211 230 275 253
44 261 268 85 40 43 292 25 148 132 269 172 83 61 207 264 114 117 97 156 115
16 145 20 12 283 223 29 91 57 106 99 233 227 5 27 10 281 90 116 291 14 137
103 199 205 211 269 9 77 263 179 124 132 39 288 125 248 40 80 165 82 153 171 203 115 178
77 154 230 240 95 299 183 50 169 245 190 201 3 204 258 249 254 1 151 160 163 225 246 97
15 65 205 219 244 231 143 170 228 14 78 279 140 7 178 92 288 71 226 187 188 91 27 164 57 172 143 182 122 34 68 222 97 213 117 278 252 188 98 189 165 29 105 208 13
0 205 284 50 249 45 68 170 111 235 57 63 124 160 232 79 215 263 121 58 117 108 1 157 63 69 214 258 173 235 83 263 41 219 28 79 33 276 92 169 52 292
40 95 125 181 266 276 280 16 195 93 294 229 50 256 107 17 293 142 236 29 167 134 289 148 150 33 10
235 258 279 183 258 206 40 168 86 81 248 27 149 199 115 175 217 179 6 244 153 162
248 80 150 27 40 45 182 208 260 211 50 99 35 186 41 0 252 274 51 195 7
56 275 230 49 96 215 235 178 44 242 132 224 225 8 61 277 294 248 0 201 273 198
87 266 113 193 36 125 66 62 288 117 185 115 180 120 57 28 111 267 69 35 121 273
82 264 143 24 187 28 74 217 95 297 73 156 60 163 38 117 14 251 132 69 165
67 236 276 851 196 226 277 91 58 25 293 123 4 83 181 142 9 140 7 20 67 91 109
