19 83 126 140 144 231 280 157 213 225 657 261 143 136 284 33 201 66 47 37 206 262 198 43 238 193 283 199 186 288 259
39 119 143 179 180 297 977 78 181 242 831 609 383 349 452 626 861 702 702 431 473 837 897 535 473
49 72 113 77 296 144 206 171 48 102 33 94 284 101 44 51 122 223 0 218 239 214 297
23 161 59 202 225 57 298 147 211 276 274 63 108 216 191 130 89 208 82 272 65 146
16 27 160 213 241 264 170 259 229 286 280 252 211 235 112 167 26 241 60 92 157 212 67 275 204
110 229 136 32 47 85 202 145 292 156 137 59 276 240 22 247 133 235 295 278 93
279 59 124 132 199 245 60 115 230 133 207 176 74 19 197 285 284 297 225 158 66
22 163 199 245 231 290 21 206 126 0 155 48 289 108 185 101 291 129 295 191 243 260 159 190
56 107 131 253 278 86 58 166 30 50 67 251 187 218 23 112 285 203 228 95 235 231 283 94 106
106 246 270 172 142 210 7 2 24 288 213 263 165 233 276 231 186 244 100 292 218 291 160
84 230 117 207 24 286 158 209 16 69 217 47 273 164 175 15 274 249 213 62 152 174
26 177 213 278 291 209 31 217 68 8 117 9 57 220 185 197 202 99 269 139 164 172 148 6 105
139 162 165 27 153 172 133 42 195 144 18 139 36 43 8 268 248 79 105 294 41 281 138
86 87 100 263 154 288 153 260 93 12 113 47 227 81 60 160 99 292 54 255 6 294 279 146
2 188 17 30 268 240 222 87 35 102 264 104 141 203 292 163 291 281 57 71 64 51
2 91 232 179 35 227 286 183 257 9 57 266 46 73 166 66 297 95 228 202 172 71 180
31 72 141 243 277 1 226 212 53 254 245 34 87 238 213 234 272 196 131 192 89 151 199 224 132
146 261 274 247 285 127 150 206 210 262 275 109 94 36 158 31 256 99 42 28 164 7 257
95 146 213 252 212 235 172 186 210 284 129 158 78 133 0 87 28 232 122 180 120 165 155 170
36 89 182 251 739 255 236 250 22 91 254 121 252 87 127 134 199 164 126 74 166 141 245 56 265
61 97 230 240 136 182 220 20 200 17 183 285 156 118 153 112 198 263 68 16 133 165 192
5 25 83 129 245 258 295 218 134 178 209 126 122 55 247 207 75 187 267 190 23 261 33 72 257 117 272
27 63 104 200 237 73 42 299 24 57 5 91 179 29 256 282 74 78 40 89 3
104 129 210 481 41 262 149 289 150 81 270 248 198 159 151 71 167 290 168 161 121 89 137 279
128 263 119 148 84 10 28 225 280 31 102 9 190 90 45 131 42 151 164 51 161 185
81 143 189 197 75 62 66 43 128 218 89 99 231 50 5 171 84 34 10 284 119 295 47 159 216 274 112 299 270 16 69 151 276 192 152 43 158 10 2 46 291 83 20 15 201 247 162 17 11 33 84 134 275 283 194 32 44 155 132 243 146 138 56 20
15 93 128 237 264 739 16 243 88 9 5 159 98 32 30 11 89 143 62 250 257 241 101 284 171 53
20 48 224 69 283 31 298 220 32 149 290 272 146 115 101 164 261 48 90 0 37 47 3
40 162 228 28 288 235 85 290 215 64 282 291 36 136 152 100 241 193 182 77 98 9
205 209 176 257 31 255 279 41 171 97 188 125 206 128 214 150 194 13 162 124 8 288
109 132 146 283 181 267 168 114 113 223 64 203 169 159 14 278 279 175 228 79 128 133 219 71
20 174 239 246 91 278 58 72 156 6 43 292 299 92 50 144 261 244 214 174 235 277
98 9 207 87 28 176 52 36 290 243 293 105 54 100 246 88 241 165 245 236 111
39 61 255 1 128 9 262 169 69 283 247 81 190 248 146 184 244 264 49 6 246 228
23 238 264 200 175 30 68 171 246 290 234 224 97 155 189 25 100 6 28 13 191 203 91
2 71 111 166 114 295 153 168 269 206 16 186 230 181 8 46 72 165 179 14 78 67 270 5
82 227 148 239 26 177 139 102 240 230 281 155 225 274 14 45 261 202 79 231 206 30
31 145 163 254 156 229 266 34 27 174 216 177 159 132 49 294 254 297 25 124 102 282 103 244
175 290 258 153 200 255 263 47 51 276 75 40 74 105 285 22 215 191 57 269 179 55
93 137 145 173 62 295 286 179 157 137 243 109 67 236 259 257 269 212 275 239 77 213 235
66 90 205 169 266 59 297 126 117 244 161 293 91 48 182 232 1 71 200 33 295
31 91 290 188 241 35 110 105 140 274 38 118 43 134 62 99 1 164 280 104 32 250 174
82 206 228 47 260 208 43 186 245 163 41 135 296 107 87 31 42 192 136 124 134 88 67
119 229 264 80 11 137 194 201 282 145 179 92 7 76 261 101 82 299 164 292 5 114 152
119 176 241 254 70 281 86 235 195 287 33 79 53 25 149 96 136 227 260 287 71 260
200 216 240 259 127 271 281 42 176 50 244 289 184 134 16 54 225 94 28 14 147 80 200 164
6 32 104 132 224 66 92 294 67 244 97 17 143 285 25 79 96 33 227 149 235 136 276 280 53
10 240 212 29 9 221 186 154 98 157 210 183 161 53 258 264 243 214 262 79 49
41 74 225 240 167 143 67 257 181 43 211 144 282 117 7 17 132 15 165 226 23 198 169
0 12 45 191 5 270 162 149 14 56 51 41 108 16 169 44 212 1 63 95 49 255
38 182 244 67 110 188 196 290 295 282 99 35 275 9 38 60 24 163 170 243 268 241 224
27 220 288 53 78 89 23 41 99 143 242 220 52 268 172 84 57 126 209 283 200 179 154
11 112 171 231 292 179 246 199 109 163 184 232 30 237 139 245 48 39 46 170 99 299 216 141 186
72 158 243 264 282 289 95 131 255 189 98 41 40 24 245 3 212 18 287 210 148 69 229 62 265 266
37 62 144 176 276 42 33 47 41 246 211 199 50 111 71 54 83 59 248 281 118 237 179 30
27 55 71 84 218 70 145 264 191 134 261 81 173 105 20 253 55 196 182 43 60 214
96 171 13 225 233 99 266 20 265 229 81 185 118 192 73 34 222 120 204 263 245
39 142 211 213 287 214 215 104 6 34 68 179 293 43 262 167 20 294 10 115 160 71 281 259 175
171 263 58 286 215 65 206 124 251 92 207 186 112 40 183 49 164 14 72 275 87 19
29 57 85 193 241 111 187 168 75 280 230 296 218 41 243 216 270 196 127 217 288 298 295 257 282
1 92 154 210 214 262 287 232 125 66 13 19 184 35 208 51 79 34 121 233 123 46 55 197 276 52 41
39 243 250 207 232 82 61 199 118 24 219 216 291 188 140 12 180 134 125 48 270 175
82 237 258 142 47 297 94 152 35 30 78 214 291 66 149 226 10 208 124 113 100
106 239 85 278 77 221 255 206 264 250 294 2 124 266 81 11 95 200 201 269 254
4 151 22 178 253 228 87 222 10 92 34 66 49 55 211 8 101 163 32 96 152 208
211 209 15 44 133 265 106 228 287 141 260 235 71 280 149 287 260 25 549 745 276
25 83 167 226 154 29 81 185 150 96 104 227 86 134 38 127 290 5 298 161 151 217 285 170
226 282 98 53 242 219 193 125 181 147 57 297 223 138 36 202 188 102 38 191 126 267
262 186 111 128 200 129 168 89 260 223 109 232 279 169 170 121 77 87 249 276 251
177 58 15 277 175 243 197 166 22 5 161 261 163 10 13 240 16 12 207 285 94
42 173 176 276 159 208 268 79 39 57 278 296 285 19 71 100 40 233 145 280 132 14 8 262 84 3 159 62 66 126 288 216 273 2 35 265 286 109 215 220 63 275 18
42 134 178 219 221 242 197 90 207 103 58 0 128 82 1 242 69 6 138 60 23 21 164 81 145 198
43 51 222 245 282 83 172 138 149 291 119 171 126 97 84 185 298 108 21 156 292 24 103 150 141
8 65 93 107 481 7 48 159 133 207 291 209 164 120 143 27 30 247 228 89 93 5 176 25 224
79 112 127 150 286 101 132 106 250 166 49 209 186 263 53 44 121 35 141 257 253 13 39 36 255
59 288 144 55 32 163 11 172 69 97 266 79 225 292 56 180 224 223 176 157 106 122
10 59 138 209 103 36 107 27 60 201 285 237 88 247 35 185 47 196 120 259 238 50 92
63 154 183 201 288 21 283 287 173 233 299 290 129 32 189 243 159 196 218 97 103 3 75 101 294
148 174 244 47 82 163 93 288 99 29 295 282 167 279 14 283 152 253 98 120 239 44
163 250 229 41 39 198 208 185 135 235 230 136 5 197 155 293 50 274 115 147 206 9
73 88 295 170 160 66 43 127 271 65 283 230 225 134 238 36 211 244 85 172 296 104 152
12 105 109 239 217 250 187 66 99 195 246 121 203 143 156 118 163 185 232 253 192 30 24 50
40 59 192 295 82 131 167 247 94 92 132 45 6 171 191 169 35 143 224 219 218 120 232 178
4 48 240 176 250 272 210 138 164 55 175 211 139 100 248 133 147 103 92 25 242 46 269
230 289 193 289 218 144 281 92 167 20 98 226 277 191 43 93 219 12 121 60 290 13
31 68 88 188 246 290 281 242 154 29 89 34 291 24 222 8 2 153 136 196 226 228 105 186 252
35 56 147 149 266 41 146 138 145 296 287 12 174 279 252 230 88 163 67 177 10 69 204 68 266
24 65 111 78 69 150 294 70 133 94 156 237 7 45 183 228 284 114 35 20 257 47 38
46 65 162 294 53 248 148 61 266 216 10 232 275 118 107 40 270 166 240 161 117 83 188 196 163 22 193 93 66 167 153 258 106 156 88 162 81 192 289 181 89 246 253 20
90 131 144 165 142 233 280 15 19 46 246 25 24 124 108 225 130 202 95 277 265 245 186 179
1 79 185 197 267 275 153 59 225 275 75 183 255 214 157 72 232 168 96 84 230 213 292 291 64 187
11 25 44 190 192 255 155 234 278 165 71 93 268 42 243 232 38 27 2 37 77 253 61 19 100 295
97 246 66 12 108 130 234 60 154 217 252 218 121 92 9 126 268 227 55 138 195 38
227 259 280 41 79 123 131 178 29 100 31 259 200 203 64 19 240 247 207 182 113 125 197
10 115 208 267 284 239 207 122 69 106 194 161 287 46 125 252 190 62 225 99 278 245 166 274 118
270 42 134 135 117 101 14 265 139 146 276 260 287 71 166 149 227 260 266 53 136
63 71 107 150 208 234 69 154 158 196 141 84 276 177 2 255 296 13 287 213 138 70 214 173 130 246
47 63 126 170 273 183 59 16 51 26 136 180 244 230 49 27 36 188 191 153 63 43 278 114 219
86 270 432 45 56 69 176 49 267 202 237 12 3 149 287 235 53 260 549 745 227 276
68 75 145 193 50 67 156 31 105 106 141 178 252 270 184 189 30 158 81 44 237 46 251
82 276 298 126 251 72 270 27 181 92 226 85 156 148 183 134 62 230 143 194 232 159 42
31 52 167 223 284 1 33 170 161 210 264 99 61 284 223 225 82 191 91 107 154 188 27 110 88
131 134 136 227 119 222 42 102 123 98 105 229 81 149 64 10 274 209 201 282 148 177 13 153
86 181 184 193 298 230 39 22 111 196 238 284 94 123 147 184 78 274 130 52 296 199 153 283 264
3 180 181 207 354 202 133 82 263 236 221 268 174 183 93 3 119 208 106 114 95 42 9 217 225
55 183 224 72 241 283 10 116 202 30 267 253 250 200 228 75 40 238 121 11 110 139
5 91 169 263 156 162 177 117 207 224 139 95 118 254 267 266 246 47 12 240 77 30 293 24
67 153 11 224 199 76 52 156 254 134 44 164 274 246 21 281 185 187 120 140 70 71
68 1 104 54 131 55 107 148 156 25 35 147 259 273 126 192 225 16 58 117 157
121 31 66 251 105 42 90 193 132 190 253 23 96 294 278 289 181 170 252 230 44
41 52 133 194 118 69 292 9 100 2 48 70 255 63 40 182 217 39 137 290 184 283
117 290 206 199 276 66 275 162 147 191 101 20 172 205 234 268 163 271 33 296 85 30
54 89 208 210 37 75 140 122 275 212 113 3 93 240 267 65 34 279 282 204 72 29
167 102 86 276 101 159 247 251 16 286 182 277 38 80 73 275 60 70 152 235 13
24 273 292 183 271 260 122 149 249 166 124 27 33 250 53 156 143 240 121 152 61 193
38 196 221 69 72 255 267 232 262 209 88 264 194 15 2 79 212 44 106 8 117 28 115
38 193 272 296 238 142 149 168 139 184 14 175 212 88 270 123 23 93 298 262 134 200 152 253
111 101 284 157 17 250 195 167 136 126 166 102 170 165 283 213 10 253 155 274 6
138 179 197 228 53 155 253 54 89 267 272 64 218 256 174 46 238 21 87 29 230 136 239 12
0 62 143 178 281 252 52 126 138 54 69 41 24 222 10 36 76 161 283 278 204 299 169 181 287
5 249 162 187 252 194 229 221 100 215 68 193 160 115 122 124 64 32 146 218 78 57
85 89 104 130 132 112 250 109 13 128 260 140 90 210 145 9 79 78 224 174 51 249 88 81
249 277 95 11 85 153 274 269 165 206 45 72 56 40 46 194 3 238 62 249 168 119
63 114 243 258 167 112 280 173 147 32 2 45 242 226 85 162 48 75 111 181 98 254 234 166
6 145 178 186 38 146 120 277 101 190 266 179 197 147 40 34 154 18 299 74 245 20 32 11
106 108 256 269 291 275 270 48 127 121 22 241 168 145 253 50 126 33 221 40 146 141 58 10 223
52 134 165 214 215 36 194 83 106 110 7 124 162 6 276 253 93 81 219 224 271 73 202 259
6 88 96 259 289 297 198 219 55 80 229 239 79 66 205 44 113 35 211 231 86 60 156 185 102 221
47 8 241 71 36 61 223 239 159 207 57 161 2 143 156 176 234 145 220 273 232
23 99 253 176 118 138 169 121 9 244 16 92 59 157 232 6 203 158 246 166 243 181 259
1 38 55 115 60 220 168 149 233 106 247 129 123 42 139 21 32 276 208 151 183 78
77 101 144 0 16 120 39 5 185 40 108 21 19 64 249 180 4 81 8 50 207 218 114 142 245 249 291 293 90 156 45 138 258 30 48 56 175 16 165 96 190 180 29
54 135 138 290 296 220 225 177 291 145 223 119 18 254 217 120 29 109 8 287 156 125 152 175 9
111 153 285 290 286 120 138 226 65 12 284 222 264 60 131 72 99 295 111 273 161 235 39
62 175 138 200 288 150 99 145 49 254 83 1 184 182 229 245 153 126 279 151 157
8 61 272 65 258 265 286 193 201 37 240 92 281 153 200 83 241 72 89 98 64 233 230
42 67 87 269 184 104 33 49 40 132 281 77 294 208 226 297 117 216 25 246 153 181 242 89
242 293 76 19 92 246 129 292 264 50 275 96 197 262 132 61 203 159 90 220 163
79 98 123 124 175 246 282 54 98 109 210 39 213 51 236 69 173 106 253 127 172 184 274 139 29 27 52
19 58 80 228 160 178 265 150 11 29 281 146 289 141 104 112 238 63 46 89 180 168 51
137 151 168 177 9 292 184 299 96 50 290 168 277 199 294 139 271 102 28 195 47 54 214 39
90 251 63 229 148 18 153 255 176 205 9 44 5 196 167 233 253 279 213 263 65 22
162 276 281 83 296 44 273 4 56 241 290 66 22 258 19 109 18 194 173 186 255 285
237 92 63 30 61 124 283 10 297 148 66 46 65 255 192 247 217 110 139 199 40
16 24 62 119 253 266 282 135 3 144 59 227 236 240 75 250 192 241 276 112 107 275 83 193 50 213 229 78 77 206 1 158 10 124 259 260 245 101 28 97 41 197 70 27 234 176 42
108 282 293 10 20 295 121 77 240 299 109 4 256 165 129 26 38 37 249 213 110 220
213 223 252 230 261 85 293 86 275 24 87 16 178 285 265 34 94 103 63 294 151 118 135
29 72 204 272 178 159 265 41 102 9 72 140 232 66 59 116 165 97 161 152 134 230 44 258
51 86 253 151 298 217 166 163 48 119 148 0 64 140 145 67 60 134 87 46 184 149 65 243 273 297 133 269 256 35 293 113 195 230 1 147 55 212 239 284 124 53 276
147 246 247 216 148 173 165 41 270 146 263 130 289 67 94 151 200 120 46 27 80 58 137
21 236 287 4 259 71 24 262 28 112 171 76 175 91 266 13 38 188 122 43 249
56 238 239 254 6 184 221 169 225 68 291 146 48 14 266 126 158 21 180 211 275 72 182 27
118 259 275 278 66 107 8 140 20 293 127 164 286 1 170 38 215 177 272 131 60 51 290 123
163 257 9 195 42 253 172 51 2 151 28 109 215 123 66 88 233 91 184 178 221 87 27 80 42 280 43 144 70 285 228 55 216 123 191 48 248 210 125 224 30 68 60 69 160 259 104 298 53 6 204 233 252 22 291 30 5 208 146 92 54 111
23 120 213 5 249 213 1 122 251 171 176 284 34 268 288 262 256 245 209 298 104 238 154 166 267 55 294 11 171 211 134 290 80 146 37 283 136 192 168 299 109 53 279
81 157 84 1 152 230 200 68 21 279 148 55 259 256 157 130 97 235 232 272 60 10
74 139 159 163 202 225 112 106 239 111 66 137 233 43 162 141 76 19 77 125 90 136 50 289 82 178
1 17 19 70 85 230 228 278 9 141 46 38 202 156 280 133 11 54 129 276 128 199 197 137 164 166
128 211 28 105 35 14 270 30 230 149 55 221 31 282 240 88 254 151 71 164 115 95
67 104 111 157 168 266 113 124 48 263 183 34 3 292 51 41 36 115 155 23 169 284 168 145 73 198
186 189 260 12 21 180 226 289 109 296 290 0 295 90 152 43 195 193 126 129 36 94
19 41 123 201 270 106 174 235 254 42 201 218 122 6 62 196 134 18 245 99 51 226 124 37 39
39 43 197 272 254 126 246 282 215 46 98 62 92 155 202 252 120 115 272 26 207 54 181 67
109 130 208 481 116 297 182 44 85 83 242 272 74 17 65 10 123 138 157 132 4 204 205 179 227 83 176 212 165 242 157 250 231 72 203 273 144 220 79 145 68 98 44 14
20 192 204 254 131 141 241 71 74 171 221 289 199 291 245 145 103 1 27 246 110 129 29 112
121 191 195 224 284 35 186 147 69 249 92 30 172 295 78 118 94 207 108 134 129 107 114 72 5
209 210 67 34 200 223 287 51 141 196 187 49 129 229 209 114 206 2 227 278 18 258
80 177 208 251 235 156 268 255 222 59 274 223 137 142 43 147 185 197 34 253 195 125 140 254
3 68 110 119 259 250 184 237 205 254 50 30 74 252 115 166 111 255 292 212 75 240 225 144 273
177 203 232 41 3 281 71 159 241 145 252 153 16 176 272 178 276 256 128 236 18 61 286
10 22 87 89 150 186 299 57 155 36 274 201 261 9 127 283 272 52 199 105 42 85 294 251 173 139
126 160 221 278 15 139 192 284 39 49 69 277 151 60 279 177 87 209 207 181 202 173 128 255
88 110 156 205 285 65 191 130 139 231 111 112 295 104 228 211 245 149 97 20 44 273 8 277 182
177 158 274 147 113 170 205 178 223 289 30 114 197 152 83 209 33 87 246 79 82
11 91 135 233 212 213 188 2 132 136 195 196 140 154 117 236 65 70 75 192 246 13 240 83
20 38 103 246 268 136 216 277 13 57 183 268 6 41 272 37 156 8 73 3 280 245 19 281 50
30 41 86 170 202 197 178 77 270 201 280 144 226 122 248 279 59 86 177 15 66 265 39 190 221
50 71 173 220 214 3 134 197 92 48 276 37 185 54 172 21 69 26 91 201 83 231 152 143
13 165 201 287 481 237 156 291 188 36 0 117 53 111 24 135 164 130 243 260 178 23 9 108 118
49 69 148 288 247 89 127 97 63 122 175 198 189 225 269 111 182 98 70 57 181 92 171 65
54 124 115 234 233 247 82 92 237 126 250 148 18 228 96 261 254 292 192 57 181 288
15 129 162 253 262 280 202 188 218 186 76 253 213 233 266 183 161 6 166 148 141 165 264 288 196 296
19 3 272 203 216 58 53 54 133 245 172 80 200 69 68 158 251 27 253 60 177
76 207 34 133 210 96 42 189 95 253 91 230 43 115 56 94 98 3 39 154 116 55
16 100 187 221 235 280 210 144 184 86 50 219 217 231 116 269 68 187 9 143 201 73 288 187 228 203 264 67 247 231 242 92 208 129 270 117 232 12 14 66 19 220 145
148 295 299 36 112 281 11 140 268 193 173 298 12 204 108 272 66 296 208 207 104 278 162
