123 266 730 130 173 185 763 603 34 80 991 661 243 570 534 309 643 30 625 637 529 85 576 897 187 814 221 113 184 226 190 83 52 204 43 156 73 152 79 20 232 42 269 12 41 237
81 90 186 13 15 68 76 271 581 795 286 925 591 829 945 408 337 380 740 774 937 808 850 975 12 641 480 388 173 239 80 176 247 123 104 67 189 39 277 234 81 282 231 57 151 202 154 77
8 34 55 223 40 7 83 220 52 198 237 61 119 262 714 165 190 781 666 186 401 226 344 938 731 135 76 125 124 294 248 172 253 152 245 72 62 25 115 121 298 254 136 107 290
34 74 172 253 261 67 55 23 223 259 63 210 244 167 6 208 124 128 54 291 186 92 294 81 126
10 55 113 115 181 38 156 189 47 141 145 213 141 6 201 250 241 114 898 244 920 183 112 122 183 156 294 225 276 9 146 284 69 267 137 141 285 215 148 181 213 138 232 87 242 83 5 248
510 291 88 22 234 123 79 231 173 189 252 287 162 260 216 75 239 159 288 35 261 281
76 130 202 264 232 113 153 161 140 202 100 7 289 282 38 23 238 29 33 221 175 141 214 268
629 26 84 254 377 510 291 173 281 234 35 22 288 529 298 401 808 975 184 52 661 215 6 850 266
93 135 240 265 629 3 66 240 83 240 268 296 127 106 128 211 233 295 868 92 73 317 200 158 634 938 126 455 195 206 212 292 32 238 250 172 273 87 96 202 283 268 166 271 118 248 208 7
27 72 132 227 196 188 69 31 244 283 108 255 60 105 79 226 155 119 195 118 22 13 298
69 112 140 235 170 258 2 29 128 37 127 253 204 233 281 79 143 282 83 178 213 232 30 241
99 180 231 44 110 242 113 6 182 191 276 178 217 25 29 169 96 244 252 38 192 296 254
142 270 293 227 251 105 229 263 140 158 129 110 37 287 148 154 290 106 262 101 90 201
499 101 209 292 295 113 216 289 232 112 24 246 285 90 203 117 44 126 12 176 297 49 31 161 94 127 135 90 298 233 199 194 299 148 108 134 294 143 239 91 245 207 99 152 259
65 71 147 56 240 237 271 182 245 10 176 132 224 32 222 59 64 217 1 164 229
103 270 293 277 287 66 89 101 127 18 220 85 232 159 42 282 620 88 36 14 14 992 39 894 461 228 149 117 41 101 31 16 50 215 1 170 9 86 250 219 2 192 39 156 139
155 170 220 252 133 94 292 271 50 31 249 280 160 183 270 17 84 96 153 82 213 119 21 0
29 135 271 85 31 290 219 232 117 8 52 211 115 273 114 70 12 140 212 230 39 202 159
1 181 202 264 186 262 278 64 218 194 188 139 274 20 239 3 74 30 203 26 6 187 299 221
1 46 69 88 86 58 5 117 288 220 274 11 253 36 292 215 163 198 195 218 244 243 44
7 133 287 104 16 126 171 144 275 100 118 200 288 279 96 102 252 99 51 38 244 174
212 248 154 61 204 259 134 145 197 285 25 173 231 239 172 87 196 58 252 146 18 227
64 81 279 296 131 21 232 280 143 114 18 32 184 173 200 198 151 44 210 258 169 38 94
153 154 191 220 246 250 277 20 299 151 12 291 103 85 266 36 75 163 2 14 547 282 203 159 219 127 992 241 84 273 288 247 18 79 89 201 278 265 39 100 110 80 188 206 187 115 195
239 291 169 23 164 32 79 287 192 26 220 3 161 139 275 143 212 137 114 188 76 185
67 120 139 194 290 216 57 291 210 58 287 203 92 227 67 59 228 282 108 255 160 22 214
177 253 13 159 90 98 37 212 92 198 295 6 288 35 280 132 197 281 146 141 140 297
226 264 5 77 256 89 44 19 206 109 267 48 179 34 0 193 29 56 6 79 38
1 106 118 180 103 50 235 137 27 224 47 211 247 257 265 136 204 26 42 220 214 192 194 146
7 122 207 285 237 255 218 184 288 229 105 20 884 276 157 221 232 201 49 276 271 70 800 216 57 207 178 73 103 147 200 212 152 159 46 26 273 249 108 78 98 192 259 267
172 231 246 151 66 86 117 244 116 218 15 57 44 275 181 262 127 230 169 83 125 161 260
7 171 49 131 254 261 57 165 129 70 275 67 69 36 262 291 257 203 115 10 158
137 146 282 87 112 288 70 105 145 60 194 59 140 1 297 144 275 160 213 209 5 44
44 151 241 207 254 173 95 84 297 238 65 13 82 48 295 139 64 196 250 33 37 137 266
45 118 271 188 147 195 47 288 190 210 199 267 178 224 145 56 248 164 287 212 42 181 155
20 67 223 37 67 241 122 250 154 203 253 139 151 240 262 120 126 199 111 133 75 62
50 210 89 208 286 132 215 36 267 63 242 205 164 270 31 141 214 73 117 213 27 56
17 145 252 287 12 57 215 43 80 8 227 137 242 175 147 105 209 21 69 161 293 89 292 109
39 168 60 287 139 160 260 209 163 262 248 25 146 212 52 211 147 232 266 191 23 234
12 132 146 70 193 228 7 194 257 5 146 184 57 48 113 39 289 62 91 87 90 21 95
499 122 100 5 287 32 98 176 126 185 151 283 280 67 113 208 122 188 226 277 35 156
43 237 276 274 267 61 202 231 71 97 113 3 55 162 169 37 207 294 127 160 189 226 194
13 26 59 62 222 295 187 8 200 109 171 226 176 80 291 261 32 147 196 272 152 126 72 183 66 11
16 47 67 99 169 174 250 108 220 63 37 135 186 102 141 44 32 111 193 255 19 235 208 175 214 1 65
149 181 59 116 231 82 185 54 10 284 119 105 40 219 19 281 291 165 203 111 207 75
94 30 196 93 202 286 41 207 117 191 225 122 253 84 234 140 228 107 139 83 272
72 139 185 188 253 293 197 298 29 158 32 166 173 36 176 287 292 273 202 192 186 289 128 131 280 177
175 180 273 219 245 280 222 28 212 296 206 141 198 234 54 291 220 124 52 95 128 295 80
89 108 169 247 215 90 95 61 97 73 119 86 280 253 80 10 35 254 16 212 175 147 249 208
16 274 59 54 130 241 9 7 225 141 0 245 283 210 234 214 279 197 106 119 121
255 260 78 267 109 247 282 89 294 227 192 208 104 49 61 293 151 196 142 166 183 239
8 12 59 253 267 137 196 173 277 174 280 111 222 274 146 269 34 169 76 2 276 101 288 177 268
237 269 50 160 227 21 235 123 96 162 221 18 77 16 27 274 130 219 282 137 109
153 197 284 53 91 148 204 254 169 208 96 234 136 27 34 219 126 109 193 252 132 249
49 72 249 71 204 65 47 268 135 1 287 220 276 258 249 129 282 86 117 184 176 250 294
67 81 187 253 186 297 26 299 255 75 78 229 163 106 286 20 10 128 271 11 288 96 4 262
72 103 112 118 228 47 272 77 106 30 178 63 277 80 2 146 87 290 208 260 18 152 49 34 119
30 277 200 219 31 255 258 65 192 85 110 239 8 197 94 277 222 177 208 34 147 240
11 199 263 281 135 164 155 104 143 77 251 98 73 281 120 271 222 181 163 154 205 296 15 257
119 154 70 258 243 286 244 36 241 20 222 270 230 215 30 103 26 248 27 84 211 175
208 80 167 32 244 23 190 262 25 89 204 90 21 274 129 240 26 87 56 281 123
23 185 71 50 228 248 177 7 75 1 41 37 87 165 250 245 172 104 114 76 198
30 32 142 55 163 297 106 170 258 81 126 113 208 43 74 124 206 213 292 117 204 226
629 7 10 26 228 211 78 182 242 123 278 18 17 290 160 74 246 22 180 232 32 250 185 214 103
629 37 79 90 213 64 237 263 155 217 222 131 115 133 175 123 130 145 249 245 125 139 282 146 297
120 174 284 236 129 110 139 33 11 257 270 31 109 126 43 198 165 149 85 176 80 5 15
6 131 151 190 294 246 196 223 278 70 60 271 217 275 19 158 80 128 82 287 266 232 220
14 37 56 81 195 291 123 114 72 133 239 95 178 110 30 90 265 210 33 173 217 224 73 244 140 200
13 193 162 131 281 178 116 205 191 145 122 32 246 295 272 5 233 73 124 125 167
120 135 156 255 141 14 226 169 271 175 293 190 243 85 43 22 37 46 67 137 245 198 155 193
112 128 85 66 56 97 132 77 116 260 18 249 68 20 279 24 186 151 13 263 256 32
88 275 95 202 288 46 137 75 66 134 276 266 290 68 59 93 196 248 151 65 104 123
34 216 280 295 144 104 73 206 96 131 299 11 63 65 26 57 72 8 143 196 186 185 155 199
40 68 247 264 45 114 6 38 158 247 74 144 296 6 181 160 260 156 289 74 151 230 216 197 280 205 91 228 134 144 57 292 285 130 6 26 271 276 123 156 1 68 95 278 19 176
158 113 20 84 246 174 152 247 29 269 165 3 220 52 219 7 198 147 112 44 93
296 85 171 210 148 132 165 60 226 51 284 116 127 186 159 139 80 233 287 212 26
40 165 205 51 191 11 1 102 72 68 118 294 238 140 235 174 58 231 178 89 225 219 56
124 211 252 76 106 290 105 298 79 18 269 226 245 96 884 166 232 245 201 221 255 800 216 49 196 157 253 107 131 218 106 40 51 71 251 73 59 158 122 297 190 195 113 252 212 205
81 119 254 253 147 80 163 158 246 22 185 92 192 265 81 219 54 129 262 279 181 263
49 85 102 118 186 194 205 97 131 159 60 116 14 92 27 84 284 29 127 219 39 61 264 293 72 240
104 155 267 285 293 134 253 12 48 131 197 268 215 284 75 52 144 181 102 272 241 185 85 273 112
6 194 82 32 53 222 216 192 181 170 99 72 175 48 279 215 179 93 120 290 56 291
61 141 150 186 191 164 76 113 16 149 283 66 60 12 221 280 243 250 64 100 137 142 85 80 136
123 185 233 121 213 258 298 10 276 134 18 13 106 201 126 158 202 129 246 180 283 104 38
1 40 47 175 196 226 28 261 110 253 296 42 189 128 16 169 166 97 242 219 291 94 193 207 265
28 188 184 112 185 116 246 125 124 95 196 121 97 20 254 8 181 150 151 32 83 120
232 266 181 284 89 251 102 0 125 204 46 229 151 132 49 16 199 226 150 116 269 264
138 160 98 200 80 127 83 264 222 65 51 6 294 140 15 206 8 45 177 184 170 186
67 164 198 221 119 11 9 214 129 95 60 37 157 50 72 148 252 136 133 29 47 156 131 12
54 68 129 137 207 250 139 53 174 292 189 204 150 198 180 141 254 244 200 221 293 70 227 115
229 284 127 50 123 221 148 69 130 168 219 106 174 151 255 9 267 76 204 273 193 147
158 242 240 263 202 244 287 29 180 81 277 38 26 47 206 210 49 200 71 103 77 198
15 154 86 118 229 187 12 64 0 114 252 22 133 15 225 192 291 9 83 48 273 74
48 144 226 30 224 221 222 43 203 49 225 119 83 17 0 228 64 208 35 195 243
80 100 197 84 213 49 212 25 23 222 149 111 219 171 283 157 233 244 119 289 16
2 231 49 48 114 61 199 73 228 56 109 268 66 101 154 57 96 198 59 262 127 144 247 41 211 27 256 189 246 5 202 59 188 254 54 296 235 26 215 179 134 234
74 259 377 76 266 182 247 12 150 168 133 228 128 276 271 166 51 48 75 299 130 290 202
157 168 21 159 128 6 258 281 148 155 170 105 255 228 238 96 283 296 109 80 161
187 223 36 129 243 140 146 264 89 23 107 237 284 125 184 287 241 118 266 263 240 37
7 199 377 244 73 150 222 268 4 15 30 72 297 136 80 227 242 141 28 230 44 102 77
26 112 209 283 165 150 49 287 171 294 281 179 226 157 84 5 193 215 80 63 182 118 223 29
101 143 298 232 287 291 13 264 280 270 29 127 84 161 9 196 0 1 163 6 142 213
15 282 170 165 101 31 241 163 242 130 40 181 157 147 70 257 255 120 131 26 221
247 217 158 253 56 262 222 157 27 186 277 38 227 275 281 118 243 85 178 13 8
11 22 177 256 218 263 196 185 243 89 134 4 78 43 266 226 186 276 101 121 44 153 233 73
12 133 177 226 49 188 28 239 95 115 215 99 27 68 235 105 226 93 202 110 84 227 262 140
268 279 219 49 81 27 218 95 42 296 131 89 2 59 55 124 135 252 94 29 157
184 133 282 274 47 93 16 17 251 228 266 262 76 46 51 42 60 289 54 165 141
56 227 134 70 229 146 225 223 100 98 69 37 160 41 128 177 115 76 222 236 84 155
62 176 223 295 60 247 210 184 43 171 123 180 137 7 23 128 144 125 76 117 255 71 134 268
16 44 81 132 7 224 99 287 183 67 38 271 3 232 188 201 59 86 237 50 109 48 31
0 86 228 42 240 272 45 220 253 39 90 239 257 199 246 216 21 248 206 288 150 50 280
99 117 201 197 168 284 10 120 240 210 87 183 13 193 255 24 147 152 15 298 293 139 73
85 266 377 113 199 261 145 206 95 163 26 5 72 100 218 214 84 23 90 213 83 123 101
20 84 91 140 149 219 127 32 183 200 105 109 38 216 271 54 16 63 178 93 4 245 208 29 59 140 264 7 254 184 296 166 53 23 89 215 129 241 299 1 91 273 282 283 98 240
244 119 198 271 176 75 201 185 175 1 206 130 141 281 161 260 183 153 165 73 63
31 71 91 120 158 199 257 284 163 245 195 86 153 104 294 100 63 212 236 285 37 52 287 124 216 41 180 2
25 83 297 74 295 68 86 88 154 293 176 209 262 100 194 183 199 248 276 149 296 184 164
65 141 187 29 116 262 76 245 37 237 12 90 118 107 272 249 185 242 190 217 87 143 71 230 193 202 80 124 219 173 217 205 63 94 281 77 70 88 159 200 6 54
74 219 215 179 2 167 0 104 49 27 263 127 136 9 275 210 23 31 244 282 4 97
60 215 70 9 294 40 145 24 32 224 211 116 175 66 5 154 177 133 25 288 247
169 281 218 263 212 168 277 293 230 155 246 103 216 150 166 190 50 153 274 290 262 175
104 168 180 240 292 8 26 89 152 215 183 256 213 181 127 268 53 76 49 255 800 884 271 216 70 232 201 276 93 276 183 111 171 167 238 114 290 242 25 228 181 10 22 150 28 188 281 219 73 64
106 137 11 218 153 229 30 204 31 44 7 68 296 85 184 191 197 281 24 208 166 67
175 52 151 233 234 253 119 134 142 208 18 5 139 50 171 184 58 12 70 32 9
800 105 253 104 268 226 269 216 62 0 118 288 187 40 16 237 198 54 74 255 270 244 52
126 205 239 247 121 55 34 228 17 126 159 154 289 20 287 167 202 128 185 186 100 119 115 299 49 93 178 213 160 217 111 221 146 226 22 243 48 165 57 28 151 192 51 290
4 94 101 108 153 92 79 164 203 264 50 173 135 132 148 13 992 3 127 282 100 159 131 203 163 88 226 229 257 16 251 185 102 134 283 234 281 56 93 189 148 0 104 158 159 31
57 51 4 180 62 138 243 276 129 253 156 93 147 85 111 30 76 109 200 141 283
85 90 143 185 252 261 299 221 284 140 230 246 159 184 139 272 50 238 91 293 282 267 253 223 96 102 43
629 52 263 268 259 103 86 43 208 121 219 197 149 271 135 207 167 87 266 239 99 183 255 217
144 287 31 203 150 10 222 17 231 221 172 122 241 290 59 148 157 46 41 154 251
10 54 152 187 188 83 25 264 138 150 84 209 119 127 76 292 177 229 193 97 249 57 112 192 160
126 155 89 149 290 267 207 97 124 258 31 241 3 214 261 73 44 246 139 131 80 260
162 79 7 84 187 117 161 243 68 192 250 56 19 138 190 206 91 50 166 196 298
499 50 63 64 170 180 229 67 211 66 104 291 265 54 90 14 10 86 27 84 50 119 124 288 229 160 103
97 224 48 154 282 9 104 53 222 281 211 65 76 162 106 23 278 83 57 172 284 227
273 283 182 43 0 286 74 29 221 226 148 64 12 11 22 237 39 94 19 112 59 252
1 127 233 244 2 262 164 228 281 255 297 16 17 190 264 86 111 267 283 216 146 79 248 206
200 197 53 216 118 135 220 124 245 162 14 112 180 270 161 246 181 213 282 288 153
112 16 216 289 127 99 15 97 106 73 62 180 252 60 233 83 245 114 236 118 76
7 83 181 187 282 256 278 177 27 43 205 13 180 232 39 160 107 169 249 72 168 103 207 260 257
107 172 240 253 53 272 124 37 9 288 174 154 31 92 145 138 80 273 222 199 125 246 126
28 142 225 284 139 40 116 28 62 7 17 16 258 113 190 71 259 39 80 6 234 33 109
20 63 160 227 295 75 171 252 236 63 241 83 283 76 42 39 123 278 130 181 206 265 28 151
101 107 247 1 169 129 216 208 131 18 117 2 195 55 16 0 199 71 269 144 49 218
4 206 270 367 75 205 198 271 36 134 4 276 265 94 78 152 262 296 7 17 216 24 210 74
56 207 70 23 285 191 272 219 192 17 105 281 163 241 216 153 85 52 92 98 279 225
1 218 261 265 47 199 243 220 194 256 230 72 129 50 112 134 43 137 15 214 255 198 3 178
31 64 169 213 257 165 281 114 280 76 45 186 30 138 178 120 292 266 17 107 123 54 237 147 37
499 46 205 280 297 95 110 155 135 163 202 159 241 282 275 15 258 117 174 239 37 74 98 169 257
95 131 181 209 175 201 189 236 283 50 72 1 244 241 211 68 205 51 287 92 163 94 7
499 139 146 232 244 12 168 227 286 162 249 65 142 262 184 101 299 211 149 133 266 13 172 251
52 205 261 129 238 151 235 152 280 2 15 26 48 286 183 210 122 160 249 93 120 119 55
629 56 191 235 55 260 77 187 211 274 53 230 123 207 144 63 216 1 242 60 68 295 137
22 181 253 194 299 7 165 254 258 209 191 266 23 98 154 247 65 190 117 158 15
76 90 101 103 296 190 66 100 4 251 79 73 5 206 245 249 145 174 68 243 280 134 223 94 296
177 282 24 181 156 82 104 255 62 158 41 5 276 116 51 117 95 58 168 3 37 48
79 193 279 89 161 107 143 83 272 80 41 164 239 63 58 50 153 129 217 268 26 74 123
15 250 276 111 98 171 189 208 9 26 271 166 292 33 81 164 70 173 56 272 54 236
21 45 83 197 264 218 35 178 166 122 197 198 115 13 84 87 12 11 86 124 286 187 246 151 92
78 123 135 199 293 35 45 82 279 147 191 119 281 85 124 266 285 41 94 118 100 114 130 5 116
74 190 242 259 296 203 257 258 264 266 87 74 19 153 103 168 59 13 94 272 160 124 62 169 253 270 163 231 238 138 264 39 1 205 180 135 221 55 19 155 123 75 13 216
37 265 58 198 165 40 231 96 259 72 114 206 47 57 176 127 296 280 261 87 28
55 57 90 132 247 281 252 232 117 221 262 81 281 227 126 46 94 116 189 210 288 73 54 109 233 297
850 25 163 175 196 217 288 194 93 30 288 177 50 196 187 48 244 149 291 0 267 81 148 13 219 36 130
19 288 296 200 260 96 83 62 286 92 36 19 6 49 207 279 238 262 114 248 272 37
194 272 286 148 215 93 281 101 14 35 88 152 173 247 283 158 87 284 222 295 211 188 76
91 126 169 237 271 117 1 234 159 105 282 82 249 286 269 246 200 254 262 216 90 35 36 207
89 186 199 202 104 236 95 35 68 222 186 283 168 284 172 100 267 188 220 89 258 41 270 105
22 109 22 126 10 137 152 55 228 90 272 74 174 241 210 25 271 64 130 13 192 200
50 117 194 246 92 289 293 98 97 12 200 168 124 99 166 118 295 80 180 33 103 94 60 236
499 27 199 267 32 205 98 133 166 42 216 103 7 255 85 206 218 243 11 240 293 73 276 200
166 209 240 274 198 118 4 115 48 140 139 205 278 18 54 70 7 10 261 155 60 216 14 44
147 247 281 176 230 253 0 265 221 3 49 35 125 74 252 67 1 191 69 225 21 58 112
499 73 155 160 108 278 87 2 7 48 178 227 101 243 193 53 92 118 158 259 263 213 14 34
499 222 298 92 151 253 34 80 136 249 282 27 57 221 263 91 268 137 272 222 177 180
142 76 39 57 165 25 233 258 252 197 266 13 294 63 227 230 107 127 247 59 29
63 70 176 191 232 291 219 198 26 82 81 146 290 80 151 36 139 129 191 270 128 172 255 70 1 59
29 119 151 164 41 193 159 254 189 262 37 221 149 223 132 141 66 124 242 151 199 214 47 120
