34 131 153 297 410 653 170 185 199 667 586 270 38 475 487 174 717 271 240 329 932 824 312 659 182 793 362 65 198 171
99 190 208 269 84 328 49 191 269 864 236 279 357 104 276 925 299 718 718 730 292 530 363 655
11 59 99 247 139 597 655 30 28 709 709 964 964 198 182 259 7 204 271 312 171 171 362 111
66 90 91 126 153 57 107 981 722 190 225 752 161 781 244 412 377 982 38 325 170 699 699 279 222
168 261 186 241 267 178 261 172 194 19 152 30 7 244 75 941 11 14 110 219 610 280
24 25 179 244 269 394 102 112 191 216 266 134 184 914 192 964 271 405 31 390 46 115 388 722 40 350
9 277 156 228 113 246 296 183 257 207 46 274 226 52 91 115 48 78 85 209 242 152
5 290 134 251 133 64 165 112 51 3 170 17 123 27 190 228 248 246 210 104 278 48
24 130 13 92 108 116 73 110 26 49 101 0 152 277 268 80 139 169 106 57 181 215
65 110 240 272 57 194 13 35 283 291 102 216 1 85 36 70 248 133 255 286 65 200 117
213 622 135 296 264 280 66 75 108 95 633 45 242 305 61 101 8 151 175 238 509
136 246 222 123 240 59 253 107 17 113 233 101 252 230 38 225 119 202 159 82 139 75
48 187 28 271 188 11 157 65 147 29 59 103 162 285 258 23 199 230 129 64 153 72
203 240 88 257 247 173 111 95 289 199 166 132 249 55 125 200 40 2 149 271 292 267
967 91 281 290 90 13 50 173 221 182 159 284 215 86 172 106 69 31 247 7 96 29 155
95 119 141 188 194 294 263 121 233 108 271 38 165 281 71 28 133 179 129 42 299 288 138 234 257 154
52 53 98 130 202 258 172 195 125 133 254 271 231 68 147 91 137 192 61 212 46 188 95 30 93 182 828 273 285 214 84 29 125 35 259 103 41 278 74 268 223 36 133 186 18 142 292 171
5 17 267 171 262 132 87 13 17 150 221 64 277 81 157 234 67 95 274 74 8 183
1 12 110 172 215 433 8 194 141 285 83 188 237 266 36 170 181 94 129 140 28 13 272 131 101 270
186 240 255 576 220 264 217 100 176 25 197 174 265 18 202 286 258 246 294 23 222 164 196 147
120 138 285 286 113 150 248 294 98 232 183 170 116 283 57 177 284 30 147 277 115 54 136 10
70 102 138 229 200 150 254 232 165 218 17 34 64 6 154 244 94 251 196 56 236 213 91 217
68 216 132 159 202 247 250 123 191 94 161 151 214 34 189 245 18 157 187 133 61 165
55 79 297 102 77 151 177 37 89 150 87 73 289 288 196 269 221 64 18 215 283 243 214
250 94 271 259 228 114 78 156 284 241 155 196 23 130 288 186 240 125 294 277 66
78 134 191 223 63 178 194 39 224 151 203 154 108 275 0 187 116 243 15 6 10 196 181
96 179 191 272 22 188 180 257 254 246 85 237 13 79 94 104 2 133 15 299 277
113 276 576 31 108 196 291 18 178 184 115 36 14 35 159 232 48 256 104 109 270 188 162
260 170 209 140 246 298 76 121 78 163 123 107 38 186 277 22 202 105 179 188 144
68 269 286 144 29 95 143 114 71 13 52 288 253 150 83 195 168 30 14 153 205 275 279
143 148 131 182 259 154 282 21 205 137 34 70 217 118 289 166 285 272 82 139 229
68 134 205 277 129 231 91 46 216 173 255 195 94 57 132 285 268 125 139 40 58 267 206 263
130 267 91 205 156 220 289 20 45 104 28 299 107 56 5 183 2 222 164 261 13 77
96 106 236 74 128 105 103 73 158 204 98 266 43 12 202 101 192 265 203 227 223 20
174 176 201 205 208 42 274 103 233 61 214 278 219 141 169 249 158 223 237 270 167 106 48 32 157
12 30 35 221 914 159 181 196 280 403 17 271 164 4 14 235 79 173 66 586 191 20 123 150 46 33 137 290 271 281 109 98 159 24 111 136 151 104 6 174 147 249 201 72
12 64 131 278 299 236 178 6 210 281 270 196 124 155 77 105 39 79 149 293 156 240 58 4 31
58 157 98 73 257 216 200 144 176 238 14 138 195 276 180 179 126 120 5 228 133 259
5 29 58 68 151 233 291 433 165 86 13 286 156 254 179 7 295 2 135 22 12 6 203 269 8 129 216 16
83 135 213 228 47 159 155 158 5 269 266 171 21 114 216 177 75 252 173 110 176 225 108 107
195 298 179 296 73 8 7 11 290 224 43 90 146 183 211 119 218 171 217 30 45 190
65 98 7 27 197 194 167 183 239 240 298 170 137 2 99 42 296 53 85 5 129 159 39 118 199 165 111 92 10 106 201 20 200 83 191 83 79 66 171 206 72 150
73 219 229 236 167 42 133 223 214 259 226 187 207 215 30 260 175 72 186 3 51 94 202 73
33 49 199 15 49 167 192 25 134 150 7 16 37 4 185 176 70 200 502 252 91 90 285
138 169 185 219 94 195 275 79 120 239 295 151 223 110 210 101 64 56 28 214 84 67 225 26
2 91 98 147 226 246 121 97 190 256 137 109 253 22 248 156 108 270 8 214 127 151 173 281 69 74
34 206 94 7 278 40 253 201 13 104 15 213 235 65 79 76 197 149 227 131 224 108
32 111 576 7 9 291 294 269 61 128 289 69 227 801 208 240 876 213 147 233 360 185 930
107 124 210 242 249 240 130 285 211 196 172 164 195 291 83 268 33 150 201 292 142 229 183 141
213 645 5 249 266 275 255 149 192 205 107 145 135 276 100 216 66 109 117 124 175 477
0 4 15 177 801 242 268 257 241 16 279 71 34 81 156 76 44 25 130 154 261 253 188 141 271
191 288 74 147 198 220 197 193 122 110 227 280 278 168 0 294 261 260 211 127 213 297
68 120 177 142 231 113 79 229 166 34 62 143 58 46 242 97 89 11 173 178 112 261 71 193 176 239 277 245 214 99 184 81 34 133 129 268 72 103 206 282 33
20 179 220 20 53 92 160 297 177 155 144 71 233 90 184 930 876 409 801 81 240 147 42
69 217 145 95 113 234 75 114 112 34 102 245 182 83 188 156 252 56 206 79 67 282
295 221 180 98 168 78 151 64 191 211 147 94 135 227 272 91 267 129 35 236 219
144 178 183 117 230 260 289 123 46 6 147 196 134 132 247 13 584 724 193 505 361 137 250
1 66 125 153 49 57 287 253 298 41 66 260 295 78 182 73 224 231 143 44 107 28 206 141
111 134 68 107 207 116 163 145 297 67 129 254 83 20 79 150 191 163 59 185 1 123
6 96 107 137 144 154 169 217 270 284 286 283 119 23 261 237 291 264 215 158 163 162 58 287 292 32 97 233 220 137 281
19 92 162 157 292 60 181 241 52 282 92 275 256 128 143 33 137 176 41 55 298 180 9
59 164 55 82 271 117 251 266 192 105 295 109 284 10 290 46 274 158 9 92 0 84
17 240 259 160 141 36 199 116 271 67 155 161 133 136 217 81 153 930 213 42 7 801 409
191 264 290 176 268 230 254 15 96 119 86 225 118 122 160 246 25 60 107 163 49 245 186
14 39 147 166 204 286 11 37 207 293 226 151 239 292 26 121 42 177 38 166 36 274 214 245 63 33
37 117 230 286 57 245 37 241 193 41 153 194 75 217 105 30 189 140 47 84 292 159 251 238
154 159 201 264 291 109 296 106 153 215 41 116 189 90 240 152 40 23 182 97 280 53 299 77 287
55 61 79 189 114 256 125 4 187 155 288 245 206 63 127 22 83 60 46 203 150 123 115 72
33 183 205 260 216 40 258 60 220 62 265 77 243 147 153 278 227 8 224 219 96 180 48 112
37 193 244 247 252 179 74 199 297 278 207 194 121 9 162 44 120 252 293 282 155 32 171 152 214
49 133 176 83 8 89 198 131 186 94 39 291 159 123 212 62 202 0 155 227 268 173 104
22 242 73 20 15 108 216 18 101 184 146 121 24 272 139 148 178 243 112 269 122 275
212 258 161 184 164 31 201 218 231 196 12 140 280 117 60 168 150 37 87 197 88 142
209 145 84 141 153 214 275 92 52 183 147 209 161 59 72 63 30 56 270 230 269 113 121 71 269 233 196 167 134 213 263 241 283 221 140 60 144 281 46 270 105
27 118 120 133 161 203 268 299 90 143 222 251 226 14 150 118 242 288 59 206 173 171 293 201 1 83 81 150
55 178 146 221 237 155 126 297 17 52 255 958 183 193 724 584 137 505 13 247 132 195
122 182 298 297 235 0 208 180 290 68 1 70 34 116 13 25 293 144 250 215 142 287 120
8 162 221 259 200 121 206 120 133 212 164 186 129 125 199 151 112 71 124 210 193 166 136 297 286 293 66 170 89 157 96 240 168 143 94 264 5 56 227 21 67 236 139 69
56 53 8 90 225 157 65 9 264 81 181 75 151 287 262 37 93 49 121 97 195
5 23 50 151 241 244 271 68 149 51 56 17 147 220 231 126 103 176 8 240 150 260 44 121 33 31 55
30 52 72 158 180 282 137 11 28 91 244 288 253 180 183 273 173 241 278 251 243 287 216 67 185
80 110 256 31 89 18 87 234 274 205 58 105 151 91 252 42 115 71 239 104 6 225 266
93 205 214 239 54 24 259 32 251 262 211 14 274 160 27 113 87 291 50 213 99 81 19 166
61 177 228 142 158 231 189 227 18 205 280 105 409 193 42 81 7 629 801 169 876 240 185
150 173 168 29 94 24 193 23 276 75 184 84 48 176 250 10 77 1 169 266 162
44 53 76 89 99 191 151 175 184 244 151 33 295 41 15 108 184 153 297 193 147 360 876 930 7 801
36 266 194 241 277 133 197 153 157 118 285 225 47 150 185 105 231 262 149 171 155
69 148 213 228 50 136 230 214 183 177 211 237 172 28 5 166 168 160 148 218 244 217 1 78
185 126 113 188 42 214 8 293 182 193 279 95 47 276 234 273 117 32 164 74 225 268 157 236 100 217 284 230 164 283 90 225 54 16 144 290 65 159 248 278 166 167 158 123 66 12 183 211 195 76 168 42 199 280 102 83 86 255 258 242 209
33 42 58 251 253 98 65 113 243 45 117 278 70 223 180 4 291 34 73 247 182 60 31 84 66
14 38 238 217 170 244 18 253 39 249 269 165 64 157 44 164 187 163 80 67 293
256 10 107 115 96 31 165 110 62 60 113 153 13 11 204 0 179 178 221 197 185
123 192 255 68 240 109 21 123 102 296 203 144 26 229 143 40 42 135 45 201 294 86 161 273 0 70 266 6 235 115 201 99 10 283 154 243 78 139 173 62 23 33
18 37 73 195 250 114 47 36 121 72 216 261 80 206 151 103 147 79 120 119 92 50 239 176
64 194 137 204 4 97 62 164 121 187 289 122 294 142 11 169 60 105 232 182 251 72
131 109 96 50 125 92 139 48 55 263 40 88 173 9 151 43 243 166 193 79 44
46 116 146 9 158 177 117 290 76 176 90 207 58 223 7 69 148 295 139 91 292 130 154
14 26 121 202 103 287 87 143 230 27 18 22 228 37 142 61 280 86 193 14 183 208 286
52 145 175 258 92 87 247 138 286 230 216 169 162 200 288 94 195 17 71 61 245 105 214
7 64 109 274 289 136 20 254 39 251 196 17 11 195 242 182 295 22 241 89 191 144 256 211 121
232 143 100 36 0 210 179 200 282 175 107 188 42 163 216 24 192 212 241 32 47
3 48 120 297 116 170 211 237 111 91 299 89 38 228 65 119 142 198 123 82 202 220 262 26
142 153 27 171 266 17 190 31 170 132 125 53 183 186 159 249 60 235 11 277 74
105 136 153 220 245 26 167 132 180 176 94 60 107 140 171 179 225 172 164 274 11 264 38 182
17 83 164 33 151 19 42 243 163 190 214 193 52 75 191 87 136 72 119 22 283 266 54
105 148 158 175 253 130 74 66 193 228 43 295 247 203 293 172 153 37 298 81 6 147 210 27 152
160 235 433 202 47 207 121 126 37 180 31 169 131 17 259 289 114 185 34 42 296 284 145
191 197 203 206 83 91 268 13 119 26 103 207 199 95 96 283 289 133 261 33 6 92 57
65 108 231 9 240 44 125 37 25 2 195 133 284 33 245 3 293 236 85 199 243 161
154 245 162 126 67 274 107 284 143 163 272 140 84 245 179 232 208 70 280 114 214 236
23 24 38 94 180 27 190 257 92 235 223 248 109 142 225 297 93 10 253 80 148 98 58 200 76
11 76 240 204 189 198 149 73 81 13 286 93 248 28 281 112 247 153 91 150 292 78 102
95 122 141 197 104 214 290 51 269 287 169 160 286 82 281 245 106 80 195 148 253 140 297 45
187 286 294 295 61 212 70 34 98 178 265 197 75 166 96 138 211 276 232 209 72 201 31 294
47 119 128 212 130 184 273 138 277 20 46 282 64 174 125 100 280 229 248 238 30 288 141 257
142 145 212 178 83 12 264 180 33 164 204 95 247 118 138 269 285 155 94 241 29 231 146
21 65 72 219 433 289 192 295 244 199 50 134 77 66 230 253 79 129 261 290 33 172 121 60 212
145 147 272 182 277 228 126 33 49 212 114 170 79 269 241 283 36 81 200 0 119 216 94 25 157 187 213 197 281 53 158 182 210 59 79 20 171 83 293 150 1 83 254
13 81 137 187 258 272 277 109 135 200 76 46 30 218 183 281 166 99 203 262 18 276 185 93 178 251
65 114 180 124 193 54 107 85 281 25 159 39 87 150 61 73 279 298 293 142 232 217
129 196 204 279 296 277 294 205 62 215 195 115 92 265 39 282 208 293 216 272 6 117 239 44 22
79 86 163 211 81 112 297 286 43 247 1 134 130 207 72 281 251 264 243 82 5 294
154 167 192 107 143 67 59 202 164 288 279 217 151 174 190 1 132 57 48 232 95 231 257
56 29 205 143 90 132 250 57 283 68 175 88 107 217 46 39 241 209 174 291 153
201 222 17 76 230 67 74 232 17 195 247 200 206 79 254 81 123 201 293 185 66 83
63 68 139 191 288 129 254 33 269 2 240 124 146 188 17 277 81 107 261 211 53 252 31 153
88 234 293 42 292 120 85 72 16 90 168 264 243 158 113 152 205 174 232 280 211 230
22 78 134 285 128 242 17 240 55 11 104 156 137 69 288 71 203 181 241 259 178 77 182 63
68 72 195 433 275 12 0 159 209 247 268 27 91 172 293 77 10 254 51 205 272 122 249 74
41 90 254 259 18 154 15 250 2 270 227 75 184 267 241 13 29 255 236 208 92 298 59 43
70 188 58 25 288 114 189 271 269 198 50 17 99 187 230 40 1 149 286 211 68
45 164 202 247 53 161 118 26 165 81 166 99 124 252 175 189 92 30 269 8 216 279 286 59
9 76 201 6 120 0 102 15 257 35 176 266 99 273 151 227 202 276 211 41 104 281 140
70 280 127 207 18 32 0 122 193 26 20 170 161 59 186 286 252 152 133 215 241 136
3 11 209 231 233 292 271 74 142 227 236 69 254 223 58 156 56 176 217 290 52 108 200 141 177
78 93 108 197 114 210 164 212 203 296 201 116 163 226 195 178 267 24 51 173 29 83 133
71 102 126 228 292 8 52 157 83 104 118 154 269 267 264 153 90 287 94 241 81 13 158 91
39 46 126 278 269 120 251 290 95 280 56 198 151 52 102 168 289 165 247 209 20 204 0 33
47 78 102 206 254 43 28 174 210 183 72 263 232 238 143 30 176 34 122 67 256 239 54 225 106 223 62 227 270 294 153 132 36 32 40 252 183 195 92 224 256 140 1 240 251
18 147 199 261 115 48 116 234 262 239 29 27 142 188 172 58 50 282 80 109 185 101 291
58 60 99 126 167 253 276 74 200 152 50 169 120 146 40 119 34 207 18 171 226 21 242 252 269 183 205 23 269 280 179 36 189 202 161 299 120 186 77 251 271 24 249 149 69 122
1 15 93 92 63 244 289 124 280 190 133 44 156 214 263 147 181 245 168 119 288 206 49
13 56 229 279 161 232 176 146 11 171 269 76 160 175 205 115 42 196 221 282 218 228 280
26 59 129 206 232 16 137 278 10 78 138 280 296 24 277 38 129 97 82 215 209 14 93 237 170 19 176 175 265 132 15 299 173 181 232 201 171 149 33 290 266 260 142 134 259
121 297 157 238 285 156 74 126 99 258 56 103 224 222 68 95 19 200 243 26 235 166
46 286 257 174 270 261 32 280 103 146 96 58 235 9 222 142 170 123 10 76 166
47 59 186 228 84 81 162 105 262 25 1 219 90 228 82 93 210 168 106 170 142 226 14 67
186 208 218 245 261 72 63 137 12 113 227 150 109 267 103 286 87 172 132 181 269 261 152 165 203
0 77 275 433 8 158 181 212 200 83 293 232 11 15 43 86 88 220 187 244 57 192 199 176
147 203 69 75 286 184 64 147 129 82 240 253 22 173 125 219 164 226 29 132 30 92
57 103 177 195 113 184 212 34 66 95 165 281 248 270 28 229 23 230 62 279 204 132 131 106
113 136 142 120 127 274 73 229 123 154 71 102 77 95 226 162 15 42 27 224 110 41
39 74 203 0 33 135 244 291 249 272 212 45 43 241 56 161 78 41 159 134 294 83
27 69 121 230 19 149 130 208 199 144 134 91 239 105 86 76 111 224 125 161 124 151 211 200
162 186 260 282 33 130 144 59 51 261 139 106 100 201 11 76 267 34 68 154 10 206 231 36
115 168 229 54 75 209 202 153 38 155 157 40 102 46 140 225 138 203 96 238 156 3
105 133 203 180 61 84 57 233 6 59 135 271 214 2 51 31 110 212 156 196 129 185 226
1 73 90 85 88 225 239 71 11 297 2 223 143 258 158 56 31 196 5 24 163 77 250
22 135 175 159 133 124 69 137 256 113 129 236 213 226 227 64 258 214 73 83 119 85 76
118 130 193 202 221 251 199 259 212 296 91 31 53 1 131 87 17 184 84 120 207 88 114 127 147 209
229 21 298 284 252 20 276 267 278 204 232 238 222 123 203 86 180 27 91 235 296
50 66 161 14 109 113 191 36 246 80 260 141 50 253 4 41 3 0 64 224 244 164 258
31 57 92 132 266 148 237 184 268 18 136 27 232 229 275 150 90 20 124 273 271 130 175 215 205
273 65 138 206 194 298 182 75 52 98 203 247 40 96 176 192 30 286 57 107 119
43 46 169 236 215 28 144 36 146 100 133 107 12 3 94 210 267 58 84 9 52 115 273 234
96 136 166 197 285 89 129 180 197 206 5 128 78 23 179 155 206 1 254 173 59 66 83 81 163
85 95 134 154 225 227 281 155 97 11 70 72 66 71 290 193 246 147 216 227 196 12 75 160 209 114 0
97 208 277 285 282 192 220 264 291 216 154 21 137 31 152 147 128 234 167 162 142 276 221 271
17 35 72 110 50 225 294 175 218 220 251 0 257 135 77 273 188 214 238 124 295 107 204 230
259 284 79 27 89 3 35 221 209 82 277 184 197 238 147 251 193 185 46 181 137 9
181 265 241 97 111 105 196 287 296 119 259 4 70 91 123 288 52 206 95 202 128 234
13 37 126 211 433 163 141 24 233 98 29 181 253 268 34 175 270 47 165 48 277 110 260 272 101
3 26 36 89 98 243 82 199 147 160 24 229 26 161 259 206 72 244 148 212 40 51 279 174 69 114
23 84 287 5 278 182 271 128 264 160 198 67 224 89 151 212 102 234 115 48 107 137
155 220 236 291 54 133 226 215 289 195 244 261 61 81 409 184 297 473 193 81 233 801 213 930
10 42 136 281 53 179 185 20 145 12 49 81 244 171 283 275 25 213 150 114 296 110 96 240
4 31 88 229 71 254 66 216 64 99 149 122 207 158 256 54 36 6 5 79 14 90 39
5 64 158 299 4 54 86 202 142 12 15 29 187 123 163 958 10 137 247 212 132 193 584 146
128 258 20 70 117 111 45 77 74 163 112 216 228 64 81 94 293 295 49 153 174 38
248 101 279 48 88 108 157 206 212 222 149 150 284 14 276 72 235 124 172 90 245
27 144 148 180 288 270 111 204 244 246 161 237 259 226 220 206 76 203 267 92 55 239 210 277
26 132 258 259 89 221 56 160 127 9 100 169 237 108 98 281 128 18 52 104 286 188 62 173
88 130 73 140 120 200 155 142 39 236 190 112 151 179 104 191 231 64 30 132 22 23
233 260 433 208 296 298 104 121 59 42 194 197 280 34 275 248 258 236 276 95 167 144 80
11 50 61 237 154 12 247 25 87 299 98 77 96 97 70 14 128 208 59 119 113 112
