227 265 665 53 169 299 74 173 122 268 132 146 145 56 123 158 43 162 137 20 240 284 19 234 87 24
928 150 187 277 7 19 61 201 286 57 207 799 72 39 535 548 466 107 753 574 940 38 550 133 132 183 771 410 6 190 193 224 262 72 325 49 786 198 128 698 224 118 110 107 215 177 319 179
5 100 178 139 102 225 37 272 73 16 4 261 176 162 28 54 76 199 243 117 10 264 159
60 62 106 199 27 279 97 129 2 6 98 12 117 110 104 210 32 212 20 242 11 0 73 91
274 298 70 231 285 91 112 130 148 79 106 132 255 259 128 8 221 124 267 299 218 62
231 138 184 43 234 240 246 294 59 79 293 146 133 267 93 165 83 24 7 261 120
89 124 132 35 256 212 272 177 142 63 277 234 226 196 246 239 204 165 160 268 294 192 276
253 273 174 159 20 70 119 293 295 164 286 55 42 113 153 263 130 270 35 68 37 19
123 292 41 108 42 224 258 227 89 289 128 85 177 993 87 125 103 52 282 179 14 293
28 43 55 170 148 193 275 134 131 138 250 295 159 183 267 72 245 277 294 251 147 74 39 276
242 258 80 90 276 279 299 189 292 172 89 196 147 235 878 434 350 184 463 137 230 153
25 97 124 104 202 202 6 233 75 83 106 103 170 839 88 203 52 265 14 299 87 197 988
0 123 221 240 297 25 247 5 149 295 28 122 210 0 167 31 223 34 69 85 162 164 221 132
100 153 173 253 66 111 149 216 230 238 249 179 198 46 118 203 143 156 0 55 48 46 236 45 253 243 390 150 135 45 56 7 126 223 294 47 212 273 137 923 268 112 131 242 161 112 205 818 263 129 117
221 237 262 46 86 204 282 49 146 97 24 293 37 201 41 81 88 227 255 4 246 258
115 146 35 95 103 253 205 89 83 93 224 4 124 282 261 99 255 101 283 82 172
14 147 156 110 250 21 131 194 209 35 59 95 75 215 186 70 274 5 148 199 180 48 287
78 86 113 116 160 181 214 199 9 159 89 110 25 281 51 226 217 31 280 253 186 121 184 50 192 218 279
71 122 280 170 237 260 153 275 152 246 150 144 154 121 158 181 223 156 80 6 58 108 56
20 147 165 240 665 10 31 59 291 150 128 53 8 17 179 205 239 242 279 161 305 278 40 112
146 219 14 239 21 132 133 199 155 298 147 217 121 162 189 157 195 126 284 269 1
92 154 209 286 9 109 61 8 193 241 27 137 294 179 94 16 192 23 76 223 121 3 276 157
143 182 262 289 162 108 27 71 124 3 187 132 189 260 292 59 237 252 107 41 49 165 25 175 196 298 143 132 243 151 56 108 205 184 145 51 92 137 125 280 18 126 239 38
203 166 213 106 130 34 88 116 208 210 8 45 52 151 249 275 112 122 223 155 55
176 204 221 243 284 2 13 90 203 44 70 129 28 103 103 87 151 208 88 197 205 11 229 246 216
69 285 141 273 86 293 136 147 119 134 204 196 131 295 259 7 97 296 221 242 38 74
31 66 105 116 251 26 194 82 217 18 241 273 290 284 115 123 44 278 277 83 48 271 204 86 182
51 124 135 49 115 108 296 111 148 31 194 30 25 72 14 171 236 207 258 216 68 54
79 139 164 177 196 128 164 131 68 264 237 2 20 31 277 122 187 3 176 45 75 5 111
82 96 154 132 164 65 77 172 170 118 173 190 217 151 147 60 61 119 53 35 174 112 141
224 299 256 60 7 294 128 107 291 207 177 22 220 171 384 5 822 116 214 257 154 98
168 188 296 172 42 194 67 65 129 256 204 82 225 107 224 244 228 171 293 153 157 213 72
7 97 144 197 11 194 84 261 31 235 94 99 121 292 294 212 74 182 295 148 257 40 146 270
125 168 258 0 17 61 64 76 253 38 158 273 281 278 84 214 60 257 2 53 214 154 431
137 250 297 260 248 91 1 161 33 293 12 34 21 58 296 287 242 105 118 245 173 41 269
18 32 54 188 28 201 97 142 258 237 114 112 299 90 29 38 26 224 95 131 119 298 238 262
146 240 251 21 118 128 218 120 213 49 141 229 227 243 299 17 68 191 189 112 156 140
51 152 274 273 55 285 97 197 106 252 102 14 183 260 225 277 134 78 77 26 94 22 121
127 246 191 77 94 106 168 164 51 205 143 91 65 256 285 200 276 174 151 167 60 20
48 51 81 238 105 221 23 68 254 6 179 209 187 235 161 89 239 253 117 131 238 305 818 32
21 50 218 230 287 31 26 46 195 130 6 93 178 167 40 154 165 261 157 296 282 118 64 99 35 295 107 147 109 123 20 188 57 178 217 148 131 218 66 24 273 249 160 261 224
51 93 286 241 280 172 206 129 95 250 4 157 273 245 96 271 58 274 112 185 52 189
29 46 98 137 278 296 170 168 79 138 228 18 7 276 131 224 85 245 295 92 274 270 24 149 56
103 156 202 203 247 216 93 259 2 5 147 2 384 257 17 23 822 214 431 150 53 80
82 85 120 169 149 168 120 262 181 109 4 138 293 260 155 6 50 237 22 191 30 288 219 65
66 107 185 214 296 183 33 150 216 38 198 70 142 88 262 172 260 243 1 277 232 161 197 273
19 42 48 140 180 114 234 131 163 54 208 41 17 180 293 77 103 102 119 211 210 178 125 124 267
27 283 49 124 146 235 241 29 145 195 283 249 268 255 9 18 178 48 45 184 244 80
9 16 127 163 179 261 246 158 141 272 110 105 164 297 279 140 80 11 2 178 266 225 40 134 72 115
88 125 144 161 274 277 280 285 77 186 109 291 41 121 10 242 125 101 149 181 170 199 251 100 248 246 259 50
94 239 36 141 258 295 45 296 138 155 209 58 56 71 297 20 3 165 194 22 95 59
122 181 11 109 220 23 93 13 121 215 99 30 127 282 71 137 157 83 203 186 67 264
34 273 45 87 237 117 243 291 7 41 299 6 85 175 48 169 180 73 296 147 53 14
18 66 89 97 225 4 27 135 223 167 259 151 194 237 141 99 165 180 95 79 41 263 292 233 74
146 181 16 215 107 241 264 8 128 171 89 286 156 161 234 164 159 117 56 270 174 167
161 169 167 182 212 191 159 287 83 282 55 98 27 227 7 181 102 101 186 141 161 235
65 68 76 240 274 31 155 172 190 171 233 50 202 65 143 33 284 7 224 152 210 175 127 138 135
233 229 74 265 105 228 201 288 19 10 40 139 250 246 36 55 68 162 90 26 76
58 69 98 119 249 181 203 163 115 276 260 141 202 24 206 269 114 194 42 253 150 47 178 272 175
7 178 284 160 265 164 252 293 68 169 224 90 230 151 177 33 53 256 232 21 49 173 25
181 187 221 222 148 125 95 128 98 100 126 132 216 159 11 185 140 82 76 41 64 0 119
5 30 37 154 180 113 173 95 111 154 140 66 5 218 55 32 167 30 269 236 205 35 277 67 18
90 0 32 204 288 206 19 156 262 123 758 229 122 175 170 104 226 218 189 270 278
1 30 41 116 208 236 253 261 183 32 29 294 18 72 265 42 95 298 113 210 61 90 48 237 12 228
198 142 236 264 240 277 49 114 299 249 284 256 210 9 213 179 152 167 16 146 56
6 286 268 33 53 296 127 224 169 289 0 181 177 150 3 96 10 173 183 260 262 64
10 78 229 106 59 284 198 62 176 286 248 172 207 143 117 203 187 145 255 24 240 156 213
133 157 177 295 158 234 87 284 68 199 160 187 130 121 286 5 243 82 61 154 181 134 106
102 148 215 278 110 113 241 258 268 500 107 154 100 281 140 56 431 80 257 98 150 384 17 822
46 102 144 284 157 59 192 265 282 89 287 49 154 35 36 47 98 127 155 246 167 164 170 62
99 147 164 288 127 114 136 95 151 226 268 271 264 55 42 191 205 216 158 149 67 213 190 41
46 274 96 202 256 146 258 59 75 236 273 117 72 142 246 289 267 196 37 295 169 123
20 45 71 98 163 260 289 13 283 665 157 111 50 110 56 75 63 431 384 822 23 257 150 154 80 384 5
40 110 112 157 164 117 174 293 173 16 95 116 280 133 285 221 46 219 223 129 23 275 41 189 110
138 144 182 220 205 133 159 269 152 119 78 144 84 111 233 34 79 23 14 32 80 60 65
31 198 214 57 123 58 224 198 64 121 189 142 186 252 16 42 244 89 56 196 152 90 176
283 179 35 268 296 87 259 264 292 23 258 273 88 84 106 34 145 256 236 67 224
70 275 269 201 194 222 159 134 172 277 206 198 220 280 231 62 16 181 244 89 299 168
86 36 202 46 60 111 271 31 109 217 89 3 220 163 146 9 234 114 180 14 125
82 188 253 252 279 188 290 51 224 268 174 234 261 86 58 53 38 4 155 103 107 99 61
36 60 91 106 175 296 91 40 203 108 116 85 280 147 209 169 166 244 143 187 266 36 162 197 126
62 79 93 194 281 253 146 248 287 188 8 108 152 173 156 278 96 174 149 268 211 275 16 55 132
122 149 189 62 111 253 105 168 79 292 246 122 75 89 25 196 167 120 161 230 205 4 71
51 285 240 67 36 95 169 83 161 291 282 2 21 61 267 237 112 221 154 104 87
128 215 278 184 69 293 130 57 141 118 288 207 159 21 25 53 99 271 137 285 274 235 40
35 38 133 146 223 22 97 139 0 161 27 248 188 100 141 154 168 96 127 243 75 153 279 157 282
90 281 45 263 270 151 162 288 133 108 253 278 43 123 229 62 54 192 249 39 254 185
0 30 212 239 275 178 130 105 206 57 61 160 5 248 230 202 1 209 294 92 94 34 100 95
283 125 39 284 226 172 218 5 167 146 14 198 128 188 20 205 114 298 278 96 30
8 139 2 203 57 247 15 285 257 95 187 13 191 59 133 162 115 227 240 141 30
36 63 193 97 166 184 242 225 23 198 96 41 171 183 182 49 1 103 34 44 279 60 248
187 49 290 124 246 245 252 200 242 94 148 23 33 143 103 190 166 76 217 292 9 611 15 24 48 186 184 297 116 25 136 275 613 19 617 766 203 219 708 813 356
97 274 81 100 127 368 99 224 173 266 17 104 431 98 5 23 154 822 60 116 257 80
92 202 156 125 177 197 36 10 183 288 201 218 57 190 194 212 262 154 233 34 3 9
164 290 3 199 207 16 92 216 27 279 260 799 189 226 229 175 191 758 176 278 270 104
92 168 267 278 11 33 84 243 3 291 0 238 53 67 200 56 221 115 94 141 136 240
133 275 279 80 216 181 122 244 77 23 215 150 108 68 252 100 91 185 169 131 133 46 193 182 122 249 199 211 160 296 45 50 60 184 283 158 55 194 216 1 201 277
55 76 123 258 197 216 17 116 279 91 24 52 147 212 267 15 211 169 133 203 250 82 5
38 82 162 181 199 152 0 248 213 156 67 205 98 223 244 41 46 271 30 131 256 299 59 233 259
18 72 107 140 147 237 272 214 65 164 73 213 12 289 278 216 217 197 292 243 202 62 106 172
63 105 198 229 240 28 270 184 138 157 276 152 114 58 178 185 141 188 144 182 84 82 229 116
54 200 35 116 92 158 214 248 173 27 110 73 98 13 251 292 143 129 64 101 159 290
32 152 217 224 289 10 255 156 22 38 168 33 179 295 165 265 74 188 128 271 32
96 160 175 4 192 11 279 129 82 268 160 262 124 134 11 20 47 813 167 219 356 119 766
145 250 122 33 159 129 123 82 218 132 248 128 51 214 106 16 287 77 283 107 188 34
162 167 101 172 233 80 98 201 287 199 278 67 146 225 593 172 64 268 240 342 114 242
0 215 264 269 51 256 159 141 69 72 46 94 224 99 296 137 96 142 100 105 266 12 119 202
0 28 139 209 92 110 109 230 234 280 61 129 251 122 206 153 16 159 29 286 35 192 196 225
8 37 213 96 217 89 13 185 93 182 99 223 161 227 91 6 232 144 61 283 197 163 139
43 95 121 249 25 234 130 135 81 182 102 226 799 218 191 170 15 278 104 122 189 270 250 76
83 232 234 172 160 282 33 114 22 24 151 38 35 195 273 290 21 222 101 247 150 11
66 190 281 297 295 169 212 29 103 280 255 194 294 54 64 173 213 47 94 74 52 282 1
64 118 191 228 218 215 216 106 284 174 44 223 61 267 187 221 293 50 238 75 34 279 23 119
77 237 31 48 288 41 169 130 48 220 87 613 617 203 20 91 262 134 11 594 356 124
161 217 297 39 206 174 229 1 14 161 164 182 213 286 273 218 64 227 101 257 77 98 0
11 222 2 226 239 98 65 203 165 254 41 171 262 276 190 460 288 60 234 984 794 58
6 199 207 296 268 172 15 62 50 1 250 18 129 51 133 162 24 253 72 136 222 86 202 44
53 160 24 29 19 165 190 157 289 39 92 36 145 18 15 288 38 217 250 37 257 77
17 225 122 176 13 210 152 84 72 117 11 129 199 69 269 94 220 228 279 6 48 62
8 49 133 41 23 232 137 42 125 75 45 227 203 185 116 177 248 259 216 253 134 228
290 284 259 32 128 298 75 169 120 50 100 282 292 1 175 25 241 294 142 51 200
187 270 232 240 34 59 284 194 238 215 41 13 100 247 86 279 14 159 39 27 293
72 259 34 68 281 49 297 287 103 63 213 210 217 201 97 260 278 41 104 27 241 131
111 214 232 48 8 214 145 266 207 103 240 125 129 65 64 244 104 45 154 62 68 122 198
57 124 238 275 283 486 611 25 67 228 117 46 223 196 11 124 594 813 613 91 19 219 167 617 262
8 22 59 60 77 267 213 177 231 158 46 27 617 203 766 594 219 47 124 11 19 813 134 708
4 133 232 247 254 259 275 181 108 12 52 10 176 225 113 275 765 370 266 146 13 161 62 49 237
47 92 175 193 199 137 172 58 228 160 66 295 9 37 141 249 36 189 183 255 230 154 244 61
23 29 239 248 256 168 132 273 62 195 203 108 53 183 169 256 228 152 36 272 204 20 259 245 247
40 120 205 271 7 92 209 77 49 125 96 189 94 140 136 273 83 40 29 72 10 1 218 35
50 141 107 100 69 150 88 187 3 151 199 66 122 156 34 30 116 264 125 67 189 282
59 82 229 288 137 34 80 7 24 48 66 103 203 130 261 32 169 161 121 38 93 200 280
127 181 205 266 273 289 263 63 49 249 31 62 206 32 275 196 258 287 188 192 27 255 292 156 264 77
110 131 263 217 251 258 244 279 155 106 215 5 260 126 270 234 261 243 122 202 78 239 238
2 111 223 101 187 195 64 202 226 213 297 108 288 150 166 182 23 174 127 276 253
79 57 281 279 202 298 79 167 82 58 3 191 7 50 246 18 299 4 204 231 217
113 268 296 298 215 20 84 42 107 188 61 74 18 118 268 180 96 172 221 264 176 240 8 156
18 171 206 221 102 188 218 92 184 220 14 122 18 13 5 118 125 295 166 119 212 162
3 61 128 131 175 184 92 135 31 192 225 207 52 259 90 89 258 174 37 184 64 181 144 76 101 110
75 105 188 222 143 267 6 290 132 86 118 286 217 259 212 272 189 239 101 278 170 1 12
9 12 38 122 123 163 157 129 112 292 79 268 133 234 14 126 171 175 200 282 58 4
95 215 227 237 98 266 218 234 229 214 243 186 270 50 71 76 283 280 23 182 20 273 113 3
78 93 148 164 225 208 10 193 176 254 26 184 178 223 278 19 144 6 280 51 42 50
94 96 122 124 146 113 282 162 126 118 89 110 31 70 215 77 197 214 73 145 297 283 157 94 182
109 118 191 182 55 133 69 129 202 239 190 87 79 166 259 80 88 240 214 1 13 179 264
66 132 134 164 183 204 227 242 249 60 203 59 211 190 186 8 201 147 144 243 168 149 55 51 167 259 10 58 227
220 230 284 78 233 144 105 35 49 106 73 203 243 220 153 97 288 147 115 149 298 156 187
52 68 97 136 72 91 31 93 269 144 252 141 253 104 155 78 116 152 15 44 218 81 295 109
49 229 281 92 175 86 63 237 54 231 3 298 2 165 197 271 148 91 73 251 64 273 182
16 119 146 147 227 246 269 174 242 70 167 165 104 287 201 207 213 89 130 229 195 158 220 200 191 136 273
124 194 223 260 243 194 139 29 212 265 6 55 201 237 63 16 20 52 171 8 82 34 179 239
47 61 176 296 281 149 47 133 222 31 242 105 169 97 201 211 19 143 202 10 257 225 126 116
28 72 137 180 5 80 95 290 108 135 144 87 16 254 98 90 11 296 184 167 207 228 142
15 111 135 163 174 196 233 284 81 109 39 175 234 53 289 279 177 14 44 147 156 91 227 33 274 258 251 150
4 53 183 271 56 176 40 171 69 140 76 19 96 146 93 286 16 267 259 123 193 121 78 49
31 48 77 118 206 214 190 16 136 282 265 6 285 242 284 26 43 197 226 139 51 246 38 208 44 7
14 26 81 199 240 246 55 291 121 253 27 278 164 101 236 157 20 65 251 276 90 235 295 216 161 96
47 101 205 258 185 210 140 145 277 234 262 124 120 243 275 18 204 258 63 53 37 194 286 273
0 156 264 158 197 117 163 205 138 295 268 152 19 210 274 296 97 251 136 263 200 118 203
36 255 112 90 81 129 64 154 196 250 234 83 73 295 208 298 52 143 146 28 290 228
47 145 250 246 290 297 284 206 114 160 157 48 68 166 211 198 6 141 260 21 234 220 155
62 153 160 198 178 24 141 54 233 263 213 172 224 272 190 290 69 175 138 281 260 80 174
60 246 250 281 292 84 101 236 219 226 52 81 64 162 254 127 221 40 29 260 246 123 220 212
93 384 184 92 115 222 58 298 170 198 273 138 84 162 197 166 89 151 133 123 15 193
25 38 103 241 299 28 244 252 179 185 148 16 232 80 116 209 251 135 215 168 287 55 186
108 172 246 168 170 206 0 292 228 248 293 40 270 219 67 593 114 172 132 240 179 226 342
62 163 232 246 249 62 290 214 21 41 123 39 287 384 150 116 154 63 98 53 23 431 214 5 2
90 186 212 227 140 80 39 133 141 129 94 216 255 200 242 232 299 217 65 297 174 121 101 294
60 90 94 174 213 228 272 58 4 63 255 148 47 18 45 109 106 247 297 48 142 95 260 124 56 188 178
80 88 226 41 220 60 165 125 209 33 139 81 263 258 30 183 171 105 153 15 69 225 283 24 47 243 80 292 87 211 164 29 183 19 224 188 169 55 18 177 176
131 283 262 276 127 58 68 208 196 92 218 273 129 157 281 100 28 71 118 145 257 163
23 256 270 139 289 151 179 53 130 59 136 225 45 212 91 100 211 77 229 4 246 22
118 188 195 220 5 120 66 127 84 265 240 167 68 168 83 295 7 273 155 175 19 169 115 94
167 198 220 231 244 259 276 169 135 140 187 252 3 166 292 86 241 258 76 257 25 225 188 291 104 213
3 95 114 293 130 205 60 11 194 57 38 28 249 66 134 65 239 163 253 2 139 71 154 138
18 105 241 100 238 81 134 241 266 120 113 275 166 293 19 20 111 86 259 286 282 291 258
42 44 71 123 138 222 227 238 170 268 69 256 30 194 52 112 144 294 113 137 65 258 208 298 13 225 195
81 209 227 73 13 151 164 264 20 36 183 163 5 71 66 204 218 10 289 173 80 43
52 57 94 98 262 88 268 245 116 180 67 243 108 79 241 57 144 138 75 145 233 49 25 149 172
52 57 87 100 30 244 274 124 214 42 198 160 265 100 73 223 234 108 4 9 247 203 230 237
10 161 177 218 236 885 40 152 283 264 251 208 107 132 229 242 303 238 32 187 235 161 818 112 209
188 198 60 241 28 142 16 86 282 254 237 194 82 233 188 127 225 195 185 286 218
26 71 86 89 105 233 4 54 86 202 142 12 15 29 187 123 163 958 10 137 247 212 132 193 584 146
95 151 163 278 128 172 132 41 11 123 76 131 124 195 120 201 86 293 158 234 108 126 270 272
48 276 74 102 237 255 211 0 154 179 292 217 267 150 38 272 87 114 86 215 104 268
4 18 88 91 31 215 227 262 299 162 24 6 226 106 198 63 71 166 55 214 135 197 73 123
70 83 90 150 285 67 100 143 94 199 276 203 219 115 36 5 202 96 104 152 80 165 248 236 201
194 196 225 252 286 101 150 259 269 254 161 135 188 107 91 766 219 124 47 613 11 167 134 203 813
42 226 232 32 47 133 191 161 22 105 239 63 204 104 189 122 229 170 175 76 10 270 191
4 93 123 187 262 135 122 126 245 130 38 132 69 51 18 283 240 291 180 47 172 77
82 110 22 38 128 137 72 231 271 223 36 108 51 251 91 58 34 81 285 203 142 270
