63 142 216 910 45 112 141 293 672 96 124 288 968 897 299 907 912 96 566 933 519 627 150 66 418 715 342 176 40 859 902 500
929 91 187 222 345 810 865 132 135 805 366 508 238 644 871 954 286 115 478 797 824 658 243 127 97 206 80 50 60 223 152 161 10 262 265 953 639 381 177 177 812 477 552
87 98 150 282 799 34 218 56 73 234 284 235 24 27 163 142 191 183 310 791 271 387 489 283 837 307 133 191 118 168 194 265 155 6 74 15 117 189 110 137 281 121 35 95 132 250 154
62 82 158 194 206 253 294 604 20 51 35 134 40 78 174 254 180 170 196 70 55 38 165 157 48 242 102 115 186 26 70 219 105 297 104 50 161 255 266 24 22 83 158 183 289 36 131 288
0 97 127 151 273 267 272 59 155 100 204 228 176 61 132 63 170 135 73 78 94 169 255
65 280 86 190 0 178 228 174 283 57 45 242 58 5 279 18 100 278 25 272 19
84 136 165 255 177 271 154 244 284 257 1 222 38 62 294 181 225 159 125 191 112 89 42
18 147 221 659 63 86 294 17 157 182 193 198 162 236 275 290 146 180 269 22 670 273 13 64 7 590 72 53 194 187 6 38 207 298 284 216 54 228 274 283 45 136 97 267 4 278 69
61 86 116 221 238 271 99 38 42 58 210 91 212 290 180 277 262 221 199 148 249 239 225 94 120 251 252 162 77 51 267 261 155 280 139 57 146 161 122 32 112 159 103 135 249
66 158 274 185 216 22 136 151 155 180 285 292 37 120 272 220 257 175 1 192 72 276
659 43 63 85 98 129 202 207 210 250 295 283 200 169 243 36 237 95 20 179 223 252 30 73 196 10 211 18 140 260 174
52 102 202 215 133 191 282 160 202 15 170 86 21 29 26 20 250 61 3 201 129 155 290 85
13 90 110 210 26 243 238 272 24 289 293 165 136 273 135 233 251 89 258 214 182 186 207 168
29 264 237 104 138 205 193 71 131 1 298 295 8 253 135 267 230 159 6 170 250
113 179 290 257 112 104 152 138 235 44 186 167 258 200 253 151 57 119 251 298 148 122 125
11 251 36 198 24 34 26 289 67 58 296 169 57 150 188 258 160 263 49 228 2 235
278 111 108 82 249 288 141 125 272 209 127 226 1 216 68 242 110 120 29 153 291
50 259 1 238 19 222 220 259 292 110 279 135 97 174 199 221 200 175 105 230 178 72
252 256 266 245 206 171 101 47 111 138 5 98 219 187 6 141 179 236 81 259 276 224 8
148 203 213 251 255 72 291 94 5 232 165 53 89 231 143 134 296 273 191 217 255 245 259 267 274
77 86 117 39 144 120 259 249 230 245 243 113 161 129 116 167 117 162 147 49 225 17 31
81 22 9 251 179 8 242 130 144 292 44 114 63 160 298 113 112 275 50 272 2
5 14 164 204 279 295 115 109 6 35 113 87 198 199 47 26 263 1 258 110 75 66 42 67 17 148
65 294 103 96 169 206 231 218 189 156 146 180 162 166 292 165 203 10 66 285 18 12
277 267 18 19 178 291 255 76 100 161 65 87 275 144 47 248 53 287 77 35 123
49 129 164 9 188 143 287 267 89 214 217 192 113 166 202 296 29 157 273 211 148 90
78 150 200 208 162 202 248 82 69 70 269 270 167 76 209 47 48 24 67 31 239 228 9 119
113 214 266 275 286 297 52 3 65 69 138 209 98 188 104 63 278 247 213 168 35 60 249 5 166
31 243 278 39 192 129 281 82 239 164 102 42 246 191 193 41 121 60 103 226 69
17 43 82 212 217 151 36 86 210 150 123 185 193 26 194 97 233 22 117 172 49 18 13 39 52 248 76 27 236 255 280 239 0 107 238 182 291 244 89 24 274 223 257 9 136
210 20 272 0 32 236 6 153 188 29 121 136 207 260 182 256 248 198 71 192 78
133 174 185 286 293 199 185 193 268 2 211 189 137 88 5 278 123 43 296 79 266 280 35 50 198
105 269 6 34 241 197 76 151 181 286 103 133 40 25 104 37 52 153 186 169 294 364
102 130 172 89 189 29 155 44 112 6 114 63 5 85 137 15 49 52 167 154 227
17 12 183 143 64 207 290 4 24 109 84 251 291 241 57 37 218 1 221 213 65
194 282 3 193 241 32 58 31 247 162 130 156 149 308 269 158 68 22 64 670 133 49 13 166 24 279 94 108 53 73 47 271 21 96 232 104 270 39 132 103 261 193 18 223 59
79 189 218 220 82 106 205 112 74 95 5 17 49 63 172 252 269 0 46 111 260 231 195 254
260 265 298 162 258 12 70 283 163 84 5 248 36 26 194 215 238 175 102 263 23 94 21
89 0 55 74 138 145 278 5 146 164 162 208 148 186 25 270 253 217 169 1 294
230 292 286 289 246 49 8 194 19 26 280 4 291 190 268 148 277 108 142 295 95 27
80 177 659 67 117 128 285 224 191 155 291 68 34 910 137 24 322 21 257 22 45 22 50 169 271 102 114 233 117 111 26 38 95 273 92 126 32 258 44 203 175 174 22
46 76 240 209 87 29 121 118 256 98 88 104 28 269 230 271 296 216 290 298 145 107 264
8 124 212 387 4 267 83 126 217 231 264 118 53 181 216 51 7 42 160 64 166 13 54 49 258 670 167 132 108 188 191 101 102 128 288 129 61 276 187 89 90 38 248 235 179 163
189 34 86 210 49 55 271 162 255 10 3 148 236 48 155 243 173 235 137 76 191
2 113 108 123 51 56 112 55 270 188 222 276 209 217 11 175 259 21 206 274 179 163
216 237 21 70 183 193 297 60 122 102 282 164 120 140 5 235 239 142 9 175 91 109
148 220 292 290 31 139 23 64 95 145 75 14 26 93 98 224 143 85 286 289 236 150 87
103 188 214 206 7 107 115 248 168 210 74 194 252 42 138 254 163 93 15 9 69
659 163 170 0 61 277 62 28 298 120 118 117 201 247 134 206 231 260 186 242 166 109 281
169 203 280 34 35 98 41 281 170 160 99 166 136 238 109 142 287 135 38 134 62 190
78 246 297 151 114 61 113 116 21 78 66 33 184 26 49 101 189 164 155 205 125 83 169
122 154 200 242 281 114 173 4 176 38 220 103 283 26 72 171 120 260 93 64 235 262 192 57 237 41 26 110 86 55 275 80 88 0 193 254 215 209 98 24 141 22 176 11
69 202 231 288 130 143 60 215 242 116 286 87 299 50 203 118 229 21 93 233 99 297 178
192 283 151 234 190 296 28 186 251 288 58 45 63 6 71 87 213 134 1 242 11 164
14 162 9 5 60 83 177 46 294 246 133 67 168 276 13 123 230 208 167 284 260 146
81 121 213 48 1 77 203 152 12 90 183 276 181 142 69 114 231 18 210 284 89 154 271 84 182 204 102 145 241 63 142 281 10 153 37 55 168 77 143 83 21 41 42
15 57 299 293 210 53 174 43 297 191 133 294 118 223 270 646 104 1 153 186 52 217 25
81 252 264 265 299 180 112 216 98 110 268 260 53 226 42 176 1 102 0 6 7 193 73 251
69 71 124 299 274 61 126 254 77 119 154 188 7 14 118 46 115 233 72 283 143 145 197 9
65 194 207 219 267 289 276 35 227 221 131 299 14 20 123 222 205 189 192 114 201 130 70 195 166 32
36 83 197 298 47 203 280 235 89 3 86 74 265 151 259 19 5 245 299 148 237 168 278 232
6 253 107 285 101 260 276 141 24 165 185 231 242 113 163 96 178 140 224 17 143 56
186 199 213 147 48 98 138 170 258 19 139 53 128 160 150 257 795 45 22 258 50 206 81 291 233 227 224 115 159 259 285 18 276 94 142 91 295 128 199 146 58 185 200 216
182 210 274 132 107 106 229 35 79 281 99 100 290 55 24 268 276 220 43 27 269 164 175
130 207 208 252 259 55 151 209 84 24 280 183 221 25 126 39 119 281 219 13 135 43 99 178
119 252 274 156 172 34 281 245 254 1 35 105 231 255 220 258 173 168 16 297 80 260 14
58 139 199 272 243 50 215 284 52 198 201 145 188 175 19 189 36 287 218 46 31 88 293 216
195 178 222 81 195 90 180 189 266 43 97 177 210 111 187 158 86 30 165 175 271
22 124 211 213 243 648 294 212 281 4 209 79 252 262 92 274 73 289 64 30 98 286 275 16 76 207
19 122 160 237 244 171 246 186 120 276 109 28 181 140 43 47 97 202 184 296 143 215 124 247 159
108 124 133 182 204 277 193 38 144 288 118 190 64 141 39 82 139 244 0 270 210 263 184 207 116 162
257 284 287 291 19 243 226 287 254 96 219 43 262 137 80 217 22 1 200 115 274 185 292 65
116 131 179 183 205 208 227 82 122 127 136 281 27 63 77 227 105 35 54 160 64 204 24 133 22 269 28 217 36 148 243 149 33 75 292 99 193 233 161 186 29 32 200 114 157 274 272
188 274 278 18 253 293 173 237 129 10 241 257 20 29 87 73 118 12 33 276 252 38 224
125 172 197 221 76 78 173 198 189 30 19 36 227 258 13 158 49 269 160 64 166 133 22 308 101 184 237 55 58 12 205 226 179 136 11 125 267 105 156 54 169 244 117 171
169 180 286 58 226 21 116 35 199 125 175 238 237 200 291 211 144 182 280 171 284 290 154
57 165 205 2 16 3 246 79 53 105 24 65 78 27 83 203 171 49 38 264 52 299
25 35 290 237 35 172 27 45 294 19 124 26 92 273 235 221 254 143 116 51 276 180 55
34 39 48 239 52 25 282 81 176 3 75 10 223 20 168 288 233 86 278 183 105 64 244 37
27 132 287 233 243 140 110 206 128 273 41 166 151 114 34 76 90 148 275 277 47 153 63
256 206 104 11 211 21 117 256 184 112 61 13 296 91 122 191 233 251 46 154 214 265 285 184 201 246 292 39 36 72 99 221 26 174 189 30 280 164 45 242 0
30 86 87 98 128 258 80 253 110 29 235 50 283 98 140 152 118 5 36 44 75 52 188 242 293
139 220 226 124 3 284 129 69 70 166 11 112 217 203 60 251 61 294 19 139 205 276 157
65 229 264 217 290 61 179 260 13 36 293 70 170 0 207 166 212 156 272 140 261 202 16
169 12 186 198 86 234 11 244 52 197 165 24 158 54 590 28 258 286 42 64 269 49 160 133 243 202 36 220 171 154 187 17 15 196 65 120 80 274 155 133 226 57 20 235
953 15 44 98 143 174 194 279 122 124 167 168 107 32 251 229 52 277 16 103 138 165 66 118 132 2 14 25
149 59 127 5 149 115 32 178 64 200 71 81 46 215 57 272 35 153 83 23 123
88 113 127 148 280 29 119 14 71 66 18 259 134 258 106 185 273 288 181 158 144 0 38 109
71 184 648 239 256 7 65 228 16 97 54 35 52 106 69 168 177 115 34 241 292 110 255
15 43 127 164 187 195 278 5 50 180 42 211 26 202 165 6 281 212 290 266 191 92 188 172
54 62 126 291 120 181 182 155 65 43 88 32 204 174 272 83 177 30 262 192 78 256 299 9
27 59 97 7 49 157 137 45 198 291 3 211 191 102 41 273 184 161 266 85 164 73
65 82 217 42 74 78 340 15 294 17 246 84 139 50 81 904 910 22 905 155 258 206 340 795 291 182 12 171 77 257 3 60 106 83 101 134 279 4 148 81 97 27 136 96 89
131 154 50 279 53 283 282 3 272 257 2 94 143 95 0 236 261 238 258 67 19 240
115 185 82 104 279 28 340 12 146 3 281 165 32 946 45 248 340 258 904 322 206 137 910 257 155 114 145 267 144 224 134 147 270 137 121 79 228 97 170 213 211 173 25 123 67
120 202 98 115 125 267 228 256 281 158 129 164 287 222 33 286 158 590 670 49 166 54 24 13 28 68 57 290 195 52 171 159 167 257 115 218 226 82 155 15 230 181 92 232 241 25
38 199 226 90 291 180 212 11 85 259 112 293 176 149 6 68 294 98 59 217 162 299 263
14 53 143 147 181 186 50 81 255 263 19 116 214 238 229 257 18 127 33 164 219 16 107 227 272 212
65 94 208 25 248 65 166 66 241 289 206 85 70 178 217 7 299 94 20 214 245 4 200
5 32 224 237 81 176 89 74 156 85 164 234 206 254 125 194 224 133 13 79 105 215 186 11
10 154 159 187 257 216 19 218 146 287 12 264 188 130 86 9 35 292 246 270 284 209 269 244 177
161 216 224 97 56 242 66 212 10 152 290 123 33 23 199 161 236 289 53 292 291 48
246 273 175 268 102 128 38 282 24 173 240 221 209 177 142 163 112 60 120 74 139 124
87 269 257 177 130 275 189 159 1 37 69 153 23 171 122 247 134 55 119 209 5 191
74 123 162 271 76 151 108 91 207 242 255 35 14 202 0 162 130 3 125 45 23 136 139
89 135 142 267 273 290 292 221 171 25 156 90 61 47 42 241 105 248 208 251 218 27 13 69 131 288
47 101 121 154 195 175 157 42 14 261 11 69 239 279 71 143 285 290 107 126 146 229 197 61 96
107 119 243 25 207 189 291 149 134 56 286 39 53 61 215 17 109 293 180 154 71 54 115
57 247 250 253 279 51 135 276 208 76 243 175 277 125 670 13 166 269 42 24 28 22 286 54 158 171 35 136 59 182 237 61 88 22 240 174 163 117 60 137 195 168 289 205 46
137 286 899 31 269 113 91 52 110 85 294 215 40 223 364 186 217 270 25 52 253 1
7 123 145 151 206 207 283 24 133 173 156 191 68 104 113 299 139 54 270 12 81 142 85 165
42 69 152 88 91 57 127 118 280 285 18 114 27 38 73 85 192 172 3 40 188
659 204 207 238 274 282 648 9 79 123 95 88 81 288 254 73 16 128 59 31 71 182 266 104 234 133 237
61 194 212 273 281 245 285 114 246 228 209 206 189 135 90 151 174 274 89 203 136 201 10 118 232
134 142 113 164 133 299 120 203 6 156 147 255 281 212 260 214 226 298 196 157 151 228
23 76 124 138 217 251 257 297 195 183 57 9 277 186 24 74 116 80 170 267 226 130 149 28 288 159 180 131 111 68 181 223 45 156 236 265 74 71 248 224 147 157 118 229 120 212 217
128 131 182 236 282 648 23 245 256 15 38 62 107 99 244 150 197 162 161 0 9 276 104 275 20 190
23 64 127 202 210 239 58 108 68 277 70 207 250 249 37 135 127 129 53 173 186 101 23 163 87 11
37 191 241 61 243 42 202 256 194 50 173 218 272 290 170 224 289 181 240 103 11 73 296
92 184 223 230 232 229 153 164 88 150 86 46 34 272 244 186 131 13 110 171 0 145 256 280 207
118 222 92 152 213 187 164 210 102 41 97 139 20 194 6 159 131 247 295 21 123
129 168 277 648 109 227 37 154 47 108 207 66 296 61 289 244 18 67 177 295 248 92 172 281
247 253 122 157 198 250 166 237 262 239 238 12 151 175 251 214 143 124 144 145 203
11 219 122 248 59 93 83 180 184 40 164 249 86 21 182 116 296 227 206 270 117 55
184 187 196 291 275 123 230 148 219 260 83 241 228 283 31 195 172 272 87 221 235 203 190 184
213 261 40 33 71 279 177 211 231 81 0 200 18 285 170 173 258 261 176 50 130 290
131 132 28 177 104 25 291 172 256 131 60 299 167 46 16 86 219 287 76 286 260 138
271 280 182 119 281 158 179 17 270 45 89 191 73 263 293 241 251 81 62 262 51
30 88 112 172 221 275 278 76 250 299 111 150 197 237 15 69 24 149 0 127 258 24 905 946 45 322 50 137 22 904 210 297 139 7 217 285 97 254 224 226 230 21 38 23 227 174 188 109 244 179
77 111 209 268 297 26 242 249 269 90 105 208 245 177 8 151 97 173 59 265 259 299 218 79 89
148 153 231 274 125 162 196 34 247 287 89 212 182 173 220 292 590 158 64 68 286 269 204 22 28 160 670 56 104 237 190 100 62 206 215 187 113 225 11 114 49 101 96 116 178 171 24
288 9 126 19 238 286 203 216 43 148 244 49 173 151 118 276 7 146 138 131 25
24 56 99 114 207 265 249 111 293 241 99 53 65 41 22 152 78 262 223 12 244 282 238 97 120 296
89 109 120 163 193 232 290 0 26 234 186 275 51 224 271 202 103 41 174 240 32 46 260 58 257
160 261 20 50 78 0 222 288 42 253 105 27 111 121 293 59 15 46 132 110 24 136
659 31 66 157 200 201 275 236 58 125 63 260 9 169 164 244 162 115 198 210 289 272 277 268 110 84 37 195 270 172 156 269 73 260 69 175 220 215 66 250 203 183 45 259 238 3 153
137 157 184 203 213 95 201 295 245 263 184 117 54 195 125 251 46 71 283 252 7 168 233 92 278
64 187 266 255 254 72 152 161 295 169 3 65 48 102 150 177 221 106 97 109 18 46 70
67 126 183 283 28 137 157 27 125 271 226 289 119 153 212 32 172 198 151 51 196 88 241
48 141 162 196 185 103 168 260 211 237 102 162 52 108 82 148 177 206 41 46 218 124 210 75
12 194 215 118 95 295 212 109 2 75 283 229 31 188 152 100 71 269 266 44 143 61 177
21 107 118 214 218 130 203 56 204 15 223 137 63 161 13 65 160 250 184 219 173 172 188 181
138 68 119 0 51 150 180 196 158 137 10 264 143 253 169 215 270 1 217 646 118
22 176 150 1 181 33 80 166 271 192 212 264 76 147 133 281 171 144 236 138 244 19
49 112 278 648 235 131 275 186 21 28 123 163 51 220 76 35 272 41 286 6 12 255 222 33
235 246 266 20 144 228 245 29 226 282 41 26 126 11 182 253 269 166 64 133 28 204 42 286 308 160 590 106 129 15 79 215 276 56 69 200 7 57 245 206 165 214 137 262 257 160 126
130 184 254 264 295 2 206 58 234 60 120 233 177 47 249 265 29 11 280 93 198 26 168 245 145
58 67 189 137 56 12 87 189 197 8 155 46 177 267 271 50 186 221 16 77 93 146 284
101 176 648 214 229 227 204 63 137 31 270 188 107 17 14 292 245 164 99 208 199 87 21
87 123 214 83 64 184 169 36 107 225 245 226 0 271 214 205 2 115 15 177 108 38 128
98 269 249 95 97 165 66 289 78 182 51 157 181 155 144 187 120 234 194 102 213 13
85 101 141 197 246 246 112 23 211 229 68 249 219 24 281 3 47 268 173 4 100 163 121 146 258
28 114 265 133 190 229 51 257 189 239 108 105 8 77 232 137 53 71 63 90 29 61
6 57 295 119 14 40 270 110 68 178 0 183 235 199 258 241 104 118 209 124 215 253
245 299 188 286 291 173 111 122 273 120 292 238 79 100 130 143 65 161 281 285 174
78 192 202 206 162 112 239 264 46 260 90 30 62 271 211 108 34 69 87 71 129 85 284 75
45 117 158 216 64 108 157 206 250 47 76 658 237 181 129 172 37 152 160 22 54 308 68 42 64 49 269 670 590 65 52 294 107 226 153 100 134 218 286 146 239 240 162 2 194 40 37 234 229
29 60 185 295 246 125 72 213 68 268 291 114 165 49 297 174 108 127 97 23 181 17 77 36
149 228 221 172 151 129 175 225 11 85 89 93 74 158 4 203 82 239 54 181 298 3
36 281 234 153 246 178 298 179 276 295 204 183 97 197 254 214 133 128 194 270 134
132 56 225 50 61 145 213 72 191 241 195 265 173 99 258 161 136 297 152 144 253
7 37 52 83 44 172 135 107 203 40 237 86 233 282 164 162 100 153 287 292 247 211 69 270
12 68 161 220 228 241 19 22 110 213 215 163 292 170 121 222 189 241 154 102 58 83 17 225 148 66
124 135 139 176 253 279 227 27 21 169 67 267 48 272 244 164 87 278 106 238 270 225 286 32 251
94 97 216 292 259 201 19 16 58 247 212 215 1 63 160 156 72 130 266 141 154 176 60 113
42 112 121 195 198 240 245 253 270 222 15 50 69 227 192 4 143 34 251 246 49 217 168 200 45 6 198 161 264
30 69 71 126 161 259 209 131 138 3 43 214 225 148 86 122 71 298 184 124 236 141 219 92 69 24 126 132 115 144 246 119 103 273 272 161 152 53 146 267 186 101 289 105 296 209
62 220 224 190 49 78 154 296 103 82 256 143 131 196 31 0 276 201 136 150 227 128 106
54 110 98 99 82 119 91 94 30 1 168 276 910 155 21 22 258 206 45 795 137 340 248 291 68 194 5 214 260 184 41 272 295 181 234 223 107 138 213 129 45 145 197 228
32 41 88 153 209 211 287 221 153 60 271 252 216 108 201 28 121 170 140 45 169 156 178 209 247 292 165
