148 216 539 13 194 571 228 912 680 219 684 408 437 293 32 11 697 673 261 567 402 949
18 78 83 132 206 63 185 154 281 98 47 11 203 275 270 215 268 129 26 265 263 233 120 112 65
198 206 248 663 725 67 19 105 178 96 1 272 3 211 132 112 100 170 94 52 131 60 23 25 37
658 222 50 180 176 132 95 6 44 160 98 163 70 130 296 45 8 249 228 244 263
26 99 211 534 197 653 104 170 63 749 7 142 106 203 208 143 765 228 571 843 602 14 743 882 2 122 50 32 232 183 195 275 229 127 69 189 22 114 199 263 80 252 215 204
183 193 20 229 68 187 142 259 99 189 207 223 111 127 893 950 101 650 80 203 73
70 160 164 54 48 226 227 166 133 68 269 170 283 115 41 16 190 149 191 26 207 237 241
41 158 235 180 174 234 211 2 253 54 159 146 76 164 115 57 90 170 185 195 260 8 188
151 153 136 198 200 128 195 108 204 14 12 145 283 129 237 273 289 60 274 7 26 133
232 201 192 1 279 262 183 93 16 157 27 63 71 173 117 257 293 284 154 86 139
90 235 186 20 221 76 296 89 203 142 128 98 284 78 209 163 189 83 61 131 90 53
25 128 133 123 277 134 169 193 107 86 274 49 197 84 284 272 243 279 275 285 281 148 236
91 96 158 210 238 275 279 209 283 151 298 240 111 122 228 278 40 117 178 140 157 176 168 201 129 202 170
10 168 151 283 105 75 41 43 231 3 9 181 198 94 18 104 18 515 315 943 293 809
229 272 262 273 89 25 166 22 231 233 69 128 104 44 50 11 237 15 277 41 291 268
14 34 419 180 247 292 244 83 140 142 164 10 51 254 27 166 125 268 107 176 183 44 259
34 91 94 161 162 296 100 170 76 243 210 293 18 161 220 213 265 255 82 38 164 271 116 89 86 88
7 41 148 236 222 110 156 172 17 122 212 39 114 67 241 175 250 214 276 262 202 3
677 180 170 173 197 222 74 243 100 76 132 133 19 104 110 232 38 267 103 59 270
123 226 26 258 109 259 8 108 124 287 167 238 248 268 112 41 36 200 39 180 154
67 286 162 297 32 135 190 68 143 245 188 131 166 259 184 12 214 178 115 35 31
5 83 139 154 193 264 290 276 19 194 275 197 254 281 247 289 146 15 87 209 81 280 215 76 156 262 240
1 34 146 209 264 265 233 84 237 173 280 50 190 154 4 201 242 284 244 24 240 63 150 158 15 192
2 67 91 419 271 72 213 11 58 252 165 131 175 31 34 87 236 38 238 170 80 24 264 150
24 31 127 141 165 246 242 185 147 29 119 2 165 251 229 42 85 204 51 6 182 52 239 280 89 122
240 677 82 197 165 227 28 283 122 185 74 8 35 90 190 260 174 245 234 235 39 186
4 103 127 270 123 297 128 278 6 164 20 236 55 147 192 3 204 249 263 57 130 140 255 51
3 72 276 46 243 115 18 199 132 87 200 82 66 148 91 233 144 277 104 29 213 94 248
294 239 224 106 98 36 1 162 120 119 131 93 287 82 54 252 176 16 102 253 282
12 77 118 130 144 56 148 66 36 286 32 91 299 79 256 43 107 195 117 140 9 42 259 245 264
10 95 170 269 152 293 275 191 20 137 113 232 28 166 242 261 246 125 209 206 280 241 186 286
140 200 174 236 94 17 188 164 145 242 275 130 197 158 80 35 214 70 110 223 270
65 89 95 151 239 285 264 122 92 129 95 60 260 46 194 189 172 229 179 62 209 69 28 246 214
3 8 22 50 147 291 190 282 237 2 13 118 73 124 70 59 246 207 166 234 288 110 269 191 189 12
74 85 121 236 144 19 49 297 59 11 13 65 279 76 87 141 218 250 182 263 248 203 265 294
142 273 141 258 201 263 122 87 91 116 135 127 95 23 148 77 11 108 185 86 229 275
45 76 175 151 205 41 131 215 159 290 9 165 210 160 198 92 139 72 107 256 229 123 278
41 74 75 133 142 291 215 82 141 202 178 126 2 188 179 228 232 229 91 33 125 115 213 222 265
50 191 419 209 179 197 65 132 146 236 62 26 110 101 291 244 13 73 22 144 82 57 281
27 38 129 223 147 247 214 160 272 95 29 164 105 152 266 231 0 48 35 172 121 270 264 50
112 153 251 282 132 58 292 259 25 137 282 207 96 269 97 143 249 208 275 142 221 85 7 115
8 275 419 145 257 160 18 212 41 265 72 170 25 267 279 159 118 130 235 147 174 3 287
33 64 190 226 254 278 455 294 163 50 179 211 124 212 108 60 133 143 176 171 97 110 290 9 53 291 139
170 231 232 244 200 38 103 125 252 31 79 48 81 255 242 293 228 78 121 85 164 213 70 138
30 44 47 166 280 298 147 297 246 169 136 48 158 10 99 166 115 290 73 238 162 143 244 229
10 123 136 44 215 248 30 53 46 90 74 58 170 158 70 207 108 19 13 154 214 153 134
176 227 45 123 170 18 159 261 220 205 89 292 266 34 105 11 33 52 119 114 160 135 225 0 144 200 265 166 21 208 128 222 209 115 109 94 116 232 71 155 9
121 223 148 90 51 100 82 75 61 199 35 108 291 168 137 292 159 83 280 66 111 255
116 279 180 258 112 154 59 17 16 246 228 118 90 150 193 263 115 155 288 87 7
4 243 247 255 863 155 188 224 44 279 269 12 45 178 218 189 140 247 173 157 123 232 236 163 239
226 230 280 289 216 234 205 21 12 150 274 117 33 97 104 281 218 260 250 52 131 280 39 157
180 176 21 33 36 271 173 91 128 20 179 137 256 217 189 299 87 97 95 139 84
33 86 18 25 48 96 218 282 106 64 0 194 121 251 369 57 57 195 104 77 66 289
176 107 276 289 232 149 171 259 131 282 102 61 78 246 58 296 177 136 215 278 3
66 192 291 114 44 7 74 151 273 187 279 55 196 274 25 252 192 47 91 231 101 139 69
129 133 158 237 1 161 123 276 251 167 298 266 44 14 120 75 139 180 245 159 33 110 112
105 233 236 222 34 58 105 128 214 163 206 78 259 166 236 127 299 116 218 72 83 275 87
49 132 263 202 241 168 225 184 277 248 7 101 191 187 239 203 128 30 8 125 72 9
197 203 212 83 138 72 173 185 253 19 289 214 131 141 12 207 228 11 103 21 296 102 14
184 259 677 294 4 104 45 96 261 255 59 114 169 228 49 19 249 270 7 277 236 167 56
88 117 115 207 242 106 293 233 256 105 44 280 9 167 205 286 63 196 99 163 272 69
12 122 131 189 204 263 80 177 47 85 192 42 51 87 288 24 121 227 245 126 120 55 279 231 195 198
167 167 12 205 175 170 122 99 242 286 278 297 106 250 168 4 104 202 225 154 133
201 208 262 263 278 59 49 287 295 250 143 253 74 34 255 65 174 89 189 284 36 298 256 61 173
2 11 48 70 85 14 160 238 237 12 265 79 93 169 140 130 41 194 277 78 127 180 94 80 215
14 82 107 142 268 65 117 137 71 56 157 297 107 45 269 55 119 202 258 265 294 1 140 240 184
100 157 204 66 135 278 89 275 156 185 114 109 71 27 188 262 147 215 205 161 87 84 8
4 15 53 81 118 128 223 118 115 292 280 169 173 17 261 16 268 207 190 126 246 148 166 25 225 0 183
45 76 130 248 226 267 171 119 292 268 138 49 259 58 113 168 279 30 139 234 217 9 297 221
244 155 18 149 190 15 299 1 282 24 104 219 86 210 62 195 167 52 78 98 131
31 44 179 677 21 8 27 128 248 9 256 139 124 37 75 91 270 100 18 153 273 227 222 121
16 102 131 141 155 189 280 38 260 4 275 286 285 191 255 227 281 292 79 209 215 225 254 65 40 41
40 67 294 83 4 148 139 53 42 175 60 220 127 105 38 254 78 256 275 21 130 155 151
41 86 236 138 2 45 249 97 247 141 214 152 186 207 89 257 129 209 51 181 81 266
257 268 268 157 54 122 109 231 114 69 111 23 38 156 290 25 186 260 203 127 146 10
34 181 38 166 51 255 208 135 107 259 205 172 113 64 97 202 25 87 226 130 125 209 126 250 115 246 247 156 66 271 108 270 122 96 98 79 76 13 240 211 157 295
109 125 270 290 38 54 39 229 92 84 145 200 36 135 185 260 33 264 214 76 14 85 228
13 84 90 98 282 21 203 295 49 29 135 243 102 120 260 184 144 161 76 11 110 106 115 9 94
24 133 146 159 143 76 81 52 8 1 248 213 164 25 176 183 30 50 232 238 249 290 21 56
112 245 6 54 261 133 257 3 167 230 36 78 131 108 150 239 241 237 149 260 138 185
265 288 65 123 72 235 71 166 11 198 282 25 283 68 279 27 63 37 250 108 62 292
92 218 148 264 84 187 114 138 150 67 182 225 266 172 48 248 247 239 284 83 167
25 81 143 206 231 247 263 296 118 52 91 99 76 210 292 236 288 32 94 217 160 116 285 156 181 266 117
4 214 283 214 4 217 174 229 284 46 92 112 232 253 3 35 222 26 286 83 186 25 16
218 265 275 90 296 68 154 240 79 266 33 97 252 9 123 162 120 15 139 98 121 10 253
37 69 80 101 136 172 184 250 5 283 238 156 215 175 146 10 120 22 277 147 271 72 106 48 90 19 60 162
27 52 71 81 92 251 173 235 60 218 62 80 106 279 36 113 116 215 109 168 88 86 188 266
35 67 195 112 66 224 148 161 43 77 144 269 84 50 289 369 57 279 66 195 47
120 242 122 296 74 243 92 211 62 29 184 152 273 63 272 129 159 275 134 67 100 173
233 277 163 47 27 237 35 240 142 184 99 41 112 85 157 105 90 68 110 261 246 122
26 30 181 263 190 27 59 105 25 134 125 103 153 47 98 209 61 104 46 67 127 149 7 107
23 103 292 189 289 124 155 142 16 42 118 195 47 66 279 57 84 17 104 144 77 245 289
42 176 202 279 200 251 188 245 7 239 86 85 56 181 34 131 61 25 46 115 101 77 178 10
135 225 229 142 171 225 92 52 1 94 39 18 131 215 222 287 32 10 51 84 83 274 174
158 290 177 256 47 286 18 140 147 72 232 123 154 108 81 129 264 103 275 73 98
56 149 153 155 236 249 260 189 46 39 187 11 16 270 296 199 171 276 139 129 8 24 149 54 203 197 230
61 109 216 224 244 265 116 227 258 136 62 272 245 174 169 115 120 295 243 239 138 107 238 280
1 206 240 2 190 120 172 78 292 290 274 142 241 38 110 37 260 152 109 171 114 146 21 48 41 240 221 197 77 203 241 34 163 103 260 50 149 265 110 104 217 120 89
71 74 299 95 134 22 118 32 271 66 175 280 261 40 6 209 9 89 265 168 223 152 279
8 16 91 112 195 220 291 257 271 88 246 92 254 232 117 115 237 281 214 66 148 273 293 8 173 11 183
57 122 184 294 244 70 232 78 171 143 288 63 229 253 62 123 185 188 292 10 49 64 133 169
19 277 140 205 137 46 276 279 267 184 299 282 291 36 196 111 118 239 186 249 52 115
43 192 455 288 175 122 28 128 21 197 57 213 139 178 61 216 26 196 193 9 80 244 235
134 65 287 36 51 106 298 142 105 88 58 202 26 181 71 244 223 41 171 258 118
182 200 98 31 16 79 288 219 83 228 18 35 238 30 152 61 144 75 297 182 271
66 103 191 677 221 209 264 120 201 136 32 22 142 102 276 37 160 155 256 16 203 280 128 197
22 144 146 125 276 89 246 140 32 280 154 148 121 27 61 113 156 105 104 177 270 69 268
79 108 170 255 455 263 146 178 8 58 89 291 87 119 260 241 257 239 244 160 26 69 159 99 141
41 51 222 281 195 184 94 39 191 257 285 71 89 62 6 103 99 249 162 248 125 35 230 260
65 109 490 199 160 206 111 159 27 171 294 68 279 263 280 65 120 285 296 72 142 262 269
63 259 171 166 163 79 24 22 208 7 90 29 169 26 176 197 27 61 263 165 81
20 205 251 216 266 32 130 135 222 18 797 35 138 205 44 374 236 480 117 505 168 203 280
32 47 130 164 37 66 238 291 275 50 111 41 71 218 72 85 179 245 166 114 40 152 89 196
173 43 67 237 138 250 110 12 171 21 195 57 104 929 269 289 57 204 50 84 77
45 259 290 176 36 24 264 87 107 137 99 81 49 189 86 95 42 203 156 261 294
157 206 90 146 144 153 188 258 85 71 271 299 38 44 252 13 296 181 65 163 223 77
0 105 141 217 677 3 283 278 117 228 34 80 274 225 207 70 157 160 11 218 69 147 222 232 192
146 149 171 270 211 117 150 204 172 120 98 135 233 15 192 268 44 194 40 34 78 243 36 219
22 137 192 202 256 263 115 144 172 236 245 244 162 55 196 101 208 17 88 167 212 78 190 235 288 90
137 230 237 288 191 99 190 240 106 93 241 282 267 288 54 83 34 182 279 252 239 36 221 85
20 65 198 250 166 35 149 221 142 235 152 45 38 105 192 13 270 80 141 171 10 107 118 20
198 215 230 274 95 252 8 128 277 112 45 153 104 136 182 62 79 169 29 111 250 243 90 270
86 181 227 265 267 22 137 214 5 159 157 69 204 276 100 142 66 117 43 86 225 3 232 152
50 127 187 280 72 216 112 53 66 12 44 203 234 159 9 272 275 98 176 138 287 187 51 173
51 124 265 199 193 183 161 81 15 227 100 52 150 84 224 131 205 142 218 111 79 88
12 121 124 138 220 186 19 8 56 290 90 114 53 48 80 251 120 152 191 85 143 192 257 169 218
23 56 113 239 134 240 33 276 270 197 282 26 54 48 25 116 24 188 36 139 102 142 155 128 284 190 119 100 70 242 15 192 79 235 159 183 78 209 105 239 94 251 31 222 34 212 170 257 264 115 112 280 90 140 104 260 121 31 163 116 243 175 282
87 90 164 171 419 102 290 97 216 134 284 143 114 221 255 18 52 223 204 157 113 181 271 124 252
132 47 277 122 65 169 141 158 10 162 97 67 244 160 30 24 154 60 146 221 36
75 255 32 274 8 47 28 84 107 282 123 195 261 5 98 276 114 22 142 19 1 159
88 158 255 277 275 30 62 99 188 264 286 114 58 95 183 291 6 257 74 232 256 212 185 141
1 55 95 127 297 171 128 260 275 35 236 261 254 196 121 168 40 259 219 143 105 80 282
35 60 61 232 117 153 111 54 287 285 269 165 119 85 2 90 179 133 156 230 213 92 247 226
0 16 29 154 161 246 102 221 236 84 293 255 249 95 247 151 200 181 168 286 282 108 207 111 268 264
213 272 252 141 30 187 216 109 273 279 17 168 175 51 0 155 84 87 92 214 167 95
107 292 8 171 93 206 222 58 267 176 46 154 14 188 149 69 271 75 169 131 259
105 125 254 265 296 490 226 203 115 153 291 94 177 138 185 296 106 39 166 223 34 241 65 287 253 32
38 87 161 182 216 82 254 23 110 225 229 177 217 18 56 125 174 123 285 211 57 230 238 265 182
76 200 299 114 168 265 286 202 13 258 133 98 69 249 110 92 193 19 289 284 224 86
982 110 263 204 125 223 217 31 196 181 251 267 77 155 244 10 79 46 137 55 239 141 81
176 225 241 246 455 223 60 150 299 149 178 234 194 220 258 260 66 142 294 160 153 115 118 151 169
24 62 165 219 287 117 79 145 141 129 253 217 75 32 17 13 285 82 136 92 221 154 0 89 257
15 220 253 96 102 48 194 121 57 261 120 87 264 142 116 124 88 230 193 134 275 294 47
181 127 54 67 68 273 66 271 232 137 22 264 243 189 38 266 141 122 238 145 272
12 24 101 119 125 141 201 455 155 203 122 210 184 101 198 138 119 3 71 68 170 43 85 103 82 291 112 233
39 67 137 264 271 246 127 102 7 87 150 235 13 131 48 251 132 147 124 282 203 201 197 205 252
13 86 216 219 276 294 252 292 234 39 18 13 156 106 139 126 236 118 270 267 211 138 257 115
982 54 161 181 295 159 183 165 259 280 275 197 109 38 79 210 299 101 76 286 190 154 216 130
5 7 12 125 93 79 6 94 172 217 236 246 36 74 57 214 271 268 28 222 280 157 101 50
49 208 294 677 22 294 82 266 264 234 72 280 151 93 47 222 251 278 61 136 79 38 129 95
16 121 127 219 38 17 53 244 271 3 82 128 292 97 226 121 200 284 153 23 83 178 27
220 156 121 193 78 247 134 62 254 180 43 84 48 101 163 172 23 6 185 73 268
0 214 247 258 235 197 289 57 237 247 114 241 17 37 70 183 115 176 134 90 9 262 202 22
142 256 249 156 207 250 39 200 129 193 175 181 166 257 144 222 6 231 119 216 91
76 21 216 15 205 162 154 92 46 249 110 31 242 197 274 135 38 203 247 230 150
89 128 40 279 151 143 260 148 206 101 39 169 167 5 249 127 109 287 214 222 107 197
256 419 220 197 285 104 171 161 174 25 144 108 226 136 189 15 229 82 222 148 276 83
9 16 77 148 180 266 298 46 293 22 212 270 155 244 51 91 286 154 179 239 85 261 232 45 208 60 126
33 73 89 160 200 35 5 1 268 47 113 139 72 3 296 233 215 158 293 93 212 198 171 124 45
8 221 490 67 170 23 195 88 257 95 103 297 9 291 38 149 19 104 268 263 106 181 274
24 39 74 86 57 299 270 243 62 136 281 294 55 280 139 213 255 177 206 43 59 108 172
192 97 266 263 295 199 100 83 222 81 40 187 232 70 273 278 200 132 176 210 298
87 107 111 228 57 146 119 269 74 91 145 183 257 60 100 109 71 233 125 191 192 182 193
96 129 271 154 109 41 232 244 293 48 42 238 105 95 145 218 206 285 99 291 189 64 142
95 169 201 220 229 260 278 217 274 59 90 60 182 98 209 176 155 21 93 147 237 116 44 145 110 228 149
67 89 160 194 271 131 109 259 252 162 177 260 291 53 57 250 220 15 183 113 191 266 166 119 115
128 291 4 194 100 88 195 83 258 92 156 214 16 242 103 200 234 162 293 41 203
71 183 186 292 149 254 135 283 37 105 11 30 113 234 64 231 114 90 22 270 245 164 236
54 169 258 81 105 25 265 6 3 143 185 160 261 274 28 26 181 172 256 260 75 40 117 90 170 150 53 294 278 65 140 193 93 38 139 248 196 2 52 239 23
48 85 490 224 33 147 294 2 19 287 122 124 156 205 169 100 183 170 104 34 107 162 186
177 213 119 97 38 30 53 18 99 59 142 106 11 145 204 162 132 104 45 206 180
12 62 209 241 11 205 93 166 226 165 135 116 58 7 57 283 45 37 249 169 133 176 85 167
30 238 35 268 134 216 75 228 89 232 285 181 282 142 284 72 192 79 241 113 233
86 127 134 153 137 271 73 60 207 187 155 175 103 249 82 38 47 42 233 14 101 253 229 122
126 258 143 136 147 204 11 145 254 184 223 160 22 225 43 199 29 122 90 265 268
2 117 156 291 222 125 26 27 11 199 191 116 160 208 117 231 18 113 40 6 190 146 47 115
146 55 208 183 34 298 0 131 63 86 124 295 94 252 134 141 205 130 41 137 9
113 148 246 297 268 119 59 220 265 145 118 288 142 106 152 39 71 193 212 169 79 162 134 279
69 114 186 677 4 9 62 12 235 291 47 68 17 256 274 5 16 250 296 128 101 179 175 244
280 111 235 222 154 271 255 289 7 198 0 68 137 187 215 18 282 93 293 225 279
94 130 234 248 249 191 158 232 147 292 193 249 293 135 109 7 283 253 149 64 29 115 53 277 148
49 69 111 251 54 31 105 91 35 255 80 8 236 223 254 29 205 2 208 109 21 227 295
29 200 138 266 89 198 215 113 278 92 230 180 20 38 156 53 8 21 216 88 269 209
48 58 279 139 129 284 93 229 68 169 274 125 193 188 141 166 207 58 294 4 275 290
39 170 677 88 110 261 148 290 90 123 72 196 282 222 112 11 218 204 246 12 237 60 163
12 85 153 194 239 294 2 295 109 134 21 50 267 223 59 251 280 110 11 262 205 25 104 16 36 222
87 130 240 251 291 297 419 16 73 233 243 263 242 290 160 132 45 11 255 235 12 142 134 200 132 61 232
8 112 174 197 240 30 215 202 258 238 199 82 281 230 291 143 36 152 23 68 240 262 225 21 137
65 89 177 259 286 161 54 71 140 227 256 0 195 111 235 40 218 229 113 109 90 26 249 216 27
23 258 78 38 256 236 19 191 18 176 61 188 298 154 201 86 203 13 77 180 98 79
198 203 206 11 114 296 79 66 37 50 45 265 34 28 244 264 115 226 133 155 207 16 73
