37 106 177 183 283 291 58 89 252 480 507 109 603 333 225 178 2 948 554 477 409 445 965 698 687 758 162 648 510 750 647
184 255 298 586 718 378 75 691 122 58 736 336 662 560 569 444 698 593 832 147 316 33 388 567 49 665 107 97 120 948 392 878 147 390 504 193 694 759 436 788 37 513 133 725
101 160 49 665 107 97 120 948 392 878 147 390 504 193 694 759 436 788 37 513 133 725
100 130 55 40 197 8 78 82 208 295 90 240 21 273 4 91 266 140 271 277 157
117 126 167 284 140 172 138 235 268 282 227 104 204 57 226 14 212 196 78 181 167 85 136 122
184 806 880 102 145 254 190 616 294 157 65 253 294 29 180 10 10 39 69 996 73
256 264 222 253 276 52 90 97 94 142 251 234 210 23 233 164 179 200 287 185 176
38 230 48 217 252 283 7 263 220 315 46 258 65 267 378 639 58 900 256 24 736 336 714 832 812 435 135 160 56 89 278 261 111 246 172 101 260 561 180 115 902 122 842 114 274 293
14 208 158 29 234 97 297 191 33 28 110 251 139 207 130 201 284 252 184 257 233
155 179 201 183 256 3 299 57 66 92 28 77 149 78 73 123 4 268 6 287 177 42 106
80 129 289 207 609 124 164 254 126 280 121 174 39 61 900 639 435 718 714 698 85 832 416 24 698 182 30 78 241 278 292 274 221 55 270 294 114 203 248 2 111 25 19 169 131
34 38 288 717 82 189 247 151 107 8 156 60 150 64 264 257 205 278 131 47 226 277 176 81
72 128 177 125 255 121 169 75 160 116 274 155 186 39 66 109 135 142 214 27 201 249 40
176 222 228 107 241 126 82 173 260 128 10 124 276 22 117 164 158 90 18 25 28 225 273
12 40 133 160 288 33 156 245 90 43 221 5 157 207 286 40 257 161 239 91 10 63 38 2 88
143 262 56 253 236 72 258 204 215 190 146 34 238 42 275 45 239 86 93 38 285 44
10 29 131 193 291 19 192 164 231 126 207 184 97 269 288 240 131 294 32 237 149 91 33 172
63 275 190 192 232 296 104 18 157 167 101 94 138 273 9 755 102 232 43 237 736 239
20 79 155 192 209 230 88 77 213 243 16 191 276 151 145 206 267 238 254 217 280 272 39 245
173 187 226 51 217 244 49 9 17 140 191 130 92 10 270 289 297 44 71 215 193 232
74 88 222 122 151 190 87 5 38 128 272 176 102 11 248 64 103 124 130 213 261 0 181
248 286 294 114 216 94 162 232 261 289 236 257 5 199 29 140 45 201 109 33 210 168 185
118 155 227 262 298 264 105 290 177 168 206 75 197 198 242 266 225 154 142 49 188 284 289 255 126
29 90 112 176 188 701 298 221 229 86 116 89 70 210 53 25 280 131 41 142 8 170 99 67 15 135
28 60 163 56 202 115 171 70 254 63 35 116 217 111 184 126 66 180 152 176 229 267
116 150 161 178 217 282 100 4 187 97 222 229 122 10 56 202 24 59 134 33 269 84 284 71 173 276
58 240 180 197 267 57 152 184 147 115 288 210 276 75 8 6 189 68 138 234 258 148
164 236 257 81 224 12 213 211 268 14 170 203 108 7 32 159 249 38 229 219 79 167 284
87 228 232 71 236 165 276 27 229 59 246 96 37 99 102 19 84 10 292 161 182 130
931 113 260 26 212 45 254 30 218 291 117 620 165 241 204 115 196 278 133 128 298
45 111 137 283 367 120 21 254 6 191 161 276 257 252 217 31 121 108 259 189 36 278 171 268 148
66 83 95 171 269 194 39 66 14 12 160 134 144 174 281 151 68 113 89 218 216 109 192 149
19 251 233 253 130 214 96 131 226 84 103 43 148 248 72 24 207 59 167 136 64 185
75 95 106 131 283 291 64 81 165 115 272 174 237 39 229 274 167 86 184 103 195 259 210 214 207 61 109 272 201 68 206 161 189 264 258 212 256 186 296 172 62 293 273 7 93 80
8 129 186 240 107 164 201 179 229 23 90 83 263 32 278 29 79 82 157 44 151 273 286 129 233 89 282 252 22 178 54 205 139 189 47 119 149 281 187 169 136 74
41 115 130 178 285 931 134 252 109 272 142 294 232 152 128 279 204 291 117 133 83 298 29 241 196 242
19 89 0 49 251 186 126 169 81 52 104 157 242 132 154 142 275 47 40 65 23 7
134 155 281 701 250 281 59 160 146 102 95 57 284 294 106 164 208 296 166 218 13 242 197 22
24 178 284 293 278 93 286 229 91 258 292 246 202 51 151 283 111 5 115 101 226 268 55 142
28 277 296 95 46 143 259 243 297 250 157 138 104 251 236 185 200 212 271 126 42 51 71
37 274 284 268 175 252 195 149 250 222 203 232 271 242 160 168 32 17 166 74 105
55 155 367 270 184 289 158 99 107 229 26 253 41 254 153 86 128 296 298 119 9 265 212
179 216 3 146 54 231 123 191 257 132 20 253 81 101 202 73 182 241 16 0 135 104 122 232 169 126 95 22 211 9 246 109 208 226 91 120 138 270 279 31 30 258
82 218 293 83 117 192 65 135 118 23 864 285 927 471 935 186 379 463 288 238 412
27 190 260 293 74 77 244 133 26 256 232 56 167 249 234 97 264 116 96 139 112 269 291
44 193 218 235 241 274 206 249 229 254 4 134 104 268 182 264 98 6 139 234 63 116 257 89 3
6 13 127 131 286 298 270 265 151 86 109 116 186 236 182 82 207 15 256 27 11 243 268 195 121 198
18 25 111 143 77 114 281 183 270 188 7 195 173 169 109 291 239 157 32 123 266 106 81 11
68 230 243 270 233 291 166 167 235 70 119 16 139 260 56 106 293 239 274 205 128 85 178 97
8 23 120 186 201 124 217 281 102 142 273 850 239 290 170 292 34 16 698 832 435 33 714 884 214 241 736 45 291 184 158 93 106 134 88 34 132 251 160 70 219 157 206 191 162 80 139 163
131 163 255 269 285 295 134 263 246 51 62 11 116 90 57 197 20 0 117 60 13 132 33 31 76 271
239 256 45 260 214 241 87 133 292 166 257 62 45 102 173 33 34 714 639 214 900 884 435 241 69 290 132 106 118 201 45 220 239 222 180 23 123 161 194 54 130 185 171 226
144 259 42 73 103 72 99 84 7 75 266 269 14 69 177 185 188 138 97 140 164 234
942 105 167 276 212 137 20 270 276 237 53 37 83 154 122 286 294 71 148 58 34 107 194 48
59 108 142 250 261 288 247 217 67 24 35 288 153 220 134 70 123 111 93 282 278 132 192 136 196 3
367 149 294 55 247 297 91 32 254 175 219 164 78 9 180 7 234 242 143 236 195
6 163 212 16 77 169 266 122 223 126 9 258 23 179 177 57 91 262 34 87 49 124 255
156 178 204 160 51 274 100 253 256 215 28 79 231 169 212 123 48 296 174 114 189 59 251
89 107 110 181 235 367 95 66 141 189 90 94 293 76 204 38 250 47 83 212 274 266 31 144 107 176
79 92 367 95 127 19 220 72 159 59 64 46 81 269 31 153 73 17 215 105 224 170 4
88 138 287 292 149 289 277 201 8 188 255 103 32 268 191 217 16 116 113 12 177 74 41
63 75 121 127 299 212 114 2 291 198 74 252 247 49 271 67 102 280 188 267 120 127 229 134 96
22 63 170 10 90 123 80 282 8 16 291 13 291 241 204 620 242 165 117 78 133 279 29
18 237 279 931 237 161 208 49 175 223 105 260 203 55 35 244 252 187 286 92 182 79 297 125
82 116 119 250 145 231 229 137 128 292 136 153 86 297 14 277 273 191 251 6 42 205 254
281 137 86 10 133 15 16 250 125 184 50 36 263 265 48 212 244 119 99 139 166 37 13 248 21 115 63 161 156 240 215 232 154 254 245 211 296 166 78 199 209
127 60 75 179 269 114 51 63 72 88 296 259 180 89 251 201 106 187 195 42 100
101 216 260 298 291 100 289 178 262 287 237 229 131 138 120 290 130 220 65 86 92 257 269
48 49 88 265 114 80 127 110 217 234 233 211 268 221 193 188 15 20 41 161 54 184 45 102
47 104 128 3 218 141 222 296 28 59 179 36 120 158 118 298 12 242 126 271 286 9 67
62 144 63 151 29 186 230 233 169 210 197 251 153 71 144 282 65 247 38 72 156 159
93 108 122 64 175 203 270 99 188 106 153 179 255 167 198 114 70 244 67 112 286 80 209
63 227 236 297 77 127 18 83 265 218 266 41 255 280 270 31 97 82 182 230 241 294 234 68
41 283 169 70 13 264 20 199 2 243 299 171 133 9 80 245 38 76 201 288 194 188
175 188 298 74 194 227 0 155 131 39 15 225 129 198 176 185 80 202 24 137 297 60 161
65 143 182 233 257 290 367 245 265 54 174 9 86 113 53 243 263 208 97 69 164 201 273 140 182 293 296
0 113 255 211 216 163 19 153 196 208 298 253 104 123 99 41 233 36 230 174 296 291 53
233 89 88 37 237 293 71 50 232 214 102 141 222 79 126 81 144 234 156 146 147
294 169 181 194 272 161 223 292 232 103 211 288 17 736 884 639 102 173 93 241 312 698 45 33 435 14 158 198 197 108 214 259 155 122 6 242 149 186 147 169 69 194 87 43 151
87 214 236 245 297 280 86 34 241 255 46 266 77 275 216 99 18 257 291 194 175 103 117 286 19
74 167 205 280 188 204 10 20 262 150 202 286 117 226 189 168 116 3 135 290 281 164 269 40
122 246 286 147 135 141 88 287 74 199 298 227 175 5 20 31 75 125 77 195 173 289 181
21 248 55 89 154 28 212 196 139 267 9 213 14 284 223 194 169 76 177 182 141 103
961 166 34 172 292 102 7 106 75 5 282 58 13 225 158 36 92 148 104 186 11 91
56 86 194 230 264 62 294 163 254 70 139 55 6 26 195 158 41 188 53 128 138 268 118 82 275
201 203 257 272 54 109 87 202 170 234 19 56 158 231 220 236 147 210 4 16 5 62 118 254
52 85 125 208 295 299 62 208 109 105 108 244 40 91 3 14 84 151 12 107 238 34 278 142 214 157
71 163 174 201 211 7 50 261 244 82 160 294 83 190 229 60 35 287 28 20 295 126 2
21 167 62 233 111 248 145 287 263 277 243 299 89 293 5 94 0 281 116 216 91 45
11 15 50 244 232 189 144 30 77 195 295 109 202 220 118 247 45 101 267 156 282 82 38 136
122 184 33 89 149 293 236 54 100 103 107 19 177 183 235 3 68 291 49 26 16 194
174 259 268 288 257 79 154 238 87 113 21 194 102 246 36 143 85 217 71 64 34 22 153 150
111 120 126 128 137 278 367 209 297 258 170 25 165 201 156 223 9 69 35 94 82 57 157 31 188 143 152
183 223 93 1 70 186 15 260 123 220 35 159 29 185 31 78 203 181 126 144 150 223
158 206 228 234 262 161 102 52 145 224 239 213 121 171 1 142 258 196 117 88 191 59 19
3 155 280 143 114 210 252 67 34 127 238 279 184 275 271 243 58 40 133 124 211 42
63 88 242 291 931 24 160 47 115 61 80 294 291 8 225 43 296 91 189 206 107 143 111 63 234
104 152 181 232 282 71 114 79 101 121 231 65 27 285 128 6 204 197 137 44 209 7 160 83 257
961 67 78 88 260 269 284 3 79 258 48 159 34 163 263 130 239 235 146 97 102 172 234 698 952 15 232
162 170 211 234 154 193 247 299 186 72 208 229 81 196 230 171 269 239 267 54 50 55 150
21 170 175 141 101 191 253 105 137 281 86 241 207 298 163 52 259 265 41 72 251 242 245
75 106 116 128 141 231 134 76 296 40 77 78 244 203 140 187 151 9 269 79 142 175 161 278 52 163
27 169 264 279 222 280 180 86 9 178 248 273 102 79 199 267 205 167 58 231 236 208 85 250
18 36 173 268 263 224 14 46 60 184 258 238 241 199 280 21 213 168 82 51 92 26 6
129 270 292 701 17 56 212 239 228 137 25 133 39 273 234 15 53 97 15 698 755 235 9 232
263 3 37 265 70 297 76 14 30 195 235 107 78 140 244 143 71 256 280 207 28
123 197 215 246 273 235 116 170 21 43 291 98 234 61 131 266 292 71 238 172 93 241 233 245 133
81 100 209 258 701 6 225 284 253 83 31 207 103 251 124 4 128 210 299 291 25 150 153 252 84 16 101 77 31 259 171 261 165 23 91 32 231 109 121 295 189 267 27 111 286
172 230 277 146 120 240 80 217 289 215 160 296 107 287 277 93 115 243 161 70 21 43 228
961 90 117 123 148 223 73 232 200 64 147 58 241 222 280 293 248 237 209 298 52 177 191 142 170 111
22 73 151 278 298 106 211 263 143 18 30 27 72 298 249 53 9 213 102 73 90 149 31 187 33
170 204 220 2 71 45 143 65 100 216 20 67 239 49 89 277 243 185 98 39 274 273 228
57 69 162 154 250 271 187 66 51 200 126 77 159 136 178 7 43 74 138 91 173 215
35 153 193 64 117 30 163 228 289 126 214 228 299 237 225 714 884 698 33 832 736 272 639 900 892 23 125 176 85 17 241 213 299 91 134 287 46 40 227 259 30 59 16 184 216
20 55 94 215 277 215 55 111 195 242 181 183 289 240 87 73 205 211 58 192 120 29 233 259 44
14 258 274 63 127 187 42 186 2 181 248 260 29 268 270 241 266 280 209 194 229 106 200
81 120 136 196 204 263 294 198 293 287 167 6 268 290 224 146 110 42 162 77 113 231 100 111 105
47 64 144 180 110 0 131 138 168 230 291 115 169 65 97 129 245 67 122 255 84 107 62 50
128 149 248 173 203 6 175 44 60 30 179 70 278 48 5 265 287 227 177 142 121 94 62
961 39 275 113 100 237 119 18 206 174 260 140 95 183 102 290 163 59 222 164 219 103 153
150 276 281 156 274 250 199 190 176 228 72 249 149 115 192 35 284 8 42 282 234
99 116 120 202 279 201 130 143 134 243 228 269 292 108 54 23 40 148 227 95 198 87 30 281
92 140 187 234 263 290 195 102 83 247 5 106 36 94 30 144 64 70 172 225 116 67 111 69 17 151
295 701 56 256 182 295 82 210 97 65 296 265 53 236 81 187 230 154 215 271 192 142
233 273 285 288 77 195 124 20 154 87 249 134 7 61 180 273 137 71 49 183 267 26 220
261 287 169 125 111 139 201 74 208 107 277 245 83 161 212 137 174 146 247 196 140
4 60 295 167 218 67 166 76 232 111 156 38 231 221 275 116 41 154 265 179 40 288
117 218 286 29 257 100 176 259 63 186 189 103 59 149 265 18 286 71 77 245 227 139 109
46 143 211 267 125 129 50 180 51 232 205 79 185 32 240 36 3 176 262 271 133 123 77 241
91 107 133 246 163 179 144 147 188 113 29 288 273 755 15 172 252 97 43 239 952 736 234 235 67 76 152 216 162 216 215 180 67 299 146 273 53 43 698 15 232 97 235 172 288 107 64 91 219 228 209 170 230 141 147 13 48 49 70 256 181 201 3 162
24 35 50 134 187 249 253 284 148 46 27 149 110 118 243 94 268 208 235 93 123 257 81 162 18 230 73
157 223 97 150 138 181 194 258 111 167 29 193 178 134 86 209 61 295 87 162 79
961 141 288 736 935 942 156 164 107 170 128 167 155 277 952 234 736 237 9 239 252 755 15 698
243 253 150 133 230 225 124 286 40 15 157 4 295 7 185 217 155 253 294 84 237 10
101 112 181 221 56 198 192 2 41 48 4 275 272 256 17 109 281 179 132 238 190 188 187 157
168 219 244 245 165 263 159 96 18 204 264 26 142 211 288 176 131 69 173 217 282 296 114 174
170 240 22 56 295 223 119 154 203 29 140 33 178 221 77 297 135 270 151 256 286 53
214 25 9 228 285 249 250 173 22 210 121 274 61 81 15 21 230 5 269 145 172
47 53 143 283 243 219 36 136 239 57 193 26 260 117 14 44 248 186 127 2 90 126 255 299
66 86 237 120 202 127 8 43 131 150 68 169 71 204 1 135 208 227 103 168 228 116 153
189 216 253 88 171 297 213 236 137 27 210 197 97 254 156 280 66 81 141 205 30 77 282
367 293 49 176 214 54 125 89 144 34 182 67 273 208 148 110 130 122 280 262 276
196 204 286 259 297 260 264 253 181 178 288 96 8 183 70 252 223 294 295 171 113 212 116 96 158 95 85 50 191 105 282 187 37 115 32 150 60 107 184 242 196 34 127
30 105 192 124 280 52 262 145 99 246 6 150 295 74 231 53 42 188 274 56 20 87 271 229 278 14 111 151 272 294 215 113 71 50 259 289 170 93 187 183 135 79
41 58 88 264 299 76 243 182 112 6 69 126 38 291 54 262 245 117 249 2 201 177 236 47 176
71 100 72 36 81 135 181 214 297 77 217 83 15 23 272 93 832 58 698 884 900 33 714 189 265 19 72 152 235 229 32 47 148 247 288 221 186 129 63 266 283 44 245
51 229 248 157 104 196 150 4 38 277 279 64 289 189 12 149 286 180 275 173 285 209 107
74 181 231 292 285 17 199 189 31 168 295 256 68 148 144 69 165 262 112 282 30 279 149 184
231 235 84 160 186 143 194 20 127 113 283 200 209 135 37 249 133 55 166 131 271
26 37 102 145 255 61 116 71 287 209 98 177 196 238 149 267 215 221 64 16 187 252 268 280 135
6 30 32 52 116 240 148 198 72 36 280 50 206 111 227 289 139 66 142 234 156 232 220 172 235 297
98 236 219 90 232 146 150 81 108 216 124 178 189 267 16 201 180 77 206 182 158
6 77 195 204 209 241 70 14 211 275 108 234 284 249 197 56 55 269 217 78 62 194 253 155 261 272
20 238 243 274 215 289 169 24 170 266 15 250 21 75 245 23 177 117 48 294 84 100 78 150
99 197 281 99 16 58 17 127 289 275 177 184 111 24 160 37 61 288 224 175 62 60 112
961 100 203 225 239 133 128 111 286 160 22 226 21 104 33 246 63 178 159 241 261 247 147 41
142 159 72 70 26 223 159 225 74 184 236 107 39 280 4 252 168 121 114 97 210 197
90 148 237 242 288 367 701 109 110 54 273 114 275 217 239 139 254 264 287 263 95 23 282 75 281 93 31
186 211 247 275 46 230 276 15 286 284 198 151 156 35 259 93 14 268 108 210 102 282 263
48 223 112 203 88 28 45 80 132 6 271 207 10 52 224 99 222 133 92 95 7 128
133 248 253 274 291 76 74 108 132 254 125 8 19 103 63 157 65 247 9 99 60 43 230 97 248
231 292 136 93 298 83 57 139 213 243 106 135 119 281 158 52 225 55 95 70 99 207
20 49 122 196 253 251 92 24 1 178 266 85 220 14 72 274 267 71 2 80 31 48 21 69 3
961 90 701 65 255 140 207 229 289 43 293 270 80 259 277 10 96 249 239 20 223 8 94
107 143 157 24 48 93 114 276 132 144 179 192 196 211 61 60 63 172 228 143 167 226
101 102 181 196 274 294 931 217 85 262 190 175 214 10 13 234 128 46 24 224 170 212 267 243 12 183 86
72 124 32 264 238 105 51 182 152 228 0 83 289 168 3 56 242 151 5 99 193 170
73 80 207 253 140 114 120 8 66 251 134 88 214 151 110 18 177 159 205 209 210 100 128 234
150 276 283 141 219 212 243 13 14 48 240 286 77 5 218 92 57 269 27 129 63 31 47
137 293 68 124 86 105 289 177 219 260 97 190 112 27 120 8 294 154 199 137 191 74
92 236 257 287 143 95 181 269 114 158 86 71 141 285 113 151 1 251 60 171 176 63 252 278
84 367 297 196 161 205 92 224 73 36 40 194 112 21 27 23 223 77 147 252 242 158
48 127 166 208 272 274 282 212 77 186 261 5 26 82 277 122 154 253 144 105 86 174 42 243 291 244 27
76 125 195 262 278 150 242 250 201 198 33 161 30 43 115 178 202 71 16 224 234 72 90
2 6 73 130 186 207 273 258 142 42 87 184 265 188 60 266 44 254 41 54 53 77 121 225 207 203
70 176 200 284 931 16 239 277 196 143 51 158 56 161 204 99 89 290 281 294 288 179 217 243 285
9 22 27 36 178 258 152 20 159 264 254 89 10 280 128 94 157 37 247 84 73 43 193 142 269 111
69 139 188 224 281 701 30 76 277 98 3 88 92 268 103 81 297 124 109 209 292 22 16 14 27 231
58 105 153 263 299 247 15 12 264 67 273 109 286 214 170 162 210 184 295 183 39 207 126 153 111
230 49 291 173 232 30 255 142 107 822 239 235 952 43 97 252 15 146 736 232 102
11 68 191 283 211 129 42 186 128 136 152 66 249 12 96 264 29 154 97 50 204 120 93 217
