43 83 100 119 179 4 24 88 150 14 67 370 607 310 878 643 560 517 896 632 531 605 504 218 758 761 166 788 926
331 18 194 234 254 387 917 638 258 715 375 941 500 830 705 135 15 290 33 390 483 800 2 922 461
14 23 122 155 159 169 252 256 266 316 273 289 523 149 268 219 779 591 427 555 820 820 690 192 420 820 870 367
176 297 122 849 933 178 293 108 646 676 950 719 917 219 92 802 144 147 205 802 468 205
7 189 286 47 53 146 334 279 744 420 520 537 537 11 134 606 590 254 198 590 307 170 194
57 139 205 265 41 33 288 12 150 77 176 85 234 139 267 209 115 17 303 99 432 115 469 289
82 155 185 270 271 278 165 175 227 268 70 55 210 180 208 241 102 210 197 939 83 45 261 287 79 12 235 285 43 82 180 261 177 196 87 18 192 206 137 19 291 75 221 210 297 143
3 140 162 105 147 107 7 72 288 232 168 140 9 292 37 156 235 213 257 79 244 121 42
55 287 115 194 295 2 247 109 140 214 153 98 100 108 121 199 46 251 48 257 12 25
36 148 168 267 189 289 11 165 139 23 113 167 160 212 116 91 48 208 18 252 243 281 249 213
5 20 31 119 138 192 99 282 173 55 186 187 253 151 182 129 98 207 31 94 174 51 217 144 92 80
132 146 180 32 97 241 183 44 295 289 18 138 231 280 100 284 160 238 121 14 85 271 116 198 123 129 108 29 67 278 273 231 128 139 162 110 235 224 5 127 238 271 222
63 259 269 71 239 170 246 37 108 124 277 196 240 188 39 115 227 52 187 173 257 129 90
38 218 249 131 10 135 229 205 181 60 4 164 202 257 77 277 94 207 251 62 20 163 204
2 112 138 195 221 100 52 291 292 99 5 252 1 69 106 20 139 11 71 132 137 92 269 265
65 126 191 195 220 93 180 30 62 100 153 6 276 63 18 216 28 271 61 172 229 57 31 113 125
73 164 273 59 77 12 65 215 15 239 192 127 31 104 259 188 133 52 266 145 288 88 110
142 72 204 76 184 160 103 62 147 290 221 69 238 257 10 154 64 273 175 90 251
12 200 273 294 287 83 173 62 97 118 253 177 139 202 265 196 110 86 148 111 56 73
93 154 49 209 93 293 290 77 6 151 160 112 87 247 12 230 3 123 257 89 4 40
3 59 293 123 223 258 96 146 143 29 17 237 85 282 209 268 20 80 185 142 195 245
259 287 59 160 192 203 298 101 910 261 65 457 272 100 221 176 485 346 910 262 132 19
91 94 281 59 160 192 203 298 101 910 261 65 457 272 100 221 176 485 346 910 262 132 19
107 131 141 232 53 98 230 243 142 299 208 174 155 198 8 45 284 77 263 104 275 3 254 112 105 267 42 235 118 215 143 296 271 93 73 276 274 87 229 45 33 147 193 286
14 82 210 192 105 108 109 262 127 173 289 94 70 59 132 137 281 223 269 27 25 88 40
190 257 263 110 80 11 297 192 128 105 278 34 218 45 239 286 225 156 257 146 209 179 208
63 88 244 118 241 129 266 147 295 127 247 203 277 294 99 214 258 42 89 160 177 202 217
95 209 221 50 160 295 123 290 59 217 269 151 10 246 180 88 262 54 219 47 86 106
40 131 135 160 187 210 225 294 214 224 52 90 164 143 168 152 269 271 91 112 231 272 153 254 29 171 99
44 113 121 144 261 100 215 278 76 31 280 254 226 283 105 139 77 212 131 121 232 63 52 213 66
240 294 62 3 215 87 89 0 134 74 247 227 21 113 119 99 242 279 220 92 118 43
185 278 52 83 113 152 192 250 274 850 150 263 198 101 155 79 189 283 112 84 205 118 543 41 180 13 100 217 210 249 120 35 94 257 98 5 259 66 191 263 165 50 57 1 266 85 157 65 276
180 73 120 36 212 274 31 278 103 219 170 37 110 189 279 45 21 162 93 132 210
35 99 129 161 163 165 205 212 229 233 92 181 176 264 175 26 287 285 97 148 269 226 261 93 133 69 150 102 55 233
85 129 261 166 271 218 141 145 175 97 45 255 77 152 7 191 158 4 52 71 16 157 68
560 78 106 197 202 287 54 245 80 135 267 241 217 237 292 205 16 270 155 228 297 285 194 134
385 113 141 149 279 111 128 143 258 262 274 278 94 135 204 198 179 163 239 35 180 375 31 223 81 45 176 191 275 70 712 531 192 19 144 8 171 80 274 40 198 51 36 132 94 267 143 229 245 1 279 188
21 70 81 101 145 31 299 233 159 130 175 34 299 70 73 223 98 45 176 191 81 275 299 81 712 153 13 1 64 232 50 263 226 250 120 180 209 68 214 261 182 121 172 278 221
144 161 250 160 231 162 83 106 122 37 124 227 271 35 165 13 133 292 130 157 58 264
207 208 89 7 115 263 118 220 113 268 65 198 262 256 150 110 285 74 86 9 217 16
69 299 293 268 29 193 291 39 238 220 164 137 260 165 2 70 277 286 18 156 279 244
134 147 201 274 228 66 101 85 207 141 293 76 221 127 82 211 62 146 298 191 250 48 94
15 104 271 200 88 84 214 107 153 231 12 281 114 275 30 115 50 235 207 224 208 198 37
1 15 73 168 192 276 40 229 59 206 246 172 174 112 64 283 66 160 180 286 6 67 53 201 266 90
75 135 207 254 271 285 287 67 107 94 130 123 54 213 141 153 59 101 135 157 224 285 263 240 158 126 281
243 101 6 140 244 252 194 105 248 45 109 23 82 255 241 198 154 27 282 63 283
99 260 88 129 172 37 100 131 245 7 201 187 20 146 151 253 105 282 1 123 203
166 210 86 105 20 288 66 49 138 281 101 36 99 128 3 217 16 23 11 4 87 158
24 51 76 202 19 108 63 181 226 8 39 102 249 163 5 126 290 100 118 24 15 250 66 142
174 193 109 80 140 244 215 164 223 129 263 144 284 201 35 138 66 121 65 156 232 94
149 271 98 222 54 46 79 125 133 212 52 239 107 96 35 32 97 283 262 132 142 47 19 122 235 36 111 200 43 125 142 158 52 151 219 33 63 30 165 261 141 264
233 261 285 119 291 196 36 87 295 124 238 18 287 89 93 8 104 249 22 207 186 156 170
108 126 162 62 48 123 25 73 73 250 121 101 170 214 375 81 26 191 712 45 191 134 144 140 161 58 269 187 291 50 230 280 132 51 246 61 251 95 113 196 164 199
63 77 283 194 290 45 299 40 268 207 128 256 181 129 165 257 287 238 12 182 205 63
28 91 132 167 185 143 40 69 201 200 173 46 137 213 184 181 259 153 62 120 226 113 196 17 162
138 50 131 165 253 287 204 229 255 256 262 158 244 174 234 273 70 191 134 299 73 176 955 375 223 31 39 9 59 52 112 188 135 158 233 270 276 122 181 124 189 105 222 46 167 259
7 21 53 89 103 183 273 132 222 16 175 59 141 46 149 15 0 247 209 275 267 160 234 189 196 235
278 49 162 30 217 160 131 229 290 297 85 215 267 257 83 278 233 140 60 254 247 238 106 34 283 110 211 234 271 293 233 17 87 156 220 111 208 160 236 226 145
82 137 154 197 151 74 227 99 73 83 268 220 202 212 55 187 0 179 259 237 6 53 275 15
118 262 195 199 273 38 190 297 157 231 133 202 75 219 175 125 82 276 8 29 168
55 134 190 177 80 202 66 242 260 233 26 101 186 283 144 295 224 111 118 7 50 243 113 251 16 173 120 220 294 214 24 200 145 152 52 162 203 51 63 64 66
60 100 155 187 62 24 92 106 234 196 173 67 84 202 231 175 25 77 183 177 169 225
92 240 250 141 26 85 299 168 177 46 106 183 198 81 176 223 134 70 275 102 45 191 191 531 282 12 287 182 183 20 181 143 262 6 220 109 10 64 47 268 232 157 117 62
27 98 216 222 251 273 282 23 131 242 132 52 218 161 49 115 111 116 279 53 55 141 235 149 216 58
61 68 147 294 294 256 147 159 140 265 235 90 278 246 193 49 226 58 10 191 34 141 190 231
16 184 215 219 253 225 104 170 263 237 91 94 295 87 260 211 238 293 245 29 25 21 297 217 179
38 155 76 161 162 63 283 284 193 195 134 66 266 210 275 31 98 73 375 102 223 191 45 26 70 89 45 144 92 72 32 54 80 7 176 269 70 249 30 185 237 106 225 246 275
73 76 141 154 217 111 249 167 116 42 248 193 162 236 16 59 60 281 144 267 212 72 207 61 213
17 38 52 71 168 203 249 297 168 79 260 289 218 86 46 233 292 141 222 133 269 81 210 121 126 143 192 163
6 141 219 45 242 46 11 282 275 6 183 189 57 246 105 272 2 160 118 141 133 199 222
1 28 98 265 202 121 6 294 167 282 14 288 118 274 39 105 205 265 63 221 290 17 122 42
141 263 229 193 95 197 236 238 237 276 97 207 17 27 80 58 8 190 83 179 90 297
51 143 287 222 51 204 127 157 144 38 255 251 111 279 77 158 185 233 115 34 260 221
30 32 78 196 257 174 138 290 160 43 255 117 283 40 88 83 287 202 128 178 194 22 111 282
25 118 42 181 144 249 75 87 48 209 227 103 93 153 197 123 164 79 85 18 200
431 67 266 296 140 235 101 293 227 215 220 109 93 257 259 75 247 26 282 33 70 62 278 100
95 113 122 256 292 105 153 235 77 66 11 1 179 168 28 205 73 245 140 3 18 215 273 6 193
73 196 157 162 78 174 168 273 7 154 172 84 117 204 14 276 213 23 228 187 286 129
2 8 152 253 266 276 284 292 192 209 132 164 44 6 26 98 254 138 75 70 72 171 294 58 86 215 222 227
4 48 172 225 274 270 177 252 152 36 119 198 67 228 138 156 127 22 112 184 287 77 282 92 296
385 8 25 244 295 176 275 208 68 226 83 267 188 132 130 108 94 25 22 180 219 227 183 79 218
135 104 8 297 73 228 72 220 244 174 172 93 40 239 146 293 257 295 55 5 171
6 8 44 121 186 191 120 200 141 180 196 235 296 297 243 111 213 102 5 263 152 278 281 3 22 108
76 255 279 145 256 48 139 270 173 100 146 88 191 172 113 268 168 56 93 110 71 209 147
208 214 283 269 266 183 115 56 260 88 173 103 72 38 131 156 74 142 229 84 95 182
28 94 144 219 255 237 227 28 12 150 36 14 136 122 95 181 286 252 110 176 68 111 170
59 180 84 210 292 186 195 292 161 213 39 216 218 180 88 683 505 84 852 54 178 201 276 91 210 104 182 59 173 77 268 150 298 60 93 262 15 81 174 155 11 153 269 34 241
8 59 136 40 32 144 10 232 158 58 163 26 161 38 15 113 281 264 261 147 229 94 127 26 152 62 156 131 55 74 42 29 182 277 80 34 8 263 208 255 30 57
14 289 28 12 184 225 105 125 228 234 178 129 290 252 223 35 251 264 96 275 218 198
29 61 76 129 199 275 294 263 62 124 282 136 29 269 186 278 152 244 222 224 246 151 157 213 91 225 289
12 167 281 87 116 268 122 76 210 8 89 124 75 130 280 57 207 2 229 24 287 279 46
16 55 109 259 282 217 279 100 215 214 189 198 144 199 13 33 206 69 212 151 31 248 70 245 138
68 165 13 51 200 64 277 285 125 217 221 105 218 109 116 113 78 293 265 3 170 107
4 127 177 198 240 117 91 25 224 299 223 226 201 134 147 252 90 261 163 264 245 72 293 257 164
22 30 58 239 291 87 205 206 293 39 104 0 252 232 144 204 115 26 5 25 1 141 282 8 16
27 42 237 150 225 39 258 127 91 92 271 280 32 162 263 175 265 259 10 273 160 59 294
58 105 132 160 111 46 184 189 170 134 256 180 219 224 207 114 44 231 173 190 299 159 96
242 289 129 249 261 30 139 24 101 299 259 108 252 5 158 63 194 34 182 200 183 223
141 173 285 165 71 56 121 185 40 195 2 250 64 197 108 34 79 11 166 98 129 182 70
57 122 217 69 150 72 124 153 68 183 267 45 202 24 254 84 43 201 270 117 126 174 172 62 257 107 269 246 78 242 5 132 21 199 8 166 66 116 94 147 208
2 72 159 273 298 299 60 33 114 238 15 63 159 125 216 103 119 227 183 58 275 86 76 43 254 82
83 131 205 172 171 182 232 210 149 141 35 218 160 216 155 213 270 139 178 114 231 117 175
84 214 9 131 170 19 252 276 151 145 284 69 185 137 281 196 178 260 7 140 29 18
117 91 99 166 232 239 177 143 120 212 139 48 279 29 162 98 114 128 213 106 94 126 208 112 47 224 215 253 77 230 182 285 95 123 18 165 206 171 13 61 179
29 173 268 163 264 198 151 67 106 165 79 36 253 105 42 189 247 190 148 216 238 92 279
105 141 157 235 260 282 58 27 49 134 219 227 260 67 216 295 53 115 154 199 276 118 288 238 157 279
45 190 176 159 118 268 172 248 175 219 228 15 158 233 179 145 229 285 41 75 103 43
156 103 209 115 47 85 82 276 221 106 26 50 98 48 184 238 251 55 158 24 139
24 29 259 178 32 218 84 155 38 299 29 201 179 250 36 48 77 294 276 6 49 216
251 291 103 207 1 164 29 49 226 120 243 269 249 204 196 255 177 13 256 31 113 2
88 171 198 36 297 217 6 135 177 3 258 227 129 56 200 219 230 67 19 83 45 240 292
38 75 112 140 173 216 280 287 271 263 124 56 287 190 76 189 87 228 223 201 151 110 149 73 221 105 255 180
30 44 132 182 191 230 251 104 158 193 254 259 293 8 9 135 149 33 49 13 1 10 191 373 531 176 275 73 81 776 955 712 98 183 51 116 232 131 191 85 290 296 81 293 195 43 220 130 40 194 246 128 241
42 138 275 260 6 67 3 266 141 181 245 262 200 195 103 267 285 16 242 207 170 273 64
58 59 242 202 226 136 50 65 215 74 225 238 104 169 1 82 7 134 262 287 210 120 193
68 70 83 166 183 214 207 226 200 180 152 84 82 0 281 227 259 270 50 148 37 29 149 187 27 234
23 33 244 273 85 148 237 219 44 182 132 130 82 281 176 910 272 125 686 230 76 485 117 221 36 381 446 183 181 240 246 217 138 47 229 225 71 247 15 76 191 127 270 295 40 19 151
385 25 188 221 262 281 294 57 33 237 164 21 287 248 56 131 170 25 253 147 122 235 200 273 296 251 155
19 169 247 225 279 16 281 26 280 171 46 236 123 120 209 294 110 57 73 207 29 217 284
30 208 214 286 57 71 104 99 10 54 241 297 295 63 32 290 268 273 48 159 163 212 183
29 146 272 194 156 298 42 15 8 97 295 262 228 187 165 4 83 120 1 43 253 243 98
4 30 165 221 253 238 92 235 87 203 93 146 109 76 72 138 194 128 34 180 133 71 212 293 8
49 77 148 188 143 70 288 101 31 133 3 7 210 252 233 67 46 57 97 56 38 105 283
173 233 239 249 287 236 43 228 227 107 81 170 40 217 128 182 155 196 264 88 14 34 175 188 56
33 83 238 281 285 153 230 173 56 189 251 122 12 55 163 106 199 139 54 179 7 223 177 264 171
264 39 85 121 91 155 120 125 102 38 171 283 216 290 117 34 166 1 4 219 145
71 86 108 102 200 228 208 14 850 135 83 238 297 135 31 52 260 263 910 175 221 446 262 485 36 381 40 235 53 288 147 216 111 64 112 272 183 228 287 63 242 201 286 9 59 27
13 86 285 32 249 25 81 175 18 258 158 290 154 13 93 164 159 162 118 131 72 66 286
219 267 57 287 0 200 270 3 233 206 215 178 86 294 192 209 230 91 31 275 101 266
93 239 292 72 173 48 288 186 31 286 175 204 114 127 13 255 160 228 1 211 112 118 45
9 132 210 75 220 165 72 121 256 169 31 290 280 279 117 275 62 200 46 2 4 223
39 143 195 225 104 121 142 224 246 297 48 57 209 197 210 75 173 287 294 45 98 275 73 81 70 191 26 176 531 373 72 117 226 4 125 142 78 206 71 153 127 79 63 41 255 140 138 53 137 32
80 87 14 211 67 290 99 36 30 6 58 255 266 16 172 55 213 245 254 97 86
20 91 235 278 279 181 241 76 63 295 179 58 217 160 243 121 227 65 126 86 152 273 85 214 82
241 249 117 170 232 274 163 106 43 270 45 251 260 45 98 191 375 191 712 531 176 81 70 73 26 31 38 46 149 125 63 199 250 237 222 131 219 261 30 89 231 31 200 192 188 169
164 76 197 17 15 223 43 84 52 219 195 127 261 31 102 46 115 235 80 42 263
63 184 208 292 216 42 57 116 48 179 53 289 148 91 162 99 202 175 297 194 117 75 113 124
18 142 232 246 99 85 157 81 284 278 183 70 8 13 87 188 185 263 65 199 174 215 292 64
78 86 268 92 124 41 47 51 85 98 265 114 84 108 266 89 70 163 154 291 25 213 61
1 259 100 62 86 20 224 83 42 37 91 27 157 120 227 282 18 269 195 262 56 190
43 108 199 51 298 33 152 265 130 286 18 62 134 11 126 177 235 115 113 19 75 266 270 254 293 283 141 56 183 189 66 34 242 174 118 245 88 21 233 236 261 126 99
2 9 86 91 134 212 124 103 10 14 190 128 219 210 75 42 284 159 44 283 235 83 282 17 132 78
129 140 178 202 248 249 57 107 176 83 77 34 150 12 80 223 73 45 776 275 712 31 955 134 373 176 98 81 167 115 122 50 241 129 249 233 149 20 138 103 105 224 253 206 76 79 295 3
5 17 20 38 40 80 148 152 247 112 62 39 21 151 122 245 110 205 70 7 11 186 164 102 178 119 148 14 286
215 227 235 299 26 222 251 278 84 90 70 1 246 275 196 30 138 211 96 131 149 266 79 12
54 204 239 241 148 46 261 295 142 232 44 151 206 228 16 108 226 160 235 68 271
32 122 127 146 101 89 249 192 105 198 120 200 231 67 40 170 156 21 236 17 177 113 181
28 133 232 242 52 99 271 150 53 128 258 178 201 180 505 100 84 88 852 210 145 683 286 276 48 240 276 204 201 56 13 283 296 199 79 32 286 244 263 293 92 29 218 185
76 112 245 153 244 295 128 266 274 234 165 220 7 157 168 12 215 226 146 209 255 191 293
155 293 213 190 78 126 121 282 192 109 134 172 251 283 9 40 270 31 67 106 84 249
227 63 208 231 280 23 71 188 288 216 34 297 8 79 196 178 286 505 683 732 180 217 112 852 145 151 233 118 261 135 101 182 299 148 243 58 205 130 292 143 21 176 187 93 244
121 206 29 89 56 90 132 96 92 224 245 88 263 203 165 39 36 275 129 108 202 128
120 254 295 81 165 72 150 177 19 193 98 55 36 67 180 201 239 269 175 88 163 14 133
53 79 199 225 254 32 255 265 31 112 36 52 189 139 83 286 132 264 149 86 199 223 194 289 126
20 385 902 110 238 206 375 72 285 53 112 278 238 76 385 485 910 19 230 221 5 176 36 125 175 179 72 240 243 290 233 217 4 287 144 11 15 167 44 175 272 163 111 216 32
54 148 169 209 68 103 297 31 193 244 75 25 249 141 134 30 246 185 4 58 252 46 235 96
431 80 176 277 0 70 251 45 294 227 280 2 156 286 59 114 184 249 291 68 255 50 123 75
431 16 129 216 14 289 96 138 162 245 243 2 290 190 123 229 299 105 205 172 5 271 252 59 20 63 113 86 201 50 177 42 159 125 35 200 7 83 46 183 248 110 163 162
161 229 281 125 239 153 102 108 273 191 167 86 128 119 121 249 269 152 127 53 297 220 1
9 72 245 47 239 267 292 148 178 191 177 19 168 63 45 98 373 776 375 955 73 26 299 31 176 191 81
67 128 140 148 187 126 216 16 297 161 77 102 133 88 217 145 852 334 505 166 100 276 180 732 112 44 138 189 119 271 56 91 240 266 212 81 165 233 176 84 100 28 140 14 242
88 119 235 271 283 163 52 283 135 22 23 216 183 144 180 96 132 150 63 149 115 24 97 73 151
150 246 252 119 125 242 244 146 54 14 218 156 130 257 155 435 62 642 316 272 177 299 154 238 231 238 189 47 234 95 85 239 102 10 194 155 215 154 299 148 62 38 136 248 260
149 228 265 297 86 139 184 645 20 58 101 193 276 126 10 60 138 219 381 686 221 272 230 45 76 446 176 221 140 26 97 260 166 206 173 35 262 87 138 188 231 132 3 296 162 72 147
191 255 272 275 81 29 72 236 56 189 40 47 110 95 261 152 103 211 247 53 66 98 282 149
60 78 196 248 227 34 14 25 172 279 126 155 183 49 89 39 143 221 30 61 88 23 271 79 232 111 297 279 60 22 188 133 291 2 71 134 156 184 39 9 158 224 73 192
