2 22 121 215 256 35 76 84 115 620 191 256 136 186 244 248 168 11 116 35 37 69 107 84 141 162 36 206 30 97
89 580 926 39 251 27 201 66 979 144 91 411 33 483 471 918 50 597 392 118 468 497
69 237 62 248 68 140 252 130 131 65 162 237 144 63 20 85 9 198 13 19 28 256
65 153 206 278 580 215 224 291 65 193 240 53 292 160 157 210 135 80 259 146 165 12 48 254 144
41 245 275 471 26 16 282 52 64 65 59 107 237 666 164 65 958 187 119 958 67 879 437 30
43 141 190 236 5 180 48 293 239 143 184 91 257 90 251 20 163 87 129 202 16 230 116 30
187 214 231 200 248 71 283 262 0 149 273 291 156 60 185 199 15 193 294 49 215 145 12
16 290 227 207 225 1 129 269 190 51 83 231 112 13 188 30 256 158 88 232 69 53
156 369 383 167 139 24 195 230 25 187 226 176 281 8 101 271 257 105 21 39 222 55 41
75 98 149 3 129 173 204 237 65 225 154 176 261 293 79 113 67 294 17 96 158 200 241
79 210 250 173 105 55 278 212 97 34 23 90 214 209 176 298 3 267 180 197 239 246 121
126 166 244 245 32 161 112 164 1 53 187 166 173 108 196 210 269 171 274 294 250 88 73 265
40 232 186 256 297 72 276 142 261 138 271 267 292 133 57 288 277 36 158 39 59 30
38 41 383 49 135 114 16 216 60 298 104 235 158 68 154 37 21 260 75 131 224 161 91
75 133 189 188 288 223 201 110 160 264 271 182 186 129 164 30 199 227 142 177 56 254 285
87 158 236 69 222 188 197 275 296 125 230 51 167 91 135 266 15 21 159 29 160 109
17 84 27 152 119 262 192 61 222 173 54 13 19 261 162 84 276 70 234 286 208 159
77 160 269 210 71 151 49 169 4 130 36 92 216 57 229 70 284 1 86 271 222 40 111
143 181 245 151 80 37 1 125 271 199 177 240 293 72 128 82 261 253 295 127 174 233 7
40 203 208 288 70 138 173 170 44 51 109 71 226 34 290 104 251 231 145 276 106
9 122 143 210 281 202 76 110 52 218 262 186 161 297 60 286 182 256 1 269 80 72 193 280 277
171 264 184 243 266 46 252 72 6 263 20 138 149 178 289 276 291 53 115 31 140 251
75 96 116 167 189 260 102 61 105 21 229 114 280 29 213 18 5 154 239 191 176 291 91 164 183
23 104 822 46 208 177 96 223 222 187 262 178 280 99 235 149 36 106 157 276 70 175 250
4 64 10 67 27 284 182 4 64 208 50 177 142 136 86 62 31 153 5 122 94 278
39 241 264 228 252 195 179 64 27 217 199 170 111 14 230 284 156 34 200 119 126 55 2
11 25 134 53 239 147 240 105 82 267 269 109 199 3 295 232 166 29 229 153 115
51 119 216 228 229 201 6 260 293 256 172 255 126 228 50 98 224 139 135 10 299 240 236 202 109
112 127 163 244 264 215 279 182 41 52 83 233 139 4 35 37 151 262 241 16 239 116 127 278 26
274 70 201 224 283 52 102 138 195 252 288 259 246 36 122 258 203 119 243 48 14
206 135 24 184 109 113 177 234 118 192 71 45 11 269 20 130 212 35 189 144 81
30 156 808 109 159 111 118 281 82 225 139 65 258 13 85 229 151 284 296 210 67 259 276
53 254 808 287 5 6 109 87 258 9 171 48 220 72 13 217 175 269 257 88 283 68 238
201 54 61 19 5 39 250 184 259 123 199 134 128 138 74 148 15 89 119 172 37
118 136 144 239 259 272 189 238 91 265 122 123 235 5 34 294 74 43 6 106 24 20 246 257 49
48 102 118 170 219 274 60 258 132 221 172 123 259 136 110 264 290 143 286 236 141 260 140 17 194 41
67 105 169 281 287 227 184 242 263 295 221 127 217 289 124 156 43 297 13 38 57 282 214 237 251
90 118 218 248 297 223 61 242 106 273 13 284 171 59 226 57 108 269 150 161 99 221 230 292 85
43 89 166 183 35 173 28 149 106 101 272 202 176 66 137 199 92 34 191 210 5 261 148 259
163 202 381 295 198 121 283 32 215 153 222 61 137 11 185 280 289 211 212 144 46 27 256
3 138 143 232 235 0 30 174 129 193 166 255 149 20 110 252 49 190 216 122 171 120 53 147 173
225 236 239 667 220 281 34 233 32 218 221 108 27 149 299 242 297 182 223 140 20 58 46 94
23 58 97 109 141 182 222 262 284 90 272 6 209 198 85 232 38 125 259 119 278 36 208 7 15 239 143 32 188
148 208 92 64 191 178 102 158 182 150 237 127 86 151 103 105 288 114 195 149 144 132
64 212 214 277 246 151 286 97 187 99 155 179 66 214 256 189 299 24 130 180 203 157 71
42 102 105 175 187 196 245 106 83 72 82 273 176 50 270 75 290 53 296 26 162 119 37 94 35 78 285
212 290 181 90 205 143 212 288 285 159 277 79 172 130 2 174 4 78 271 213 197
149 383 119 255 229 142 240 131 181 244 111 234 49 163 284 204 118 208 36 64 110 215
10 42 85 146 149 205 808 130 186 68 178 23 193 100 243 265 163 293 177 7 197 63 173 298 201 99 0
52 103 218 190 16 184 298 245 43 295 140 46 152 42 158 89 237 125 70 15 10 130 23
6 100 221 383 131 81 67 85 26 44 217 162 146 24 257 220 43 255 243 63 88 151 185 261
16 38 45 125 244 261 16 125 171 208 144 278 56 243 36 157 223 12 38 119 250 239 252 48 33 111
93 145 151 232 297 383 281 237 243 29 234 299 31 254 263 35 225 207 139 113 21 192 81 208 98 91
261 262 153 88 192 115 28 10 137 228 113 63 262 186 156 0 6 251 51 224 150 64
381 197 15 59 169 270 40 137 207 299 253 264 179 234 176 190 274 209 246 181 156
20 44 260 132 154 295 21 222 63 170 263 56 22 31 18 118 88 131 79 40 87 44 61
4 25 168 177 205 211 256 257 125 296 160 155 200 278 297 120 206 271 77 242 154 76 144 109 19 193 219 2
0 2 27 30 76 215 232 267 100 65 28 257 165 172 159 87 244 132 128 156 252 177 16 36 231 187 129 229
163 257 189 9 200 224 8 227 40 263 58 161 115 54 125 296 217 46 199 75 138 292
71 75 80 150 238 293 292 200 298 1 186 208 0 17 23 243 268 146 122 75 86 238 85 98 242
160 176 200 232 267 99 85 272 98 167 39 291 209 252 254 84 75 248 16 237 41 146 104 169 193
117 114 59 142 37 176 260 291 263 100 93 130 118 101 86 139 60 55 22 212 39
7 171 100 112 292 295 158 236 249 298 197 20 209 275 92 29 36 4 49 272 177 263
101 217 169 30 107 69 203 0 17 46 110 22 211 8 268 242 235 75 65 64 86
10 77 173 195 209 275 295 255 165 167 154 212 244 231 51 143 89 150 232 286 32 85 41 279 63 209 236
151 285 115 18 155 29 17 295 136 278 23 122 91 286 249 90 2 180 284 27 245 208
35 128 129 198 85 127 144 17 295 165 255 196 208 88 84 257 57 99 10 224 214 177 135 145
8 132 159 8 288 210 179 243 73 7 12 105 182 166 228 215 272 275 271 2 236 139 178
10 141 176 240 383 808 241 199 16 89 233 2 81 11 246 41 210 259 132 99 56 281 34 3 299 250
204 265 383 201 268 205 1 281 48 129 116 2 25 186 155 249 130 175 166 85 233 165 68
75 96 160 167 42 22 68 212 282 220 216 133 90 255 228 233 2 153 251 165 182 254 189 109
216 295 172 223 280 206 62 8 35 228 225 132 130 30 15 276 202 201 74 16 78 9
52 127 169 276 251 118 222 204 244 41 64 133 116 232 255 22 5 235 48 49 182 237 94 77
9 241 126 258 255 63 294 283 39 285 271 122 276 160 35 225 203 22 143 167 146 239
167 223 277 288 167 280 166 170 60 275 174 79 97 70 240 83 36 187 1 113 65 122 216
77 250 259 224 42 134 269 10 187 54 7 58 272 31 252 212 254 126 284 8 64 28 166
31 117 167 230 273 255 168 260 270 154 258 178 165 217 227 108 298 252 51 246 8 83 92 179 1
140 196 277 381 383 223 215 66 236 3 27 130 280 192 182 196 51 208 154 64 121 206 127 249 235 120 13 30 207 293 165 212 121 224 109 215 134 290 2 95 130 21 295 123 237
53 102 239 208 235 204 271 94 61 56 290 80 26 240 100 115 148 291 179 145 96 209
10 44 117 141 190 198 237 247 0 1 81 147 295 250 273 168 30 137 82 22 124 57 136 162 143 233 204
3 162 168 186 232 295 251 38 261 90 51 77 187 253 57 36 239 28 170 129 32 190 99 233 17
92 240 226 62 116 180 174 42 88 282 133 4 78 57 177 24 292 91 101 218 125 46
218 220 228 291 68 200 187 277 0 55 193 199 215 12 153 216 264 222 230 83 228 117 1 266
96 106 257 70 153 183 87 201 267 280 67 45 26 292 178 77 281 231 127 46 82
116 250 17 166 235 89 131 0 260 30 50 176 48 281 27 208 143 280 42 216 119 71
36 127 250 709 3 15 188 151 251 193 172 185 84 144 220 253 42 97 77 266 232 73 100 214
155 179 247 280 191 111 219 74 169 144 204 79 76 225 266 178 213 40 52 19 114 109 131 33 6 118 203 76 234 122 239 262 138 121 23 256 244 271 169 102 213 12 145
110 291 6 283 2 174 71 127 223 146 200 233 271 119 63 173 62 15 9 218 47
129 144 229 225 67 210 36 9 21 298 121 137 221 206 258 129 268 164 95 169 212
65 89 164 218 190 19 255 287 273 220 138 213 248 142 111 251 204 25 101 145 164 114 183
20 135 170 256 118 78 272 224 266 26 128 216 145 19 250 157 44 225 155 83 294 261
51 231 270 383 99 137 203 259 240 45 134 274 3 112 281 202 208 171 278 200 136 164 47 211
81 169 90 39 55 235 16 115 202 183 278 57 15 44 134 132 292 227 111 40 294 237
24 130 243 253 291 478 221 230 57 118 109 44 141 20 330 88 179 229 569 21 157 251 956 275 127
104 267 292 27 229 129 159 191 230 125 135 168 292 122 274 108 74 271 227 29 296 181 284
26 40 132 183 239 155 270 194 30 10 111 192 94 169 23 208 268 71 291 265 174 235 243 141 129
72 110 130 211 273 249 291 106 179 180 10 208 181 117 280 240 25 173 286 11 201 177 248 230 193
37 83 184 297 181 256 237 283 129 125 269 133 188 106 109 213 137 81 178 111 39 145 56
58 130 256 293 145 281 146 286 141 138 153 125 198 67 258 124 224 244 156 38 50 23 48
15 154 163 182 183 188 239 227 36 207 30 161 163 7 113 107 296 74 182 216 130 106 84 258 209 177 66
234 171 48 99 83 174 136 284 250 32 232 191 241 186 200 46 66 298 15 141 45
6 79 140 168 237 106 80 256 195 60 34 84 150 70 246 128 92 240 188 125 235 210 184 110 287
18 45 151 178 252 295 383 120 153 220 27 164 161 111 47 270 19 256 167 287 11 245 243 249 146 144 242 187 177 65 255 121 49 60 238 162 97 284 135 161 118 242 230 256 72 283 282
204 214 73 81 93 234 169 61 160 57 136 25 41 236 198 277 173 89 267 214 233 174
16 111 157 175 208 161 158 210 48 87 278 85 91 240 54 109 280 157 71 266 205 56 100 181 151
283 381 210 222 236 37 186 276 219 172 152 86 33 41 88 84 51 15 27 156 14 23
33 43 194 245 287 138 254 210 242 57 183 206 162 240 76 274 95 247 18 127 64 33 48 164 233 176 89 231 263 271 1 167 85 14 31 277 110 63 162 137 3 95 68
112 194 97 118 175 174 69 7 81 282 207 200 111 71 56 286 176 152 196 223 93 30
126 262 23 245 37 152 66 669 238 255 687 125 250 126 161 152 22 93 178 135 324 542
6 22 121 131 135 195 60 180 263 160 165 155 31 142 14 116 269 232 99 2 268 264 67 222
28 37 71 154 248 709 112 138 271 100 15 266 286 244 218 283 186 148 26 64 25 63 193 69 53 224
30 56 219 288 80 287 7 270 40 164 48 53 82 277 243 195 237 140 122 100 86 242 108 87
9 62 79 163 278 268 153 186 169 77 191 201 255 92 281 225 6 51 182 64 173 181 146 172
32 112 167 57 96 284 218 184 147 18 32 247 24 94 157 49 19 79 166 187 158 217 142
138 147 160 128 20 35 8 236 163 191 93 49 180 277 248 259 168 151 103 70 247 233 261
22 56 67 46 260 259 89 134 165 2 242 292 274 244 83 137 179 160 263 206 221 14 231
22 66 112 33 219 82 182 45 265 73 19 218 41 209 268 189 63 10 210 228 130
178 127 174 57 32 119 93 103 230 293 50 290 150 61 184 227 17 29 286 186 123
24 103 107 231 244 275 54 211 297 74 9 203 239 229 113 70 45 4 170 172 234 47 162 92 68
126 251 106 139 225 119 11 266 293 272 89 195 69 255 235 248 237 144 7 187 240 110
60 112 178 195 224 252 147 172 235 30 125 189 165 148 248 187 216 118 86 67 233 213 268 238 79 92
54 58 90 125 222 262 263 709 57 279 154 122 61 207 224 109 99 172 174 151 21 295 196 93 76 15 155 117
58 243 280 281 155 177 70 271 117 137 53 89 140 95 200 109 113 48 44 27 162 38 112
16 172 257 287 245 256 109 131 79 100 66 281 2 97 13 17 259 119 159 106 171 277 161 229
102 212 227 709 182 80 35 232 139 299 278 96 168 64 183 81 44 191 296 154 40 133 250 204
60 283 15 42 20 244 136 55 142 246 243 289 128 292 141 257 255 113 186 34 227 37
254 279 103 214 56 189 47 226 142 77 186 101 277 95 173 159 228 123 41 232 5 168
48 75 101 215 251 174 56 132 122 80 269 227 262 196 264 75 89 140 100 1 8 254 148 65 112
66 87 268 221 178 15 69 249 207 48 0 243 172 153 128 285 255 177 57 3 142 284 12
22 164 183 225 49 31 238 102 23 24 139 208 74 181 72 9 285 15 259 39 160 134 141
233 291 25 199 8 93 183 225 88 42 187 67 232 215 246 75 261 295 100 65 91 200
90 147 152 253 119 189 229 97 238 115 70 73 29 258 35 42 207 264 160 85 168 176
69 75 181 38 140 226 269 288 163 221 213 245 261 100 17 80 128 47 103 286 272
70 104 142 245 295 57 256 263 196 76 233 37 32 207 177 69 246 135 2 123 237 154 95 249 155
10 222 161 281 131 46 239 286 114 292 55 190 193 61 178 116 284 31 122 165 189 1
38 166 171 186 38 217 57 293 238 214 185 62 91 219 299 43 241 248 294 151 153 224 117 115
95 268 294 132 154 81 232 24 209 258 75 269 244 122 254 259 262 166 80 17 182 136 63
103 149 187 234 149 223 238 6 134 14 283 242 286 241 32 96 16 31 136 56 127 30 188 194
8 11 231 261 96 40 124 77 23 116 240 204 212 169 130 235 129 24 137 61 293 151 131
120 164 229 268 667 226 225 177 25 135 114 216 120 26 171 81 71 151 235 222 283 46 164 144 180
16 115 122 268 178 243 127 73 295 213 110 6 257 171 198 108 106 3 107 4 134 129 148
31 117 144 245 85 66 35 1 153 117 217 95 219 29 10 120 89 151 278 233 251 267 81 184
118 209 222 266 171 173 168 283 34 98 195 273 160 80 162 103 69 48 37 104 18 194 166
229 268 271 289 54 247 10 183 193 61 18 201 12 58 262 43 175 152 256 109 95 294 59 283
75 152 259 268 168 38 288 70 110 87 77 64 74 226 183 163 18 61 78 143 157 294 260 39
14 41 124 59 7 4 49 229 232 239 80 170 297 33 152 35 55 60 28 288 29 132 10
39 206 114 236 96 79 289 160 49 228 173 299 225 25 255 136 143 277 55 219 235 230
32 86 140 151 245 256 292 157 91 73 109 38 280 232 223 137 193 113 87 273 207 154 24 66 131
57 77 226 212 93 193 174 59 263 259 167 89 71 207 275 179 24 168 288 86 265 166 119
46 137 184 216 276 381 190 168 250 290 157 266 238 97 255 209 263 15 260 20 144 32 166 24 109 226
31 39 189 252 149 129 263 119 110 205 209 9 43 164 196 158 118 88 55 10 128 73 50 131
222 62 260 255 100 45 101 279 8 258 106 210 190 206 58 21 94 278 123 157 125
43 192 260 298 275 71 249 8 12 82 124 168 291 268 167 140 147 57 27 177 296
1 10 37 98 230 130 171 51 111 102 83 193 173 20 218 179 93 217 212 64 107 264 184 293 148
65 19 181 156 108 132 184 253 10 261 26 86 161 191 238 247 239 127 6 293 1
52 82 155 266 19 207 179 262 167 291 290 128 87 105 231 48 247 135 78 130 109 274 124 111
243 265 182 16 51 289 81 141 162 163 250 145 279 60 6 266 14 67 91 66 146 112
39 126 147 150 53 140 87 152 116 227 153 30 216 37 0 238 7 192 6 180 26 129 123
934 116 166 182 235 257 225 299 284 248 138 260 125 289 280 26 212 241 183 111 270 10 84 261 76 273
16 124 156 74 113 52 130 48 189 72 19 39 255 43 61 80 95 139 146 23 227 93 147
108 218 57 244 21 175 40 225 189 282 232 217 78 104 245 224 237 100 242 108 17
85 151 230 206 243 56 185 35 169 290 8 0 281 96 133 261 78 95 55 292 88 193 30
12 73 163 178 209 67 216 284 221 162 277 130 21 169 85 281 173 28 48 69 142 231 153 30 115
142 147 268 294 33 14 103 9 251 90 250 30 42 148 11 222 20 248 204 278 212 64 259 136
76 83 59 88 144 87 248 193 164 192 67 179 211 92 136 253 48 242 127 205 60
21 72 152 180 253 196 140 65 215 275 190 187 30 131 99 54 253 139 280 299 86 248 277 148 211
137 214 244 709 101 299 148 180 58 259 149 120 276 223 206 261 215 136 178 42 107 287 86 60
18 141 162 282 383 221 53 294 180 259 236 186 65 121 202 150 62 225 299 218 122 69 229 41 42
5 234 241 260 286 61 216 252 53 66 90 59 236 10 132 15 162 209 248 133 87 292 266 237 89
109 239 248 381 250 144 13 165 284 132 128 209 210 120 137 89 18 265 289 66 55 159 266 285
291 213 195 53 180 227 172 231 11 94 90 2 165 105 136 127 168 169 95 142 161
251 111 110 202 222 146 182 232 8 288 25 156 46 101 221 124 17 192 275 170 121 248 122 284 247 51 257 207 177 293 17 287 124 249 112 153 246 294 191 47 194
45 52 126 230 279 198 153 11 186 226 229 120 139 173 84 62 149 126 96 234 73 102 190 287 58
39 157 171 189 264 266 120 141 12 77 110 119 45 38 125 166 185 122 273 258 154 18 129 67 55 196
139 239 29 140 233 205 102 71 3 216 234 266 138 27 21 178 60 174 173 183 162
50 27 156 65 249 287 253 166 232 34 181 44 105 225 23 258 92 120 117 292 31
0 168 187 294 127 251 11 158 171 271 32 148 176 28 282 4 147 19 74 207 143 6 161 225
55 227 205 109 191 91 49 88 57 244 167 97 136 8 89 153 203 267 76 268 283 6
4 26 94 102 130 218 202 59 285 256 222 119 140 298 241 132 198 123 18 79 9 240 286 64 204 266
182 268 292 709 215 73 40 130 228 70 156 124 1 153 268 169 5 181 239 273 76 177 41 211
65 93 203 208 250 58 175 178 258 224 97 281 99 42 195 82 256 244 53 62 90 76 46 67 212
31 181 278 19 0 285 236 209 295 212 55 44 252 150 71 152 52 15 147 187 121 155 228
79 221 255 291 238 156 201 122 196 22 255 217 6 214 283 16 162 184 140 242 211 44 26
23 168 195 158 35 288 221 31 240 137 213 41 148 177 82 3 258 84 187 264 232 112 157 155 278 261 69 255 85 257 143 78 73 84 173 183 37 18 281 227 276 51 35
42 73 92 298 273 231 286 186 175 184 265 247 143 38 9 121 28 44 185 123 202 104 48 289
265 23 6 171 73 287 2 12 140 170 31 174 41 87 252 4 53 137 258 22 18
172 290 191 96 229 215 81 123 62 274 271 41 226 264 139 69 12 263 239 231 242 73
10 208 217 297 45 145 179 158 258 200 85 277 40 185 49 140 122 256 84 189 215 287 19 274
3 49 145 245 383 88 257 58 116 209 24 80 273 169 139 15 76 277 2 200 141 192 191 177 196
71 137 171 249 0 186 285 298 293 41 148 228 14 94 155 188 153 20 180 76 299 226 44 196
106 25 197 75 126 229 2 167 134 37 51 169 284 218 67 178 266 87 206 217 101
4 36 120 130 152 172 202 253 269 243 116 130 8 228 140 276 100 30 91 55 0 185 141 128 18 222 246 124 255
