34 573 6 28 59 95 254 295 217 820 345 845 319 119 525 731 944 229 454 639 967 697 249 123 491 239 969 313
615 121 97 818 157 225 491 512 966 2 546 242 192 812 957 241 224 788 916 754 160 935
46 68 114 125 220 129 236 301 727 71 21 46 169 15 203 793 272 684 933 253 272 813 51 542 474 187 172 268 250 209 60 275 42 82 270 9 153 2 120 280 46 293 256 79 186
641 187 243 30 57 173 249 53 92 180 269 316 874 275 183 55 284 49 37 472 758 35 399 28 643 878 896 68 284 51 19 99 247 237 156 61 267 124 287 135 222 9 153 27 44 80 163
124 183 255 294 158 204 254 172 177 272 64 95 296 87 98 30 83 286 188 189 21 274 136 145
118 286 293 108 12 104 287 121 14 5 49 286 156 255 37 35 204 294 247 224 195 194 106
14 135 198 184 252 70 103 41 189 90 244 276 281 226 256 146 120 242 197 135 92 107 220
38 170 291 12 236 286 292 109 110 149 177 103 207 150 199 133 189 0 103 759 813 21 59 203 201 26 819 296 94 67 230 105 247 200 289 139 56 173 164 229 39 77 155 197 157 128 144
607 11 194 210 239 291 415 66 248 597 215 216 28 106 734 114 59 137 217 927 218 136 108 39 246 486 406 27 950 221 18 11 170 175 223 64 133 297 164 79 293 193 278 184 260 201 207 283 119
116 295 83 110 136 99 134 25 81 142 133 53 5 28 131 250 7 59 106 52 194 12
35 163 78 90 18 274 64 58 102 93 114 19 262 133 165 82 67 260 279 4 242
13 74 109 204 237 247 43 152 83 24 289 260 75 25 71 144 269 100 110 54 135 93 218 292 183 178
5 37 256 23 107 146 125 151 89 195 273 69 297 200 56 181 848 270 94 931 839 129 959 204 181 144 75 100 294 112 233 106 293 195 149 287 34 215 145 169 144 276 28 181 201 18
29 47 217 107 58 33 10 184 211 17 75 290 122 92 27 2 178 101 243 35 163 270 55
154 289 294 182 225 257 173 206 174 115 256 219 89 14 255 229 298 76 264 27 190 199 243
34 144 145 290 84 271 287 51 133 55 43 188 182 268 155 166 89 124 225 170 235 288 12 86 92 276 41 89 27 25 156 292 243 110 68 63 176 117 143 94 24 80 101 144
22 97 213 242 259 240 283 205 71 35 121 94 73 174 23 3 222 243 74 51 256 298 212 178 221
71 98 143 14 71 13 295 35 224 247 22 111 163 121 227 279 287 139 70 150 264 196 129
114 284 121 131 194 65 103 96 250 294 228 261 233 214 32 83 130 217 207 45 298 276
16 32 59 144 52 219 191 232 30 77 235 212 171 35 115 48 292 123 180 3 283 45 107 114
56 199 43 115 159 23 259 200 267 270 57 254 131 276 295 183 62 205 59 69 160 136
10 34 295 32 150 213 72 162 25 99 79 823 108 950 218 291 136 162 164 165 734 27 212 12
26 64 108 102 149 51 41 103 246 24 31 283 977 255 264 114 295 274 593 199 96 38 201
49 149 30 143 192 819 263 39 192 237 183 67 286 190 201 268 69 813 203 20 183 164 52 252 62 107 263 110 244 290 135 113 234 247 180 76 31 259 17 84 117 36
156 265 224 92 278 70 122 207 256 269 1 171 143 57 81 291 48 99 157 179 217 38
73 178 212 104 252 22 57 192 19 44 199 287 98 47 88 294 169 211 0 193 17 31
415 50 188 55 282 217 287 138 143 74 88 13 47 167 247 261 281 66 171 298 293 295 249
7 79 124 140 220 266 47 99 102 176 131 201 259 59 177 97 286 91 44 439 734 136 12 164 90 950 218 34 823 291 59 139 17 4 122 270 51 179 241 67 90 134 165 288 195 146 20 249 156 58
256 147 195 292 2 126 297 67 255 279 156 143 175 113 172 213 179 96 132 178 157 171 205 94 61 169 9 129 69 211 98 254 60 243 165 67 183 166 199 178 220
167 101 96 18 294 258 130 218 286 51 188 228 268 15 290 99 56 157 237 118 247
259 981 167 178 220 125 204 237 199 88 204 134 146 14 90 165 734 950 136 406 7 164 291 27 34 202 176 272 267 286 179 101 93 112 246 20 40 30 22 181 233 191 63 56 77
170 198 230 234 14 299 16 111 207 277 197 13 25 297 194 104 211 225 180 39 107 15 234 23
34 140 159 188 122 297 252 41 193 148 189 295 3 241 162 1 5 67 133 200 183 296 195 284
31 148 166 184 265 186 60 142 195 188 153 114 138 250 271 22 89 287 139 56 293 63 269 38 136
79 94 98 153 277 140 119 106 118 249 181 161 171 169 89 50 36 37 26 55 80 7 135 264
34 252 267 77 101 170 42 92 248 34 144 0 158 252 89 219 45 192 91 29 18 63
167 25 166 224 204 271 159 29 145 157 290 171 160 16 88 258 182 277 83 67 163
186 279 282 210 91 67 22 92 173 176 184 157 69 113 172 278 163 55 97 206 266 243 251 35 128 194 291 205 176 24 237 185 210 125 211 149 268 14 271 278 81 143 73
37 177 198 74 60 140 90 62 266 44 93 291 42 31 103 178 190 216 227 135 257 196 121
18 68 121 161 179 202 209 18 62 286 214 135 17 36 70 284 231 48 289 206 195 81 296 76 272 19 240
195 22 203 238 96 46 237 299 297 278 196 193 102 191 243 229 63 274 105 231 99
131 156 222 231 289 26 149 295 128 98 130 44 183 85 15 139 272 297 200 177 24 210
161 88 59 194 283 82 180 214 166 250 220 64 148 126 50 8 251 137 119 43 23
55 132 187 197 204 188 10 62 162 42 231 245 265 286 250 139 257 101 123 37 54 282 230 299 30
164 152 3 97 112 819 112 56 238 216 148 154 190 20 286 201 819 268 102 981 203 813 217 191 64 194 281 278 253 264 73 6 148 218 75 139 287 135 92 25 103 50
69 203 68 80 272 156 39 120 216 174 144 247 205 72 194 282 222 184 294 193 245
6 28 117 152 249 231 157 54 50 171 262 71 142 113 51 227 48 146 64 38 84 135 37 62 33
6 10 25 83 142 144 218 159 233 144 169 181 237 150 50 70 197 266 288 215 220 105 234 279 48 104 212
35 137 154 176 179 207 157 211 110 216 187 276 1 130 234 168 277 221 243 185 116 31 75 232 151 83
244 291 259 38 276 172 80 229 117 131 253 156 125 67 97 35 142 60 266 227 18
154 273 8 23 97 249 189 118 40 92 186 26 102 194 204 262 103 108 235 275 123 71
23 24 112 154 207 214 52 222 45 185 178 47 41 121 28 34 950 291 90 218 12 27 164 439 734 212 120 283 116 287 80 292 271 177 152 207 226 182 285 6 263 94 188 1 0 173
127 216 278 97 54 124 143 166 41 6 34 229 11 160 180 231 10 203 118 189 40 110
114 249 252 238 6 81 25 198 136 12 34 406 734 7 291 162 950 90 439 486 164
101 161 248 597 39 110 124 238 3 284 217 143 54 243 136 262 439 950 486 165 27 406 734 200 268 272 147 153 41 242 66 86 273 80 55 10 278 152 231 284 250 108 224
54 60 173 227 157 164 88 127 224 46 114 299 204 167 182 102 190 108 201 977 271 255 199 31 281 38 229 276 195 226 279 89 84 104 191 256 16 254 103 261 19 106 28 74 142 268
1 88 182 131 253 259 197 205 21 74 15 213 232 154 142 190 288 36 38 239 13 214 58
38 216 30 4 109 263 142 132 62 45 3 66 274 102 117 138 256 51 207 92 53
66 174 182 187 109 214 30 54 76 202 132 121 232 160 34 181 218 165 34 486 212 950 7 108 262 28 252 31 99 46 105 240 118 250 196 123 192 87 102 243 190 200 274 246 216 64
53 35 290 279 246 242 136 110 266 251 260 47 88 151 91 234 50 261 34 104 120
259 48 169 285 255 103 111 249 291 273 214 187 202 182 39 91 197 89 235 227 116 113 16 64 280 33 44 152 259 190 8 11 213 197 165 168 247 228 58 292 35
67 175 199 186 7 281 111 87 43 66 127 185 195 227 244 21 168 98 10 216 45 57 143
8 42 113 212 24 234 158 183 17 127 37 68 120 139 89 63 78 249 100 242 131 97 204 84
119 105 97 277 46 39 37 239 288 17 252 261 125 78 129 9 64 229 137 295 43
83 190 225 229 154 61 137 91 173 87 244 134 65 127 97 204 288 8 165 130 77 257 170 236
75 77 197 203 212 240 51 43 265 114 4 263 264 232 200 106 103 87 17 187 233 199 185 221 143 148
83 258 143 103 158 144 118 125 122 114 51 22 180 141 102 132 137 151 262 13 218 71
112 115 164 250 270 35 233 249 172 112 207 154 190 292 70 135 60 142 205 34 189 143 119 175 88
73 74 218 276 55 133 114 289 30 226 38 115 168 25 172 256 239 263 87 148 271 279 85 120
27 77 113 182 277 295 38 79 19 71 274 241 164 206 282 44 203 243 97 77 147 95 207 291 102
60 133 257 203 246 27 116 125 11 16 99 83 180 187 174 14 164 129 289 142 181 242 184
30 124 196 208 116 113 121 170 3 196 56 225 23 223 282 176 87 163 213 28 50 243 209
160 228 242 161 135 92 288 70 10 62 82 181 40 44 170 17 95 143 114 246 208 272 142
122 135 164 220 283 94 86 84 45 224 142 119 71 216 80 70 204 150 106 53 234 233 20 162
11 118 211 254 192 131 14 37 113 32 98 250 171 263 226 61 261 211 51 202 182 40 188
81 250 260 22 75 141 93 239 249 195 295 97 85 82 268 16 170 108 232 273 110 58 38 116 128 65 53 192 259 162 55 104 166 121 132 5 146 167 199 138 119 37 234
132 285 290 150 218 21 291 119 116 244 203 46 42 289 124 246 288 137 204 160 159 220 113
201 255 6 38 78 270 154 65 152 53 145 47 142 84 239 93 271 226 242 293 110 117
4 233 47 20 73 14 229 97 3 281 231 173 169 60 172 4 243 143 122 238 223 227
11 135 151 274 250 255 30 96 218 116 161 213 272 75 125 249 171 179 54 146 83 288 145 14
40 74 179 262 290 0 105 203 143 242 49 76 11 17 133 179 253 236 135 61 90 268 225 181 139 162 258 227 91 123 239 29 164 204 236 94 92 141 176 42 217 140 104
5 167 190 267 163 62 93 234 99 86 69 50 294 246 249 186 180 293 124 84 263 136
49 76 181 198 221 223 258 176 146 27 99 150 28 43 89 167 130 148 220 242 280 85 58 121 133 297
61 66 158 161 170 172 237 139 129 103 248 108 213 231 26 29 128 265 283 204 79 40 211 295 278 236 155
189 277 271 212 47 140 72 275 92 285 272 168 108 2 198 215 10 280 165 284 96 148
65 258 202 44 80 107 292 265 70 165 13 293 92 64 226 101 260 294 22 191 189 26
27 77 84 201 282 181 164 115 33 209 59 258 201 118 102 77 79 231 132 25 241 292 249 276 127
25 92 113 131 243 281 260 227 236 88 113 138 250 34 132 41 115 38 233 17 193 199 157 49 107
121 226 248 84 104 59 285 115 150 193 256 79 11 112 211 51 252 180 258 194 148 298 284
133 189 135 244 104 212 50 201 11 38 99 179 93 87 207 86 69 82 210 56 272 98
237 211 16 141 179 69 13 39 137 129 251 29 115 57 55 93 272 138 194 125 189
35 124 226 152 168 293 275 29 5 242 99 65 274 76 189 42 284 298 245 144 94 172 269
47 181 229 103 133 280 176 140 86 236 39 197 119 168 131 139 0 171 274 143 56 183 88
122 144 195 231 178 136 61 138 44 262 110 214 127 197 144 241 189 291 108 299 89 268 150 71
29 162 85 248 111 139 221 146 79 226 38 276 136 189 173 207 260 164 253 78 126 81
63 194 186 22 224 153 135 172 6 204 213 7 64 229 225 255 258 222 125 234 251 31
126 233 197 232 97 229 16 163 168 273 82 227 205 9 60 94 69 271 130 76 251
38 73 141 283 174 242 239 37 236 59 96 228 82 5 42 182 110 134 67 188 199 225 126
134 155 266 268 276 219 261 114 47 68 228 57 50 251 53 30 196 153 143 150 86 124 256 202 48
140 26 132 165 34 76 115 163 231 45 197 175 243 119 18 74 126 16 94 170 242
27 61 119 4 104 161 61 114 279 81 60 153 283 90 108 180 3 57 110 132 76 186 209
103 159 283 75 155 186 250 261 4 227 134 147 53 284 280 24 72 204 240 189 100 83
86 115 227 19 154 266 107 2 49 292 6 18 62 155 190 158 247 56 180 240 113 270 202
49 60 65 75 116 149 153 161 164 183 91 10 269 73 224 281 54 223 63 189 256 215 116 62 246 291 295 199
113 195 30 185 255 175 13 3 226 184 47 265 133 223 235 159 284 93 91 1 155 35
70 114 71 193 36 264 114 294 203 50 292 51 120 232 242 179 195 172 202 185 97 68
156 252 292 282 248 178 227 218 94 192 163 260 190 246 276 13 215 221 29 130 166 75 10
140 216 233 250 148 235 242 263 50 93 246 231 96 54 203 160 190 268 819 164 102 294 243 286 13 112 29 256 82 158 291 151 105 1 141 214 130 97 265 236 99 12 162 135
66 276 296 168 175 71 89 90 166 67 110 69 62 150 15 113 65 257 37 249 44 186 211
249 215 77 263 206 192 86 33 293 297 103 153 20 39 73 127 113 114 58 270 109
116 203 207 92 90 140 297 247 50 290 47 109 240 294 53 249 105 157 111 220 141 43 264
119 189 207 267 95 219 216 200 144 218 96 224 138 90 79 177 187 111 73 10 235 50 46 141
39 137 147 151 99 229 67 112 72 20 157 160 248 135 131 168 284 133 238 90 197 202 255
174 275 123 224 160 29 196 43 68 279 99 299 253 41 57 92 298 98 89 195 178 277
60 232 259 152 163 162 171 252 235 57 183 268 271 146 593 96 0 114 264 295 255 271 190 51 274 39 11 270 53 87 263 210 197 78 101 144 187 219 95 277 60 57 33 256 261
90 275 186 237 172 43 287 92 253 160 98 21 211 267 254 188 86 235 116 232 125 17
23 202 279 274 10 146 55 178 1 281 18 233 35 265 69 20 21 158 108 205 208 177 267
279 296 32 113 30 13 64 62 105 166 100 52 153 170 149 18 174 221 163 16 196 295
38 80 113 136 197 286 30 189 49 196 20 283 46 35 91 98 17 59 154 139 167 10 55 294 8 132
16 110 209 223 170 208 45 131 254 171 129 150 260 56 5 253 270 55 247 197 166 293 239
34 57 191 279 137 3 248 9 216 291 45 66 101 6 189 7 36 34 204 290 5 46 288
46 105 118 206 288 292 299 282 237 44 136 263 1 209 4 233 219 118 133 47 216 166 228 28 178 102 117
64 169 196 219 243 249 209 118 156 28 34 17 107 35 262 266 260 165 36 174 83 270 103 86 287 7
217 244 271 31 5 116 230 231 74 277 70 254 102 293 175 180 272 67 221 234 157 25 192
161 272 244 253 231 174 164 201 155 179 111 83 199 114 283 282 154 256 138 66 54 220
5 157 241 5 197 193 175 59 32 287 73 83 132 246 69 39 275 62 296 164 221 51 244
40 85 204 164 157 266 3 135 75 273 196 187 54 26 137 134 90 189 119 113 68 181 126
22 291 46 50 78 64 110 196 290 144 17 276 98 129 190 243 201 813 164 20 164 175 286 184 981 237 66 106 77 286 10 9 289 37 182 48 54 158 67 252 14 5 69 40 134
78 114 150 96 112 157 168 187 264 257 112 229 265 206 96 274 271 977 281 190 38 593 108 295 199 197 108 200 4 16 238 219 294 225 25 263 141 249 133 273 52 297 136 31 135
258 260 292 200 161 194 46 33 219 286 171 259 131 212 160 215 122 192 195 294 196 186 34
46 93 144 157 268 284 132 278 23 36 26 255 210 184 61 3 42 202 137 9 115 269 148 100 154 263
68 181 224 41 197 229 53 219 96 271 265 178 133 288 192 104 176 118 283 43 2 298 167
205 219 276 187 282 20 257 32 126 215 29 185 145 162 226 45 299 98 28 242 116 269 112
178 187 213 246 143 202 135 182 32 79 112 7 272 291 118 171 67 197 281 116 239 10 183 165
31 64 295 63 194 2 58 17 159 192 275 245 112 39 102 226 19 66 205 255 261
36 99 125 135 215 274 226 229 249 12 243 83 211 196 294 199 107 251 161 160 41 79 33 170
44 141 213 251 285 60 109 96 268 6 214 38 121 61 125 144 64 26 65 90 191 193 116 114 18
78 236 290 59 88 1 100 10 297 244 168 252 130 231 150 68 40 209 243 74 264
88 110 116 156 276 23 140 147 154 201 2 161 7 72 100 124 149 288 96 173 102 110 212 259 57
23 93 125 111 257 75 23 51 156 89 104 61 226 43 21 152 71 55 62 249 38 292 267
67 180 196 175 7 187 219 293 105 21 66 220 32 135 106 128 107 178 115 95 171 222 25
169 189 98 227 86 274 35 38 104 294 80 107 185 263 36 212 97 209 272 139 230 144
70 148 152 292 69 78 182 209 260 39 150 371 290 218 61 128 232 199 7 90 164 291 136 439 734 218 28 108 406 185 201 134 209 273 138 248 200 48 68 292 36 189 239 242 139 211 27 92 262
88 270 281 127 241 237 56 71 45 178 195 8 141 265 104 245 219 62 48 63 69 28 92
23 32 263 86 241 260 214 66 149 22 15 51 208 235 71 99 276 153 102 123 246 18 172 98 53 59 255 57 271 166 229 51 225 164 237 134 152 8 9 210 78 284 285
2 139 228 126 171 226 15 59 284 91 86 110 57 27 263 149 216 182 12 199 233 191
116 164 293 290 190 139 36 25 55 237 32 120 268 180 169 184 125 49 29 274 212 199 60
95 142 255 288 293 269 82 278 195 190 81 70 265 272 216 281 164 299 92 173 45 132 169 1 144
23 116 262 46 65 243 62 124 173 117 4 74 82 242 38 134 207 61 54 229 144 123 284
257 268 31 124 160 207 40 134 263 265 11 164 157 107 92 80 215 248 276 279 178 137
53 70 284 274 220 290 12 269 297 51 293 186 123 199 17 38 102 166 187 139 97 138
58 70 98 244 189 288 214 205 107 251 77 242 144 45 80 35 290 207 4 84 198
77 132 157 255 298 55 63 184 247 83 87 153 247 185 233 291 249 82 210 199 51 295 271 102 35 281 31 96 264 133 143 107 57 22 285 52 287 202 241 33 50 245 201 267 176 219 264 5 278
46 56 113 126 138 188 284 285 119 170 284 244 234 20 163 122 102 121 34 37 27 127 231 78 106 105 291
74 115 157 216 80 165 260 266 250 19 244 35 23 977 31 96 35 593 255 51 274 295 114 38 95 222 199 142 16 151 297 20 129 159 14 172 264 229 161 112 163 59 245 197
154 210 214 247 285 94 90 211 12 274 196 89 289 18 256 148 294 266 115 50 283 246 124 82 141
6 108 218 258 274 45 75 25 281 60 275 224 34 48 260 51 62 162 256 254 265 16 144 242 4
185 14 63 171 10 179 168 191 5 213 228 91 185 19 6 94 206 71 193 231 198
78 210 202 4 104 93 184 270 73 85 175 185 287 154 183 34 36 148 249 262 67 88
81 157 49 94 104 271 163 185 235 248 79 158 244 146 157 24 281 593 31 255 274 102 264 190 201 977 242 87 36 277 135 260 97 294 85 245 151 62 233 194 116 78 39 209 208 30
217 238 141 113 275 289 200 27 116 126 61 176 179 202 114 125 145 220 98 16 19
48 126 177 241 259 231 242 291 206 170 24 285 297 296 243 813 203 819 164 184 164 69 175 208 268 151 92 16 107 264 45 283 33 196 30 51 275 201 241 67 272 250 267 152 20
70 138 65 132 50 247 225 228 97 98 81 6 299 143 109 209 154 266 274 110 69
35 144 190 191 30 156 82 19 115 259 195 73 144 228 64 71 143 113 37 219 139 95 248 163
29 127 218 198 158 125 30 143 175 291 276 155 77 232 288 289 170 228 255 280 163 31 110
181 201 0 157 210 30 152 286 133 195 22 256 101 165 128 111 1 243 100 268 292 266
34 269 195 288 191 98 49 162 232 126 242 251 70 40 167 101 64 134 114 151 124 238
115 121 7 28 229 131 124 222 271 245 178 25 122 110 236 148 90 64 49 47 181 3
276 35 74 182 164 12 107 167 16 110 296 231 283 163 55 238 108 227 202 136 187
