82 98 186 834 890 148 882 204 910 830 945 899 638 795 98 86 722 435 20 659 189 458 155 216 53 479
45 188 225 261 297 154 217 194 220 47 163 63 190 229 187 64 226 203 138 156 227 39 117 297 276
25 219 276 210 29 17 100 26 20 34 125 35 89 223 206 174 86 87 127 213 101 269 260 254 130 133 192 244 160 249 138 250 173 78 241 76 60 237 92 88 13 33 149
121 192 269 31 218 24 63 6 27 208 50 213 170 163 259 74 164 89 54 217 29 274 192
285 56 123 175 2 85 98 99 160 44 143 241 39 79 223 178 41 170 26 29 73
12 18 43 293 26 82 171 36 83 122 260 234 212 74 10 221 299 28 1 133 248 130 52 116
36 54 143 184 299 78 168 716 767 196 266 19 53 151 244 185 636 778 607 977 607 210 999 3 765 27 154 183 130 286 7 25 214 35 107 280 0 212 47 102 128 253 264 229 34
149 293 72 25 182 96 31 130 178 111 38 180 140 225 102 261 185 121 103 136 239 48
48 118 181 204 235 243 253 266 200 234 178 49 262 182 98 157 95 83 218 258 24 151 199 149 242 54 111 15
69 177 187 275 278 529 223 58 267 151 136 258 166 146 145 67 6 12 286 246 86 296 162 248 259 230
48 79 202 237 104 193 251 108 134 35 48 253 9 112 244 74 277 229 169 247 225 126 219 249
41 205 127 141 169 78 275 219 107 164 296 273 292 226 8 88 243 160 289 97 214 257
87 100 124 236 17 189 152 243 3 34 297 32 157 55 237 90 258 59 57 71 2 10 80 134 250 135 0 90 184 108 88 124 114 136 262 240 63 69 30 283 32 47 199 113
237 420 30 132 298 292 128 139 35 280 277 287 102 178 273 209 174 216 197 172 265 240
119 156 95 5 265 277 176 22 206 137 102 108 94 147 196 219 266 144 222 156 12 100
53 113 140 249 123 90 91 55 238 109 22 186 94 58 54 246 223 155 85 150 221 255 75
28 48 60 124 138 255 261 56 188 105 7 164 232 267 153 18 227 41 39 135 112 24 106 14 285 124 6
89 141 161 288 157 22 27 113 160 215 1 61 256 229 96 238 165 168 259 13 17 193 266
73 178 282 184 127 98 295 292 143 253 224 130 62 271 46 150 13 145 260 95 68
145 244 247 32 238 255 169 156 144 276 98 247 36 289 71 69 49 165 117 244 282 151 106
14 100 188 225 237 60 129 79 250 12 236 127 42 86 53 57 196 13 243 158 170 87 213 255 33
155 212 284 171 168 275 82 189 248 224 44 269 162 233 35 2 88 103 113 55 253 15 29
65 235 152 63 98 16 221 25 65 265 237 1 75 0 31 254 142 258 207 201 199 78
112 174 269 163 116 149 56 273 244 95 103 110 267 52 218 188 189 213 18 220 80 278
143 171 236 238 273 151 18 179 267 251 67 206 84 192 292 266 278 154 64 176 104 238 288 43 85
6 152 165 277 156 216 288 279 297 158 182 32 34 157 51 149 12 226 70 153 237 199
37 52 101 169 84 38 2 88 18 297 102 76 25 68 239 115 264 33 219 118 71
35 82 105 224 246 231 203 7 255 189 236 151 65 290 32 162 258 14 113 24 54 141 127 200 13
7 65 291 140 133 93 122 89 277 117 227 100 4 37 272 242 1 148 74 90 32 29 57
292 9 32 65 137 141 36 108 76 74 109 123 154 279 90 281 6 144 40 150 115
54 97 203 101 130 175 199 9 1 149 223 245 289 73 119 208 240 295 95 88 116 211 64
0 105 56 90 43 23 245 21 93 200 292 287 284 132 77 136 247 232 257 236 177 175
27 73 200 265 85 51 87 2 135 6 37 31 124 224 112 136 256 20 129 289 71 97 99 279 48 41 25 165 22 168 266 289 244 14 299 286 257 191 293 274 253 15 119
0 18 70 109 285 16 151 280 268 119 205 207 145 292 42 65 101 176 142 190 237 235 156 128 20
16 33 50 70 185 226 66 139 25 108 260 177 96 212 10 263 211 286 247 163 215 115 64 158 219
18 238 192 93 232 103 243 155 289 128 120 288 187 200 126 64 11 261 33 58 255 276 68 137 117 201 20 196 212 99 9 11 138 56 274 28 156 113 110 223 288 82
3 229 137 270 292 284 11 248 287 221 78 282 60 24 169 44 141 152 237 170 95 7
37 34 286 150 101 239 63 228 151 273 80 217 274 3 293 71 185 47 168 35 199
26 53 201 210 63 55 164 176 17 94 97 285 79 162 88 78 31 125 89 290 7 157 201 126
184 247 264 126 66 105 95 96 282 230 206 169 110 141 150 147 286 218 200 164 140 211 213
2 4 32 271 277 284 150 134 264 212 165 123 64 189 235 6 247 284 208 38 209 169 238 108 128 63
92 198 196 93 178 14 257 97 33 60 192 229 74 57 98 111 183 247 12 25 78 273
155 189 298 226 109 181 11 224 174 239 233 70 57 293 261 89 38 185 234 232 92 33 220
49 95 164 52 186 267 245 262 241 223 76 31 254 135 40 142 58 229 8 244 1 25 255
3 66 80 254 221 84 142 197 58 54 96 37 117 147 227 113 294 218 71 258 21 213 1 120
52 96 104 187 153 188 50 225 48 217 278 292 139 190 76 32 236 72 196 197 122 57 290 49
171 164 131 22 279 71 128 199 51 39 254 269 185 154 67 13 170 246 205 219 65
14 20 41 123 130 161 267 138 239 278 242 132 224 173 243 119 8 269 16 295 219
35 53 147 182 134 0 251 8 203 152 73 195 257 270 30 205 237 292 29 4 211 291 17 112
38 58 77 163 283 317 177 260 258 24 274 238 43 122 198 229 201 51 299 129 134 257 120 135 231 273
7 58 170 187 218 253 110 104 233 12 245 80 97 160 128 20 136 217 91 260 240 195 249 228 3 216
6 99 243 9 49 106 155 247 307 129 153 266 228 238 30 224 119 269 160 243 8 72 219
206 243 257 87 270 120 42 272 240 200 154 111 151 29 183 269 61 20 41 94 91 48
108 68 151 257 102 141 126 122 268 236 137 137 35 76 638 258 88 218 238 223 97
102 172 241 280 293 282 136 268 26 127 29 296 200 173 219 154 272 97 36 190 27 160 167 292 59
124 225 229 59 9 68 107 253 212 55 203 61 137 80 231 172 200 152 150 114 259 287 226
39 46 104 215 217 252 138 291 17 294 4 28 285 170 9 3 242 60 127 168 290 115 105 175
261 64 66 139 237 251 55 282 207 149 270 47 227 228 248 41 48 266 195 265 166
35 142 156 277 156 238 110 97 210 118 207 295 165 254 161 128 90 11 79 275 276 252 245 298
2 31 115 76 135 298 297 244 136 226 238 64 37 251 96 265 75 215 181 5 113 270 21
107 43 154 104 182 120 121 189 36 72 219 195 103 198 20 211 29 178 27 79 199
68 123 151 248 201 227 143 176 273 80 72 278 267 171 127 222 67 234 3 165 136 51 225 231
136 125 246 153 136 97 64 188 194 233 148 62 19 239 145 21 206 32 28 182 261
65 78 111 175 219 159 5 130 237 275 193 44 226 197 54 42 246 230 125 46 102 181 215 204 63
67 232 254 218 129 22 178 86 274 226 280 126 250 187 245 172 200 104 38 94 252
54 122 253 270 183 171 117 39 153 105 88 104 179 128 15 175 12 164 223 252 56 253 141
43 190 33 180 152 61 150 3 115 242 190 270 294 162 250 158 194 117 52 41 236 246
65 258 89 58 233 177 7 262 79 216 196 155 37 174 219 207 240 135 128 173 20 144
194 203 232 195 271 23 208 35 241 29 105 27 273 175 127 168 20 216 138 153 62 184 12 75 96 196 8 132 67 84 242 173 58 246 199 78 107 45 29 252 11 253
7 60 129 175 187 202 253 291 170 212 4 122 192 80 66 18 172 19 16 137 262 127 287 126 235 277 175
216 293 37 227 70 60 162 169 137 152 53 75 119 164 30 262 224 215 119 56 219 132
180 204 235 78 101 119 245 61 10 48 273 248 132 295 36 56 8 72 119 224 243 30 262
51 78 99 153 171 37 65 264 111 180 151 184 117 272 77 84 211 15 113 239 97 47 248 255 269
213 219 235 277 112 235 95 104 43 150 237 13 139 124 45 214 294 280 81 153 83 17 245
270 289 55 225 273 40 0 93 189 222 217 172 44 79 236 152 255 193 224 154 211 164
115 138 269 252 232 211 138 270 238 173 293 166 254 77 147 105 278 103 24 9 121 250
18 20 61 215 249 235 215 135 265 240 286 259 203 187 214 55 7 126 91 30 119 229 125 58 172
8 57 187 221 24 31 299 82 290 72 225 134 284 262 56 87 215 72 219 30 119 8 173 36
58 92 294 296 260 116 114 291 70 223 246 16 132 173 215 8 224 36 243 87 269 160 72 697
1 196 264 254 128 4 143 138 221 175 298 37 251 90 217 110 120 283 161 184 226 200 275
0 45 107 173 212 62 209 135 53 83 14 182 175 29 120 134 232 265 188 57 55 270 10 42 41
13 127 211 14 103 243 22 49 284 252 208 179 136 190 47 145 138 150 214 57 95 26
117 220 262 298 242 253 1 41 105 252 240 239 4 44 97 113 154 8 126 136 267 78 256 117
57 100 170 277 266 188 144 281 21 207 204 190 197 104 280 55 298 38 141 255 256 65 159 288
180 199 201 268 40 174 2 239 95 25 132 108 212 160 36 297 48 225 43 168 87 285 53 77
37 46 72 109 199 280 13 149 50 219 115 286 288 209 91 176 193 258 186 119 177 138 172 196 74 201
147 190 176 70 19 272 168 152 195 178 141 127 109 184 78 15 170 287 116 231 280 185
21 75 177 181 219 246 266 14 264 58 257 270 204 88 9 209 194 83 96 113 73 167 89 259 122 99
25 108 244 242 0 286 164 28 265 140 266 126 299 39 5 49 137 173 233 193 117 273 175
3 176 223 295 4 84 64 152 202 211 128 297 70 49 199 108 269 134 187 3 125 133 78
5 238 251 18 122 273 293 142 40 161 139 292 216 154 79 39 85 3 166 27 144 148 286
29 106 110 221 47 102 184 46 236 185 6 295 126 19 80 25 272 143 76 37 191 159 197 268
169 240 171 228 103 122 173 139 132 30 255 161 72 219 107 95 79 170 56 185 158 36
53 181 190 209 10 261 64 4 48 195 262 187 216 86 5 83 254 91 199 217 267 88 61 175
152 232 248 272 14 213 212 100 223 210 207 143 55 286 145 118 35 59 29 18 31 72 170 266
20 94 170 85 166 130 107 159 158 147 286 99 120 192 15 205 251 40 163 69 203 140 20
11 30 67 117 266 284 242 117 201 283 230 271 262 14 210 196 36 170 195 104 96 252 198 4
115 182 262 106 86 33 75 265 171 125 221 55 252 112 227 88 103 121 280 264 145 13 263
10 53 85 91 105 129 64 228 103 6 239 155 176 202 5 265 181 232 73 153 127 197 233 71 222
0 36 217 136 223 59 185 245 105 123 41 75 8 23 240 285 202 271 5 274 210 298
46 154 192 228 277 77 29 226 159 83 198 96 192 149 184 132 237 258 84 241 211 0 216 65 186
84 251 287 92 294 146 147 134 205 295 207 299 180 114 88 216 155 259 199 5 74 276 4 274 206 190 155 109 225 98 263 239 127 200 214 233 207 165 56 126 235 76 61
75 205 195 72 141 189 20 180 139 199 43 56 287 192 45 26 241 39 105 30 283 13
176 198 66 20 22 44 230 29 52 190 74 219 96 137 50 277 112 213 67 150 5 114
147 184 253 157 183 180 90 30 119 79 67 53 205 107 204 266 42 159 274 293 186 35 131
6 266 195 35 232 261 143 115 66 128 154 15 118 31 63 18 239 161 140 142 173 36
37 230 4 97 126 183 130 53 3 105 283 255 180 271 41 169 91 98 249 84 151 170
168 258 188 264 182 271 297 116 180 119 224 160 273 186 171 22 135 276 113 127 211 288
1 97 162 169 203 170 272 230 107 78 146 182 217 33 275 61 139 128 241 68 148 236 208 199 155
84 160 102 171 80 211 245 91 62 114 241 65 260 52 181 90 219 23 227 278 83 152
17 24 29 86 106 239 260 157 169 15 206 26 161 219 77 250 96 290 18 128 274 214 60 163 256 29 43
275 13 191 177 42 250 243 7 155 52 139 108 271 87 134 168 157 240 136 264 111
71 201 227 283 47 111 26 101 131 33 19 209 96 11 180 276 253 28 237 45 141 208 200 170
146 233 198 137 225 155 70 290 204 265 61 99 177 181 90 211 130 93 68 51 115
163 240 258 74 215 59 84 220 40 231 37 177 5 11 266 88 32 221 62 273 72 299 0
32 65 95 210 238 121 262 119 225 230 226 15 247 21 92 280 68 54 73 43 295 140 297 62
57 129 244 283 108 131 126 280 2 38 32 20 173 262 201 168 167 103 278 0 237 34
102 139 59 295 4 73 203 158 242 165 196 181 92 49 78 245 141 190 75 293 186 114
25 121 175 177 274 269 36 297 34 197 24 256 277 73 111 105 261 66 27 200 95 40 251 193 208
18 157 218 227 296 48 82 267 295 197 260 36 234 99 140 57 45 154 270 12 31 275 129 41 239
84 136 165 201 221 272 293 60 299 298 40 3 200 47 141 22 130 149 178 72 193 11 286 233 69 226 176
63 73 36 77 284 239 185 148 56 230 260 264 697 132 215 295 56 72 36 160 262 243
46 99 261 131 80 244 152 49 159 70 144 78 115 143 158 27 297 222 253 215 2 62 162
72 244 261 5 293 58 266 75 96 83 2 254 31 135 211 207 220 159 152 99 193 244
83 168 237 257 101 16 10 220 214 29 6 203 28 137 299 113 120 218 297 171 289 39 60
57 26 23 132 38 154 197 259 273 186 264 178 275 148 219 210 175 15 5 2 209
162 207 250 121 55 143 239 34 18 14 209 257 188 64 147 56 218 27 82 84 220 60
59 149 171 219 186 98 34 285 114 249 27 248 142 289 138 238 258 8 280 133 26 256 144 129
13 213 86 227 229 74 148 270 30 194 82 31 2 113 0 138 166 283 169 164 57 257
111 42 47 255 101 291 63 88 102 283 35 151 235 225 238 94 210 178 86 78 77
117 259 267 238 146 108 3 205 12 160 82 239 191 164 109 1 258 47 11 246 86 161 0
5 48 61 244 179 88 11 263 98 31 247 125 54 131 142 61 220 201 145 140 278 136 203 194
23 220 232 207 208 50 108 163 15 42 229 294 109 39 205 145 110 179 27 13 150 195
0 1 189 274 269 147 262 224 209 53 15 208 66 195 271 0 162 141 299 231 173 12
11 93 131 135 83 152 288 20 85 163 275 213 133 212 238 251 203 109 47 240 180 249 218 111
197 238 293 11 84 218 261 66 175 182 191 278 214 257 128 119 44 263 30 260 158 156
204 287 261 256 147 121 160 41 208 260 33 271 213 74 245 91 174 24 195 146 176 252
40 47 124 317 0 189 95 108 74 124 180 103 697 224 264 36 16 215 173 269 160 30 219 8
4 41 174 186 130 15 84 7 297 123 0 142 253 299 166 109 82 30 273 251 282 33 164 98
14 127 171 229 299 161 34 140 44 129 63 125 218 233 41 11 171 195 165 243 228 119 76 29 247
0 176 230 266 274 102 220 134 290 22 196 209 204 141 84 27 147 238 70 105 25 60 203 241 62
71 181 196 207 212 285 120 70 42 5 3 10 167 257 38 281 181 74 261 294 133 80 105 157 71 245
5 67 91 235 249 122 293 149 128 263 2 8 100 68 75 265 47 131 115 252 275 249 113 232 147
317 284 153 8 258 232 88 7 217 12 224 133 288 63 145 136 299 29 205 44 0
37 119 298 266 217 216 111 127 148 6 89 272 287 171 161 280 86 196 150 130 223 270 295
18 102 189 242 83 283 107 127 145 62 261 173 77 119 226 168 24 121 250 210 297 289 163 264
32 76 171 20 273 197 180 298 5 153 211 102 74 152 48 21 18 191 226 262 161 218 268
130 134 153 277 77 82 146 223 240 78 193 149 29 276 0 213 212 94 74 165 37 110 182
29 125 161 138 50 121 230 267 249 219 277 293 78 113 49 272 64 207 268 280 220
116 143 63 37 109 117 44 101 154 206 126 237 295 51 125 79 205 277 31 258 61
34 82 110 154 188 160 265 221 124 238 286 53 105 278 85 237 32 267 110 97 171 226 260 111 47
20 45 52 129 160 213 261 87 125 111 266 154 189 174 170 285 276 202 61 144 128 65 0 288 146 291
167 181 112 64 270 173 156 153 293 280 7 256 224 89 24 131 66 151 58 198 206 62
183 228 259 88 203 14 280 19 50 277 94 24 239 37 135 6 147 155 57 286 235 232
13 62 78 204 231 295 299 135 294 16 23 48 29 64 291 143 139 293 207 133 108 279 185 265 188 83 235
143 153 187 40 19 238 34 235 144 55 287 131 181 254 53 27 78 266 147 234 86 242 80 12 297 115 203 222 281 0 255 271 226 215 120 295 28 60 287 213 101 96 72
61 79 102 186 177 69 66 47 91 125 14 262 204 131 94 95 269 121 46 217 249 89 264 153
15 79 137 151 215 229 230 276 140 110 282 54 17 258 7 177 120 109 9 20 139 240 249 149 125 28 277 107
191 207 160 237 31 113 136 61 179 143 78 228 123 97 276 32 243 299 281 289 153 118
185 139 36 90 280 116 0 170 190 181 85 201 132 245 120 146 68 86 288 282 136
95 111 20 25 156 210 282 228 176 159 165 97 242 110 272 164 160 155 95 15 106 113
89 171 204 161 182 224 157 13 256 152 198 263 236 60 144 238 154 194 173 82 28 127 18
10 148 198 205 275 186 49 97 176 248 137 254 180 170 74 226 227 73 26 274 158 257 40 96
9 126 238 59 196 106 80 134 22 3 16 289 257 254 258 282 147 281 271 205 141 32 179
134 288 221 90 37 252 233 131 200 257 164 182 241 74 202 197 222 293 249 250 129
4 47 157 296 59 55 286 115 24 177 104 174 281 159 71 89 58 103 75 259 161 235 153 82
6 115 126 182 203 282 296 206 134 26 117 87 45 274 191 266 35 293 189 113 131 299 128 97 172 88 98
15 50 102 155 164 211 241 248 200 170 27 262 277 269 209 71 285 224 95 47 252 184 123 34 211 21 6 24
159 185 266 295 34 152 193 253 176 260 244 241 33 184 97 70 140 190 238 250 272 83 278 246
22 76 108 294 70 259 44 163 255 203 174 95 212 49 274 222 215 5 123 50 175 69
94 186 239 258 283 257 65 119 189 162 81 277 137 274 90 275 271 22 241 57 266 78 261 45 136
87 108 258 0 273 236 66 212 8 117 255 221 159 200 267 183 132 127 131 172 77 201 129
70 248 167 51 186 230 119 152 163 15 58 290 256 184 238 158 5 23 59 84 109 201
28 142 168 97 188 237 244 163 94 71 160 119 52 293 174 89 113 234 274 38 65 20 8
30 229 20 117 76 141 52 45 114 289 96 98 64 297 149 109 286 281 174 257 236 167
58 177 212 257 284 197 105 23 298 146 101 91 191 255 281 16 275 3 227 190 63 205 87 24
85 225 281 317 218 59 177 21 212 162 163 279 198 116 282 149 285 281 113 96 142 63 258 126
39 84 95 250 173 171 236 155 14 52 224 39 139 159 19 208 240 228 180 51 91 289 288 131
127 140 150 174 204 285 27 148 167 273 151 204 171 40 22 187 232 269 242 60 178 299 293 149 15 10
11 14 217 252 200 199 141 30 18 76 259 116 156 213 208 9 243 16 274 52 118 54 185
52 184 219 276 217 209 157 222 202 212 238 112 163 276 125 260 237 203 249 154 97 161 117 153
19 62 100 224 280 32 78 246 266 2 132 31 296 283 206 166 192 6 169 289 131 208 287 167 86
180 232 277 140 105 281 114 44 167 101 155 144 84 243 293 124 149 205 299 119 27 33 288
265 59 271 91 60 138 242 240 126 34 14 204 77 166 89 17 285 49 135 218 287
220 61 139 184 126 87 45 207 57 133 290 286 15 65 269 64 54 231 200 128 52
99 127 279 161 99 172 297 44 60 94 193 69 263 52 77 282 106 95 66 185 12 180 169
61 128 136 204 180 36 7 232 150 240 3 14 124 100 163 184 62 88 13 21 89 43 219 93
90 220 260 283 95 181 160 229 185 216 201 0 245 50 126 175 235 127 242 162 64 184 276 174
6 60 157 292 197 36 227 42 208 59 173 220 277 34 3 185 230 254 83 106 149 115 187 228
140 238 255 200 295 239 294 95 151 9 235 187 152 297 170 214 265 136 133 229 290 38 14
