151 161 180 375 25 52 256 274 76 209 149 39 253 285 20 151 9 15 45 145 136 100 2 58 299 179 200 3
696 4 72 124 70 150 157 297 521 734 448 133 400 399 868 247 64 521 201 200 889 671 41 117 687 806 583 385 761 52 40 16 31 61 269 265 53 181 12 106 111 113 94 220 268 211 85 236 212
24 256 255 110 117 209 133 155 14 32 192 196 61 260 82 170 21 36 171 287 138 200
133 158 255 68 87 261 208 280 168 257 273 94 17 38 41 37 83 121 214 204 276 236 207
51 61 230 219 229 89 201 118 114 886 175 430 37 206 160 135 278 245 237 285 285 30 794 227 30 178 219 91 262 97 270 82 277 30 16 63 196 293 197 66 241 292 86 141 297
6 167 198 142 265 59 262 195 29 40 80 186 185 274 243 138 58 245 62 213 295 60 4
99 158 250 147 34 93 64 180 227 139 21 17 138 251 92 57 184 291 226 217 259 163
7 24 49 134 161 240 252 250 166 0 84 112 24 149 115 25 230 100 293 90 241 288 271 126 214 55 79
45 107 131 152 272 161 108 32 292 172 286 218 135 794 0 209 62 137 124 83 113 295 182 13 297 53 218 155 12 163 179 48 41 176 46 128 240 17 60 197 209 42 148 199 130
38 179 119 189 52 166 214 264 232 209 81 56 194 267 29 286 250 235 262 165 76
659 44 174 289 246 299 160 89 8 60 45 152 266 103 74 127 130 23 149 113 14 98 122 58
56 112 223 270 282 8 113 84 142 177 129 98 229 213 156 68 224 25 35 193 32 155 220 269 126
609 88 244 268 126 54 176 0 31 26 87 96 175 167 89 136 127 134 5 81 236 164 2 22
78 217 285 226 119 208 15 134 221 21 213 93 92 167 67 270 49 280 45 292 130 53 157 201 298 167 235 211 230 37 292 126 76 245 80 69 173 254 52 219 84 273 260
187 402 106 150 165 265 111 113 10 123 122 45 171 83 181 137 110 297 193 13 48 182 129 104 205 150 71 31 231 240 77 183 257 195 221 171 97 281 214 197 155 200
28 108 242 277 56 240 186 37 262 288 188 34 217 58 160 115 127 42 279 243 55 281 50 93
32 179 153 46 275 124 230 15 72 148 194 150 285 205 277 37 269 54 162 49 289 182
9 219 263 186 194 268 51 294 171 284 201 228 157 182 129 295 112 47 103 8 233 61
113 126 145 276 284 245 105 119 18 206 49 248 107 290 62 165 242 43 65 238 205 232 60 287 124
143 151 208 272 240 115 35 12 79 263 234 267 7 108 111 181 145 176 242 219 1 295 189 296
127 150 88 21 211 64 121 101 95 195 63 76 97 25 149 164 130 184 248 203 206 57
119 8 173 282 161 215 256 160 169 2 127 166 159 63 277 30 12 287 59 67 241
178 227 80 113 9 281 221 59 219 68 93 22 86 292 101 120 112 246 90 48 46 3
109 157 158 274 255 225 205 57 252 180 116 5 27 277 254 183 19 43 194 231 61 273 167 232 192 263 38 84 134 151 173 71 257 189 179 152 123 6 176 92 16 175
27 97 133 242 243 246 5 41 252 16 203 128 168 183 25 292 109 11 43 127 176 84 254 4 177 48
13 248 283 88 67 52 286 224 245 151 109 99 32 91 51 244 122 22 267 136 197 105 90
151 161 185 191 402 228 84 75 281 268 234 198 81 104 293 61 66 15 173 214 291 231 154 193 242
28 87 185 151 48 140 252 155 31 229 32 120 287 274 214 108 111 64 233 83 138 25 21
65 131 142 156 226 157 33 251 226 43 8 124 110 100 256 92 177 246 197 280 15 151 84 27 21
148 61 117 191 271 255 212 47 34 175 184 285 107 206 49 153 276 244 292 75 193
35 84 107 138 179 201 257 40 214 200 88 7 211 290 287 114 56 145 94 46 210 124 116 223 295 184 31
61 156 184 224 111 87 61 39 80 279 249 223 38 289 93 284 208 35 211 21 57 83
50 180 233 295 4 202 75 46 125 37 28 32 8 85 244 134 196 266 204 0 247 226 263 270
79 200 250 15 74 130 212 42 166 7 285 227 200 192 205 35 276 260 254 58 92 173 118
247 251 169 53 72 34 111 113 200 256 159 220 180 27 73 145 164 177 160 101 26 234
37 66 2 127 140 284 286 141 167 182 267 115 228 183 145 250 102 123 97 143 158
222 260 279 164 83 95 52 144 213 270 168 3 284 219 120 114 246 161 184 49 105 163 2 208 228 220 52 286 131 14 88 36 10 270 268 245 159 101 138 121 100 262 299
27 100 154 219 48 91 173 34 200 73 199 270 185 280 251 272 258 18 56 221 147 229 209
31 66 220 61 262 281 129 190 76 80 68 141 187 9 89 0 136 55 3 294 26 285
87 191 256 266 266 41 272 80 12 204 127 112 258 219 7 271 142 5 264 19 75 235 253 1
82 190 23 80 201 24 210 62 211 200 289 215 28 57 220 182 185 38 245 292 137
172 174 252 290 292 39 183 257 163 239 174 31 244 214 299 48 160 86 235 23 42 216 217 121 90
152 110 138 228 30 243 78 177 81 128 33 47 244 156 4 113 7 262 50 218 62
138 227 92 237 93 88 199 261 44 241 243 208 5 112 25 229 49 179 55 186 178 165
201 128 258 38 268 245 292 246 253 275 120 192 5 122 160 202 198 59 60 90 260
230 274 295 111 275 163 272 263 98 167 147 244 152 155 48 122 276 137 2 1 291 298
13 128 156 166 75 215 235 160 7 242 250 152 184 143 31 259 41 172 175 42 206 46 80
123 170 207 110 296 148 61 269 275 182 145 264 210 95 141 144 9 139 100 29 198 127
1 11 41 216 222 49 73 78 267 201 75 164 26 134 19 108 29 74 226 207 286 149 127 289 45
86 174 116 86 91 250 136 157 7 1 173 22 69 141 149 30 183 0 191 106 176 45
206 275 287 208 28 162 111 265 35 16 172 146 222 18 212 296 293 23 21 95 151 91 142
105 156 213 269 284 204 8 170 58 254 190 150 247 85 167 95 75 11 145 213 40 253 219 82 225 32 249 75 97 5 103 232 282 166 299 79 224 167 244 63 146 138 62 276 31
236 36 167 125 298 177 21 229 76 234 9 285 174 141 200 243 63 263 205 286 85
246 138 278 212 72 204 73 86 267 191 84 166 216 193 283 177 68 201 197 26 186
84 103 171 280 31 80 62 66 96 240 15 237 70 260 43 222 44 116 106 28 102 227
110 155 174 274 125 124 144 65 130 85 260 284 64 71 285 112 91 176 43 219 166 282 249
64 104 130 235 52 268 120 182 236 64 223 255 53 49 208 288 186 265 22 197 196 174 226 250
1 46 52 127 259 290 192 131 259 86 273 12 218 112 105 139 127 213 37 74 125 42 172 76 194 231
139 146 221 99 131 79 106 184 133 186 268 172 135 254 202 47 265 148 218 142 128 137 102
792 23 402 42 10 99 245 260 144 39 180 94 293 181 217 85 33 255 13 162 299 11 202
8 219 230 245 248 26 266 149 142 188 43 231 178 78 27 236 60 276 0 162 197 199 208 145 87
15 78 160 255 174 163 134 292 157 273 184 240 70 225 123 51 282 113 266 287 289 267
73 107 241 247 188 239 153 28 269 144 156 111 297 55 50 122 196 168 116 242 62 288 63 276
81 165 33 271 153 283 204 260 159 121 47 79 0 13 144 9 187 243 198 296 255 175
36 49 141 34 228 181 208 54 85 81 61 146 165 28 232 50 56 148 205 3 154
792 128 141 255 402 144 281 79 245 57 298 112 206 283 226 55 52 84 286 255 193 261 50 42 136
204 286 298 148 296 0 138 118 91 147 223 111 40 173 133 65 283 193 221 184 297 16 96
0 156 196 265 144 243 43 148 15 94 26 267 260 217 38 126 130 254 128 164 35 246 31 27
11 16 280 291 292 201 210 207 55 4 294 276 13 75 100 49 39 63 124 153 188 133 200 205 293
62 115 202 279 134 183 176 258 225 156 34 219 66 249 56 31 291 281 283 251 130 72 48 100
15 223 289 402 66 102 250 7 274 138 151 63 248 49 152 114 225 240 15 117 237 5 251 232
792 12 66 135 180 258 280 283 47 94 72 182 132 195 296 60 147 278 299 22 280 255 235 122 205 51 226 166
27 66 129 197 221 228 278 272 187 258 165 33 158 98 46 150 216 251 268 131 247 45 227 73 26 240 138
79 137 65 130 157 143 266 243 241 189 0 39 173 8 176 63 82 96 79 299 103 83
284 268 195 120 281 72 85 272 20 109 270 116 291 269 139 231 182 298 230 51 257
223 259 87 48 103 175 178 127 71 223 52 105 220 193 146 148 140 246 206 282 162
792 84 211 272 297 37 201 226 43 18 82 283 31 83 268 172 281 7 244 38 264 21 140 25 133
31 67 91 201 175 292 221 33 62 69 120 269 199 131 207 229 272 223 241 228 35 190 191
82 104 151 214 51 17 241 200 299 151 223 270 163 251 138 157 114 111 185 284 286 19 55
218 239 278 7 255 37 67 165 231 35 0 178 69 100 185 289 22 23 74 64 77 144
82 198 228 295 151 264 105 183 27 157 299 19 262 150 275 111 43 57 149 249 174 108 203
40 76 113 205 211 142 38 12 234 123 115 81 186 191 173 95 194 22 43 267 209 172 184 67 63
659 26 198 66 114 187 91 138 112 203 120 188 113 144 81 35 260 140 211 119 275 115
20 287 43 213 98 60 85 222 14 72 53 177 36 27 48 90 42 151 212 221 156
19 207 234 286 211 21 154 242 58 194 24 291 104 173 186 247 201 91 164 296 199 98 178 65
40 80 60 133 85 93 264 36 115 40 56 105 252 238 295 220 47 128 0 195 141 95
48 124 191 287 289 226 65 149 284 242 157 129 39 279 58 286 145 122 248 264 73 232 218 290 62
96 155 286 297 99 188 130 51 262 171 65 187 9 266 232 222 163 142 294 278 54 258 247
33 163 251 170 48 41 36 223 99 151 14 136 232 87 217 104 260 128 45 201 16 176 155
2 96 106 119 208 297 123 21 108 48 59 170 72 139 64 293 53 153 82 47 235 249 257 1 190 99
201 252 174 138 50 256 282 179 177 287 14 244 113 271 275 253 172 55 200 66 259 276
116 140 110 59 55 3 120 250 43 267 213 68 98 25 259 81 254 158 187 193 292 227
16 130 153 159 219 33 4 148 54 295 187 217 119 123 276 146 143 66 239 297 82 30 158 97 14
9 101 201 203 244 195 10 261 60 247 208 152 100 36 244 65 176 260 21 256 188 51 118 266 54
41 211 104 203 17 9 65 278 108 50 133 31 239 63 197 255 56 111 283 18 227 209
659 10 30 152 104 174 170 249 271 31 73 79 146 136 152 135 184 277 95 286 30 254 67 127
81 86 174 248 125 236 42 113 224 93 151 18 215 84 22 243 226 52 14 154 126 71 182
13 30 122 131 147 255 283 247 157 202 274 96 195 217 147 121 9 37 3 209 84 91 254 110 86 184 0 51 105 132 202 115 250 123 63 57 157 243 220 238 297 60 149 211 196 48 6
116 80 46 242 290 79 286 56 153 65 202 256 99 94 276 19 8 105 30 67 75
17 33 59 116 276 49 255 133 247 187 127 66 159 6 166 35 70 88 10 60 295 222 63 122 268
0 119 167 282 288 246 123 198 243 28 216 26 90 134 58 184 225 152 107 133 59 88 149 210
134 280 176 223 230 282 292 192 270 97 241 238 67 90 235 21 15 163 173 201 125 171 82 177 277 105 174 107 102 127 63 90 232 41 208 75 36 48 216 212 289 143
138 226 294 262 176 286 290 285 118 61 48 92 15 19 39 172 202 216 18 94 126 229 284
49 68 153 164 272 101 126 29 81 70 173 177 17 241 73 63 82 27 78 4 128 153 208 175 275
93 109 149 237 261 30 192 265 279 62 21 41 124 245 183 235 190 114 289 257 170 200 100 213 139
61 87 234 111 196 260 251 223 157 14 248 163 256 93 116 176 293 85 228 255 52 122 209
8 148 192 120 30 245 161 185 281 91 227 182 235 112 256 123 276 262 201 62 52 283 159
40 102 279 56 158 257 4 78 182 118 200 163 140 268 270 44 85 3 269 96 0 181 273 130 182 209
12 35 74 88 128 187 4 78 182 118 200 163 140 268 270 44 85 3 269 96 0 181 273 130 182 209 98 200 276 219 73 294 92 28 165 68 144 231 205 118 230 10 184 241 80 244
2 26 59 143 289 296 172 17 179 166 235 271 288 280 148 208 206 62 286 75 178 212 285 247 145 194
74 163 164 292 89 143 216 146 6 261 19 165 244 18 134 167 110 275 69 272 163 99 249 201
241 262 287 262 9 132 244 249 150 39 142 16 52 128 131 225 153 198 169 189 96 282
31 48 148 190 230 143 9 156 296 161 155 11 146 42 209 151 172 248 96 264 170 18 257 241 194
70 117 120 188 203 263 270 160 0 44 244 181 187 149 278 150 246 236 47 189 95 200 54 276 108
135 153 171 214 2 199 235 10 97 76 23 139 30 82 298 238 21 150 193 262 3 50 232 105
193 215 50 129 223 292 245 10 104 295 248 68 176 29 178 60 257 127 246 177 234 264
123 152 224 267 91 146 185 240 37 143 196 34 263 237 133 236 90 216 142 116 1 52 44 254
659 56 123 104 292 129 19 247 250 43 130 60 62 145 232 159 228 174 81 160 297 76 57
31 54 225 270 75 33 299 211 4 135 288 108 189 223 208 36 74 262 58 46 137 191 276 51
232 209 35 271 94 250 291 127 4 156 125 104 240 272 141 221 149 142 191 85 136
188 125 95 157 59 216 181 175 176 251 47 76 70 10 264 33 279 193 118 37 202
19 53 93 168 275 145 122 92 297 169 22 282 75 107 64 97 152 86 191 180 206 46 137 209
43 81 140 143 234 221 122 192 154 256 60 23 236 150 37 190 19 163 167 40 207 197 124 53
80 222 193 55 28 56 231 117 88 42 178 130 99 49 12 162 91 0 120 80 68 288
130 253 194 276 0 154 167 265 110 143 123 150 100 108 96 128 195 204 217 242 92
27 43 150 297 275 244 25 21 247 269 141 101 15 124 259 191 286 225 195 146 30 260 211 295
41 128 153 249 278 256 195 221 145 112 197 292 270 164 222 174 59 154 210 148 223 83 259 299
54 87 177 208 143 212 183 190 223 90 9 154 283 16 141 171 264 274 0 249 111 230 284 279
264 292 48 139 201 3 71 101 168 124 238 133 5 166 212 202 191 87 162 120 194
659 23 55 4 103 111 179 169 98 233 270 224 140 139 254 231 138 219 160 247 52 39 168
132 246 256 293 5 277 67 115 204 239 217 249 125 206 128 247 193 102 93 126 122 214 268 258
296 62 294 978 197 238 78 128 175 37 106 223 297 182 48 124 273 209 402 270 269 85 181 145 147 102 5 200 286 281 195 73 231 289 39 83 138 7 112 22 128 44 74
253 7 5 240 181 120 239 220 165 141 41 229 126 192 28 27 142 136 257 207 243
91 97 159 277 159 284 74 90 164 171 189 10 245 174 294 145 124 291 178 53 45 147 228
188 225 174 91 1 158 138 150 209 199 142 215 132 112 220 153 225 6 238 83 101 144
32 74 86 145 246 291 1 175 132 241 276 240 46 230 189 80 269 81 258 25 29 8 179 32 36 236
10 206 35 202 296 175 204 248 73 171 42 236 130 231 261 165 264 225 150 230 168
35 113 163 222 73 166 161 155 168 119 123 146 298 248 269 176 141 238 256 87 213 72 23 79
67 252 196 46 10 262 209 168 224 275 89 105 140 183 39 213 201 104 69 62 191 28
105 178 36 133 177 239 286 65 140 163 213 26 55 281 225 196 249 256 110 293 273 49
219 239 276 73 24 113 60 180 4 295 144 231 86 132 187 248 59 211 10 289 30
609 234 152 24 271 206 198 286 110 79 32 157 20 50 88 235 264 62 191 6 297 282
792 25 28 35 41 265 124 31 96 254 67 165 241 69 239 3 272 8 99 195 34 173 278 171 21 183
47 25 266 129 46 181 143 298 286 255 138 24 263 155 200 215 92 1 87 62 29
130 200 269 274 221 47 178 248 0 102 247 197 265 17 119 238 54 109 223 26 177 182 134
117 259 283 32 95 236 229 181 238 233 29 247 220 295 110 52 17 296 189 154 137 276
68 76 157 295 93 126 185 217 266 154 294 78 133 99 136 101 63 245 102 115 263 95 180 44
79 197 45 7 17 289 149 70 293 130 206 267 176 148 227 21 56 67 208 157 101 109
55 95 42 171 110 285 25 260 255 136 74 121 137 233 108 201 269 267 18 222 151 223
57 70 117 138 163 200 207 271 76 261 157 138 258 28 82 231 195 169 257 37 89 243 63 38 263 181 142 58
792 154 37 157 150 123 147 162 54 248 258 57 5 135 80 104 131 115 221 188 149
0 143 243 102 190 39 28 201 162 18 267 154 179 157 80 48 177 285 189 87 107
947 0 11 106 18 267 118 217 50 230 57 209 188 205 297 146 287 142 106 74 243 167 201 293
38 290 296 161 176 85 14 174 117 84 297 7 5 118 27 132 134 216 256 162 222 19 231
202 259 35 44 48 278 138 275 142 216 123 177 74 33 90 36 204 158 24 259 125 47
252 258 289 65 179 56 83 117 155 241 3 210 14 286 171 135 2 130 85 137 297 181 269 193 209 216 283 181 144 288 163 254 111 44 88 149 248 67 217 174 4 68 155 56 75
2 179 48 26 101 261 245 11 244 69 120 19 104 215 63 218 274 260 147 189 126 209
25 150 205 237 202 169 3 131 245 279 59 105 250 49 196 16 98 58 47 12 233 262 63
83 237 254 289 243 152 188 101 53 181 42 211 248 125 59 165 178 119 169 162 284 84 9 257
16 87 90 172 228 69 204 171 201 47 184 217 55 50 232 119 114 216 1 125 23 60 62 234 108
41 92 201 229 87 186 89 205 239 85 212 42 246 214 132 282 226 30 253 135 9 152 154 263
23 83 102 230 239 95 290 147 73 127 40 85 61 222 79 74 77 3 101 260 72 134 293 19 89
284 229 87 222 130 65 51 104 11 143 218 266 220 282 52 124 24 21 53 278 33
221 232 279 170 4 168 159 135 209 167 234 5 223 178 204 256 59 79 87 136 26 75 278
47 259 7 241 120 220 28 42 111 213 47 98 165 69 240 61 129 35 279 216 41 52
22 88 90 191 276 13 6 152 172 262 217 183 164 10 148 145 43 223 214 154 146 169 218 136 106
15 99 215 229 151 36 1 268 117 146 269 159 224 284 15 293 214 260 223 265 271 82
21 67 195 218 39 150 40 142 183 25 170 44 3 30 22 166 250 241 125 172 154 121 97
2 13 160 216 33 43 140 110 255 275 241 231 25 146 65 273 97 90 136 143 193 58
947 232 256 78 190 84 81 109 100 186 152 0 214 194 151 170 229 29 156 296 285
68 78 88 284 162 21 33 199 13 278 123 209 285 218 198 227 237 131 74 37 298 273 29 72
128 219 219 172 170 118 102 123 159 229 77 66 53 2 171 48 78 32 162 108 288 230
8 130 133 49 112 64 138 97 151 14 258 29 230 233 68 231 19 160 159 6 218 246 263
85 122 131 220 173 76 277 257 150 159 48 60 251 109 156 288 214 202 233 130 105 24 13 243
222 271 114 186 193 32 134 131 102 169 218 270 210 238 7 128 95 278 108 182 88
134 162 243 183 50 185 91 211 54 115 278 124 248 174 237 68 212 226 56 81 196 143 69 264 117 24 52 276 196 231 273 134 255 271 163 227 169 193 79 60 101 0
0 14 156 189 223 186 16 114 131 83 49 276 170 235 20 232 193 275 94 122 48 119 34 3 281
659 9 111 31 230 166 293 138 199 112 80 161 15 267 298 237 233 121 188 98 0 236 44
37 149 174 96 15 284 273 293 182 77 116 287 8 214 13 31 297 6 166 225 240
146 287 174 245 191 120 18 2 27 32 257 234 210 89 144 15 284 183 206 16 264 178 9 4 234 117 172 221 2 196 274 41 202 229 186 52 83 58 69 174 49
6 100 294 187 255 189 8 256 243 271 52 58 15 248 249 99 67 18 21 121 152 74
97 117 178 216 256 254 119 86 11 269 48 209 255 163 297 176 10 103 257 174 87 89
