122 146 170 234 389 62 252 554 664 11 66 694 302 573 771 354 803 486 43 718 182 230 550 77 640 693 27 774 343
7 554 790 478 628 390 725 673 178 20 29 477 761 40 526 972 683 350 262 717 722 542
166 188 300 32 292 117 92 169 259 136 263 215 135 222 185 285 61 253 19 12 291 21 120
38 103 182 284 300 47 239 260 85 114 17 235 28 54 74 924 868 763 176 303 763 162 924 689 813
0 134 147 200 293 270 233 104 141 19 223 175 232 79 293 162 167 229 22 118 236 51 259 26 179
723 54 84 101 103 154 160 972 216 603 117 184 49 666 132 571 298 176 19 296 861 563 296 234 10 234 320
98 142 162 287 57 116 233 176 136 114 496 190 255 520 248 135 107 55 40 142 384 8 390 26
42 280 292 24 58 125 237 212 192 33 169 239 53 298 215 56 140 167 242 258 85 207 109
81 84 94 174 235 281 655 74 49 230 122 273 114 99 98 199 17 14 154 108 68 27 7 238 125 133 220
207 10 47 69 176 196 234 222 231 106 568 9 5 32 260 926 238 169 60 249 154
66 92 261 45 281 158 247 96 38 57 192 130 220 236 249 199 80 64 288 13 243 252 25
258 234 237 160 131 113 235 117 91 220 198 175 254 61 279 12 66 208 30 253 104
11 43 50 94 131 173 210 166 178 96 44 3 179 83 109 182 94 8 90 91 280 139 287 4 220
77 92 224 76 118 124 148 204 235 11 284 108 209 211 567 138 54 256 581 26 298 238 230
50 129 185 196 212 233 234 173 250 25 195 14 293 230 163 172 31 231 68 65 226 197 76 154 97 236 239
190 174 53 183 38 190 199 88 124 216 3 269 192 147 202 18 295 219 152 251 180
11 23 104 209 238 242 261 265 271 129 57 23 202 125 30 32 285 108 272 223 180 171 212 115 117 19 213 178
98 4 21 100 104 136 323 241 110 224 119 258 158 48 248 26 137 68 199 268 390
71 110 145 193 218 259 106 103 52 289 22 109 150 24 42 297 91 293 298 238 137 26 71 38 244
75 120 127 51 94 215 45 41 108 26 100 84 69 262 187 255 250 58 0 40 65 47 299
45 276 477 116 174 139 240 56 186 110 133 70 149 2 204 122 255 66 256 176 175 71 261
102 169 215 24 280 250 157 112 106 284 298 54 54 592 118 117 48 53 256 26 121 238 581
101 270 260 179 87 30 41 26 42 63 0 33 159 113 209 147 177 134 91 114 267 77
56 139 159 22 43 88 207 233 23 89 181 182 171 924 189 278 104 170 191 226 10 176 250
299 111 148 125 264 237 93 103 124 9 182 291 252 92 90 146 131 218 35 5 97
54 87 117 615 249 157 240 230 152 87 127 294 66 290 75 180 242 50 225 247 69 182 137 45
296 119 299 239 244 124 58 93 41 213 112 273 174 43 109 99 131 254 169 86 250
206 920 123 126 260 266 283 85 51 177 65 142 278 3 204 260 70 9 43 199 212
13 19 63 237 294 143 122 52 289 156 23 13 283 170 85 126 253 180 251 101 22 110 159 185 136
161 296 920 113 192 176 23 65 168 223 100 104 3 207 208 260 199 567 223 60 249 204 255 201 162 258 289 211 94 51 190 19 280 298 209 102 228 123 262 137 90 206
33 107 182 288 77 149 79 109 138 271 212 162 196 129 90 245 259 286 51 104 210 238 158 200
22 34 112 134 160 199 228 284 292 161 108 122 102 291 190 140 141 136 107 152 105 11 20 171 151 3 288 184
98 176 180 282 296 111 62 38 229 143 179 99 254 169 90 125 29 61 160 89 248 110 171 48 204
42 130 137 146 248 266 197 99 75 170 230 258 64 171 211 200 122 269 220 198 250 78 193 298 46 283
18 157 283 83 232 243 280 282 15 175 41 123 204 299 199 39 572 243 411 217 33 191 800
13 24 51 163 222 244 145 64 29 149 73 120 132 279 84 298 179 230 136 146 117 195 245 47 74 260
98 115 207 237 268 136 112 191 173 33 153 11 46 34 101 83 223 230 116 82 219 129 150
33 135 220 287 123 284 152 52 22 181 66 198 60 154 262 142 86 271 105 147 216 2 145
104 208 128 256 214 92 156 259 35 220 253 195 22 285 111 136 215 177 274 146 54 56
49 88 91 93 138 205 224 243 198 278 200 117 96 94 256 298 48 118 270 251 218 142 230 53
8 31 4 59 105 117 92 295 279 49 231 141 294 258 12 38 226 33 169 232 75 90
129 282 242 49 287 266 188 186 146 193 118 132 154 149 4 74 259 211 109 229 159
1 61 270 176 40 257 251 10 284 177 224 169 51 226 128 35 77 288 59 197 137 210 190
138 167 169 59 162 88 240 290 233 70 139 140 141 128 22 79 31 0 291 145 49 259
477 33 99 225 174 52 20 65 183 224 64 703 177 384 135 171 390 503 21 53 248
32 51 273 274 18 235 293 191 167 52 15 169 213 57 180 205 187 234 5 258 140 31 133 240
77 174 230 231 233 264 294 74 65 226 276 170 141 69 27 274 43 187 165 11 95 241 129 248 175 260 202
5 138 16 207 264 116 9 163 110 81 19 100 295 188 27 79 211 121 236 149 109 258
33 167 201 298 193 294 54 109 108 259 164 40 174 89 84 101 43 113 141 5 224
62 175 204 247 251 258 249 298 10 32 221 160 52 205 120 236 242 145 136 288 60 88 280 275 220 139
122 126 133 266 282 18 9 16 189 165 130 228 94 211 63 68 245 207 197 227 98 177 239 214 169
2 56 57 69 228 276 279 6 39 119 296 272 57 32 68 214 158 114 54 292 91 15 44 59 233 73 269
20 112 115 215 262 276 158 77 105 62 131 215 66 100 6 217 107 27 149 219 234 172 18 80 244
6 26 125 33 16 276 299 151 45 137 215 113 68 183 155 27 199 159 49 264 51
281 288 63 103 201 45 176 175 149 65 243 0 24 128 276 12 8 54 145 270 113 262
54 108 141 190 199 60 228 10 42 1 91 59 121 243 7 168 237 173 176 129 68 279 155 186 139
14 66 82 103 134 143 235 87 230 132 181 287 177 205 111 184 82 88 98 224 206 103 223 281 118 299 45
212 240 265 286 177 203 215 299 139 212 140 120 243 926 268 103 567 667 223 212 926 44 70 260
55 211 238 290 179 96 122 29 255 159 229 116 104 13 44 2 137 215 88 200 97 163 98 184
3 47 85 189 213 103 200 169 274 28 260 261 107 72 106 128 279 255 278 270 221 193 114 69 33
62 65 161 215 256 246 72 69 159 269 263 142 265 112 15 49 189 257 256 83 163 32 280 210 154
63 123 229 24 281 249 288 111 232 58 273 103 67 93 88 239 256 45 59 100 271 197 119
174 265 23 143 187 17 101 65 49 24 85 269 84 194 282 70 180 86 28 150 69 110
1 203 281 229 28 57 258 233 270 241 296 56 33 120 203 88 226 169 297 105 0 293 286
101 245 192 285 126 45 183 133 41 79 102 31 203 109 259 42 74 261 158 167 164 159
63 109 215 238 298 468 24 182 230 264 12 137 192 293 94 103 164 222 294 162 298 207 152 11 155 227
13 128 190 194 295 271 59 148 287 272 241 46 231 125 74 36 237 131 107 292 129 152 15 232 260
51 117 267 82 284 276 194 74 75 268 35 204 267 127 172 28 79 58 61 6 83 237 290
163 231 132 16 14 31 169 110 221 51 255 189 105 34 197 250 293 212 119 162 121 196
71 94 182 28 267 101 31 194 64 56 182 86 21 61 288 85 43 88 289 38 217 153 12
116 287 292 172 168 34 267 45 197 58 233 186 115 37 153 199 48 104 154 179 107
58 94 217 253 294 51 118 170 230 88 214 291 190 277 198 225 59 231 217 10 220 195 186 176 208
144 155 285 267 180 243 295 40 127 189 218 88 252 235 87 167 256 299 209 212 258 156
69 158 294 31 210 81 276 267 115 120 204 260 245 219 158 106 67 229 296 68 198 25 183
25 50 82 134 296 176 85 3 160 223 284 174 216 118 97 149 120 207 187 21 12 137 71 95
59 101 219 67 14 242 251 281 259 102 177 104 275 42 44 94 124 205 189 245 226 208
234 146 222 119 164 266 297 25 28 125 55 4 280 287 278 39 151 217 150 184 161
60 114 188 299 153 167 20 264 158 85 86 278 274 282 101 57 239 82 261 203 297 28 89 204
5 184 248 297 238 46 248 184 131 72 37 74 64 142 123 260 225 283 296 121 249 226 267 165
85 244 149 39 98 126 219 230 291 132 41 288 20 122 34 187 77 129 25 0 193 227
7 70 99 137 101 163 6 189 127 212 273 155 60 49 214 143 240 105 37 261 263 192 20 199 199 165 169 61 88 175 244 176 143 235 1 129 105 274 180 215 248 31 148 214
28 60 110 116 188 171 195 69 238 276 192 154 146 275 246 135 293 292 221 169 34 2 182 77
72 44 172 261 288 249 154 57 16 143 218 83 156 202 47 241 157 69 103 51 295
54 122 164 166 202 62 224 265 82 234 49 139 272 152 5 36 237 58 155 102 43 115 214 130 243
39 181 74 46 206 274 155 77 56 154 134 92 23 104 290 220 73 54 169 140 98 37
193 230 84 68 39 228 263 199 232 154 41 202 267 212 32 149 89 294 97 56 201 112
39 289 286 175 81 187 250 295 123 88 265 142 150 72 101 164 288 126 74 49 194
96 159 293 84 92 222 280 129 126 217 43 137 191 208 78 153 0 91 299 248 101 271 229
11 163 208 210 202 275 203 264 158 219 8 154 188 277 293 205 136 168 204 125 227 156 122 175
32 92 112 615 30 58 50 127 136 49 276 44 150 67 232 17 294 135 145 39 182 73 248 19
53 213 468 2 243 21 1 233 16 161 261 274 182 174 236 67 237 18 27 277 8 100 293
35 140 251 248 18 212 113 204 92 1 155 53 218 216 2 230 289 105 62 274 166 170 50
4 68 159 47 128 218 269 129 82 175 266 191 282 237 59 112 108 250 7 95 185 278 13
9 101 153 193 155 178 183 59 279 287 58 184 4 144 134 190 126 66 210 20 294 68 252 223
104 143 159 286 16 44 24 89 6 124 123 118 101 55 34 191 149 164 205 82 221 211
1 5 262 145 200 83 128 241 240 101 123 19 36 146 299 174 99 193 216 271 178 56
11 173 229 204 26 224 144 202 35 299 104 139 291 170 240 280 175 258 75 82 269 151 213
55 79 135 161 2 57 163 278 31 133 48 109 260 270 269 294 72 124 28 185 245 170 196 224
192 288 109 260 267 250 95 227 197 106 32 6 241 116 39 268 77 212 33 80 25 298
281 271 71 171 1 203 53 270 215 99 87 187 236 90 125 298 40 3 114 112 36
93 155 176 298 111 127 119 191 172 269 192 76 157 94 184 140 221 260 214 297 238 195
25 134 88 161 188 298 218 219 3 297 130 113 163 27 142 49 194 21 78 237 133 288
57 141 185 189 193 289 71 38 136 166 274 275 51 15 102 21 137 262 237 299 226 114 58 5 187 12
154 218 244 253 84 116 121 104 79 0 61 144 154 230 57 10 51 268 149 66 40 174 241 201
96 106 279 295 117 145 67 90 3 250 286 208 171 150 148 169 76 16 177 178 124 262 290 259 209 229 33 289 171 10 203 175 77 286 282 223 166 269 247 136 81 12 273 150
43 42 264 72 90 124 170 238 76 145 113 279 226 153 168 205 236 151 223 127 20
51 54 69 233 135 50 193 288 109 31 228 226 156 66 283 239 264 122 287 146 80 256 247 75
25 120 129 201 130 114 226 172 185 141 3 104 9 198 257 120 282 258 230 136 53 281
62 214 264 228 136 135 11 13 45 33 107 150 80 233 178 169 85 9 20 149 71 42 124
123 131 160 172 265 220 231 45 263 43 278 107 74 142 202 32 6 269 10 297 99 51 9 95 266
104 166 655 933 8 177 197 103 2 298 123 92 248 64 224 21 186 390 703 384 212 270
137 158 123 256 175 129 110 50 265 295 291 56 71 190 178 254 102 137 250 109 47
129 138 163 190 200 288 155 9 288 108 118 297 111 202 76 216 33 154 125 126 148 230 45 169 40 231
55 229 248 99 178 28 191 238 84 291 262 1 182 61 50 162 166 68 6 293 212 252
31 127 163 185 202 268 87 94 69 89 205 293 153 96 285 124 299 1 6 68 164 127 14 256
45 295 235 282 27 293 141 13 101 188 225 146 41 220 161 7 184 252 190 118 215 224
5 14 122 184 248 281 282 203 127 80 50 224 191 222 155 1 120 97 154 161 229 184 150 263 199 242 135
96 174 276 236 108 26 281 59 228 121 0 245 139 136 153 51 244 115 105 25 38 82 181
170 270 168 45 143 284 122 40 286 179 81 59 294 155 292 90 120 240 82 170 213
148 163 207 250 199 170 29 234 36 55 239 127 20 208 62 86 151 91 48 56 35 226 3 292
121 208 14 3 253 89 287 22 118 278 55 145 286 272 222 254 100 192 8 153 285
26 123 298 187 93 170 237 113 281 11 136 32 23 253 268 145 135 221 244 98 129 166 94
15 17 154 194 209 250 254 263 285 125 149 40 287 80 211 45 158 59 182 72 154 248 278 51 175 71 81 120 13
25 73 65 92 272 156 157 262 279 172 43 60 260 70 223 567 104 3 9 212 208 266
134 152 233 275 299 289 0 105 88 75 62 189 150 179 187 259 123 211 119 257 56
127 286 2 203 294 164 100 26 60 236 359 79 292 572 800 191 217 76 33 411 185 265
188 267 296 468 32 119 139 115 206 208 155 231 85 165 279 188 174 20 17 261 34 246 232 148
23 186 239 240 292 161 36 29 102 191 47 147 284 106 61 224 164 250 159 153 68 83 124
1 121 135 224 283 259 293 93 165 292 58 147 142 462 51 6 258 247 199 134 208 13 75 690 718
21 108 207 244 113 174 223 169 262 175 198 43 117 8 224 228 152 235 88 159 2 148 72 44
4 28 97 202 236 240 78 180 188 125 46 141 29 42 239 171 177 186 212 64 137 135 68 21 254 107
117 156 245 105 150 52 153 48 174 278 65 234 286 214 200 136 111 227 187 215 113 24 281
76 78 189 93 94 32 38 77 50 275 286 158 27 242 244 166 78 264 239 268 259 193 258
122 277 293 152 276 53 44 220 6 211 45 149 299 235 173 55 77 90 176 291 277 180 82
38 138 257 477 143 15 244 88 279 3 52 224 145 70 185 195 109 62 255 193 291 216 59 249
268 81 158 268 121 184 227 36 25 60 31 0 77 96 88 268 238 146 545 124 285
119 232 67 172 101 66 41 299 141 195 3 96 169 189 226 157 282 132 122 224 267 177
179 221 267 95 149 6 236 237 280 139 176 94 272 246 108 254 124 162 8 219 67 156 63
99 251 291 192 29 263 195 251 116 144 118 102 170 111 239 198 228 52 10 38 189 224 297
166 216 237 143 278 73 238 112 133 229 259 269 11 12 294 84 152 132 20 237 201 210 125
78 477 217 191 182 92 60 260 42 54 131 290 43 39 56 72 221 49 8 50 171 18
7 125 163 260 276 106 147 17 137 69 22 135 181 66 121 247 89 278 260 122 274 213 228 91
34 53 119 133 136 218 274 182 236 248 50 138 120 126 118 80 162 82 218 271 198 136 167 105 231 170
35 197 292 217 202 191 182 183 10 3 61 204 92 283 231 223 32 267 275 54 177 88 86
9 93 101 152 240 222 78 274 30 111 215 192 32 236 18 221 209 49 69 289 278 266 282
58 162 188 277 65 16 233 217 182 200 51 102 31 286 267 222 80 137 268 225 22 147 166 287
131 189 203 10 138 120 287 174 289 117 129 202 32 213 279 283 75 0 37 104 228
1 38 108 124 67 107 133 236 91 153 114 224 97 170 233 162 299 90 132 106 41 54 37 246
3 19 9 30 209 129 241 36 234 50 181 131 263 12 267 200 149 162 175 121 193 164
34 42 243 216 143 94 121 280 227 210 20 174 81 201 217 203 273 241 184 140 221 63 36
33 184 211 129 15 46 33 182 221 5 289 28 147 64 60 119 113 122 54 47 158 229 61
132 615 80 107 53 113 23 32 112 170 28 35 129 228 25 262 119 67 287 66 137 136
199 234 61 16 100 187 68 239 1 37 279 287 169 292 289 25 264 6 31 270 204
54 212 187 68 263 45 207 111 273 20 274 123 231 13 112 22 29 93 17 50 4 49
13 83 136 282 249 208 279 277 223 211 219 12 175 239 192 2 276 7 213 66 202 99 240 57
89 263 12 126 95 97 189 162 61 217 292 274 265 201 170 210 216 129 15 204 24 60
5 233 5 32 93 119 176 15 84 221 29 152 185 34 79 243 784 7 191 39 33 411
87 102 260 469 158 228 262 298 285 11 283 223 23 185 0 238 124 625 94 88 190 258 146
242 296 8 254 71 282 253 293 110 39 199 79 214 159 74 40 147 290 230 30 278
31 258 230 134 256 288 156 271 260 254 111 54 75 20 218 234 114 109 39 217 119 216
64 68 103 175 80 122 110 200 143 67 95 106 292 572 800 34 411 185 784 199 79 359 33 299
169 279 156 167 65 121 56 211 177 141 263 40 126 140 282 157 104 134 257 125 67 20
189 225 69 120 20 254 16 165 232 109 136 216 70 206 26 65 229 243 68 15 112 172
296 468 197 223 231 178 240 2 289 155 26 8 271 218 72 108 94 255 64 263 118 284
95 173 1 195 86 252 285 5 55 48 111 162 191 56 38 113 148 260 128 54 104
13 232 468 98 164 0 231 267 184 171 162 115 146 136 1 174 161 153 299 284 71 103 292
68 78 101 210 215 237 287 296 294 69 266 187 21 256 257 72 297 46 11 67 270 176 100 55 180 259 92
123 127 280 172 221 117 288 186 73 112 93 287 199 201 88 239 51 34 45 20 263 285 56
43 129 143 172 105 220 57 154 13 173 250 128 225 152 221 246 19 144 116 142 280
103 198 13 33 115 129 26 67 298 223 269 293 208 9 60 567 266 212 3 207 43 557
75 20 257 233 72 124 1 96 278 56 235 217 100 165 293 57 24 113 54 295 216
68 135 216 231 299 210 5 71 254 107 19 101 293 237 176 40 92 125 55 158 228 98
243 246 299 4 69 88 272 126 147 19 237 79 116 233 3 231 192 81 276 166 11 130
115 180 268 261 144 70 103 273 275 213 223 239 191 95 36 179 112 282 150 292 45 51 173
196 207 216 252 279 15 25 38 59 71 196 89 184 174 117 70 27 96 124 31 0 146 268 172 545
23 54 111 221 227 228 273 125 277 236 163 154 295 192 49 167 178 127 248 39 216 218 113 149 31 20 29
20 174 1 157 14 68 167 183 241 81 236 161 89 37 158 228 268 162 139 207 54 294
103 151 163 182 195 269 29 268 139 85 152 156 158 229 221 56 231 37 168 226 220 63 294 162 88
17 28 165 211 238 267 14 229 58 50 164 104 240 285 144 64 60 227 207 100 3 208 557 43
9 11 93 134 45 184 225 124 196 69 76 205 291 104 70 166 209 261 222 214 2 245 147 244
84 40 209 171 211 289 84 95 219 245 232 275 164 134 220 173 92 292 55 69 10
35 150 250 269 218 148 97 257 217 196 58 133 5 31 93 144 291 247 0 170 25 67 164
76 130 165 282 194 267 19 243 251 298 290 297 129 205 39 260 71 110 175 156 287 112 190 21
2 210 168 181 139 227 96 270 35 33 182 277 34 274 5 22 217 224 85 152 184 215
238 254 224 40 199 198 21 46 151 181 186 266 62 144 19 244 276 94 290 211 254 188
14 177 51 289 106 14 89 80 296 246 235 65 207 30 188 214 275 61 204 211 297 136
111 146 166 224 158 193 30 75 116 14 7 25 251 59 29 288 41 63 153 32 42 108 34 275
63 84 104 135 235 31 233 225 68 62 84 108 21 28 56 116 132 26 274 204 144 288 10 158 54
74 125 176 224 292 294 164 197 210 14 222 89 272 279 46 29 3 290 199 158 51 42 238 212 179 56
153 189 196 234 219 168 101 270 47 2 130 107 60 17 142 105 297 158 152 175 200 29
233 277 44 92 260 28 296 281 124 89 274 287 266 21 142 158 176 252 60 17 200 263
133 161 187 188 122 22 296 179 119 190 0 208 43 557 212 266 227 104 249 207 100 44 667 926
42 170 193 92 195 55 271 293 160 236 257 241 48 84 25 269 129 60 79 191 203 230 74
128 173 232 55 151 295 73 248 70 218 194 25 233 227 89 153 31 109 202 177 5 119
