111 150 37 45 87 155 239 591 430 257 640 319 861 126 655 503 410 234 349 323 140 175 803 784 231 600 699
230 266 292 17 161 177 181 189 221 262 200 172 85 137 51 621 637 375 375 805 549 375 526
742 270 183 679 9 129 266 41 123 72 263 228 95 604 759 561 578 818 578 759 283 773
8 36 91 251 285 59 294 288 274 265 223 140 157 215 61 275 296 156 29 217 211 20 168 251
78 81 110 207 472 208 259 281 280 120 160 836 3 288 273 63 332 572 28 916 916
50 77 252 119 220 177 223 101 113 77 271 214 143 51 53 145 245 120 155 31 261 33 235
33 49 190 237 251 432 121 38 145 187 284 281 186 78 275 289 155 259 194 76 251 176 39 192 70 141
36 81 204 237 121 58 31 295 266 199 104 294 240 87 132 164 149 296 94 125 201 111 99
44 287 299 247 54 266 158 146 125 86 3 163 80 134 255 271 68 263 4 199 238 111 13
58 221 290 35 48 203 87 154 292 39 50 201 212 41 167 115 103 288 12 194 156 224 73
64 188 219 273 226 138 8 119 131 252 257 132 146 228 208 54 5 87 24 154 272 145 126 56 130 131 264 273 24 200 160 248 80 202 243 51 44 71 14 216 35 4 266 114
0 89 120 167 70 260 73 180 133 126 223 264 127 56 44 115 103 209 171 287 150 241 201 34
11 64 182 193 284 153 162 197 289 83 9 261 74 286 25 156 52 152 289 172 80 238 61 153 276
112 118 210 10 82 211 117 286 48 199 152 16 101 8 3 119 228 41 102 128 196
3 82 167 91 147 250 75 210 212 8 277 29 271 230 118 19 115 735 196 294 155 260 167 513 265 162 139 127 115 208 253 230 173 277 67 167 44 191 275 7 14 254 271 242 194 16
100 252 262 287 273 252 202 164 139 93 156 276 216 34 95 151 65 214 5 1 27 105 132 11
33 61 22 104 35 190 176 59 283 218 287 192 139 152 49 87 69 133 227 150 155 2
17 194 213 232 267 299 108 212 53 125 91 288 222 55 147 213 39 73 43 262 72 238 107 227 56 167
87 107 203 120 130 67 297 65 56 275 209 14 47 287 64 112 173 68 190 62 16 153 111
206 251 255 195 28 66 70 32 43 224 149 197 40 10 198 102 221 277 6 45 161 48 248
159 169 191 504 285 125 129 36 151 291 95 227 215 123 88 23 289 174 83 121 17 114 178 261
57 71 254 123 184 24 141 197 214 280 190 53 255 269 82 17 248 182 190 187 144 236 884 226 223 80 78 298 77 223 118 231 158 181 183 166 51 81 275 135 291 276 84 227 149
0 46 62 232 118 127 161 178 274 243 98 212 45 179 195 145 264 48 14 143 16 114
73 179 22 88 275 1 14 199 245 71 146 138 213 186 251 70 247 128 197 84 139
103 249 11 193 297 65 220 29 218 260 123 160 179 67 224 248 265 234 138 233 267 91
1 228 239 243 56 106 275 243 262 96 173 78 42 129 51 273 272 247 202 75 29 270 60 43 46 135 39 170 177 24 157 110 175 111 291 50 78 42 277 8 235 148 65 273
206 215 276 293 28 299 263 242 146 13 56 151 6 58 283 150 174 178 293 213 22 143 160 33
142 241 541 240 37 12 96 204 275 231 183 0 59 103 296 276 157 281 239 53 171 45 38
17 126 180 186 184 148 154 25 165 272 83 22 23 52 248 141 262 242 63 166 279 195 131
0 72 133 145 43 108 14 5 181 204 149 27 239 190 23 154 26 3 126 245 176 192 262 93
12 99 123 213 247 504 59 225 242 240 151 254 237 82 262 116 290 90 55 42 208 62 161 16 299 196
82 162 271 3 186 117 269 266 66 188 201 86 41 218 123 100 29 178 166 159 93 194 197
28 129 175 298 191 221 165 237 126 41 186 61 98 158 75 73 146 137 288 284 219 162 95 269
149 254 77 101 74 237 261 199 294 286 208 57 32 207 138 107 20 121 298 221 279 123
0 59 62 167 193 262 263 271 68 42 211 286 161 192 97 36 283 38 152 204 207 160 122 246 290 55 82 257
87 162 189 253 249 64 20 209 63 237 112 1 176 199 55 118 258 232 7 273 250 108 272 132
85 130 221 292 55 126 157 187 10 1 255 28 6 250 320 170 197 200 895 259 462 289 530 13
117 227 250 178 6 99 156 84 214 22 279 171 234 135 216 94 26 64 93 28 66
99 504 111 170 91 175 135 57 52 260 176 121 0 106 224 215 167 220 1 62 126 250
879 123 504 273 100 160 7 2 125 168 152 292 74 199 161 149 142 33 228 202 210 14 36
256 504 156 227 94 291 193 251 130 154 222 120 119 74 220 88 258 298 118 159 288 199
23 281 187 175 229 89 1 216 214 56 255 67 45 226 62 141 111 266 110 6 291
107 130 177 216 214 202 180 34 37 150 107 167 219 120 238 118 0 41 165 203 280 129 15 12
94 175 287 251 155 59 5 260 16 78 12 195 151 76 275 229 185 144 206 235 50 236 245
107 234 247 186 227 15 8 156 250 27 23 108 279 56 266 20 65 178 157 206 45 29 33
109 28 231 160 92 5 290 203 210 117 202 248 120 29 236 43 128 250 39 107 10
104 200 214 298 170 38 138 155 257 79 146 226 8 65 175 52 114 98 297 141 149 268 179 102
172 200 165 35 258 1 144 19 0 132 98 93 233 214 212 64 143 142 122 246 159 2 107 89 72 255 169 54 230 292 98 155 296 141 38 227 288 30 34 61 51 188
187 202 220 290 49 290 13 76 197 110 54 192 39 32 20 34 208 262 95 44 231 163 104 121
54 124 218 293 94 88 8 197 205 134 14 182 222 137 253 174 268 230 289 241 147 209 190 219
73 216 242 66 16 91 80 200 292 14 96 202 141 48 274 85 123 24 89 17 262 158
25 199 221 24 191 35 175 274 46 173 245 1 120 293 37 165 298 92 178 16 90 40 98
0 28 58 80 153 159 168 201 9 145 43 289 273 184 94 272 245 188 160 137 298 29 46 166 102 119 54 123
52 213 226 53 279 228 138 42 24 66 35 18 109 157 130 148 101 72 83 204 62 132
115 124 175 184 99 104 249 270 288 30 124 286 282 187 265 139 254 216 211 95 238 163 75 198
107 171 107 220 133 119 123 215 150 125 249 124 237 3 91 225 36 131 42 282 295 46
88 13 132 31 161 203 44 208 254 89 279 33 261 63 80 267 150 55 79 12 259
217 276 112 151 26 42 127 295 163 3 178 275 273 258 262 170 106 174 183 6 64
9 47 49 141 144 215 217 227 295 168 100 185 111 205 106 192 158 271 120 24 267 71 102 256 274 23 58 29 227
9 84 103 252 270 35 127 276 83 258 18 8 229 31 96 288 285 84 13 159 76 206 222 280 89
68 185 202 180 11 48 149 117 125 172 114 112 262 198 55 118 17 282 9 161 25 283 83
2 4 8 73 223 242 266 275 245 43 174 285 92 1 60 103 161 232 133 272 170 18 260 111 143 9 3 249
78 85 96 130 160 188 192 139 292 289 189 153 45 127 172 165 131 145 163 200 226 269 77 223 78 9 44
26 73 119 158 111 163 102 263 25 151 22 16 123 138 289 172 240 247 84 238 77 118 82 159
113 116 32 80 181 218 287 101 92 138 35 271 140 195 165 225 112 188 150 14 237 155
143 171 280 287 432 202 117 249 13 59 154 241 82 40 102 204 144 100 236 37 268 149 162 98 176
58 121 203 261 266 99 244 8 123 229 153 192 280 33 220 256 233 38 200 291 136 258 149 87 205
31 32 87 167 113 194 6 288 46 296 254 299 36 59 119 108 121 26 160 70 4 1 88 255
16 38 64 237 290 272 69 180 76 175 265 221 284 191 147 52 138 106 239 263 181 254 289 82 226
32 45 78 142 212 268 128 17 125 110 219 9 29 172 19 228 194 35 189 272 188 241 278 249 47 227 85 230 41 148 212 21 151 277 145 128 117 92 242 18 184 236 203 154
136 162 109 287 143 122 211 157 204 77 199 46 236 45 229 267 127 139 177 99 47 203
239 277 284 504 253 128 78 50 222 295 141 167 268 0 243 279 255 200 132 80 216 241 208 105
33 712 205 113 22 101 72 75 257 3 121 83 56 233 228 62 222 264 57 135 31 132
12 142 178 185 247 226 62 293 89 91 69 270 115 254 256 275 88 229 83 260 172 715 608 608
230 21 238 180 187 183 293 48 203 230 95 267 129 64 27 222 81 281 110 231 41
7 33 74 133 260 270 276 504 2 159 82 226 198 233 158 114 18 137 6 224 5 134 160 80 278 58 154 164
144 265 1 151 225 229 265 267 155 209 43 231 6 204 263 320 200 170 289 13 462 429
50 73 244 240 275 48 237 245 92 35 242 162 88 94 193 11 114 210 91 221 208 172 75
11 67 211 234 432 254 124 45 87 236 42 284 33 104 142 140 113 154 292 173 86 84 177 248 85
9 155 173 185 215 219 275 133 228 276 272 154 174 219 202 71 247 227 14 55 79 200 215 61 128 159
24 98 271 432 248 88 231 292 22 197 141 212 70 26 284 33 67 226 79 111 282 148 47 232
66 240 14 221 288 119 38 150 72 173 87 162 252 281 141 27 274 207 56 263 243 10
95 108 134 150 196 283 87 271 140 216 286 267 130 126 42 80 298 176 102 255 94 7 38 112 212 134
237 289 52 100 142 279 129 238 261 189 245 58 274 107 98 186 291 69 257 176 148
115 253 294 177 88 278 245 290 99 71 13 170 4 193 282 110 261 22 152 240 105 264
128 162 294 237 275 66 229 188 12 242 184 235 196 255 133 293 232 221 219 46 282 127
32 149 268 2 229 135 86 122 72 273 278 267 66 70 194 29 236 13 293 47 247 191
169 22 236 129 294 97 192 267 231 195 27 141 209 185 139 174 53 137 131 156 289
432 198 63 6 235 215 103 175 226 248 285 26 44 171 54 119 249 161 168 48 231 246 82 174 76 68 0 162 28 194 85 274 95 235 184 239 153 258 266 185 66
38 283 296 184 197 137 44 123 69 54 107 109 42 268 274 67 164 253 110 286 135
45 68 83 229 257 160 41 56 290 253 62 275 239 180 1 139 72 147 187 280 261 282 119 174
19 108 138 91 97 170 89 100 38 219 132 229 176 69 169 285 214 144 256 255 288 79 126
55 196 504 89 19 250 126 162 266 55 61 2 193 245 181 188 44 295 251 234 225 253 263
47 132 223 297 243 184 245 52 28 17 148 50 206 282 60 208 292 35 74 96 22 200 61 45
90 213 293 504 155 242 67 258 182 65 116 199 292 16 244 170 284 78 234 138 282 131 156 239
16 69 112 268 287 114 291 147 171 93 59 69 72 200 25 47 140 139 19 179 294 79 172 250 149
15 181 238 195 72 77 94 113 249 243 54 253 107 66 80 234 47 65 51 55 214 231
3 170 202 93 35 118 115 252 160 75 246 17 169 61 282 55 228 60 21 100 69 47 289
22 85 212 260 279 13 288 89 278 106 163 25 202 103 237 205 130 28 156 121 5
41 125 201 185 283 196 49 144 180 139 179 118 219 154 299 7 90 119 105 182 172
65 133 159 178 229 299 96 234 229 123 161 35 237 243 72 218 173 165 251 83 146 253 55 115 240 64
4 38 161 261 276 221 95 52 15 16 278 45 232 4 109 244 19 69 250 172 72 62 210
3 17 97 157 150 209 237 89 131 9 126 100 31 276 103 182 234 97 278 104 271 222 32 226
149 187 231 279 293 175 125 8 230 10 240 188 272 226 35 264 215 29 237 107 17 219 149
89 150 213 226 72 92 133 181 11 284 264 65 222 261 7 211 197 203 185 137 229 126 28 218
149 162 217 504 127 250 65 255 158 131 297 23 8 216 12 47 221 89 161 61 138 155 139 278
222 261 286 45 198 244 66 273 94 277 199 204 286 284 82 91 39 157 191 97 185 283 267
61 87 104 282 116 199 34 20 256 275 174 280 17 112 223 270 268 68 257 222 166 132 38 220
62 115 131 248 121 242 115 202 6 46 178 230 3 272 184 152 35 218 25 28 277 214 169 148
62 257 282 169 197 60 149 191 2 275 22 28 102 91 219 27 272 50 183 226 217 230 294
60 0 170 208 109 278 216 171 175 231 112 172 168 259 67 265 163 69 122 99 290
13 31 46 74 248 38 189 34 92 222 118 91 143 133 269 9 122 272 22 61 242 21
198 251 261 296 432 241 191 0 76 28 44 181 284 200 59 208 239 234 221 256 149 35 80 264 173
998 34 163 118 255 57 228 5 276 84 121 201 175 32 71 142 182 102 173 267 113 282 170
1 12 13 111 159 199 240 280 279 101 275 149 77 14 138 238 254 291 113 249 131 168 42 52 166 61 248
19 240 160 283 104 92 114 256 198 106 143 117 255 273 27 87 45 43 211 148 46
35 117 134 138 83 46 15 239 101 85 99 105 251 1 33 177 110 204 49 126 187 5 125 38
22 298 712 55 70 158 216 74 62 63 200 204 38 120 157 297 119 100 131 188 94 31 23 200 206 34 178 184 1 61 126 6 109 107 60 116 290 299 198 164 121 20 82
77 166 205 211 257 64 194 60 20 28 239 89 216 174 83 184 285 22 146 7 198 110 49 267 112
10 80 153 124 114 143 24 6 117 131 255 115 184 275 273 270 257 3 134 211 137 155 229
20 22 24 64 72 117 238 278 290 283 220 108 296 190 89 222 54 143 15 197 201 21 129 67 261 294 103 241
35 240 293 95 91 229 38 164 84 264 240 105 280 117 219 111 142 81 40 60 29 85 188
7 97 141 185 191 121 199 55 138 167 128 119 2 145 211 166 17 92 90 147 296 204 104 217 210
70 118 140 253 77 250 282 150 204 158 87 3 113 119 44 83 215 21 61 12 243 267 89
87 217 504 55 228 290 187 104 191 145 160 172 120 109 75 180 28 216 178 218 152 82 143
150 152 291 245 231 59 159 173 175 16 144 287 13 183 254 296 280 209 145 113 52 57
50 92 224 126 164 255 60 205 261 254 271 204 228 289 86 849 132 177 233 277 8 962 669 156 148 217 274 20 230 169 167 242 192 269 112 275 234 206 132 133 120 127 198 245 262 182
233 248 198 223 267 243 140 117 168 286 2 89 271 274 284 234 79 53 190 215 139 63
38 97 122 128 191 257 712 97 105 243 125 149 298 43 88 261 283 287 95 37 253 188 194 236 238 140 247
73 145 237 112 5 27 268 152 133 253 101 82 201 85 206 122 131 272 81 55 50 202 10
22 40 166 193 246 24 294 206 216 299 113 224 11 287 96 218 176 22 191 244 199 4 229 230 179
78 137 185 12 523 138 141 158 1 122 75 64 129 191 18 58 895 137 263 200 276 289 530
206 231 105 254 107 198 267 169 47 59 152 240 77 121 159 140 247 61 172 84 238 118
998 58 242 66 75 109 144 242 252 119 244 280 252 58 17 52 156 80 77 140 247 118 240
181 157 54 55 131 202 274 185 224 182 181 173 276 120 170 197 259 320 462 137 6
65 293 114 274 13 236 262 182 11 184 264 142 57 157 168 208 25 93 234 119 231 225
1 74 106 126 253 96 139 261 120 202 188 81 46 254 233 39 192 3 207 79 36 184 140 27 181
205 264 11 48 176 86 284 24 28 255 154 243 228 144 216 178 113 175 109 59 205
26 62 111 261 30 230 19 80 98 251 290 265 130 193 295 46 131 77 123 253 244 279 246 201
28 290 95 293 198 164 130 28 132 9 204 253 70 67 79 17 206 154 183 199 33 252
41 135 138 185 250 256 257 273 273 283 30 82 204 201 54 43 245 223 97 226 296 33 234 129 189 264 114 130
10 15 57 137 231 51 84 211 21 242 35 109 96 77 48 292 261 64 56 283 24 204 178 138
116 153 241 270 240 40 180 250 38 151 292 55 54 128 230 135 81 235 112 221 69 71 164 291
28 204 287 270 89 227 144 160 249 130 72 155 284 222 211 109 261 251 245 232 33 299 180
79 98 185 278 282 5 140 32 201 76 211 108 251 58 247 164 264 237 18 236 105 113 229 283 82
115 227 235 246 62 216 296 64 200 51 129 45 262 114 150 91 261 57 159 30 160 118 36 104
53 211 213 48 95 272 64 80 151 5 286 226 87 282 92 263 188 187 159 175 94 254 218
92 225 208 104 243 190 244 199 86 139 258 197 286 73 17 265 99 50 63 129 13 282
116 161 171 265 273 78 99 74 101 282 205 53 172 46 29 236 179 175 145 285 153 82
39 61 200 224 159 288 183 25 23 171 44 78 71 155 291 265 50 130 237 47 151 21
112 261 186 182 273 146 73 123 15 65 280 29 46 193 240 255 136 7 27 173 253 54
129 219 504 9 169 31 131 22 28 200 61 171 80 105 108 15 122 129 235 158 86 231 181
169 223 231 66 76 147 296 136 39 217 255 161 49 133 206 170 57 290 204 79 31 248
58 121 271 281 504 712 78 222 286 105 150 62 70 220 157 196 251 23 168 31 274 238 228 52 86 293
133 185 194 165 293 260 1 243 130 33 102 12 181 139 93 95 86 205 28 149 23 188 273
48 82 160 246 77 150 234 238 211 32 198 278 104 284 295 242 92 94 269 271 49 112 107
88 128 297 212 180 70 87 62 207 95 178 73 198 241 93 234 238 194 260 190 252 196 50
67 106 112 257 25 35 63 116 179 251 137 124 247 56 66 85 240 80 121 172 84 289 247 52
20 189 271 78 120 68 269 124 117 167 89 77 225 144 37 231 114 224 284 111 216 229 5
169 253 126 165 296 244 87 96 278 19 50 174 79 111 35 113 0 28 93 74 232 257
54 60 71 169 187 225 196 121 47 233 217 52 26 33 23 199 252 272 76 138 150 221 95 193 125
31 55 267 136 47 80 153 119 99 182 148 258 195 242 88 44 158 152 95 189 113 170
36 227 44 53 246 172 57 260 254 245 125 274 105 38 54 213 135 237 133 257 244 281
33 85 109 124 141 156 220 12 50 52 196 235 34 129 256 281 296 68 182 162 107 169 89 8 277 224 669 962 148 200 132 217 206 269 102 118 285 35 235 272 182 122 239 181 177 127 37 296 130 51 171 70
7 23 69 122 115 56 185 236 248 55 93 292 53 287 126 224 962 132 202 233 148 845 277 169 82 163 284 188 38 90 139 136 97 285 134 71 212 262 63 173 51 160 102 183 225
155 190 240 276 101 170 225 212 193 291 26 166 215 185 142 119 234 43 218 138 268 21 257
270 65 191 213 261 523 166 239 203 12 155 107 13 289 320 197 895 6 263 200 120
31 131 168 248 6 270 291 22 139 201 85 127 65 240 119 158 251 233 193 20 15
30 65 134 154 263 299 19 100 106 193 93 58 38 88 180 52 156 240 140 159 152 247 121 172 61 77 210 50 35 235 159 45 4 277 204 117 256 158 221 289 237 13 82 52 102 154
88 221 247 82 28 53 287 110 9 295 33 257 48 142 153 171 275 19 259 291 216 52 205
9 49 286 165 227 193 170 15 299 129 238 118 221 277 78 8 215 60 38 190 294 280
104 265 159 142 105 289 44 208 263 41 45 4 125 5 9 176 49 57 245 99 298 259
235 280 172 226 178 8 208 229 42 181 222 16 31 161 159 140 207 54 217 148 195 99
165 235 241 270 504 185 257 200 266 248 264 38 93 51 215 69 13 158 124 191 105 146 141 126 29
47 68 105 119 121 142 245 78 100 153 366 275 280 88 104 75 242 84 172 52 80 118 156 61 121 247 77
24 167 114 128 228 110 192 275 250 38 162 218 248 288 55 19 88 154 49 9 129
66 153 197 212 230 256 196 219 112 74 279 14 186 109 118 248 159 44 154 150 177 153 93 235 244
68 154 161 47 203 110 189 63 164 82 44 59 113 124 32 153 56 246 84 286 166 26 185
17 21 82 205 206 189 61 174 177 96 106 292 269 283 139 116 169 88 74 237 257 95 277 190 186
32 64 208 294 165 33 203 120 90 1 263 123 175 153 11 276 184 174 70 76 54 7 265 121
998 55 70 74 248 259 295 504 221 85 59 25 275 288 290 18 112 115 96 9 93 53 81 54 57 167 75 19
998 136 211 259 86 225 34 273 245 14 67 122 68 151 8 79 95 170 51 203 22 212 114 177
24 37 106 183 251 63 144 285 292 239 82 113 65 111 292 839 501 45 307 993 164 21 223 14 520 285 142 160 223 7 178 179 147 158 5 131 44 129 180 62 165 162 161 123 173
801 173 260 147 286 267 262 211 263 129 42 231 69 161 116 115 179 84 198 190 13 88 110
98 215 222 262 36 228 21 83 81 28 120 237 141 110 274 97 275 105 24 122 101 52 76 203
