27 151 264 271 289 143 884 166 248 51 217 228 154 163 162 197 101 254 175 26 148 54 193 165 256 225 187
164 174 195 206 227 124 106 474 215 889 65 175 14 117 54 161 223 878 97 543 741 0 872 372 637
47 187 216 88 263 296 29 127 128 188 124 237 96 49 183 208 191 235 93 290 163 35 212
107 115 194 242 291 944 273 220 195 16 268 267 74 403 262 916 255 916 403 427 56 551 105 362 427
32 46 72 268 211 119 33 54 165 58 292 549 549 339 142 8 109 828 61 149 931 828
103 770 205 190 43 257 162 22 263 167 83 179 29 84 135 98 163 233 0 46 256 121
181 106 113 31 7 36 290 105 251 281 86 44 18 167 3 150 296 50 245 238 250
87 103 145 216 249 59 194 207 26 211 14 215 106 82 256 153 70 188 274 65 189 216 242 78 297 117 186 71 24 45 194 160 65 248 132 189 101 97 259 84 266 177 25 59 141
59 68 78 218 264 119 159 140 200 21 109 180 47 104 273 68 26 217 49 157 210 38 10
124 153 223 277 251 65 272 204 95 185 29 217 90 100 128 7 282 278 179 94 48 28 231
134 136 1 25 245 213 176 46 203 147 116 75 63 199 50 76 82 31 52 198 19
37 64 74 92 143 200 35 12 62 281 181 211 107 171 60 2 295 228 198 205 287 254 207 289 37
206 270 277 280 151 178 105 221 62 99 256 231 182 939 188 95 151 44 30 171 168 106 277 110
178 222 233 66 31 123 261 192 130 90 64 263 207 85 17 292 166 202 150 264 9 266
13 72 109 121 122 204 213 297 58 197 13 194 209 6 44 111 49 85 37 198 272 259 62 100 264 242 112 244
52 87 112 160 185 65 202 42 289 81 56 165 226 107 40 278 55 84 176 259 70 77 191 221 234
30 231 250 184 143 4 205 34 64 91 24 89 147 5 249 124 160 32 200 234 9
88 194 204 233 214 290 206 246 69 10 267 236 118 43 208 46 158 105 204 282 17 203 205 60
55 163 167 186 261 57 53 132 34 174 286 273 219 138 168 136 283 281 74 252 161 201 251 128 43 219 96 299 221 102 139 174 111 178 92 207 263 138 79 141 115 205 42 271 272
18 35 43 153 293 129 61 115 234 26 89 24 225 217 90 46 148 180 186 211 100 98 242 287
40 71 86 89 97 156 234 285 148 124 18 11 220 83 141 248 278 166 1 58 10 93 185 121 219 64 41 189
293 168 136 166 71 257 119 271 33 117 30 274 83 220 88 280 247 120 77 191 103
10 229 238 77 132 92 270 139 137 273 156 59 34 29 27 81 210 138 37 90 280
113 125 160 212 109 105 250 264 288 209 157 249 142 226 122 229 258 270 40 21 156 126 241 41
21 43 149 282 37 53 70 161 287 278 9 252 65 93 100 188 290 4 33 195 285 91 180 184
97 112 279 159 23 137 80 42 240 245 43 166 5 149 184 115 124 53 169 104 9 242 88
129 196 87 298 60 31 117 186 131 101 91 77 98 283 163 261 19 124 9 213 277 32
55 67 234 290 141 50 186 182 105 130 147 299 124 84 280 293 46 22 243 173 171 137 249
6 247 203 105 46 64 298 197 261 1 215 33 193 229 141 3 27 24 126 59 104 162
16 255 263 229 46 271 44 14 95 39 30 59 185 293 242 175 187 195 250 107 76 79 279
20 171 238 191 268 57 64 190 31 8 80 35 123 223 120 139 54 248 221 17 52 108
120 136 182 298 275 14 64 291 48 22 255 295 164 272 190 227 137 18 217 95 171 3 59 183
15 33 74 291 149 71 215 16 83 205 192 204 34 85 206 241 145 296 273 277 164 162 44 188
281 119 109 135 226 107 222 292 105 224 80 46 112 280 244 177 123 43 134 277 100
5 102 108 272 32 87 143 21 39 173 153 146 91 70 18 58 5 295 77 129 111 97 188 179
26 126 129 177 226 298 10 152 279 243 111 146 191 21 154 277 40 127 136 212 57 177 159 260 11 228
8 49 141 216 256 289 70 215 208 4 296 47 80 21 152 286 119 124 127 243 171 278 100 183 53 98
192 200 239 148 43 292 250 199 217 107 15 101 29 205 151 208 90 214 58 141 166 242 298
70 222 269 34 54 283 230 1 20 163 12 52 59 196 5 249 118 69 70 90 75 275 148
937 53 174 208 251 269 170 160 51 46 147 267 247 45 257 284 200 181 207 182 67 37 69 197 296
135 192 214 200 288 228 42 51 275 223 36 150 177 86 203 218 226 29 187 258 119 1 38
153 234 262 86 13 137 154 221 35 238 77 209 56 43 122 96 117 148 208 31 104 88
179 250 165 129 266 218 55 187 268 38 127 208 143 142 23 195 41 230 139 299 161
12 19 168 166 257 45 59 252 298 31 117 97 114 226 259 93 124 206 148 213 23 18 132
43 238 285 19 166 178 99 79 146 259 116 244 256 152 159 271 203 276 110 75 181 47
78 238 139 201 39 55 174 273 246 282 88 69 227 172 132 149 50 255 288 226 213 12
158 106 206 201 146 43 229 234 182 223 295 203 173 181 235 116 79 23 209 252 240
7 217 267 284 225 22 28 131 98 197 35 179 222 205 236 276 144 289 272 154 230 231 37 88
200 260 261 136 2 294 98 160 246 61 159 57 93 295 113 255 231 90 274 233 240 155
293 168 58 0 189 180 69 65 254 186 233 262 39 205 184 146 277 279 140 106 8
74 96 58 209 83 182 109 249 233 30 234 98 235 79 269 46 76 70 88 15 139
71 195 228 258 274 119 159 179 239 249 130 136 67 261 133 85 215 210 95 197 83 63 106
225 233 87 86 155 38 266 77 221 236 130 30 108 242 63 82 91 41 138 298 125 263
92 113 145 192 68 44 207 122 159 196 262 133 37 229 197 126 12 151 178 264 173 235 65 145
80 272 1 29 94 81 67 70 193 246 271 30 252 129 131 85 136 52 40 12 82 159 71 80 52 227 274 268 287 195 181 78 9 34 296 254 197 178 102 172 286
122 180 271 193 198 212 170 10 140 67 147 210 192 185 199 45 187 53 94 128 3 273 194
73 139 140 219 188 216 236 250 185 160 77 17 47 57 207 194 204 131 271 276 113 41 89 30
154 205 237 263 270 219 26 214 60 175 254 63 178 172 231 170 203 5 80 227 182 3 198 167 193
84 119 288 282 139 42 77 232 129 31 74 32 184 72 127 160 211 255 45 146 168
31 34 120 194 254 148 288 49 202 57 92 159 146 193 121 37 256 59 133 118 20 196 119
9 109 278 192 241 22 118 220 38 3 234 248 23 154 137 115 86 193 9 57 142 286 166
236 241 268 103 117 172 59 107 259 278 91 53 89 38 272 174 258 82 222 93 122
175 185 186 269 259 192 223 0 46 202 140 161 190 107 244 163 72 176 4 159 158 64 75 293
146 198 293 142 37 114 244 78 288 171 278 298 65 265 122 1 169 283 240 190 195 21
14 28 85 221 135 53 138 184 168 73 15 117 3 8 255 278 76 209 130 137 150 166 172
54 98 259 33 211 143 220 250 139 275 23 11 47 267 45 82 258 99 60 95 29 194
55 14 245 137 32 75 266 189 67 297 219 277 34 232 82 216 222 289 122 52 121
96 274 286 264 212 151 174 199 168 262 50 82 86 49 145 1 19 61 195 186 268 252 83
16 29 239 191 262 123 197 285 176 111 231 157 259 20 43 253 125 211 278 113 96 49 35
201 231 288 294 23 246 90 15 186 285 73 279 82 212 42 143 182 289 147 9 284 280 263 225
27 79 195 252 269 217 58 188 208 164 251 195 24 237 263 70 183 157 269 265 186 20 98 160 50
128 223 268 276 87 241 288 179 281 175 237 37 172 134 108 254 133 249 283 136 99 261 291 3
92 244 127 97 129 238 199 189 294 163 224 151 11 270 38 174 104 297 194 255 205 295
39 47 121 299 225 296 134 46 221 201 71 189 186 130 153 113 159 118 171 246 31 295 187 57
124 266 267 281 176 279 239 115 162 144 282 92 270 27 293 57 216 47 288 40 7 51
937 3 167 251 9 276 193 174 185 267 223 106 95 248 290 108 288 56 191 57 240 73 30
75 119 147 252 203 235 142 240 72 36 156 13 92 147 98 236 180 137 280 229 279 94 260 27
147 190 149 259 97 127 56 294 224 273 39 232 215 284 169 59 122 257 207 141 201
11 87 111 268 94 142 238 98 114 143 32 35 259 161 102 275 262 45 290 154 27 182 246 215
82 298 104 147 243 103 201 279 67 163 133 282 71 283 98 228 34 5 80 209 193
99 105 167 100 273 44 251 191 26 73 51 268 82 140 129 245 182 148 70 21 206 208 29
74 110 161 214 242 253 291 32 209 114 239 176 156 108 155 292 232 269 291 130 15 279 3 169 275 167 53
27 83 110 135 178 280 141 135 172 128 114 110 182 189 222 287 140 282 211 134 201 93 29 221 185 156
29 39 56 72 164 207 266 297 48 46 10 230 11 1 70 36 124 185 131 254 187 244 94 2 263
937 42 125 222 260 220 244 292 278 232 33 171 38 62 208 124 145 298 136 76 199 187 288 297 90
42 62 83 99 8 126 233 190 280 245 176 60 144 200 267 79 58 113 122 228 249 67 41 191 182 230 167 68 112 291 297 166 14 272 216 139 42 100 290 156 172 240 126 222
59 133 227 297 249 54 262 178 50 202 275 290 116 36 291 27 137 67 191 228 219 165 209 164
145 180 290 27 209 15 231 228 57 164 124 264 232 294 86 96 254 42 229 112 137 224
224 171 103 198 78 131 108 229 86 269 83 71 51 267 219 26 195 61 48 53 14
129 194 45 4 171 196 226 295 17 221 173 93 200 136 55 85 284 47 68 50 150 170
149 170 219 243 142 47 254 240 290 156 273 72 120 246 22 196 245 285 287 114 207 4 226 109
60 171 173 11 289 45 234 40 182 117 219 147 245 44 203 15 143 78 207 2 43 184 27
18 53 78 173 189 214 28 188 142 273 278 46 31 244 130 295 43 132 203 122 128 22 63 276 294 91
125 241 256 86 36 140 126 81 195 127 6 4 68 189 93 145 114 299 87 271 159 132
45 112 132 166 213 141 262 44 281 93 215 163 197 279 116 191 96 245 124 17 98 138 282 47 31
74 287 233 93 65 200 254 239 180 165 287 173 266 76 251 12 152 166 136 64 264 221
99 176 183 290 43 0 212 98 33 189 44 76 218 74 42 217 245 97 207 150 86 256 131 180
7 47 189 207 258 201 25 261 51 221 120 50 81 117 188 208 97 34 85 263 178 22 216
62 83 108 147 279 285 281 208 77 134 163 284 146 260 297 105 158 202 58 156 84 74 203 255 178
280 282 285 65 259 64 254 83 163 231 26 87 72 257 102 244 289 253 241 95 110 156 29
52 54 289 270 156 261 5 299 50 60 132 25 10 278 3 41 4 38 15 52 104 63 80
133 153 19 293 125 182 139 294 28 267 113 212 85 240 30 106 272 31 90 179 11
161 228 249 185 200 44 140 283 16 297 273 198 1 238 187 10 100 168 91 226 5 227 192
13 188 298 34 31 206 168 138 130 107 76 263 70 163 7 219 94 8 149 95 106 20
140 147 259 188 165 134 233 230 79 46 275 298 198 265 26 227 32 175 174 219 214
27 32 34 197 282 170 160 278 201 35 186 226 237 126 105 204 192 123 190 114 269 45 60 177
31 80 119 150 211 31 55 278 196 56 106 244 35 242 151 30 145 29 139 36 34 127 137 10 70 66 281 89 61 11 256 298 154 64 287 63 208 118 218 272 149 4 158 96 51
57 102 263 280 144 209 167 9 275 37 212 36 141 111 67 48 279 257 237 180 268 218 157 57
100 160 171 17 83 276 145 126 182 56 122 217 233 197 248 224 6 52 2 203 71 286 72
0 10 92 213 38 46 168 146 113 14 154 209 225 25 78 249 54 79 116 166 200 45 3 76
10 43 69 214 294 74 76 73 244 236 51 151 97 42 98 100 66 169 261 160 276 134 130 256 8
131 293 107 218 284 50 131 62 41 294 236 145 88 180 235 227 113 109 279 292 136 134
198 214 222 262 64 94 141 256 240 218 132 293 263 6 11 90 277 276 228 201 29 111 210
57 76 91 98 248 290 159 229 164 51 205 102 189 287 53 255 11 175 107 247 252 298 259 228 240 171
108 141 238 241 96 270 297 174 151 79 249 53 101 184 78 17 72 256 82 24 211 126 217 62
91 151 205 218 223 266 184 243 195 201 38 194 272 58 52 130 233 173 148 9 88 137 196 247 292 85
34 102 122 126 170 256 158 65 195 143 268 27 151 95 181 265 254 38 72 89 245 86 67 288
156 173 290 257 126 52 292 59 183 168 161 158 50 125 211 39 278 82 232 96 266 113
46 60 73 131 173 182 187 218 80 206 179 258 171 219 243 53 197 230 208 242 161 180 297 195 246 298 94
13 80 186 65 138 27 166 122 273 203 3 152 145 123 259 19 282 154 294 58 83 213 243
240 295 184 155 39 94 178 285 221 70 131 76 121 36 156 187 264 92 255 239 192 101
267 267 84 119 10 7 69 291 175 145 297 269 42 156 12 183 95 243 59 17 123
34 133 171 19 105 82 28 184 252 86 114 209 274 69 276 13 198 26 145 54 9 172 88
4 187 104 111 137 109 201 53 22 204 176 295 83 50 93 29 257 235 163 110 36 92
58 59 120 155 273 297 254 81 43 186 69 217 29 282 214 87 45 123 102 139 20 59 203 241 232 276
151 41 8 259 69 136 173 229 9 148 160 56 299 228 105 139 216 34 297 76 199 242 298 191 264 12 24 33 88 56 35 103 251 233 25 146 27 57 165 147 282
237 241 41 98 124 202 285 120 29 194 235 299 103 130 145 243 115 248 57 257 187 48
71 119 163 290 78 234 85 148 152 59 19 99 5 84 253 72 248 97 161 22 147 80 282
125 165 200 162 82 48 173 121 280 219 287 147 151 258 252 156 213 180 225 182 158 62 190
109 133 150 71 170 51 84 34 229 96 38 119 238 91 127 111 256 79 206 253 23 1 139
937 218 295 53 278 173 260 195 59 273 299 252 234 106 41 49 236 132 73 185 79 18 109
53 81 111 216 111 124 173 0 267 252 92 225 22 211 153 135 170 17 131 122 184 8 185 107
196 231 245 535 67 250 135 277 165 274 283 26 231 124 162 257 115 239 22 221 78 138 154 52
115 164 190 221 140 5 151 225 205 232 36 214 271 23 131 70 195 234 237 290 259 200 289 255
86 156 161 189 285 219 260 213 190 183 210 166 287 137 28 278 972 238 240 937 121 117 226 661 550
5 13 21 29 31 64 71 97 233 227 170 42 266 295 25 183 117 180 63 32 244 134 71 235 297 152 102 251 222
158 33 56 5 233 61 136 200 277 230 145 154 29 100 120 186 38 206 102 291 22
142 164 229 207 78 187 0 253 230 290 51 294 60 91 202 142 37 157 95 76 299 233
159 246 284 4 53 233 126 149 260 190 163 245 52 16 207 58 231 69 286 112 78 90
114 124 42 208 68 73 85 229 137 158 116 136 250 291 272 804 21 82 103 277 222 288 38 931 92 242 220 173 283 9 113 52 94 11 263 97 144 38 184 273 218 100 166 243
264 262 49 139 76 264 64 223 67 91 72 210 82 1 102 142 10 266 165 62 199
87 179 236 30 216 196 155 73 213 261 91 188 135 240 40 36 292 159 215 167 290 79
937 18 185 264 47 29 44 59 66 40 91 199 379 436 254 512 354 222 153 804 277 81 38 139 931 581 104 292 208 185 271 94 84 153 148 284 62 81 227 112 34 581 165 207 550
23 53 115 206 260 281 165 195 181 63 153 192 267 14 125 38 245 124 114 262 111 112 187 227 226 156
18 90 210 216 92 121 66 272 155 38 65 284 279 109 140 67 77 137 133 124 37 176 157 250
172 204 231 245 225 121 62 207 67 141 180 253 267 18 214 73 82 299 204 291 103 3 248 111
136 192 47 125 27 83 54 180 189 201 39 251 103 66 2 162 123 159 242 181 143 113
256 107 98 18 34 263 238 29 198 52 277 193 4 41 108 132 67 154 33 135 43
937 17 59 250 134 175 248 120 253 246 269 211 221 191 45 56 104 8 85 208 255 205 297 65
155 159 275 44 240 101 117 92 67 210 218 86 141 1 106 76 97 87 259 129 230 125 58
0 166 267 145 250 96 18 30 38 160 186 91 245 43 255 132 137 68 248 89 46 134 157
69 149 225 2 188 245 285 201 125 5 96 24 186 131 47 234 72 167 137 183 230 70 293
118 135 161 191 24 286 172 233 67 238 248 257 255 292 69 259 266 136 40 41 148 22 44 35
166 182 295 28 179 154 69 84 1 226 208 287 12 202 91 119 146 184 168 50 297 130 8
82 157 68 90 181 291 6 176 96 131 216 12 44 112 86 6 34 165 57 284 33 227
51 108 151 84 23 72 132 241 66 127 211 266 277 276 265 274 80 124 34 293 289 202 166
2 72 98 114 191 292 143 140 19 49 54 107 88 287 276 289 132 43 275 155 21 286 26 129 104
29 273 78 293 165 278 201 156 295 69 77 215 265 40 253 133 120 143 188 138 175 217
18 127 194 244 70 251 242 26 131 135 296 96 219 8 163 31 64 65 239 290 107 277
87 214 195 29 44 202 79 286 265 20 68 191 143 133 55 139 34 177 58 226 175 183
37 66 145 155 273 291 132 200 56 61 216 196 75 62 173 13 234 160 155 159 12 184 169 97 182 163
84 148 216 299 145 218 286 200 15 81 62 116 65 11 183 56 279 70 274 208 71 57 229 165
287 230 76 92 96 249 174 46 299 298 5 4 82 67 161 39 293 114 25 152 26
83 128 184 268 31 212 198 89 270 193 82 124 72 104 150 29 155 132 113 50 189 151 123 252 65 154 109 285 95 275 243 54 25 5 59 15 281 176 129 162 221 22 153
103 182 206 184 38 44 40 260 272 201 128 213 21 89 247 36 29 130 289 299 174 185 195
231 269 291 295 170 294 46 263 273 52 175 281 63 145 41 285 211 91 239 45 299 183 237 193
33 94 128 152 200 285 290 137 163 68 31 229 247 181 177 150 82 264 91 205 176 33 284 136 50 96 207
937 7 68 107 254 55 141 138 116 67 292 204 74 157 260 291 271 139 78 224 226 289 181 263
211 255 264 268 272 256 182 199 259 17 130 77 172 228 138 288 142 23 258 221 290 255 128 120 15
59 76 693 1 270 32 105 21 25 126 81 207 112 284 57 76 198 148 12 28 227 44
180 250 248 61 198 23 299 111 90 79 216 193 200 233 54 181 196 234 162 144 199 130
0 8 96 273 279 77 5 280 28 285 207 123 213 234 9 245 2 37 64 3 184 94 267 233 16
51 58 273 153 88 208 11 42 253 184 280 101 187 284 134 125 114 261 182 140 181 84 113
33 53 214 190 169 240 55 260 79 136 250 72 173 182 17 275 157 68 88 0 117 246
71 92 100 132 280 191 262 151 212 204 58 185 177 187 195 253 172 113 68 291 146 69 73 168 226 66 288 266 242 28 18 233 2 206 148 151 81 116 161 202 145 284 125 194
78 204 210 220 249 137 207 81 190 68 56 73 152 15 267 249 32 119 113 167 228 83 101 181 183
260 296 5 153 10 125 191 57 148 204 141 26 291 270 134 209 231 274 238 166 68 219
209 237 261 58 135 136 77 177 174 291 43 146 129 40 21 72 293 152 96 95 148 194
35 51 256 254 285 186 728 175 289 51 8 212 215 21 804 38 208 171 272 20 354 222 219 153 103 137 234 272 158 284 289 224 238 222 15 110 236 240 286 295 186 180 153 199 35
149 155 176 194 256 295 62 167 24 51 128 64 104 157 134 141 133 140 247 12 89 227 180 225 240
64 102 106 277 257 65 108 204 75 126 198 154 17 184 122 115 111 52 5 285 150 136 110 231
903 0 163 74 78 55 280 40 86 21 209 97 39 268 230 229 5 77 251 19 104 114 158 262 287 16 32 131 263 128 267 109 217 222 251 121 41 5 200 106 194 199 234
248 117 182 221 167 289 241 156 70 119 6 165 44 207 284 57 62 86 148 227 33
46 186 178 265 284 80 100 33 283 161 117 63 95 15 143 182 78 181 211 207 92
7 208 36 77 82 200 219 97 104 211 198 193 227 165 62 76 81 57 12 207 33 6
77 270 188 78 220 279 77 137 164 86 37 175 216 296 187 299 40 66 291 232 194 102
